Date,Fremont Bridge Total,Fremont Bridge East Sidewalk,Fremont Bridge West Sidewalk
10/03/2012 12:00:00 AM,13,4,9
10/03/2012 01:00:00 AM,10,4,6
10/03/2012 02:00:00 AM,2,1,1
10/03/2012 03:00:00 AM,5,2,3
10/03/2012 04:00:00 AM,7,6,1
10/03/2012 05:00:00 AM,31,21,10
10/03/2012 06:00:00 AM,155,105,50
10/03/2012 07:00:00 AM,352,257,95
10/03/2012 08:00:00 AM,437,291,146
10/03/2012 09:00:00 AM,276,172,104
10/03/2012 10:00:00 AM,118,72,46
10/03/2012 11:00:00 AM,42,10,32
10/03/2012 12:00:00 PM,76,35,41
10/03/2012 01:00:00 PM,90,42,48
10/03/2012 02:00:00 PM,128,77,51
10/03/2012 03:00:00 PM,164,72,92
10/03/2012 04:00:00 PM,315,133,182
10/03/2012 05:00:00 PM,583,192,391
10/03/2012 06:00:00 PM,380,122,258
10/03/2012 07:00:00 PM,128,59,69
10/03/2012 08:00:00 PM,80,29,51
10/03/2012 09:00:00 PM,63,25,38
10/03/2012 10:00:00 PM,49,24,25
10/03/2012 11:00:00 PM,17,5,12
10/04/2012 12:00:00 AM,18,7,11
10/04/2012 01:00:00 AM,3,3,0
10/04/2012 02:00:00 AM,9,3,6
10/04/2012 03:00:00 AM,3,0,3
10/04/2012 04:00:00 AM,8,7,1
10/04/2012 05:00:00 AM,26,15,11
10/04/2012 06:00:00 AM,142,91,51
10/04/2012 07:00:00 AM,319,230,89
10/04/2012 08:00:00 AM,418,284,134
10/04/2012 09:00:00 AM,241,147,94
10/04/2012 10:00:00 AM,120,67,53
10/04/2012 11:00:00 AM,108,53,55
10/04/2012 12:00:00 PM,104,54,50
10/04/2012 01:00:00 PM,126,55,71
10/04/2012 02:00:00 PM,119,63,56
10/04/2012 03:00:00 PM,147,73,74
10/04/2012 04:00:00 PM,275,114,161
10/04/2012 05:00:00 PM,507,154,353
10/04/2012 06:00:00 PM,378,137,241
10/04/2012 07:00:00 PM,164,57,107
10/04/2012 08:00:00 PM,83,27,56
10/04/2012 09:00:00 PM,70,31,39
10/04/2012 10:00:00 PM,46,25,21
10/04/2012 11:00:00 PM,41,11,30
10/05/2012 12:00:00 AM,11,4,7
10/05/2012 01:00:00 AM,8,4,4
10/05/2012 02:00:00 AM,7,4,3
10/05/2012 03:00:00 AM,4,2,2
10/05/2012 04:00:00 AM,9,7,2
10/05/2012 05:00:00 AM,25,18,7
10/05/2012 06:00:00 AM,105,68,37
10/05/2012 07:00:00 AM,319,218,101
10/05/2012 08:00:00 AM,370,251,119
10/05/2012 09:00:00 AM,212,131,81
10/05/2012 10:00:00 AM,119,71,48
10/05/2012 11:00:00 AM,104,43,61
10/05/2012 12:00:00 PM,101,55,46
10/05/2012 01:00:00 PM,112,62,50
10/05/2012 02:00:00 PM,125,63,62
10/05/2012 03:00:00 PM,164,80,84
10/05/2012 04:00:00 PM,310,120,190
10/05/2012 05:00:00 PM,434,144,290
10/05/2012 06:00:00 PM,316,107,209
10/05/2012 07:00:00 PM,115,42,73
10/05/2012 08:00:00 PM,68,27,41
10/05/2012 09:00:00 PM,42,11,31
10/05/2012 10:00:00 PM,36,10,26
10/05/2012 11:00:00 PM,32,16,16
10/06/2012 12:00:00 AM,15,8,7
10/06/2012 01:00:00 AM,15,10,5
10/06/2012 02:00:00 AM,9,7,2
10/06/2012 03:00:00 AM,3,1,2
10/06/2012 04:00:00 AM,5,4,1
10/06/2012 05:00:00 AM,5,3,2
10/06/2012 06:00:00 AM,27,12,15
10/06/2012 07:00:00 AM,33,17,16
10/06/2012 08:00:00 AM,105,58,47
10/06/2012 09:00:00 AM,114,59,55
10/06/2012 10:00:00 AM,115,68,47
10/06/2012 11:00:00 AM,124,76,48
10/06/2012 12:00:00 PM,164,91,73
10/06/2012 01:00:00 PM,177,95,82
10/06/2012 02:00:00 PM,203,89,114
10/06/2012 03:00:00 PM,211,115,96
10/06/2012 04:00:00 PM,183,107,76
10/06/2012 05:00:00 PM,180,107,73
10/06/2012 06:00:00 PM,96,41,55
10/06/2012 07:00:00 PM,78,40,38
10/06/2012 08:00:00 PM,43,25,18
10/06/2012 09:00:00 PM,33,18,15
10/06/2012 10:00:00 PM,34,14,20
10/06/2012 11:00:00 PM,34,15,19
10/07/2012 12:00:00 AM,11,6,5
10/07/2012 01:00:00 AM,17,12,5
10/07/2012 02:00:00 AM,3,2,1
10/07/2012 03:00:00 AM,6,4,2
10/07/2012 04:00:00 AM,3,1,2
10/07/2012 05:00:00 AM,9,6,3
10/07/2012 06:00:00 AM,17,9,8
10/07/2012 07:00:00 AM,26,14,12
10/07/2012 08:00:00 AM,69,43,26
10/07/2012 09:00:00 AM,103,67,36
10/07/2012 10:00:00 AM,108,67,41
10/07/2012 11:00:00 AM,165,94,71
10/07/2012 12:00:00 PM,191,100,91
10/07/2012 01:00:00 PM,228,129,99
10/07/2012 02:00:00 PM,241,126,115
10/07/2012 03:00:00 PM,231,122,109
10/07/2012 04:00:00 PM,225,132,93
10/07/2012 05:00:00 PM,191,118,73
10/07/2012 06:00:00 PM,113,68,45
10/07/2012 07:00:00 PM,49,26,23
10/07/2012 08:00:00 PM,55,19,36
10/07/2012 09:00:00 PM,47,12,35
10/07/2012 10:00:00 PM,18,9,9
10/07/2012 11:00:00 PM,16,5,11
10/08/2012 12:00:00 AM,9,4,5
10/08/2012 01:00:00 AM,4,2,2
10/08/2012 02:00:00 AM,5,5,0
10/08/2012 03:00:00 AM,5,1,4
10/08/2012 04:00:00 AM,5,3,2
10/08/2012 05:00:00 AM,23,16,7
10/08/2012 06:00:00 AM,137,89,48
10/08/2012 07:00:00 AM,327,233,94
10/08/2012 08:00:00 AM,457,304,153
10/08/2012 09:00:00 AM,278,174,104
10/08/2012 10:00:00 AM,97,53,44
10/08/2012 11:00:00 AM,99,55,44
10/08/2012 12:00:00 PM,108,53,55
10/08/2012 01:00:00 PM,96,52,44
10/08/2012 02:00:00 PM,121,59,62
10/08/2012 03:00:00 PM,167,92,75
10/08/2012 04:00:00 PM,252,117,135
10/08/2012 05:00:00 PM,604,214,390
10/08/2012 06:00:00 PM,365,139,226
10/08/2012 07:00:00 PM,168,73,95
10/08/2012 08:00:00 PM,94,37,57
10/08/2012 09:00:00 PM,63,28,35
10/08/2012 10:00:00 PM,29,15,14
10/08/2012 11:00:00 PM,24,11,13
10/09/2012 12:00:00 AM,12,8,4
10/09/2012 01:00:00 AM,3,1,2
10/09/2012 02:00:00 AM,4,2,2
10/09/2012 03:00:00 AM,8,5,3
10/09/2012 04:00:00 AM,9,4,5
10/09/2012 05:00:00 AM,31,22,9
10/09/2012 06:00:00 AM,153,103,50
10/09/2012 07:00:00 AM,368,258,110
10/09/2012 08:00:00 AM,462,317,145
10/09/2012 09:00:00 AM,275,163,112
10/09/2012 10:00:00 AM,94,58,36
10/09/2012 11:00:00 AM,74,29,45
10/09/2012 12:00:00 PM,77,37,40
10/09/2012 01:00:00 PM,83,46,37
10/09/2012 02:00:00 PM,108,54,54
10/09/2012 03:00:00 PM,134,62,72
10/09/2012 04:00:00 PM,244,95,149
10/09/2012 05:00:00 PM,597,197,400
10/09/2012 06:00:00 PM,396,152,244
10/09/2012 07:00:00 PM,163,58,105
10/09/2012 08:00:00 PM,85,32,53
10/09/2012 09:00:00 PM,64,30,34
10/09/2012 10:00:00 PM,34,17,17
10/09/2012 11:00:00 PM,23,9,14
10/10/2012 12:00:00 AM,15,8,7
10/10/2012 01:00:00 AM,3,1,2
10/10/2012 02:00:00 AM,3,3,0
10/10/2012 03:00:00 AM,4,1,3
10/10/2012 04:00:00 AM,5,3,2
10/10/2012 05:00:00 AM,25,16,9
10/10/2012 06:00:00 AM,149,109,40
10/10/2012 07:00:00 AM,340,245,95
10/10/2012 08:00:00 AM,435,302,133
10/10/2012 09:00:00 AM,255,156,99
10/10/2012 10:00:00 AM,97,53,44
10/10/2012 11:00:00 AM,55,34,21
10/10/2012 12:00:00 PM,87,47,40
10/10/2012 01:00:00 PM,94,46,48
10/10/2012 02:00:00 PM,93,54,39
10/10/2012 03:00:00 PM,130,65,65
10/10/2012 04:00:00 PM,230,102,128
10/10/2012 05:00:00 PM,532,155,377
10/10/2012 06:00:00 PM,331,116,215
10/10/2012 07:00:00 PM,145,51,94
10/10/2012 08:00:00 PM,86,30,56
10/10/2012 09:00:00 PM,62,24,38
10/10/2012 10:00:00 PM,36,17,19
10/10/2012 11:00:00 PM,23,10,13
10/11/2012 12:00:00 AM,21,7,14
10/11/2012 01:00:00 AM,10,4,6
10/11/2012 02:00:00 AM,13,8,5
10/11/2012 03:00:00 AM,2,0,2
10/11/2012 04:00:00 AM,12,11,1
10/11/2012 05:00:00 AM,12,0,12
10/11/2012 06:00:00 AM,43,2,41
10/11/2012 07:00:00 AM,304,225,79
10/11/2012 08:00:00 AM,404,282,122
10/11/2012 09:00:00 AM,189,141,48
10/11/2012 10:00:00 AM,4,4,0
10/11/2012 11:00:00 AM,92,87,5
10/11/2012 12:00:00 PM,81,44,37
10/11/2012 01:00:00 PM,118,60,58
10/11/2012 02:00:00 PM,108,52,56
10/11/2012 03:00:00 PM,143,74,69
10/11/2012 04:00:00 PM,270,135,135
10/11/2012 05:00:00 PM,517,157,360
10/11/2012 06:00:00 PM,299,113,186
10/11/2012 07:00:00 PM,149,57,92
10/11/2012 08:00:00 PM,104,44,60
10/11/2012 09:00:00 PM,71,26,45
10/11/2012 10:00:00 PM,48,29,19
10/11/2012 11:00:00 PM,33,17,16
10/12/2012 12:00:00 AM,17,8,9
10/12/2012 01:00:00 AM,13,7,6
10/12/2012 02:00:00 AM,5,4,1
10/12/2012 03:00:00 AM,7,4,3
10/12/2012 04:00:00 AM,5,2,3
10/12/2012 05:00:00 AM,14,10,4
10/12/2012 06:00:00 AM,87,57,30
10/12/2012 07:00:00 AM,183,125,58
10/12/2012 08:00:00 AM,268,182,86
10/12/2012 09:00:00 AM,145,100,45
10/12/2012 10:00:00 AM,62,33,29
10/12/2012 11:00:00 AM,58,27,31
10/12/2012 12:00:00 PM,69,41,28
10/12/2012 01:00:00 PM,72,39,33
10/12/2012 02:00:00 PM,65,35,30
10/12/2012 03:00:00 PM,113,50,63
10/12/2012 04:00:00 PM,165,69,96
10/12/2012 05:00:00 PM,304,92,212
10/12/2012 06:00:00 PM,178,66,112
10/12/2012 07:00:00 PM,79,30,49
10/12/2012 08:00:00 PM,38,11,27
10/12/2012 09:00:00 PM,26,10,16
10/12/2012 10:00:00 PM,14,11,3
10/12/2012 11:00:00 PM,24,9,15
10/13/2012 12:00:00 AM,18,6,12
10/13/2012 01:00:00 AM,11,5,6
10/13/2012 02:00:00 AM,16,10,6
10/13/2012 03:00:00 AM,4,4,0
10/13/2012 04:00:00 AM,3,1,2
10/13/2012 05:00:00 AM,10,7,3
10/13/2012 06:00:00 AM,14,9,5
10/13/2012 07:00:00 AM,30,17,13
10/13/2012 08:00:00 AM,32,24,8
10/13/2012 09:00:00 AM,41,21,20
10/13/2012 10:00:00 AM,46,29,17
10/13/2012 11:00:00 AM,42,28,14
10/13/2012 12:00:00 PM,72,48,24
10/13/2012 01:00:00 PM,64,38,26
10/13/2012 02:00:00 PM,62,30,32
10/13/2012 03:00:00 PM,41,21,20
10/13/2012 04:00:00 PM,58,26,32
10/13/2012 05:00:00 PM,50,25,25
10/13/2012 06:00:00 PM,59,35,24
10/13/2012 07:00:00 PM,27,10,17
10/13/2012 08:00:00 PM,19,9,10
10/13/2012 09:00:00 PM,10,4,6
10/13/2012 10:00:00 PM,18,4,14
10/13/2012 11:00:00 PM,19,4,15
10/14/2012 12:00:00 AM,6,3,3
10/14/2012 01:00:00 AM,9,5,4
10/14/2012 02:00:00 AM,8,4,4
10/14/2012 03:00:00 AM,4,4,0
10/14/2012 04:00:00 AM,5,4,1
10/14/2012 05:00:00 AM,3,3,0
10/14/2012 06:00:00 AM,12,5,7
10/14/2012 07:00:00 AM,14,10,4
10/14/2012 08:00:00 AM,24,16,8
10/14/2012 09:00:00 AM,54,28,26
10/14/2012 10:00:00 AM,72,47,25
10/14/2012 11:00:00 AM,81,63,18
10/14/2012 12:00:00 PM,62,40,22
10/14/2012 01:00:00 PM,82,49,33
10/14/2012 02:00:00 PM,58,28,30
10/14/2012 03:00:00 PM,37,22,15
10/14/2012 04:00:00 PM,34,18,16
10/14/2012 05:00:00 PM,37,27,10
10/14/2012 06:00:00 PM,27,18,9
10/14/2012 07:00:00 PM,23,10,13
10/14/2012 08:00:00 PM,11,5,6
10/14/2012 09:00:00 PM,12,8,4
10/14/2012 10:00:00 PM,13,7,6
10/14/2012 11:00:00 PM,10,3,7
10/15/2012 12:00:00 AM,7,2,5
10/15/2012 01:00:00 AM,3,2,1
10/15/2012 02:00:00 AM,5,4,1
10/15/2012 03:00:00 AM,3,1,2
10/15/2012 04:00:00 AM,6,4,2
10/15/2012 05:00:00 AM,26,19,7
10/15/2012 06:00:00 AM,93,59,34
10/15/2012 07:00:00 AM,225,167,58
10/15/2012 08:00:00 AM,327,235,92
10/15/2012 09:00:00 AM,203,130,73
10/15/2012 10:00:00 AM,86,57,29
10/15/2012 11:00:00 AM,66,45,21
10/15/2012 12:00:00 PM,84,46,38
10/15/2012 01:00:00 PM,71,42,29
10/15/2012 02:00:00 PM,73,40,33
10/15/2012 03:00:00 PM,107,49,58
10/15/2012 04:00:00 PM,140,64,76
10/15/2012 05:00:00 PM,335,96,239
10/15/2012 06:00:00 PM,204,54,150
10/15/2012 07:00:00 PM,78,27,51
10/15/2012 08:00:00 PM,55,17,38
10/15/2012 09:00:00 PM,36,18,18
10/15/2012 10:00:00 PM,26,15,11
10/15/2012 11:00:00 PM,14,7,7
10/16/2012 12:00:00 AM,10,6,4
10/16/2012 01:00:00 AM,5,2,3
10/16/2012 02:00:00 AM,3,3,0
10/16/2012 03:00:00 AM,5,1,4
10/16/2012 04:00:00 AM,5,2,3
10/16/2012 05:00:00 AM,29,21,8
10/16/2012 06:00:00 AM,122,88,34
10/16/2012 07:00:00 AM,256,187,69
10/16/2012 08:00:00 AM,357,253,104
10/16/2012 09:00:00 AM,207,130,77
10/16/2012 10:00:00 AM,124,77,47
10/16/2012 11:00:00 AM,83,47,36
10/16/2012 12:00:00 PM,75,49,26
10/16/2012 01:00:00 PM,90,48,42
10/16/2012 02:00:00 PM,97,53,44
10/16/2012 03:00:00 PM,163,77,86
10/16/2012 04:00:00 PM,255,109,146
10/16/2012 05:00:00 PM,500,147,353
10/16/2012 06:00:00 PM,307,109,198
10/16/2012 07:00:00 PM,135,45,90
10/16/2012 08:00:00 PM,88,41,47
10/16/2012 09:00:00 PM,65,35,30
10/16/2012 10:00:00 PM,30,16,14
10/16/2012 11:00:00 PM,25,13,12
10/17/2012 12:00:00 AM,22,13,9
10/17/2012 01:00:00 AM,6,3,3
10/17/2012 02:00:00 AM,5,2,3
10/17/2012 03:00:00 AM,4,0,4
10/17/2012 04:00:00 AM,7,4,3
10/17/2012 05:00:00 AM,30,21,9
10/17/2012 06:00:00 AM,133,89,44
10/17/2012 07:00:00 AM,298,213,85
10/17/2012 08:00:00 AM,416,283,133
10/17/2012 09:00:00 AM,244,166,78
10/17/2012 10:00:00 AM,96,49,47
10/17/2012 11:00:00 AM,78,52,26
10/17/2012 12:00:00 PM,111,61,50
10/17/2012 01:00:00 PM,96,56,40
10/17/2012 02:00:00 PM,105,54,51
10/17/2012 03:00:00 PM,161,72,89
10/17/2012 04:00:00 PM,258,113,145
10/17/2012 05:00:00 PM,482,150,332
10/17/2012 06:00:00 PM,358,117,241
10/17/2012 07:00:00 PM,145,51,94
10/17/2012 08:00:00 PM,58,18,40
10/17/2012 09:00:00 PM,66,25,41
10/17/2012 10:00:00 PM,48,25,23
10/17/2012 11:00:00 PM,16,10,6
10/18/2012 12:00:00 AM,7,7,0
10/18/2012 01:00:00 AM,7,3,4
10/18/2012 02:00:00 AM,9,5,4
10/18/2012 03:00:00 AM,5,1,4
10/18/2012 04:00:00 AM,8,7,1
10/18/2012 05:00:00 AM,26,14,12
10/18/2012 06:00:00 AM,123,88,35
10/18/2012 07:00:00 AM,279,206,73
10/18/2012 08:00:00 AM,376,246,130
10/18/2012 09:00:00 AM,230,147,83
10/18/2012 10:00:00 AM,94,59,35
10/18/2012 11:00:00 AM,93,47,46
10/18/2012 12:00:00 PM,110,54,56
10/18/2012 01:00:00 PM,121,51,70
10/18/2012 02:00:00 PM,104,53,51
10/18/2012 03:00:00 PM,145,68,77
10/18/2012 04:00:00 PM,230,98,132
10/18/2012 05:00:00 PM,464,130,334
10/18/2012 06:00:00 PM,280,89,191
10/18/2012 07:00:00 PM,87,25,62
10/18/2012 08:00:00 PM,59,25,34
10/18/2012 09:00:00 PM,36,13,23
10/18/2012 10:00:00 PM,16,6,10
10/18/2012 11:00:00 PM,14,7,7
10/19/2012 12:00:00 AM,12,3,9
10/19/2012 01:00:00 AM,4,3,1
10/19/2012 02:00:00 AM,5,4,1
10/19/2012 03:00:00 AM,2,0,2
10/19/2012 04:00:00 AM,9,4,5
10/19/2012 05:00:00 AM,26,20,6
10/19/2012 06:00:00 AM,71,50,21
10/19/2012 07:00:00 AM,180,126,54
10/19/2012 08:00:00 AM,245,169,76
10/19/2012 09:00:00 AM,169,93,76
10/19/2012 10:00:00 AM,65,41,24
10/19/2012 11:00:00 AM,52,26,26
10/19/2012 12:00:00 PM,50,26,24
10/19/2012 01:00:00 PM,78,34,44
10/19/2012 02:00:00 PM,75,39,36
10/19/2012 03:00:00 PM,110,54,56
10/19/2012 04:00:00 PM,177,79,98
10/19/2012 05:00:00 PM,297,85,212
10/19/2012 06:00:00 PM,191,57,134
10/19/2012 07:00:00 PM,62,16,46
10/19/2012 08:00:00 PM,42,13,29
10/19/2012 09:00:00 PM,19,7,12
10/19/2012 10:00:00 PM,17,8,9
10/19/2012 11:00:00 PM,19,8,11
10/20/2012 12:00:00 AM,9,4,5
10/20/2012 01:00:00 AM,8,1,7
10/20/2012 02:00:00 AM,12,8,4
10/20/2012 03:00:00 AM,5,2,3
10/20/2012 04:00:00 AM,3,1,2
10/20/2012 05:00:00 AM,15,9,6
10/20/2012 06:00:00 AM,16,10,6
10/20/2012 07:00:00 AM,28,16,12
10/20/2012 08:00:00 AM,46,28,18
10/20/2012 09:00:00 AM,59,29,30
10/20/2012 10:00:00 AM,83,52,31
10/20/2012 11:00:00 AM,92,59,33
10/20/2012 12:00:00 PM,98,64,34
10/20/2012 01:00:00 PM,113,62,51
10/20/2012 02:00:00 PM,98,52,46
10/20/2012 03:00:00 PM,72,44,28
10/20/2012 04:00:00 PM,76,30,46
10/20/2012 05:00:00 PM,63,37,26
10/20/2012 06:00:00 PM,69,31,38
10/20/2012 07:00:00 PM,36,18,18
10/20/2012 08:00:00 PM,22,10,12
10/20/2012 09:00:00 PM,13,5,8
10/20/2012 10:00:00 PM,12,6,6
10/20/2012 11:00:00 PM,20,8,12
10/21/2012 12:00:00 AM,17,5,12
10/21/2012 01:00:00 AM,11,2,9
10/21/2012 02:00:00 AM,11,7,4
10/21/2012 03:00:00 AM,4,3,1
10/21/2012 04:00:00 AM,4,3,1
10/21/2012 05:00:00 AM,8,4,4
10/21/2012 06:00:00 AM,13,8,5
10/21/2012 07:00:00 AM,15,9,6
10/21/2012 08:00:00 AM,37,26,11
10/21/2012 09:00:00 AM,50,28,22
10/21/2012 10:00:00 AM,66,38,28
10/21/2012 11:00:00 AM,57,34,23
10/21/2012 12:00:00 PM,100,63,37
10/21/2012 01:00:00 PM,89,48,41
10/21/2012 02:00:00 PM,114,67,47
10/21/2012 03:00:00 PM,115,63,52
10/21/2012 04:00:00 PM,72,42,30
10/21/2012 05:00:00 PM,82,36,46
10/21/2012 06:00:00 PM,44,25,19
10/21/2012 07:00:00 PM,17,7,10
10/21/2012 08:00:00 PM,21,3,18
10/21/2012 09:00:00 PM,26,16,10
10/21/2012 10:00:00 PM,9,2,7
10/21/2012 11:00:00 PM,7,1,6
10/22/2012 12:00:00 AM,6,4,2
10/22/2012 01:00:00 AM,4,1,3
10/22/2012 02:00:00 AM,2,2,0
10/22/2012 03:00:00 AM,4,1,3
10/22/2012 04:00:00 AM,10,5,5
10/22/2012 05:00:00 AM,27,19,8
10/22/2012 06:00:00 AM,117,85,32
10/22/2012 07:00:00 AM,258,184,74
10/22/2012 08:00:00 AM,348,256,92
10/22/2012 09:00:00 AM,161,107,54
10/22/2012 10:00:00 AM,67,29,38
10/22/2012 11:00:00 AM,42,22,20
10/22/2012 12:00:00 PM,41,18,23
10/22/2012 01:00:00 PM,40,20,20
10/22/2012 02:00:00 PM,45,19,26
10/22/2012 03:00:00 PM,71,33,38
10/22/2012 04:00:00 PM,150,63,87
10/22/2012 05:00:00 PM,369,97,272
10/22/2012 06:00:00 PM,199,54,145
10/22/2012 07:00:00 PM,74,25,49
10/22/2012 08:00:00 PM,40,14,26
10/22/2012 09:00:00 PM,28,17,11
10/22/2012 10:00:00 PM,15,6,9
10/22/2012 11:00:00 PM,11,7,4
10/23/2012 12:00:00 AM,6,3,3
10/23/2012 01:00:00 AM,2,1,1
10/23/2012 02:00:00 AM,3,2,1
10/23/2012 03:00:00 AM,1,0,1
10/23/2012 04:00:00 AM,11,5,6
10/23/2012 05:00:00 AM,35,27,8
10/23/2012 06:00:00 AM,112,79,33
10/23/2012 07:00:00 AM,236,169,67
10/23/2012 08:00:00 AM,343,238,105
10/23/2012 09:00:00 AM,168,110,58
10/23/2012 10:00:00 AM,79,48,31
10/23/2012 11:00:00 AM,52,27,25
10/23/2012 12:00:00 PM,68,33,35
10/23/2012 01:00:00 PM,59,36,23
10/23/2012 02:00:00 PM,76,38,38
10/23/2012 03:00:00 PM,100,51,49
10/23/2012 04:00:00 PM,190,76,114
10/23/2012 05:00:00 PM,434,135,299
10/23/2012 06:00:00 PM,270,76,194
10/23/2012 07:00:00 PM,104,37,67
10/23/2012 08:00:00 PM,59,21,38
10/23/2012 09:00:00 PM,50,24,26
10/23/2012 10:00:00 PM,21,11,10
10/23/2012 11:00:00 PM,21,16,5
10/24/2012 12:00:00 AM,11,3,8
10/24/2012 01:00:00 AM,11,2,9
10/24/2012 02:00:00 AM,9,7,2
10/24/2012 03:00:00 AM,4,1,3
10/24/2012 04:00:00 AM,5,2,3
10/24/2012 05:00:00 AM,25,16,9
10/24/2012 06:00:00 AM,118,79,39
10/24/2012 07:00:00 AM,225,158,67
10/24/2012 08:00:00 AM,313,224,89
10/24/2012 09:00:00 AM,172,108,64
10/24/2012 10:00:00 AM,78,40,38
10/24/2012 11:00:00 AM,49,35,14
10/24/2012 12:00:00 PM,35,20,15
10/24/2012 01:00:00 PM,66,38,28
10/24/2012 02:00:00 PM,78,46,32
10/24/2012 03:00:00 PM,101,40,61
10/24/2012 04:00:00 PM,192,88,104
10/24/2012 05:00:00 PM,399,138,261
10/24/2012 06:00:00 PM,265,100,165
10/24/2012 07:00:00 PM,117,38,79
10/24/2012 08:00:00 PM,62,27,35
10/24/2012 09:00:00 PM,46,20,26
10/24/2012 10:00:00 PM,33,12,21
10/24/2012 11:00:00 PM,15,8,7
10/25/2012 12:00:00 AM,3,2,1
10/25/2012 01:00:00 AM,6,1,5
10/25/2012 02:00:00 AM,3,2,1
10/25/2012 03:00:00 AM,3,1,2
10/25/2012 04:00:00 AM,5,4,1
10/25/2012 05:00:00 AM,33,19,14
10/25/2012 06:00:00 AM,119,81,38
10/25/2012 07:00:00 AM,244,184,60
10/25/2012 08:00:00 AM,341,227,114
10/25/2012 09:00:00 AM,202,133,69
10/25/2012 10:00:00 AM,83,60,23
10/25/2012 11:00:00 AM,55,29,26
10/25/2012 12:00:00 PM,74,39,35
10/25/2012 01:00:00 PM,80,42,38
10/25/2012 02:00:00 PM,90,52,38
10/25/2012 03:00:00 PM,146,60,86
10/25/2012 04:00:00 PM,231,93,138
10/25/2012 05:00:00 PM,425,130,295
10/25/2012 06:00:00 PM,272,79,193
10/25/2012 07:00:00 PM,108,47,61
10/25/2012 08:00:00 PM,79,30,49
10/25/2012 09:00:00 PM,55,21,34
10/25/2012 10:00:00 PM,28,9,19
10/25/2012 11:00:00 PM,28,16,12
10/26/2012 12:00:00 AM,19,11,8
10/26/2012 01:00:00 AM,16,9,7
10/26/2012 02:00:00 AM,4,3,1
10/26/2012 03:00:00 AM,1,0,1
10/26/2012 04:00:00 AM,10,4,6
10/26/2012 05:00:00 AM,21,12,9
10/26/2012 06:00:00 AM,87,55,32
10/26/2012 07:00:00 AM,203,137,66
10/26/2012 08:00:00 AM,283,187,96
10/26/2012 09:00:00 AM,171,116,55
10/26/2012 10:00:00 AM,86,59,27
10/26/2012 11:00:00 AM,50,28,22
10/26/2012 12:00:00 PM,42,22,20
10/26/2012 01:00:00 PM,40,13,27
10/26/2012 02:00:00 PM,59,26,33
10/26/2012 03:00:00 PM,116,49,67
10/26/2012 04:00:00 PM,198,90,108
10/26/2012 05:00:00 PM,298,94,204
10/26/2012 06:00:00 PM,196,65,131
10/26/2012 07:00:00 PM,65,22,43
10/26/2012 08:00:00 PM,42,14,28
10/26/2012 09:00:00 PM,33,9,24
10/26/2012 10:00:00 PM,15,6,9
10/26/2012 11:00:00 PM,18,8,10
10/27/2012 12:00:00 AM,12,6,6
10/27/2012 01:00:00 AM,9,6,3
10/27/2012 02:00:00 AM,16,6,10
10/27/2012 03:00:00 AM,2,1,1
10/27/2012 04:00:00 AM,5,2,3
10/27/2012 05:00:00 AM,13,7,6
10/27/2012 06:00:00 AM,13,7,6
10/27/2012 07:00:00 AM,15,9,6
10/27/2012 08:00:00 AM,25,12,13
10/27/2012 09:00:00 AM,25,14,11
10/27/2012 10:00:00 AM,21,10,11
10/27/2012 11:00:00 AM,31,22,9
10/27/2012 12:00:00 PM,25,13,12
10/27/2012 01:00:00 PM,41,28,13
10/27/2012 02:00:00 PM,51,23,28
10/27/2012 03:00:00 PM,51,30,21
10/27/2012 04:00:00 PM,59,27,32
10/27/2012 05:00:00 PM,36,26,10
10/27/2012 06:00:00 PM,18,11,7
10/27/2012 07:00:00 PM,15,8,7
10/27/2012 08:00:00 PM,8,5,3
10/27/2012 09:00:00 PM,17,6,11
10/27/2012 10:00:00 PM,12,7,5
10/27/2012 11:00:00 PM,11,3,8
10/28/2012 12:00:00 AM,10,5,5
10/28/2012 01:00:00 AM,11,0,11
10/28/2012 02:00:00 AM,7,4,3
10/28/2012 03:00:00 AM,4,1,3
10/28/2012 04:00:00 AM,3,2,1
10/28/2012 05:00:00 AM,6,5,1
10/28/2012 06:00:00 AM,10,1,9
10/28/2012 07:00:00 AM,17,11,6
10/28/2012 08:00:00 AM,31,16,15
10/28/2012 09:00:00 AM,42,18,24
10/28/2012 10:00:00 AM,53,29,24
10/28/2012 11:00:00 AM,78,47,31
10/28/2012 12:00:00 PM,115,73,42
10/28/2012 01:00:00 PM,125,74,51
10/28/2012 02:00:00 PM,138,89,49
10/28/2012 03:00:00 PM,120,74,46
10/28/2012 04:00:00 PM,99,59,40
10/28/2012 05:00:00 PM,89,50,39
10/28/2012 06:00:00 PM,34,21,13
10/28/2012 07:00:00 PM,21,10,11
10/28/2012 08:00:00 PM,17,8,9
10/28/2012 09:00:00 PM,12,5,7
10/28/2012 10:00:00 PM,14,8,6
10/28/2012 11:00:00 PM,6,1,5
10/29/2012 12:00:00 AM,11,4,7
10/29/2012 01:00:00 AM,1,0,1
10/29/2012 02:00:00 AM,3,2,1
10/29/2012 03:00:00 AM,2,0,2
10/29/2012 04:00:00 AM,5,2,3
10/29/2012 05:00:00 AM,22,17,5
10/29/2012 06:00:00 AM,95,65,30
10/29/2012 07:00:00 AM,214,161,53
10/29/2012 08:00:00 AM,274,187,87
10/29/2012 09:00:00 AM,152,101,51
10/29/2012 10:00:00 AM,73,37,36
10/29/2012 11:00:00 AM,55,26,29
10/29/2012 12:00:00 PM,57,36,21
10/29/2012 01:00:00 PM,63,40,23
10/29/2012 02:00:00 PM,82,48,34
10/29/2012 03:00:00 PM,89,36,53
10/29/2012 04:00:00 PM,177,92,85
10/29/2012 05:00:00 PM,376,129,247
10/29/2012 06:00:00 PM,246,82,164
10/29/2012 07:00:00 PM,93,35,58
10/29/2012 08:00:00 PM,55,19,36
10/29/2012 09:00:00 PM,40,13,27
10/29/2012 10:00:00 PM,15,6,9
10/29/2012 11:00:00 PM,17,8,9
10/30/2012 12:00:00 AM,15,8,7
10/30/2012 01:00:00 AM,1,1,0
10/30/2012 02:00:00 AM,5,4,1
10/30/2012 03:00:00 AM,3,1,2
10/30/2012 04:00:00 AM,6,3,3
10/30/2012 05:00:00 AM,24,18,6
10/30/2012 06:00:00 AM,82,59,23
10/30/2012 07:00:00 AM,200,151,49
10/30/2012 08:00:00 AM,260,185,75
10/30/2012 09:00:00 AM,141,88,53
10/30/2012 10:00:00 AM,56,33,23
10/30/2012 11:00:00 AM,35,22,13
10/30/2012 12:00:00 PM,30,17,13
10/30/2012 01:00:00 PM,41,27,14
10/30/2012 02:00:00 PM,43,19,24
10/30/2012 03:00:00 PM,64,33,31
10/30/2012 04:00:00 PM,113,43,70
10/30/2012 05:00:00 PM,282,83,199
10/30/2012 06:00:00 PM,189,57,132
10/30/2012 07:00:00 PM,65,21,44
10/30/2012 08:00:00 PM,35,15,20
10/30/2012 09:00:00 PM,16,8,8
10/30/2012 10:00:00 PM,16,8,8
10/30/2012 11:00:00 PM,13,8,5
10/31/2012 12:00:00 AM,4,2,2
10/31/2012 01:00:00 AM,5,4,1
10/31/2012 02:00:00 AM,2,2,0
10/31/2012 03:00:00 AM,1,0,1
10/31/2012 04:00:00 AM,11,7,4
10/31/2012 05:00:00 AM,11,7,4
10/31/2012 06:00:00 AM,69,47,22
10/31/2012 07:00:00 AM,170,133,37
10/31/2012 08:00:00 AM,245,169,76
10/31/2012 09:00:00 AM,125,88,37
10/31/2012 10:00:00 AM,42,26,16
10/31/2012 11:00:00 AM,53,36,17
10/31/2012 12:00:00 PM,55,28,27
10/31/2012 01:00:00 PM,35,14,21
10/31/2012 02:00:00 PM,49,28,21
10/31/2012 03:00:00 PM,80,32,48
10/31/2012 04:00:00 PM,151,57,94
10/31/2012 05:00:00 PM,280,91,189
10/31/2012 06:00:00 PM,143,43,100
10/31/2012 07:00:00 PM,88,34,54
10/31/2012 08:00:00 PM,45,14,31
10/31/2012 09:00:00 PM,14,8,6
10/31/2012 10:00:00 PM,14,8,6
10/31/2012 11:00:00 PM,18,5,13
11/01/2012 12:00:00 AM,7,4,3
11/01/2012 01:00:00 AM,5,2,3
11/01/2012 02:00:00 AM,2,1,1
11/01/2012 03:00:00 AM,0,0,0
11/01/2012 04:00:00 AM,6,2,4
11/01/2012 05:00:00 AM,18,11,7
11/01/2012 06:00:00 AM,89,63,26
11/01/2012 07:00:00 AM,198,146,52
11/01/2012 08:00:00 AM,260,179,81
11/01/2012 09:00:00 AM,130,75,55
11/01/2012 10:00:00 AM,56,39,17
11/01/2012 11:00:00 AM,40,23,17
11/01/2012 12:00:00 PM,58,27,31
11/01/2012 01:00:00 PM,68,41,27
11/01/2012 02:00:00 PM,71,42,29
11/01/2012 03:00:00 PM,100,40,60
11/01/2012 04:00:00 PM,187,94,93
11/01/2012 05:00:00 PM,316,93,223
11/01/2012 06:00:00 PM,233,71,162
11/01/2012 07:00:00 PM,106,38,68
11/01/2012 08:00:00 PM,59,24,35
11/01/2012 09:00:00 PM,40,22,18
11/01/2012 10:00:00 PM,21,13,8
11/01/2012 11:00:00 PM,21,11,10
11/02/2012 12:00:00 AM,6,4,2
11/02/2012 01:00:00 AM,7,3,4
11/02/2012 02:00:00 AM,2,2,0
11/02/2012 03:00:00 AM,4,3,1
11/02/2012 04:00:00 AM,10,5,5
11/02/2012 05:00:00 AM,17,11,6
11/02/2012 06:00:00 AM,114,76,38
11/02/2012 07:00:00 AM,230,162,68
11/02/2012 08:00:00 AM,336,245,91
11/02/2012 09:00:00 AM,198,133,65
11/02/2012 10:00:00 AM,80,41,39
11/02/2012 11:00:00 AM,75,41,34
11/02/2012 12:00:00 PM,80,49,31
11/02/2012 01:00:00 PM,107,59,48
11/02/2012 02:00:00 PM,91,62,29
11/02/2012 03:00:00 PM,159,92,67
11/02/2012 04:00:00 PM,235,114,121
11/02/2012 05:00:00 PM,348,94,254
11/02/2012 06:00:00 PM,195,73,122
11/02/2012 07:00:00 PM,73,23,50
11/02/2012 08:00:00 PM,41,17,24
11/02/2012 09:00:00 PM,33,20,13
11/02/2012 10:00:00 PM,23,10,13
11/02/2012 11:00:00 PM,14,6,8
11/03/2012 12:00:00 AM,12,7,5
11/03/2012 01:00:00 AM,6,2,4
11/03/2012 02:00:00 AM,5,3,2
11/03/2012 03:00:00 AM,2,2,0
11/03/2012 04:00:00 AM,4,2,2
11/03/2012 05:00:00 AM,12,6,6
11/03/2012 06:00:00 AM,13,10,3
11/03/2012 07:00:00 AM,13,7,6
11/03/2012 08:00:00 AM,33,19,14
11/03/2012 09:00:00 AM,69,33,36
11/03/2012 10:00:00 AM,62,36,26
11/03/2012 11:00:00 AM,88,49,39
11/03/2012 12:00:00 PM,79,55,24
11/03/2012 01:00:00 PM,82,47,35
11/03/2012 02:00:00 PM,109,55,54
11/03/2012 03:00:00 PM,71,35,36
11/03/2012 04:00:00 PM,73,41,32
11/03/2012 05:00:00 PM,65,31,34
11/03/2012 06:00:00 PM,52,27,25
11/03/2012 07:00:00 PM,35,19,16
11/03/2012 08:00:00 PM,24,9,15
11/03/2012 09:00:00 PM,9,4,5
11/03/2012 10:00:00 PM,13,7,6
11/03/2012 11:00:00 PM,21,7,14
11/04/2012 12:00:00 AM,18,7,11
11/04/2012 01:00:00 AM,10,6,4
11/04/2012 02:00:00 AM,10,5,5
11/04/2012 03:00:00 AM,3,1,2
11/04/2012 04:00:00 AM,3,1,2
11/04/2012 05:00:00 AM,7,5,2
11/04/2012 06:00:00 AM,12,9,3
11/04/2012 07:00:00 AM,29,17,12
11/04/2012 08:00:00 AM,51,27,24
11/04/2012 09:00:00 AM,68,34,34
11/04/2012 10:00:00 AM,75,47,28
11/04/2012 11:00:00 AM,90,56,34
11/04/2012 12:00:00 PM,112,68,44
11/04/2012 01:00:00 PM,98,57,41
11/04/2012 02:00:00 PM,73,44,29
11/04/2012 03:00:00 PM,90,45,45
11/04/2012 04:00:00 PM,97,46,51
11/04/2012 05:00:00 PM,55,19,36
11/04/2012 06:00:00 PM,42,27,15
11/04/2012 07:00:00 PM,12,4,8
11/04/2012 08:00:00 PM,21,10,11
11/04/2012 09:00:00 PM,13,5,8
11/04/2012 10:00:00 PM,13,6,7
11/04/2012 11:00:00 PM,9,2,7
11/05/2012 12:00:00 AM,7,5,2
11/05/2012 01:00:00 AM,3,2,1
11/05/2012 02:00:00 AM,2,1,1
11/05/2012 03:00:00 AM,3,1,2
11/05/2012 04:00:00 AM,5,2,3
11/05/2012 05:00:00 AM,25,18,7
11/05/2012 06:00:00 AM,126,81,45
11/05/2012 07:00:00 AM,312,238,74
11/05/2012 08:00:00 AM,373,252,121
11/05/2012 09:00:00 AM,182,105,77
11/05/2012 10:00:00 AM,91,65,26
11/05/2012 11:00:00 AM,57,38,19
11/05/2012 12:00:00 PM,95,41,54
11/05/2012 01:00:00 PM,63,31,32
11/05/2012 02:00:00 PM,98,58,40
11/05/2012 03:00:00 PM,123,65,58
11/05/2012 04:00:00 PM,246,112,134
11/05/2012 05:00:00 PM,470,126,344
11/05/2012 06:00:00 PM,261,84,177
11/05/2012 07:00:00 PM,108,30,78
11/05/2012 08:00:00 PM,68,32,36
11/05/2012 09:00:00 PM,45,21,24
11/05/2012 10:00:00 PM,24,13,11
11/05/2012 11:00:00 PM,23,9,14
11/06/2012 12:00:00 AM,10,5,5
11/06/2012 01:00:00 AM,7,4,3
11/06/2012 02:00:00 AM,5,3,2
11/06/2012 03:00:00 AM,3,1,2
11/06/2012 04:00:00 AM,8,5,3
11/06/2012 05:00:00 AM,27,18,9
11/06/2012 06:00:00 AM,127,94,33
11/06/2012 07:00:00 AM,280,217,63
11/06/2012 08:00:00 AM,371,258,113
11/06/2012 09:00:00 AM,164,109,55
11/06/2012 10:00:00 AM,63,33,30
11/06/2012 11:00:00 AM,54,32,22
11/06/2012 12:00:00 PM,62,30,32
11/06/2012 01:00:00 PM,66,40,26
11/06/2012 02:00:00 PM,75,37,38
11/06/2012 03:00:00 PM,111,53,58
11/06/2012 04:00:00 PM,236,95,141
11/06/2012 05:00:00 PM,403,105,298
11/06/2012 06:00:00 PM,217,70,147
11/06/2012 07:00:00 PM,80,33,47
11/06/2012 08:00:00 PM,43,16,27
11/06/2012 09:00:00 PM,32,12,20
11/06/2012 10:00:00 PM,28,12,16
11/06/2012 11:00:00 PM,21,5,16
11/07/2012 12:00:00 AM,12,6,6
11/07/2012 01:00:00 AM,5,4,1
11/07/2012 02:00:00 AM,6,4,2
11/07/2012 03:00:00 AM,6,1,5
11/07/2012 04:00:00 AM,10,7,3
11/07/2012 05:00:00 AM,14,9,5
11/07/2012 06:00:00 AM,116,82,34
11/07/2012 07:00:00 AM,266,189,77
11/07/2012 08:00:00 AM,371,256,115
11/07/2012 09:00:00 AM,200,137,63
11/07/2012 10:00:00 AM,96,54,42
11/07/2012 11:00:00 AM,58,34,24
11/07/2012 12:00:00 PM,71,35,36
11/07/2012 01:00:00 PM,67,37,30
11/07/2012 02:00:00 PM,104,59,45
11/07/2012 03:00:00 PM,132,60,72
11/07/2012 04:00:00 PM,237,98,139
11/07/2012 05:00:00 PM,387,112,275
11/07/2012 06:00:00 PM,270,99,171
11/07/2012 07:00:00 PM,114,48,66
11/07/2012 08:00:00 PM,67,23,44
11/07/2012 09:00:00 PM,45,19,26
11/07/2012 10:00:00 PM,43,20,23
11/07/2012 11:00:00 PM,22,13,9
11/08/2012 12:00:00 AM,2,1,1
11/08/2012 01:00:00 AM,6,3,3
11/08/2012 02:00:00 AM,4,1,3
11/08/2012 03:00:00 AM,6,2,4
11/08/2012 04:00:00 AM,10,7,3
11/08/2012 05:00:00 AM,24,15,9
11/08/2012 06:00:00 AM,128,82,46
11/08/2012 07:00:00 AM,279,203,76
11/08/2012 08:00:00 AM,348,254,94
11/08/2012 09:00:00 AM,206,130,76
11/08/2012 10:00:00 AM,88,54,34
11/08/2012 11:00:00 AM,76,44,32
11/08/2012 12:00:00 PM,71,40,31
11/08/2012 01:00:00 PM,74,39,35
11/08/2012 02:00:00 PM,89,54,35
11/08/2012 03:00:00 PM,106,47,59
11/08/2012 04:00:00 PM,256,94,162
11/08/2012 05:00:00 PM,394,104,290
11/08/2012 06:00:00 PM,258,89,169
11/08/2012 07:00:00 PM,114,35,79
11/08/2012 08:00:00 PM,59,20,39
11/08/2012 09:00:00 PM,44,15,29
11/08/2012 10:00:00 PM,27,13,14
11/08/2012 11:00:00 PM,22,9,13
11/09/2012 12:00:00 AM,19,11,8
11/09/2012 01:00:00 AM,5,2,3
11/09/2012 02:00:00 AM,5,4,1
11/09/2012 03:00:00 AM,2,0,2
11/09/2012 04:00:00 AM,7,5,2
11/09/2012 05:00:00 AM,15,11,4
11/09/2012 06:00:00 AM,100,60,40
11/09/2012 07:00:00 AM,233,168,65
11/09/2012 08:00:00 AM,329,232,97
11/09/2012 09:00:00 AM,167,114,53
11/09/2012 10:00:00 AM,92,53,39
11/09/2012 11:00:00 AM,75,47,28
11/09/2012 12:00:00 PM,66,46,20
11/09/2012 01:00:00 PM,90,45,45
11/09/2012 02:00:00 PM,102,54,48
11/09/2012 03:00:00 PM,163,76,87
11/09/2012 04:00:00 PM,222,91,131
11/09/2012 05:00:00 PM,324,99,225
11/09/2012 06:00:00 PM,208,66,142
11/09/2012 07:00:00 PM,84,26,58
11/09/2012 08:00:00 PM,32,7,25
11/09/2012 09:00:00 PM,25,13,12
11/09/2012 10:00:00 PM,25,13,12
11/09/2012 11:00:00 PM,16,8,8
11/10/2012 12:00:00 AM,20,5,15
11/10/2012 01:00:00 AM,8,4,4
11/10/2012 02:00:00 AM,10,4,6
11/10/2012 03:00:00 AM,5,3,2
11/10/2012 04:00:00 AM,4,2,2
11/10/2012 05:00:00 AM,9,4,5
11/10/2012 06:00:00 AM,15,6,9
11/10/2012 07:00:00 AM,23,10,13
11/10/2012 08:00:00 AM,44,25,19
11/10/2012 09:00:00 AM,54,30,24
11/10/2012 10:00:00 AM,102,63,39
11/10/2012 11:00:00 AM,102,69,33
11/10/2012 12:00:00 PM,138,75,63
11/10/2012 01:00:00 PM,130,76,54
11/10/2012 02:00:00 PM,142,69,73
11/10/2012 03:00:00 PM,137,96,41
11/10/2012 04:00:00 PM,109,51,58
11/10/2012 05:00:00 PM,72,35,37
11/10/2012 06:00:00 PM,47,17,30
11/10/2012 07:00:00 PM,26,13,13
11/10/2012 08:00:00 PM,24,10,14
11/10/2012 09:00:00 PM,15,7,8
11/10/2012 10:00:00 PM,15,5,10
11/10/2012 11:00:00 PM,18,6,12
11/11/2012 12:00:00 AM,10,7,3
11/11/2012 01:00:00 AM,7,3,4
11/11/2012 02:00:00 AM,8,0,8
11/11/2012 03:00:00 AM,4,3,1
11/11/2012 04:00:00 AM,3,3,0
11/11/2012 05:00:00 AM,3,0,3
11/11/2012 06:00:00 AM,12,1,11
11/11/2012 07:00:00 AM,21,11,10
11/11/2012 08:00:00 AM,36,21,15
11/11/2012 09:00:00 AM,58,28,30
11/11/2012 10:00:00 AM,54,40,14
11/11/2012 11:00:00 AM,58,28,30
11/11/2012 12:00:00 PM,51,27,24
11/11/2012 01:00:00 PM,58,35,23
11/11/2012 02:00:00 PM,71,39,32
11/11/2012 03:00:00 PM,35,19,16
11/11/2012 04:00:00 PM,39,27,12
11/11/2012 05:00:00 PM,27,7,20
11/11/2012 06:00:00 PM,19,5,14
11/11/2012 07:00:00 PM,14,8,6
11/11/2012 08:00:00 PM,11,5,6
11/11/2012 09:00:00 PM,14,6,8
11/11/2012 10:00:00 PM,7,4,3
11/11/2012 11:00:00 PM,8,0,8
11/12/2012 12:00:00 AM,4,4,0
11/12/2012 01:00:00 AM,1,1,0
11/12/2012 02:00:00 AM,4,2,2
11/12/2012 03:00:00 AM,1,0,1
11/12/2012 04:00:00 AM,2,1,1
11/12/2012 05:00:00 AM,11,9,2
11/12/2012 06:00:00 AM,63,44,19
11/12/2012 07:00:00 AM,146,104,42
11/12/2012 08:00:00 AM,213,148,65
11/12/2012 09:00:00 AM,135,81,54
11/12/2012 10:00:00 AM,52,31,21
11/12/2012 11:00:00 AM,46,28,18
11/12/2012 12:00:00 PM,43,28,15
11/12/2012 01:00:00 PM,37,19,18
11/12/2012 02:00:00 PM,60,34,26
11/12/2012 03:00:00 PM,80,36,44
11/12/2012 04:00:00 PM,138,62,76
11/12/2012 05:00:00 PM,261,83,178
11/12/2012 06:00:00 PM,176,63,113
11/12/2012 07:00:00 PM,68,23,45
11/12/2012 08:00:00 PM,23,7,16
11/12/2012 09:00:00 PM,26,11,15
11/12/2012 10:00:00 PM,24,13,11
11/12/2012 11:00:00 PM,17,7,10
11/13/2012 12:00:00 AM,9,4,5
11/13/2012 01:00:00 AM,3,1,2
11/13/2012 02:00:00 AM,4,3,1
11/13/2012 03:00:00 AM,2,1,1
11/13/2012 04:00:00 AM,8,6,2
11/13/2012 05:00:00 AM,25,17,8
11/13/2012 06:00:00 AM,113,76,37
11/13/2012 07:00:00 AM,246,180,66
11/13/2012 08:00:00 AM,318,218,100
11/13/2012 09:00:00 AM,171,104,67
11/13/2012 10:00:00 AM,56,30,26
11/13/2012 11:00:00 AM,52,34,18
11/13/2012 12:00:00 PM,28,22,6
11/13/2012 01:00:00 PM,41,21,20
11/13/2012 02:00:00 PM,51,21,30
11/13/2012 03:00:00 PM,75,37,38
11/13/2012 04:00:00 PM,164,58,106
11/13/2012 05:00:00 PM,331,96,235
11/13/2012 06:00:00 PM,205,63,142
11/13/2012 07:00:00 PM,77,23,54
11/13/2012 08:00:00 PM,40,11,29
11/13/2012 09:00:00 PM,37,8,29
11/13/2012 10:00:00 PM,19,9,10
11/13/2012 11:00:00 PM,12,7,5
11/14/2012 12:00:00 AM,1,0,1
11/14/2012 01:00:00 AM,4,4,0
11/14/2012 02:00:00 AM,4,3,1
11/14/2012 03:00:00 AM,3,0,3
11/14/2012 04:00:00 AM,8,5,3
11/14/2012 05:00:00 AM,24,17,7
11/14/2012 06:00:00 AM,123,86,37
11/14/2012 07:00:00 AM,235,171,64
11/14/2012 08:00:00 AM,353,247,106
11/14/2012 09:00:00 AM,174,120,54
11/14/2012 10:00:00 AM,93,56,37
11/14/2012 11:00:00 AM,64,36,28
11/14/2012 12:00:00 PM,70,31,39
11/14/2012 01:00:00 PM,80,44,36
11/14/2012 02:00:00 PM,78,42,36
11/14/2012 03:00:00 PM,127,57,70
11/14/2012 04:00:00 PM,218,91,127
11/14/2012 05:00:00 PM,416,113,303
11/14/2012 06:00:00 PM,244,75,169
11/14/2012 07:00:00 PM,116,35,81
11/14/2012 08:00:00 PM,67,26,41
11/14/2012 09:00:00 PM,47,11,36
11/14/2012 10:00:00 PM,29,12,17
11/14/2012 11:00:00 PM,22,12,10
11/15/2012 12:00:00 AM,6,2,4
11/15/2012 01:00:00 AM,3,2,1
11/15/2012 02:00:00 AM,4,3,1
11/15/2012 03:00:00 AM,1,0,1
11/15/2012 04:00:00 AM,8,5,3
11/15/2012 05:00:00 AM,25,14,11
11/15/2012 06:00:00 AM,109,79,30
11/15/2012 07:00:00 AM,242,177,65
11/15/2012 08:00:00 AM,309,214,95
11/15/2012 09:00:00 AM,186,112,74
11/15/2012 10:00:00 AM,76,51,25
11/15/2012 11:00:00 AM,77,46,31
11/15/2012 12:00:00 PM,77,42,35
11/15/2012 01:00:00 PM,85,43,42
11/15/2012 02:00:00 PM,105,57,48
11/15/2012 03:00:00 PM,132,70,62
11/15/2012 04:00:00 PM,204,72,132
11/15/2012 05:00:00 PM,328,104,224
11/15/2012 06:00:00 PM,246,76,170
11/15/2012 07:00:00 PM,116,41,75
11/15/2012 08:00:00 PM,63,29,34
11/15/2012 09:00:00 PM,58,29,29
11/15/2012 10:00:00 PM,32,20,12
11/15/2012 11:00:00 PM,28,16,12
11/16/2012 12:00:00 AM,10,6,4
11/16/2012 01:00:00 AM,10,5,5
11/16/2012 02:00:00 AM,3,2,1
11/16/2012 03:00:00 AM,3,2,1
11/16/2012 04:00:00 AM,10,7,3
11/16/2012 05:00:00 AM,18,14,4
11/16/2012 06:00:00 AM,91,60,31
11/16/2012 07:00:00 AM,212,141,71
11/16/2012 08:00:00 AM,277,192,85
11/16/2012 09:00:00 AM,159,111,48
11/16/2012 10:00:00 AM,89,53,36
11/16/2012 11:00:00 AM,73,47,26
11/16/2012 12:00:00 PM,67,35,32
11/16/2012 01:00:00 PM,91,48,43
11/16/2012 02:00:00 PM,75,34,41
11/16/2012 03:00:00 PM,75,32,43
11/16/2012 04:00:00 PM,153,66,87
11/16/2012 05:00:00 PM,239,57,182
11/16/2012 06:00:00 PM,156,50,106
11/16/2012 07:00:00 PM,88,29,59
11/16/2012 08:00:00 PM,46,16,30
11/16/2012 09:00:00 PM,21,7,14
11/16/2012 10:00:00 PM,22,4,18
11/16/2012 11:00:00 PM,18,5,13
11/17/2012 12:00:00 AM,14,4,10
11/17/2012 01:00:00 AM,5,1,4
11/17/2012 02:00:00 AM,5,4,1
11/17/2012 03:00:00 AM,1,0,1
11/17/2012 04:00:00 AM,4,3,1
11/17/2012 05:00:00 AM,5,4,1
11/17/2012 06:00:00 AM,12,4,8
11/17/2012 07:00:00 AM,24,12,12
11/17/2012 08:00:00 AM,31,18,13
11/17/2012 09:00:00 AM,46,25,21
11/17/2012 10:00:00 AM,49,28,21
11/17/2012 11:00:00 AM,66,36,30
11/17/2012 12:00:00 PM,81,56,25
11/17/2012 01:00:00 PM,60,39,21
11/17/2012 02:00:00 PM,43,21,22
11/17/2012 03:00:00 PM,32,15,17
11/17/2012 04:00:00 PM,40,20,20
11/17/2012 05:00:00 PM,29,19,10
11/17/2012 06:00:00 PM,23,9,14
11/17/2012 07:00:00 PM,20,13,7
11/17/2012 08:00:00 PM,15,2,13
11/17/2012 09:00:00 PM,11,7,4
11/17/2012 10:00:00 PM,12,5,7
11/17/2012 11:00:00 PM,12,3,9
11/18/2012 12:00:00 AM,11,6,5
11/18/2012 01:00:00 AM,3,1,2
11/18/2012 02:00:00 AM,3,1,2
11/18/2012 03:00:00 AM,2,0,2
11/18/2012 04:00:00 AM,5,4,1
11/18/2012 05:00:00 AM,3,3,0
11/18/2012 06:00:00 AM,6,3,3
11/18/2012 07:00:00 AM,12,3,9
11/18/2012 08:00:00 AM,16,6,10
11/18/2012 09:00:00 AM,20,8,12
11/18/2012 10:00:00 AM,21,17,4
11/18/2012 11:00:00 AM,28,18,10
11/18/2012 12:00:00 PM,34,23,11
11/18/2012 01:00:00 PM,41,26,15
11/18/2012 02:00:00 PM,45,28,17
11/18/2012 03:00:00 PM,24,14,10
11/18/2012 04:00:00 PM,30,20,10
11/18/2012 05:00:00 PM,22,15,7
11/18/2012 06:00:00 PM,12,6,6
11/18/2012 07:00:00 PM,11,7,4
11/18/2012 08:00:00 PM,14,5,9
11/18/2012 09:00:00 PM,6,2,4
11/18/2012 10:00:00 PM,11,2,9
11/18/2012 11:00:00 PM,12,1,11
11/19/2012 12:00:00 AM,3,3,0
11/19/2012 01:00:00 AM,6,1,5
11/19/2012 02:00:00 AM,2,1,1
11/19/2012 03:00:00 AM,2,0,2
11/19/2012 04:00:00 AM,8,4,4
11/19/2012 05:00:00 AM,15,12,3
11/19/2012 06:00:00 AM,46,33,13
11/19/2012 07:00:00 AM,103,76,27
11/19/2012 08:00:00 AM,139,90,49
11/19/2012 09:00:00 AM,66,39,27
11/19/2012 10:00:00 AM,35,23,12
11/19/2012 11:00:00 AM,13,8,5
11/19/2012 12:00:00 PM,18,9,9
11/19/2012 01:00:00 PM,13,10,3
11/19/2012 02:00:00 PM,32,13,19
11/19/2012 03:00:00 PM,45,15,30
11/19/2012 04:00:00 PM,78,29,49
11/19/2012 05:00:00 PM,155,42,113
11/19/2012 06:00:00 PM,78,24,54
11/19/2012 07:00:00 PM,50,12,38
11/19/2012 08:00:00 PM,18,7,11
11/19/2012 09:00:00 PM,19,10,9
11/19/2012 10:00:00 PM,15,9,6
11/19/2012 11:00:00 PM,8,5,3
11/20/2012 12:00:00 AM,7,2,5
11/20/2012 01:00:00 AM,1,1,0
11/20/2012 02:00:00 AM,3,3,0
11/20/2012 03:00:00 AM,2,0,2
11/20/2012 04:00:00 AM,3,2,1
11/20/2012 05:00:00 AM,14,10,4
11/20/2012 06:00:00 AM,83,55,28
11/20/2012 07:00:00 AM,191,137,54
11/20/2012 08:00:00 AM,263,184,79
11/20/2012 09:00:00 AM,154,101,53
11/20/2012 10:00:00 AM,63,37,26
11/20/2012 11:00:00 AM,31,19,12
11/20/2012 12:00:00 PM,37,23,14
11/20/2012 01:00:00 PM,32,14,18
11/20/2012 02:00:00 PM,37,20,17
11/20/2012 03:00:00 PM,72,25,47
11/20/2012 04:00:00 PM,127,55,72
11/20/2012 05:00:00 PM,285,80,205
11/20/2012 06:00:00 PM,184,54,130
11/20/2012 07:00:00 PM,65,25,40
11/20/2012 08:00:00 PM,33,14,19
11/20/2012 09:00:00 PM,25,9,16
11/20/2012 10:00:00 PM,18,6,12
11/20/2012 11:00:00 PM,11,8,3
11/21/2012 12:00:00 AM,9,3,6
11/21/2012 01:00:00 AM,1,0,1
11/21/2012 02:00:00 AM,3,2,1
11/21/2012 03:00:00 AM,2,1,1
11/21/2012 04:00:00 AM,6,5,1
11/21/2012 05:00:00 AM,9,6,3
11/21/2012 06:00:00 AM,52,37,15
11/21/2012 07:00:00 AM,119,83,36
11/21/2012 08:00:00 AM,183,125,58
11/21/2012 09:00:00 AM,117,84,33
11/21/2012 10:00:00 AM,58,17,41
11/21/2012 11:00:00 AM,30,17,13
11/21/2012 12:00:00 PM,30,14,16
11/21/2012 01:00:00 PM,64,19,45
11/21/2012 02:00:00 PM,74,34,40
11/21/2012 03:00:00 PM,100,38,62
11/21/2012 04:00:00 PM,148,51,97
11/21/2012 05:00:00 PM,139,44,95
11/21/2012 06:00:00 PM,97,36,61
11/21/2012 07:00:00 PM,42,22,20
11/21/2012 08:00:00 PM,40,10,30
11/21/2012 09:00:00 PM,21,9,12
11/21/2012 10:00:00 PM,17,7,10
11/21/2012 11:00:00 PM,9,4,5
11/22/2012 12:00:00 AM,8,5,3
11/22/2012 01:00:00 AM,39,38,1
11/22/2012 02:00:00 AM,4,3,1
11/22/2012 03:00:00 AM,4,3,1
11/22/2012 04:00:00 AM,1,1,0
11/22/2012 05:00:00 AM,4,1,3
11/22/2012 06:00:00 AM,4,1,3
11/22/2012 07:00:00 AM,10,5,5
11/22/2012 08:00:00 AM,23,13,10
11/22/2012 09:00:00 AM,44,22,22
11/22/2012 10:00:00 AM,64,39,25
11/22/2012 11:00:00 AM,88,48,40
11/22/2012 12:00:00 PM,68,39,29
11/22/2012 01:00:00 PM,50,29,21
11/22/2012 02:00:00 PM,37,19,18
11/22/2012 03:00:00 PM,31,17,14
11/22/2012 04:00:00 PM,23,14,9
11/22/2012 05:00:00 PM,7,5,2
11/22/2012 06:00:00 PM,4,2,2
11/22/2012 07:00:00 PM,9,3,6
11/22/2012 08:00:00 PM,9,4,5
11/22/2012 09:00:00 PM,10,9,1
11/22/2012 10:00:00 PM,6,2,4
11/22/2012 11:00:00 PM,7,3,4
11/23/2012 12:00:00 AM,15,12,3
11/23/2012 01:00:00 AM,0,0,0
11/23/2012 02:00:00 AM,2,1,1
11/23/2012 03:00:00 AM,0,0,0
11/23/2012 04:00:00 AM,3,1,2
11/23/2012 05:00:00 AM,9,5,4
11/23/2012 06:00:00 AM,11,4,7
11/23/2012 07:00:00 AM,22,15,7
11/23/2012 08:00:00 AM,25,14,11
11/23/2012 09:00:00 AM,15,9,6
11/23/2012 10:00:00 AM,32,16,16
11/23/2012 11:00:00 AM,16,6,10
11/23/2012 12:00:00 PM,17,7,10
11/23/2012 01:00:00 PM,18,8,10
11/23/2012 02:00:00 PM,23,8,15
11/23/2012 03:00:00 PM,27,18,9
11/23/2012 04:00:00 PM,22,7,15
11/23/2012 05:00:00 PM,31,8,23
11/23/2012 06:00:00 PM,15,7,8
11/23/2012 07:00:00 PM,13,4,9
11/23/2012 08:00:00 PM,14,6,8
11/23/2012 09:00:00 PM,3,3,0
11/23/2012 10:00:00 PM,13,8,5
11/23/2012 11:00:00 PM,9,1,8
11/24/2012 12:00:00 AM,3,1,2
11/24/2012 01:00:00 AM,2,1,1
11/24/2012 02:00:00 AM,4,3,1
11/24/2012 03:00:00 AM,1,1,0
11/24/2012 04:00:00 AM,6,5,1
11/24/2012 05:00:00 AM,6,5,1
11/24/2012 06:00:00 AM,11,3,8
11/24/2012 07:00:00 AM,14,8,6
11/24/2012 08:00:00 AM,30,17,13
11/24/2012 09:00:00 AM,40,20,20
11/24/2012 10:00:00 AM,56,35,21
11/24/2012 11:00:00 AM,67,39,28
11/24/2012 12:00:00 PM,100,57,43
11/24/2012 01:00:00 PM,68,47,21
11/24/2012 02:00:00 PM,117,56,61
11/24/2012 03:00:00 PM,127,66,61
11/24/2012 04:00:00 PM,63,32,31
11/24/2012 05:00:00 PM,30,16,14
11/24/2012 06:00:00 PM,33,12,21
11/24/2012 07:00:00 PM,22,7,15
11/24/2012 08:00:00 PM,16,6,10
11/24/2012 09:00:00 PM,13,5,8
11/24/2012 10:00:00 PM,11,4,7
11/24/2012 11:00:00 PM,5,2,3
11/25/2012 12:00:00 AM,9,6,3
11/25/2012 01:00:00 AM,9,3,6
11/25/2012 02:00:00 AM,2,2,0
11/25/2012 03:00:00 AM,4,2,2
11/25/2012 04:00:00 AM,3,1,2
11/25/2012 05:00:00 AM,2,2,0
11/25/2012 06:00:00 AM,13,9,4
11/25/2012 07:00:00 AM,22,13,9
11/25/2012 08:00:00 AM,33,19,14
11/25/2012 09:00:00 AM,45,28,17
11/25/2012 10:00:00 AM,52,29,23
11/25/2012 11:00:00 AM,66,32,34
11/25/2012 12:00:00 PM,82,48,34
11/25/2012 01:00:00 PM,146,84,62
11/25/2012 02:00:00 PM,154,89,65
11/25/2012 03:00:00 PM,133,78,55
11/25/2012 04:00:00 PM,88,44,44
11/25/2012 05:00:00 PM,47,25,22
11/25/2012 06:00:00 PM,30,16,14
11/25/2012 07:00:00 PM,27,13,14
11/25/2012 08:00:00 PM,17,8,9
11/25/2012 09:00:00 PM,13,3,10
11/25/2012 10:00:00 PM,7,3,4
11/25/2012 11:00:00 PM,14,9,5
11/26/2012 12:00:00 AM,3,2,1
11/26/2012 01:00:00 AM,4,1,3
11/26/2012 02:00:00 AM,0,0,0
11/26/2012 03:00:00 AM,2,1,1
11/26/2012 04:00:00 AM,7,4,3
11/26/2012 05:00:00 AM,23,17,6
11/26/2012 06:00:00 AM,100,67,33
11/26/2012 07:00:00 AM,227,171,56
11/26/2012 08:00:00 AM,312,213,99
11/26/2012 09:00:00 AM,179,113,66
11/26/2012 10:00:00 AM,84,41,43
11/26/2012 11:00:00 AM,56,41,15
11/26/2012 12:00:00 PM,67,37,30
11/26/2012 01:00:00 PM,83,48,35
11/26/2012 02:00:00 PM,98,48,50
11/26/2012 03:00:00 PM,115,47,68
11/26/2012 04:00:00 PM,194,74,120
11/26/2012 05:00:00 PM,352,102,250
11/26/2012 06:00:00 PM,216,66,150
11/26/2012 07:00:00 PM,87,35,52
11/26/2012 08:00:00 PM,67,19,48
11/26/2012 09:00:00 PM,35,15,20
11/26/2012 10:00:00 PM,35,12,23
11/26/2012 11:00:00 PM,12,6,6
11/27/2012 12:00:00 AM,10,6,4
11/27/2012 01:00:00 AM,4,0,4
11/27/2012 02:00:00 AM,1,0,1
11/27/2012 03:00:00 AM,4,3,1
11/27/2012 04:00:00 AM,8,5,3
11/27/2012 05:00:00 AM,27,17,10
11/27/2012 06:00:00 AM,105,74,31
11/27/2012 07:00:00 AM,229,165,64
11/27/2012 08:00:00 AM,366,263,103
11/27/2012 09:00:00 AM,185,122,63
11/27/2012 10:00:00 AM,68,39,29
11/27/2012 11:00:00 AM,63,38,25
11/27/2012 12:00:00 PM,55,37,18
11/27/2012 01:00:00 PM,81,45,36
11/27/2012 02:00:00 PM,83,30,53
11/27/2012 03:00:00 PM,125,60,65
11/27/2012 04:00:00 PM,232,103,129
11/27/2012 05:00:00 PM,385,108,277
11/27/2012 06:00:00 PM,258,75,183
11/27/2012 07:00:00 PM,102,41,61
11/27/2012 08:00:00 PM,62,25,37
11/27/2012 09:00:00 PM,42,21,21
11/27/2012 10:00:00 PM,32,15,17
11/27/2012 11:00:00 PM,20,9,11
11/28/2012 12:00:00 AM,7,2,5
11/28/2012 01:00:00 AM,3,3,0
11/28/2012 02:00:00 AM,3,2,1
11/28/2012 03:00:00 AM,2,0,2
11/28/2012 04:00:00 AM,8,7,1
11/28/2012 05:00:00 AM,18,14,4
11/28/2012 06:00:00 AM,96,67,29
11/28/2012 07:00:00 AM,214,153,61
11/28/2012 08:00:00 AM,317,212,105
11/28/2012 09:00:00 AM,162,104,58
11/28/2012 10:00:00 AM,85,52,33
11/28/2012 11:00:00 AM,46,24,22
11/28/2012 12:00:00 PM,49,26,23
11/28/2012 01:00:00 PM,59,28,31
11/28/2012 02:00:00 PM,35,19,16
11/28/2012 03:00:00 PM,62,26,36
11/28/2012 04:00:00 PM,144,61,83
11/28/2012 05:00:00 PM,315,90,225
11/28/2012 06:00:00 PM,190,51,139
11/28/2012 07:00:00 PM,113,38,75
11/28/2012 08:00:00 PM,44,18,26
11/28/2012 09:00:00 PM,28,12,16
11/28/2012 10:00:00 PM,23,9,14
11/28/2012 11:00:00 PM,11,4,7
11/29/2012 12:00:00 AM,5,4,1
11/29/2012 01:00:00 AM,2,2,0
11/29/2012 02:00:00 AM,5,5,0
11/29/2012 03:00:00 AM,3,1,2
11/29/2012 04:00:00 AM,7,6,1
11/29/2012 05:00:00 AM,21,15,6
11/29/2012 06:00:00 AM,90,63,27
11/29/2012 07:00:00 AM,191,142,49
11/29/2012 08:00:00 AM,278,188,90
11/29/2012 09:00:00 AM,139,91,48
11/29/2012 10:00:00 AM,45,16,29
11/29/2012 11:00:00 AM,38,20,18
11/29/2012 12:00:00 PM,41,24,17
11/29/2012 01:00:00 PM,29,15,14
11/29/2012 02:00:00 PM,46,28,18
11/29/2012 03:00:00 PM,75,29,46
11/29/2012 04:00:00 PM,151,66,85
11/29/2012 05:00:00 PM,273,83,190
11/29/2012 06:00:00 PM,182,64,118
11/29/2012 07:00:00 PM,97,38,59
11/29/2012 08:00:00 PM,42,19,23
11/29/2012 09:00:00 PM,40,19,21
11/29/2012 10:00:00 PM,24,7,17
11/29/2012 11:00:00 PM,20,9,11
11/30/2012 12:00:00 AM,7,5,2
11/30/2012 01:00:00 AM,1,0,1
11/30/2012 02:00:00 AM,1,0,1
11/30/2012 03:00:00 AM,1,0,1
11/30/2012 04:00:00 AM,8,6,2
11/30/2012 05:00:00 AM,23,18,5
11/30/2012 06:00:00 AM,80,53,27
11/30/2012 07:00:00 AM,165,115,50
11/30/2012 08:00:00 AM,242,161,81
11/30/2012 09:00:00 AM,141,84,57
11/30/2012 10:00:00 AM,59,27,32
11/30/2012 11:00:00 AM,44,22,22
11/30/2012 12:00:00 PM,39,19,20
11/30/2012 01:00:00 PM,38,21,17
11/30/2012 02:00:00 PM,46,21,25
11/30/2012 03:00:00 PM,66,35,31
11/30/2012 04:00:00 PM,139,47,92
11/30/2012 05:00:00 PM,228,61,167
11/30/2012 06:00:00 PM,145,52,93
11/30/2012 07:00:00 PM,55,16,39
11/30/2012 08:00:00 PM,28,8,20
11/30/2012 09:00:00 PM,7,4,3
11/30/2012 10:00:00 PM,10,7,3
11/30/2012 11:00:00 PM,17,4,13
12/01/2012 12:00:00 AM,10,2,8
12/01/2012 01:00:00 AM,3,0,3
12/01/2012 02:00:00 AM,3,1,2
12/01/2012 03:00:00 AM,3,3,0
12/01/2012 04:00:00 AM,3,2,1
12/01/2012 05:00:00 AM,4,2,2
12/01/2012 06:00:00 AM,10,3,7
12/01/2012 07:00:00 AM,21,13,8
12/01/2012 08:00:00 AM,37,17,20
12/01/2012 09:00:00 AM,43,21,22
12/01/2012 10:00:00 AM,51,26,25
12/01/2012 11:00:00 AM,53,36,17
12/01/2012 12:00:00 PM,62,34,28
12/01/2012 01:00:00 PM,53,31,22
12/01/2012 02:00:00 PM,51,35,16
12/01/2012 03:00:00 PM,54,31,23
12/01/2012 04:00:00 PM,44,31,13
12/01/2012 05:00:00 PM,40,15,25
12/01/2012 06:00:00 PM,24,8,16
12/01/2012 07:00:00 PM,19,6,13
12/01/2012 08:00:00 PM,10,3,7
12/01/2012 09:00:00 PM,10,4,6
12/01/2012 10:00:00 PM,12,6,6
12/01/2012 11:00:00 PM,14,8,6
12/02/2012 12:00:00 AM,16,9,7
12/02/2012 01:00:00 AM,3,1,2
12/02/2012 02:00:00 AM,4,2,2
12/02/2012 03:00:00 AM,0,0,0
12/02/2012 04:00:00 AM,3,3,0
12/02/2012 05:00:00 AM,6,2,4
12/02/2012 06:00:00 AM,10,3,7
12/02/2012 07:00:00 AM,12,3,9
12/02/2012 08:00:00 AM,31,19,12
12/02/2012 09:00:00 AM,47,31,16
12/02/2012 10:00:00 AM,45,29,16
12/02/2012 11:00:00 AM,43,25,18
12/02/2012 12:00:00 PM,65,34,31
12/02/2012 01:00:00 PM,49,34,15
12/02/2012 02:00:00 PM,41,25,16
12/02/2012 03:00:00 PM,31,15,16
12/02/2012 04:00:00 PM,38,22,16
12/02/2012 05:00:00 PM,13,8,5
12/02/2012 06:00:00 PM,19,10,9
12/02/2012 07:00:00 PM,17,6,11
12/02/2012 08:00:00 PM,8,1,7
12/02/2012 09:00:00 PM,11,5,6
12/02/2012 10:00:00 PM,7,2,5
12/02/2012 11:00:00 PM,8,5,3
12/03/2012 12:00:00 AM,2,1,1
12/03/2012 01:00:00 AM,6,3,3
12/03/2012 02:00:00 AM,3,2,1
12/03/2012 03:00:00 AM,1,0,1
12/03/2012 04:00:00 AM,2,1,1
12/03/2012 05:00:00 AM,22,19,3
12/03/2012 06:00:00 AM,89,60,29
12/03/2012 07:00:00 AM,186,122,64
12/03/2012 08:00:00 AM,290,190,100
12/03/2012 09:00:00 AM,151,105,46
12/03/2012 10:00:00 AM,62,39,23
12/03/2012 11:00:00 AM,50,27,23
12/03/2012 12:00:00 PM,51,29,22
12/03/2012 01:00:00 PM,41,23,18
12/03/2012 02:00:00 PM,43,23,20
12/03/2012 03:00:00 PM,58,25,33
12/03/2012 04:00:00 PM,139,56,83
12/03/2012 05:00:00 PM,287,72,215
12/03/2012 06:00:00 PM,196,56,140
12/03/2012 07:00:00 PM,97,35,62
12/03/2012 08:00:00 PM,39,18,21
12/03/2012 09:00:00 PM,29,14,15
12/03/2012 10:00:00 PM,15,9,6
12/03/2012 11:00:00 PM,9,3,6
12/04/2012 12:00:00 AM,11,8,3
12/04/2012 01:00:00 AM,4,1,3
12/04/2012 02:00:00 AM,3,0,3
12/04/2012 03:00:00 AM,2,1,1
12/04/2012 04:00:00 AM,7,4,3
12/04/2012 05:00:00 AM,24,15,9
12/04/2012 06:00:00 AM,87,60,27
12/04/2012 07:00:00 AM,189,135,54
12/04/2012 08:00:00 AM,299,188,111
12/04/2012 09:00:00 AM,179,113,66
12/04/2012 10:00:00 AM,68,42,26
12/04/2012 11:00:00 AM,57,43,14
12/04/2012 12:00:00 PM,56,30,26
12/04/2012 01:00:00 PM,52,28,24
12/04/2012 02:00:00 PM,56,33,23
12/04/2012 03:00:00 PM,66,30,36
12/04/2012 04:00:00 PM,147,62,85
12/04/2012 05:00:00 PM,314,86,228
12/04/2012 06:00:00 PM,173,49,124
12/04/2012 07:00:00 PM,78,33,45
12/04/2012 08:00:00 PM,55,23,32
12/04/2012 09:00:00 PM,39,19,20
12/04/2012 10:00:00 PM,21,7,14
12/04/2012 11:00:00 PM,24,11,13
12/05/2012 12:00:00 AM,9,3,6
12/05/2012 01:00:00 AM,1,0,1
12/05/2012 02:00:00 AM,3,2,1
12/05/2012 03:00:00 AM,2,0,2
12/05/2012 04:00:00 AM,6,5,1
12/05/2012 05:00:00 AM,21,17,4
12/05/2012 06:00:00 AM,84,59,25
12/05/2012 07:00:00 AM,210,149,61
12/05/2012 08:00:00 AM,312,217,95
12/05/2012 09:00:00 AM,190,121,69
12/05/2012 10:00:00 AM,77,52,25
12/05/2012 11:00:00 AM,66,40,26
12/05/2012 12:00:00 PM,63,33,30
12/05/2012 01:00:00 PM,84,47,37
12/05/2012 02:00:00 PM,67,34,33
12/05/2012 03:00:00 PM,107,55,52
12/05/2012 04:00:00 PM,174,78,96
12/05/2012 05:00:00 PM,328,103,225
12/05/2012 06:00:00 PM,250,75,175
12/05/2012 07:00:00 PM,122,40,82
12/05/2012 08:00:00 PM,45,13,32
12/05/2012 09:00:00 PM,39,18,21
12/05/2012 10:00:00 PM,26,12,14
12/05/2012 11:00:00 PM,14,7,7
12/06/2012 12:00:00 AM,4,2,2
12/06/2012 01:00:00 AM,5,2,3
12/06/2012 02:00:00 AM,1,0,1
12/06/2012 03:00:00 AM,3,1,2
12/06/2012 04:00:00 AM,13,10,3
12/06/2012 05:00:00 AM,26,17,9
12/06/2012 06:00:00 AM,98,67,31
12/06/2012 07:00:00 AM,165,119,46
12/06/2012 08:00:00 AM,280,193,87
12/06/2012 09:00:00 AM,143,83,60
12/06/2012 10:00:00 AM,57,37,20
12/06/2012 11:00:00 AM,34,22,12
12/06/2012 12:00:00 PM,47,27,20
12/06/2012 01:00:00 PM,40,16,24
12/06/2012 02:00:00 PM,44,21,23
12/06/2012 03:00:00 PM,73,36,37
12/06/2012 04:00:00 PM,177,62,115
12/06/2012 05:00:00 PM,285,97,188
12/06/2012 06:00:00 PM,170,62,108
12/06/2012 07:00:00 PM,92,32,60
12/06/2012 08:00:00 PM,44,12,32
12/06/2012 09:00:00 PM,40,19,21
12/06/2012 10:00:00 PM,26,10,16
12/06/2012 11:00:00 PM,12,8,4
12/07/2012 12:00:00 AM,9,3,6
12/07/2012 01:00:00 AM,8,1,7
12/07/2012 02:00:00 AM,0,0,0
12/07/2012 03:00:00 AM,1,0,1
12/07/2012 04:00:00 AM,7,4,3
12/07/2012 05:00:00 AM,15,10,5
12/07/2012 06:00:00 AM,80,51,29
12/07/2012 07:00:00 AM,162,122,40
12/07/2012 08:00:00 AM,255,185,70
12/07/2012 09:00:00 AM,149,96,53
12/07/2012 10:00:00 AM,81,40,41
12/07/2012 11:00:00 AM,43,25,18
12/07/2012 12:00:00 PM,45,22,23
12/07/2012 01:00:00 PM,46,21,25
12/07/2012 02:00:00 PM,51,20,31
12/07/2012 03:00:00 PM,69,33,36
12/07/2012 04:00:00 PM,171,60,111
12/07/2012 05:00:00 PM,263,81,182
12/07/2012 06:00:00 PM,164,56,108
12/07/2012 07:00:00 PM,74,27,47
12/07/2012 08:00:00 PM,38,9,29
12/07/2012 09:00:00 PM,28,12,16
12/07/2012 10:00:00 PM,33,18,15
12/07/2012 11:00:00 PM,24,10,14
12/08/2012 12:00:00 AM,17,8,9
12/08/2012 01:00:00 AM,5,3,2
12/08/2012 02:00:00 AM,3,0,3
12/08/2012 03:00:00 AM,1,1,0
12/08/2012 04:00:00 AM,2,2,0
12/08/2012 05:00:00 AM,3,1,2
12/08/2012 06:00:00 AM,12,5,7
12/08/2012 07:00:00 AM,21,10,11
12/08/2012 08:00:00 AM,46,29,17
12/08/2012 09:00:00 AM,52,29,23
12/08/2012 10:00:00 AM,66,51,15
12/08/2012 11:00:00 AM,65,36,29
12/08/2012 12:00:00 PM,67,34,33
12/08/2012 01:00:00 PM,83,58,25
12/08/2012 02:00:00 PM,95,60,35
12/08/2012 03:00:00 PM,87,40,47
12/08/2012 04:00:00 PM,58,24,34
12/08/2012 05:00:00 PM,54,16,38
12/08/2012 06:00:00 PM,34,13,21
12/08/2012 07:00:00 PM,22,12,10
12/08/2012 08:00:00 PM,18,7,11
12/08/2012 09:00:00 PM,27,12,15
12/08/2012 10:00:00 PM,19,13,6
12/08/2012 11:00:00 PM,17,7,10
12/09/2012 12:00:00 AM,6,2,4
12/09/2012 01:00:00 AM,6,3,3
12/09/2012 02:00:00 AM,5,1,4
12/09/2012 03:00:00 AM,8,3,5
12/09/2012 04:00:00 AM,3,2,1
12/09/2012 05:00:00 AM,2,1,1
12/09/2012 06:00:00 AM,8,3,5
12/09/2012 07:00:00 AM,16,6,10
12/09/2012 08:00:00 AM,29,14,15
12/09/2012 09:00:00 AM,22,8,14
12/09/2012 10:00:00 AM,29,14,15
12/09/2012 11:00:00 AM,37,31,6
12/09/2012 12:00:00 PM,39,24,15
12/09/2012 01:00:00 PM,39,24,15
12/09/2012 02:00:00 PM,29,16,13
12/09/2012 03:00:00 PM,33,15,18
12/09/2012 04:00:00 PM,27,10,17
12/09/2012 05:00:00 PM,27,13,14
12/09/2012 06:00:00 PM,20,9,11
12/09/2012 07:00:00 PM,13,7,6
12/09/2012 08:00:00 PM,10,6,4
12/09/2012 09:00:00 PM,9,3,6
12/09/2012 10:00:00 PM,3,2,1
12/09/2012 11:00:00 PM,2,0,2
12/10/2012 12:00:00 AM,6,2,4
12/10/2012 01:00:00 AM,6,4,2
12/10/2012 02:00:00 AM,2,2,0
12/10/2012 03:00:00 AM,1,0,1
12/10/2012 04:00:00 AM,4,2,2
12/10/2012 05:00:00 AM,32,22,10
12/10/2012 06:00:00 AM,94,68,26
12/10/2012 07:00:00 AM,228,134,94
12/10/2012 08:00:00 AM,304,212,92
12/10/2012 09:00:00 AM,151,100,51
12/10/2012 10:00:00 AM,66,41,25
12/10/2012 11:00:00 AM,54,32,22
12/10/2012 12:00:00 PM,53,33,20
12/10/2012 01:00:00 PM,53,25,28
12/10/2012 02:00:00 PM,64,31,33
12/10/2012 03:00:00 PM,84,36,48
12/10/2012 04:00:00 PM,164,75,89
12/10/2012 05:00:00 PM,354,109,245
12/10/2012 06:00:00 PM,216,55,161
12/10/2012 07:00:00 PM,90,32,58
12/10/2012 08:00:00 PM,60,25,35
12/10/2012 09:00:00 PM,42,11,31
12/10/2012 10:00:00 PM,20,10,10
12/10/2012 11:00:00 PM,14,9,5
12/11/2012 12:00:00 AM,12,4,8
12/11/2012 01:00:00 AM,2,1,1
12/11/2012 02:00:00 AM,3,3,0
12/11/2012 03:00:00 AM,4,1,3
12/11/2012 04:00:00 AM,8,5,3
12/11/2012 05:00:00 AM,25,19,6
12/11/2012 06:00:00 AM,90,60,30
12/11/2012 07:00:00 AM,208,158,50
12/11/2012 08:00:00 AM,299,201,98
12/11/2012 09:00:00 AM,154,108,46
12/11/2012 10:00:00 AM,57,32,25
12/11/2012 11:00:00 AM,34,20,14
12/11/2012 12:00:00 PM,34,19,15
12/11/2012 01:00:00 PM,53,27,26
12/11/2012 02:00:00 PM,58,32,26
12/11/2012 03:00:00 PM,75,35,40
12/11/2012 04:00:00 PM,136,61,75
12/11/2012 05:00:00 PM,313,81,232
12/11/2012 06:00:00 PM,187,54,133
12/11/2012 07:00:00 PM,75,20,55
12/11/2012 08:00:00 PM,54,26,28
12/11/2012 09:00:00 PM,34,11,23
12/11/2012 10:00:00 PM,20,11,9
12/11/2012 11:00:00 PM,10,5,5
12/12/2012 12:00:00 AM,9,2,7
12/12/2012 01:00:00 AM,5,4,1
12/12/2012 02:00:00 AM,1,1,0
12/12/2012 03:00:00 AM,3,2,1
12/12/2012 04:00:00 AM,5,3,2
12/12/2012 05:00:00 AM,22,18,4
12/12/2012 06:00:00 AM,84,56,28
12/12/2012 07:00:00 AM,160,116,44
12/12/2012 08:00:00 AM,281,207,74
12/12/2012 09:00:00 AM,140,80,60
12/12/2012 10:00:00 AM,50,38,12
12/12/2012 11:00:00 AM,20,9,11
12/12/2012 12:00:00 PM,39,24,15
12/12/2012 01:00:00 PM,38,22,16
12/12/2012 02:00:00 PM,72,39,33
12/12/2012 03:00:00 PM,77,29,48
12/12/2012 04:00:00 PM,138,54,84
12/12/2012 05:00:00 PM,295,85,210
12/12/2012 06:00:00 PM,187,50,137
12/12/2012 07:00:00 PM,81,30,51
12/12/2012 08:00:00 PM,59,19,40
12/12/2012 09:00:00 PM,37,10,27
12/12/2012 10:00:00 PM,33,14,19
12/12/2012 11:00:00 PM,12,7,5
12/13/2012 12:00:00 AM,6,3,3
12/13/2012 01:00:00 AM,4,1,3
12/13/2012 02:00:00 AM,7,2,5
12/13/2012 03:00:00 AM,2,1,1
12/13/2012 04:00:00 AM,5,2,3
12/13/2012 05:00:00 AM,23,17,6
12/13/2012 06:00:00 AM,100,73,27
12/13/2012 07:00:00 AM,175,129,46
12/13/2012 08:00:00 AM,284,188,96
12/13/2012 09:00:00 AM,154,106,48
12/13/2012 10:00:00 AM,71,47,24
12/13/2012 11:00:00 AM,60,31,29
12/13/2012 12:00:00 PM,72,48,24
12/13/2012 01:00:00 PM,58,30,28
12/13/2012 02:00:00 PM,59,27,32
12/13/2012 03:00:00 PM,95,49,46
12/13/2012 04:00:00 PM,171,69,102
12/13/2012 05:00:00 PM,280,74,206
12/13/2012 06:00:00 PM,155,58,97
12/13/2012 07:00:00 PM,107,35,72
12/13/2012 08:00:00 PM,60,31,29
12/13/2012 09:00:00 PM,30,8,22
12/13/2012 10:00:00 PM,20,12,8
12/13/2012 11:00:00 PM,15,6,9
12/14/2012 12:00:00 AM,8,4,4
12/14/2012 01:00:00 AM,3,1,2
12/14/2012 02:00:00 AM,1,0,1
12/14/2012 03:00:00 AM,3,1,2
12/14/2012 04:00:00 AM,5,2,3
12/14/2012 05:00:00 AM,11,6,5
12/14/2012 06:00:00 AM,64,45,19
12/14/2012 07:00:00 AM,149,112,37
12/14/2012 08:00:00 AM,214,149,65
12/14/2012 09:00:00 AM,150,102,48
12/14/2012 10:00:00 AM,53,33,20
12/14/2012 11:00:00 AM,54,33,21
12/14/2012 12:00:00 PM,56,35,21
12/14/2012 01:00:00 PM,66,42,24
12/14/2012 02:00:00 PM,67,37,30
12/14/2012 03:00:00 PM,116,61,55
12/14/2012 04:00:00 PM,165,61,104
12/14/2012 05:00:00 PM,229,66,163
12/14/2012 06:00:00 PM,138,41,97
12/14/2012 07:00:00 PM,77,31,46
12/14/2012 08:00:00 PM,29,13,16
12/14/2012 09:00:00 PM,20,8,12
12/14/2012 10:00:00 PM,14,3,11
12/14/2012 11:00:00 PM,17,8,9
12/15/2012 12:00:00 AM,22,14,8
12/15/2012 01:00:00 AM,6,3,3
12/15/2012 02:00:00 AM,11,6,5
12/15/2012 03:00:00 AM,4,3,1
12/15/2012 04:00:00 AM,3,3,0
12/15/2012 05:00:00 AM,10,7,3
12/15/2012 06:00:00 AM,19,9,10
12/15/2012 07:00:00 AM,17,9,8
12/15/2012 08:00:00 AM,40,22,18
12/15/2012 09:00:00 AM,46,31,15
12/15/2012 10:00:00 AM,42,17,25
12/15/2012 11:00:00 AM,29,19,10
12/15/2012 12:00:00 PM,32,22,10
12/15/2012 01:00:00 PM,16,8,8
12/15/2012 02:00:00 PM,33,18,15
12/15/2012 03:00:00 PM,19,7,12
12/15/2012 04:00:00 PM,22,15,7
12/15/2012 05:00:00 PM,19,9,10
12/15/2012 06:00:00 PM,23,14,9
12/15/2012 07:00:00 PM,15,2,13
12/15/2012 08:00:00 PM,10,5,5
12/15/2012 09:00:00 PM,11,5,6
12/15/2012 10:00:00 PM,6,3,3
12/15/2012 11:00:00 PM,8,7,1
12/16/2012 12:00:00 AM,9,5,4
12/16/2012 01:00:00 AM,4,2,2
12/16/2012 02:00:00 AM,5,2,3
12/16/2012 03:00:00 AM,2,0,2
12/16/2012 04:00:00 AM,2,1,1
12/16/2012 05:00:00 AM,1,0,1
12/16/2012 06:00:00 AM,9,3,6
12/16/2012 07:00:00 AM,12,7,5
12/16/2012 08:00:00 AM,21,11,10
12/16/2012 09:00:00 AM,39,27,12
12/16/2012 10:00:00 AM,39,27,12
12/16/2012 11:00:00 AM,38,24,14
12/16/2012 12:00:00 PM,26,18,8
12/16/2012 01:00:00 PM,25,13,12
12/16/2012 02:00:00 PM,21,12,9
12/16/2012 03:00:00 PM,23,14,9
12/16/2012 04:00:00 PM,19,7,12
12/16/2012 05:00:00 PM,8,3,5
12/16/2012 06:00:00 PM,6,4,2
12/16/2012 07:00:00 PM,12,4,8
12/16/2012 08:00:00 PM,8,5,3
12/16/2012 09:00:00 PM,9,6,3
12/16/2012 10:00:00 PM,11,6,5
12/16/2012 11:00:00 PM,2,1,1
12/17/2012 12:00:00 AM,1,0,1
12/17/2012 01:00:00 AM,1,1,0
12/17/2012 02:00:00 AM,7,2,5
12/17/2012 03:00:00 AM,1,0,1
12/17/2012 04:00:00 AM,4,2,2
12/17/2012 05:00:00 AM,12,9,3
12/17/2012 06:00:00 AM,59,46,13
12/17/2012 07:00:00 AM,123,93,30
12/17/2012 08:00:00 AM,196,134,62
12/17/2012 09:00:00 AM,118,82,36
12/17/2012 10:00:00 AM,53,36,17
12/17/2012 11:00:00 AM,34,21,13
12/17/2012 12:00:00 PM,33,19,14
12/17/2012 01:00:00 PM,42,26,16
12/17/2012 02:00:00 PM,52,16,36
12/17/2012 03:00:00 PM,58,27,31
12/17/2012 04:00:00 PM,131,48,83
12/17/2012 05:00:00 PM,220,68,152
12/17/2012 06:00:00 PM,151,42,109
12/17/2012 07:00:00 PM,85,19,66
12/17/2012 08:00:00 PM,34,16,18
12/17/2012 09:00:00 PM,36,17,19
12/17/2012 10:00:00 PM,26,15,11
12/17/2012 11:00:00 PM,15,8,7
12/18/2012 12:00:00 AM,12,4,8
12/18/2012 01:00:00 AM,9,6,3
12/18/2012 02:00:00 AM,3,2,1
12/18/2012 03:00:00 AM,3,1,2
12/18/2012 04:00:00 AM,6,5,1
12/18/2012 05:00:00 AM,23,14,9
12/18/2012 06:00:00 AM,61,46,15
12/18/2012 07:00:00 AM,162,114,48
12/18/2012 08:00:00 AM,256,160,96
12/18/2012 09:00:00 AM,132,88,44
12/18/2012 10:00:00 AM,47,30,17
12/18/2012 11:00:00 AM,33,16,17
12/18/2012 12:00:00 PM,39,22,17
12/18/2012 01:00:00 PM,51,30,21
12/18/2012 02:00:00 PM,49,33,16
12/18/2012 03:00:00 PM,86,34,52
12/18/2012 04:00:00 PM,101,42,59
12/18/2012 05:00:00 PM,275,82,193
12/18/2012 06:00:00 PM,180,62,118
12/18/2012 07:00:00 PM,76,27,49
12/18/2012 08:00:00 PM,41,16,25
12/18/2012 09:00:00 PM,25,12,13
12/18/2012 10:00:00 PM,24,12,12
12/18/2012 11:00:00 PM,8,4,4
12/19/2012 12:00:00 AM,6,2,4
12/19/2012 01:00:00 AM,5,4,1
12/19/2012 02:00:00 AM,5,3,2
12/19/2012 03:00:00 AM,1,0,1
12/19/2012 04:00:00 AM,6,3,3
12/19/2012 05:00:00 AM,14,11,3
12/19/2012 06:00:00 AM,43,25,18
12/19/2012 07:00:00 AM,98,64,34
12/19/2012 08:00:00 AM,141,89,52
12/19/2012 09:00:00 AM,78,49,29
12/19/2012 10:00:00 AM,37,22,15
12/19/2012 11:00:00 AM,22,12,10
12/19/2012 12:00:00 PM,22,11,11
12/19/2012 01:00:00 PM,29,14,15
12/19/2012 02:00:00 PM,26,16,10
12/19/2012 03:00:00 PM,38,13,25
12/19/2012 04:00:00 PM,76,36,40
12/19/2012 05:00:00 PM,147,47,100
12/19/2012 06:00:00 PM,121,35,86
12/19/2012 07:00:00 PM,53,14,39
12/19/2012 08:00:00 PM,21,10,11
12/19/2012 09:00:00 PM,9,3,6
12/19/2012 10:00:00 PM,16,11,5
12/19/2012 11:00:00 PM,6,2,4
12/20/2012 12:00:00 AM,4,4,0
12/20/2012 01:00:00 AM,1,1,0
12/20/2012 02:00:00 AM,1,1,0
12/20/2012 03:00:00 AM,1,0,1
12/20/2012 04:00:00 AM,5,3,2
12/20/2012 05:00:00 AM,8,5,3
12/20/2012 06:00:00 AM,55,32,23
12/20/2012 07:00:00 AM,103,71,32
12/20/2012 08:00:00 AM,141,85,56
12/20/2012 09:00:00 AM,67,40,27
12/20/2012 10:00:00 AM,27,18,9
12/20/2012 11:00:00 AM,23,10,13
12/20/2012 12:00:00 PM,16,13,3
12/20/2012 01:00:00 PM,24,18,6
12/20/2012 02:00:00 PM,25,13,12
12/20/2012 03:00:00 PM,53,26,27
12/20/2012 04:00:00 PM,83,28,55
12/20/2012 05:00:00 PM,179,65,114
12/20/2012 06:00:00 PM,126,45,81
12/20/2012 07:00:00 PM,49,18,31
12/20/2012 08:00:00 PM,33,6,27
12/20/2012 09:00:00 PM,19,7,12
12/20/2012 10:00:00 PM,22,12,10
12/20/2012 11:00:00 PM,12,5,7
12/21/2012 12:00:00 AM,8,6,2
12/21/2012 01:00:00 AM,2,2,0
12/21/2012 02:00:00 AM,4,3,1
12/21/2012 03:00:00 AM,2,1,1
12/21/2012 04:00:00 AM,6,4,2
12/21/2012 05:00:00 AM,9,6,3
12/21/2012 06:00:00 AM,36,24,12
12/21/2012 07:00:00 AM,103,67,36
12/21/2012 08:00:00 AM,150,99,51
12/21/2012 09:00:00 AM,94,58,36
12/21/2012 10:00:00 AM,34,22,12
12/21/2012 11:00:00 AM,35,22,13
12/21/2012 12:00:00 PM,28,14,14
12/21/2012 01:00:00 PM,38,25,13
12/21/2012 02:00:00 PM,77,35,42
12/21/2012 03:00:00 PM,127,66,61
12/21/2012 04:00:00 PM,111,36,75
12/21/2012 05:00:00 PM,161,49,112
12/21/2012 06:00:00 PM,92,23,69
12/21/2012 07:00:00 PM,38,12,26
12/21/2012 08:00:00 PM,23,5,18
12/21/2012 09:00:00 PM,21,10,11
12/21/2012 10:00:00 PM,17,7,10
12/21/2012 11:00:00 PM,16,9,7
12/22/2012 12:00:00 AM,8,2,6
12/22/2012 01:00:00 AM,6,6,0
12/22/2012 02:00:00 AM,5,4,1
12/22/2012 03:00:00 AM,8,5,3
12/22/2012 04:00:00 AM,3,2,1
12/22/2012 05:00:00 AM,5,5,0
12/22/2012 06:00:00 AM,8,3,5
12/22/2012 07:00:00 AM,20,15,5
12/22/2012 08:00:00 AM,26,13,13
12/22/2012 09:00:00 AM,28,16,12
12/22/2012 10:00:00 AM,32,21,11
12/22/2012 11:00:00 AM,37,19,18
12/22/2012 12:00:00 PM,36,19,17
12/22/2012 01:00:00 PM,56,32,24
12/22/2012 02:00:00 PM,43,25,18
12/22/2012 03:00:00 PM,53,24,29
12/22/2012 04:00:00 PM,33,16,17
12/22/2012 05:00:00 PM,20,8,12
12/22/2012 06:00:00 PM,20,11,9
12/22/2012 07:00:00 PM,18,8,10
12/22/2012 08:00:00 PM,11,2,9
12/22/2012 09:00:00 PM,5,2,3
12/22/2012 10:00:00 PM,7,4,3
12/22/2012 11:00:00 PM,5,1,4
12/23/2012 12:00:00 AM,8,3,5
12/23/2012 01:00:00 AM,7,6,1
12/23/2012 02:00:00 AM,5,3,2
12/23/2012 03:00:00 AM,2,2,0
12/23/2012 04:00:00 AM,4,3,1
12/23/2012 05:00:00 AM,2,2,0
12/23/2012 06:00:00 AM,8,2,6
12/23/2012 07:00:00 AM,15,7,8
12/23/2012 08:00:00 AM,13,6,7
12/23/2012 09:00:00 AM,11,6,5
12/23/2012 10:00:00 AM,23,10,13
12/23/2012 11:00:00 AM,48,32,16
12/23/2012 12:00:00 PM,37,27,10
12/23/2012 01:00:00 PM,49,30,19
12/23/2012 02:00:00 PM,42,26,16
12/23/2012 03:00:00 PM,41,24,17
12/23/2012 04:00:00 PM,33,21,12
12/23/2012 05:00:00 PM,25,13,12
12/23/2012 06:00:00 PM,13,8,5
12/23/2012 07:00:00 PM,10,2,8
12/23/2012 08:00:00 PM,9,3,6
12/23/2012 09:00:00 PM,10,4,6
12/23/2012 10:00:00 PM,15,10,5
12/23/2012 11:00:00 PM,11,3,8
12/24/2012 12:00:00 AM,6,2,4
12/24/2012 01:00:00 AM,2,0,2
12/24/2012 02:00:00 AM,1,0,1
12/24/2012 03:00:00 AM,1,0,1
12/24/2012 04:00:00 AM,4,3,1
12/24/2012 05:00:00 AM,11,10,1
12/24/2012 06:00:00 AM,16,8,8
12/24/2012 07:00:00 AM,37,22,15
12/24/2012 08:00:00 AM,29,18,11
12/24/2012 09:00:00 AM,42,26,16
12/24/2012 10:00:00 AM,36,24,12
12/24/2012 11:00:00 AM,31,20,11
12/24/2012 12:00:00 PM,42,23,19
12/24/2012 01:00:00 PM,57,35,22
12/24/2012 02:00:00 PM,53,25,28
12/24/2012 03:00:00 PM,72,34,38
12/24/2012 04:00:00 PM,54,24,30
12/24/2012 05:00:00 PM,20,8,12
12/24/2012 06:00:00 PM,17,2,15
12/24/2012 07:00:00 PM,18,6,12
12/24/2012 08:00:00 PM,9,4,5
12/24/2012 09:00:00 PM,1,1,0
12/24/2012 10:00:00 PM,9,7,2
12/24/2012 11:00:00 PM,6,2,4
12/25/2012 12:00:00 AM,2,1,1
12/25/2012 01:00:00 AM,2,2,0
12/25/2012 02:00:00 AM,1,1,0
12/25/2012 03:00:00 AM,2,1,1
12/25/2012 04:00:00 AM,1,1,0
12/25/2012 05:00:00 AM,1,1,0
12/25/2012 06:00:00 AM,3,2,1
12/25/2012 07:00:00 AM,4,2,2
12/25/2012 08:00:00 AM,4,3,1
12/25/2012 09:00:00 AM,7,2,5
12/25/2012 10:00:00 AM,6,4,2
12/25/2012 11:00:00 AM,3,0,3
12/25/2012 12:00:00 PM,7,4,3
12/25/2012 01:00:00 PM,11,3,8
12/25/2012 02:00:00 PM,8,4,4
12/25/2012 03:00:00 PM,3,2,1
12/25/2012 04:00:00 PM,7,2,5
12/25/2012 05:00:00 PM,11,6,5
12/25/2012 06:00:00 PM,3,2,1
12/25/2012 07:00:00 PM,2,1,1
12/25/2012 08:00:00 PM,1,1,0
12/25/2012 09:00:00 PM,5,2,3
12/25/2012 10:00:00 PM,3,3,0
12/25/2012 11:00:00 PM,1,0,1
12/26/2012 12:00:00 AM,2,1,1
12/26/2012 01:00:00 AM,0,0,0
12/26/2012 02:00:00 AM,1,1,0
12/26/2012 03:00:00 AM,1,0,1
12/26/2012 04:00:00 AM,4,3,1
12/26/2012 05:00:00 AM,9,7,2
12/26/2012 06:00:00 AM,37,27,10
12/26/2012 07:00:00 AM,69,46,23
12/26/2012 08:00:00 AM,102,65,37
12/26/2012 09:00:00 AM,56,36,20
12/26/2012 10:00:00 AM,33,20,13
12/26/2012 11:00:00 AM,33,25,8
12/26/2012 12:00:00 PM,48,25,23
12/26/2012 01:00:00 PM,34,20,14
12/26/2012 02:00:00 PM,41,24,17
12/26/2012 03:00:00 PM,63,27,36
12/26/2012 04:00:00 PM,73,21,52
12/26/2012 05:00:00 PM,104,38,66
12/26/2012 06:00:00 PM,65,13,52
12/26/2012 07:00:00 PM,20,6,14
12/26/2012 08:00:00 PM,22,10,12
12/26/2012 09:00:00 PM,12,4,8
12/26/2012 10:00:00 PM,11,7,4
12/26/2012 11:00:00 PM,5,4,1
12/27/2012 12:00:00 AM,5,3,2
12/27/2012 01:00:00 AM,2,0,2
12/27/2012 02:00:00 AM,0,0,0
12/27/2012 03:00:00 AM,0,0,0
12/27/2012 04:00:00 AM,8,3,5
12/27/2012 05:00:00 AM,11,6,5
12/27/2012 06:00:00 AM,55,38,17
12/27/2012 07:00:00 AM,95,64,31
12/27/2012 08:00:00 AM,122,80,42
12/27/2012 09:00:00 AM,78,57,21
12/27/2012 10:00:00 AM,53,31,22
12/27/2012 11:00:00 AM,34,25,9
12/27/2012 12:00:00 PM,39,27,12
12/27/2012 01:00:00 PM,42,20,22
12/27/2012 02:00:00 PM,49,23,26
12/27/2012 03:00:00 PM,76,31,45
12/27/2012 04:00:00 PM,114,37,77
12/27/2012 05:00:00 PM,153,48,105
12/27/2012 06:00:00 PM,90,35,55
12/27/2012 07:00:00 PM,65,18,47
12/27/2012 08:00:00 PM,17,7,10
12/27/2012 09:00:00 PM,14,6,8
12/27/2012 10:00:00 PM,18,10,8
12/27/2012 11:00:00 PM,8,4,4
12/28/2012 12:00:00 AM,5,0,5
12/28/2012 01:00:00 AM,1,0,1
12/28/2012 02:00:00 AM,3,0,3
12/28/2012 03:00:00 AM,2,1,1
12/28/2012 04:00:00 AM,4,3,1
12/28/2012 05:00:00 AM,7,5,2
12/28/2012 06:00:00 AM,56,37,19
12/28/2012 07:00:00 AM,71,52,19
12/28/2012 08:00:00 AM,126,77,49
12/28/2012 09:00:00 AM,84,54,30
12/28/2012 10:00:00 AM,45,21,24
12/28/2012 11:00:00 AM,69,42,27
12/28/2012 12:00:00 PM,68,43,25
12/28/2012 01:00:00 PM,81,45,36
12/28/2012 02:00:00 PM,71,35,36
12/28/2012 03:00:00 PM,101,54,47
12/28/2012 04:00:00 PM,129,48,81
12/28/2012 05:00:00 PM,142,46,96
12/28/2012 06:00:00 PM,76,28,48
12/28/2012 07:00:00 PM,29,9,20
12/28/2012 08:00:00 PM,28,7,21
12/28/2012 09:00:00 PM,26,6,20
12/28/2012 10:00:00 PM,24,10,14
12/28/2012 11:00:00 PM,9,8,1
12/29/2012 12:00:00 AM,12,1,11
12/29/2012 01:00:00 AM,5,2,3
12/29/2012 02:00:00 AM,9,7,2
12/29/2012 03:00:00 AM,7,6,1
12/29/2012 04:00:00 AM,7,7,0
12/29/2012 05:00:00 AM,3,2,1
12/29/2012 06:00:00 AM,11,4,7
12/29/2012 07:00:00 AM,23,14,9
12/29/2012 08:00:00 AM,30,14,16
12/29/2012 09:00:00 AM,21,11,10
12/29/2012 10:00:00 AM,23,9,14
12/29/2012 11:00:00 AM,48,27,21
12/29/2012 12:00:00 PM,41,24,17
12/29/2012 01:00:00 PM,26,11,15
12/29/2012 02:00:00 PM,36,18,18
12/29/2012 03:00:00 PM,48,31,17
12/29/2012 04:00:00 PM,37,17,20
12/29/2012 05:00:00 PM,20,10,10
12/29/2012 06:00:00 PM,29,14,15
12/29/2012 07:00:00 PM,18,8,10
12/29/2012 08:00:00 PM,14,5,9
12/29/2012 09:00:00 PM,8,4,4
12/29/2012 10:00:00 PM,8,2,6
12/29/2012 11:00:00 PM,3,1,2
12/30/2012 12:00:00 AM,5,3,2
12/30/2012 01:00:00 AM,2,1,1
12/30/2012 02:00:00 AM,6,3,3
12/30/2012 03:00:00 AM,1,1,0
12/30/2012 04:00:00 AM,5,3,2
12/30/2012 05:00:00 AM,1,1,0
12/30/2012 06:00:00 AM,5,2,3
12/30/2012 07:00:00 AM,10,4,6
12/30/2012 08:00:00 AM,29,19,10
12/30/2012 09:00:00 AM,41,31,10
12/30/2012 10:00:00 AM,72,57,15
12/30/2012 11:00:00 AM,47,24,23
12/30/2012 12:00:00 PM,72,40,32
12/30/2012 01:00:00 PM,100,41,59
12/30/2012 02:00:00 PM,77,43,34
12/30/2012 03:00:00 PM,61,28,33
12/30/2012 04:00:00 PM,58,26,32
12/30/2012 05:00:00 PM,36,16,20
12/30/2012 06:00:00 PM,13,8,5
12/30/2012 07:00:00 PM,17,6,11
12/30/2012 08:00:00 PM,14,6,8
12/30/2012 09:00:00 PM,7,2,5
12/30/2012 10:00:00 PM,11,9,2
12/30/2012 11:00:00 PM,5,1,4
12/31/2012 12:00:00 AM,1,1,0
12/31/2012 01:00:00 AM,6,3,3
12/31/2012 02:00:00 AM,5,3,2
12/31/2012 03:00:00 AM,1,0,1
12/31/2012 04:00:00 AM,5,5,0
12/31/2012 05:00:00 AM,9,7,2
12/31/2012 06:00:00 AM,42,26,16
12/31/2012 07:00:00 AM,64,48,16
12/31/2012 08:00:00 AM,89,61,28
12/31/2012 09:00:00 AM,70,38,32
12/31/2012 10:00:00 AM,39,20,19
12/31/2012 11:00:00 AM,36,21,15
12/31/2012 12:00:00 PM,55,40,15
12/31/2012 01:00:00 PM,48,27,21
12/31/2012 02:00:00 PM,86,50,36
12/31/2012 03:00:00 PM,81,38,43
12/31/2012 04:00:00 PM,138,60,78
12/31/2012 05:00:00 PM,92,41,51
12/31/2012 06:00:00 PM,41,14,27
12/31/2012 07:00:00 PM,28,20,8
12/31/2012 08:00:00 PM,21,6,15
12/31/2012 09:00:00 PM,6,5,1
12/31/2012 10:00:00 PM,11,5,6
12/31/2012 11:00:00 PM,12,7,5
01/01/2013 12:00:00 AM,7,2,5
01/01/2013 01:00:00 AM,21,9,12
01/01/2013 02:00:00 AM,16,8,8
01/01/2013 03:00:00 AM,6,2,4
01/01/2013 04:00:00 AM,4,2,2
01/01/2013 05:00:00 AM,3,1,2
01/01/2013 06:00:00 AM,7,6,1
01/01/2013 07:00:00 AM,3,1,2
01/01/2013 08:00:00 AM,11,7,4
01/01/2013 09:00:00 AM,14,9,5
01/01/2013 10:00:00 AM,46,11,35
01/01/2013 11:00:00 AM,62,33,29
01/01/2013 12:00:00 PM,77,44,33
01/01/2013 01:00:00 PM,112,48,64
01/01/2013 02:00:00 PM,75,43,32
01/01/2013 03:00:00 PM,78,46,32
01/01/2013 04:00:00 PM,57,33,24
01/01/2013 05:00:00 PM,30,18,12
01/01/2013 06:00:00 PM,14,6,8
01/01/2013 07:00:00 PM,12,8,4
01/01/2013 08:00:00 PM,7,2,5
01/01/2013 09:00:00 PM,5,2,3
01/01/2013 10:00:00 PM,5,1,4
01/01/2013 11:00:00 PM,6,2,4
01/02/2013 12:00:00 AM,1,0,1
01/02/2013 01:00:00 AM,1,1,0
01/02/2013 02:00:00 AM,2,1,1
01/02/2013 03:00:00 AM,1,0,1
01/02/2013 04:00:00 AM,5,3,2
01/02/2013 05:00:00 AM,21,13,8
01/02/2013 06:00:00 AM,86,54,32
01/02/2013 07:00:00 AM,157,115,42
01/02/2013 08:00:00 AM,230,162,68
01/02/2013 09:00:00 AM,144,96,48
01/02/2013 10:00:00 AM,63,41,22
01/02/2013 11:00:00 AM,51,32,19
01/02/2013 12:00:00 PM,65,36,29
01/02/2013 01:00:00 PM,45,23,22
01/02/2013 02:00:00 PM,70,35,35
01/02/2013 03:00:00 PM,104,56,48
01/02/2013 04:00:00 PM,164,63,101
01/02/2013 05:00:00 PM,299,78,221
01/02/2013 06:00:00 PM,171,44,127
01/02/2013 07:00:00 PM,72,24,48
01/02/2013 08:00:00 PM,45,15,30
01/02/2013 09:00:00 PM,21,3,18
01/02/2013 10:00:00 PM,11,5,6
01/02/2013 11:00:00 PM,6,4,2
01/03/2013 12:00:00 AM,10,5,5
01/03/2013 01:00:00 AM,3,2,1
01/03/2013 02:00:00 AM,3,2,1
01/03/2013 03:00:00 AM,1,0,1
01/03/2013 04:00:00 AM,6,5,1
01/03/2013 05:00:00 AM,20,11,9
01/03/2013 06:00:00 AM,69,47,22
01/03/2013 07:00:00 AM,149,108,41
01/03/2013 08:00:00 AM,228,159,69
01/03/2013 09:00:00 AM,138,84,54
01/03/2013 10:00:00 AM,70,50,20
01/03/2013 11:00:00 AM,56,29,27
01/03/2013 12:00:00 PM,57,33,24
01/03/2013 01:00:00 PM,59,26,33
01/03/2013 02:00:00 PM,103,46,57
01/03/2013 03:00:00 PM,104,44,60
01/03/2013 04:00:00 PM,151,55,96
01/03/2013 05:00:00 PM,252,76,176
01/03/2013 06:00:00 PM,175,53,122
01/03/2013 07:00:00 PM,69,24,45
01/03/2013 08:00:00 PM,41,12,29
01/03/2013 09:00:00 PM,16,6,10
01/03/2013 10:00:00 PM,14,8,6
01/03/2013 11:00:00 PM,9,5,4
01/04/2013 12:00:00 AM,7,4,3
01/04/2013 01:00:00 AM,2,1,1
01/04/2013 02:00:00 AM,2,1,1
01/04/2013 03:00:00 AM,2,1,1
01/04/2013 04:00:00 AM,5,2,3
01/04/2013 05:00:00 AM,13,9,4
01/04/2013 06:00:00 AM,63,43,20
01/04/2013 07:00:00 AM,138,98,40
01/04/2013 08:00:00 AM,229,155,74
01/04/2013 09:00:00 AM,125,85,40
01/04/2013 10:00:00 AM,55,30,25
01/04/2013 11:00:00 AM,56,33,23
01/04/2013 12:00:00 PM,45,15,30
01/04/2013 01:00:00 PM,63,32,31
01/04/2013 02:00:00 PM,79,45,34
01/04/2013 03:00:00 PM,89,39,50
01/04/2013 04:00:00 PM,158,58,100
01/04/2013 05:00:00 PM,245,74,171
01/04/2013 06:00:00 PM,156,48,108
01/04/2013 07:00:00 PM,79,21,58
01/04/2013 08:00:00 PM,45,15,30
01/04/2013 09:00:00 PM,28,14,14
01/04/2013 10:00:00 PM,12,4,8
01/04/2013 11:00:00 PM,16,9,7
01/05/2013 12:00:00 AM,10,3,7
01/05/2013 01:00:00 AM,1,1,0
01/05/2013 02:00:00 AM,2,2,0
01/05/2013 03:00:00 AM,2,2,0
01/05/2013 04:00:00 AM,3,1,2
01/05/2013 05:00:00 AM,8,4,4
01/05/2013 06:00:00 AM,19,11,8
01/05/2013 07:00:00 AM,13,5,8
01/05/2013 08:00:00 AM,59,32,27
01/05/2013 09:00:00 AM,34,18,16
01/05/2013 10:00:00 AM,44,28,16
01/05/2013 11:00:00 AM,51,29,22
01/05/2013 12:00:00 PM,53,34,19
01/05/2013 01:00:00 PM,73,43,30
01/05/2013 02:00:00 PM,73,44,29
01/05/2013 03:00:00 PM,84,44,40
01/05/2013 04:00:00 PM,59,33,26
01/05/2013 05:00:00 PM,41,26,15
01/05/2013 06:00:00 PM,26,13,13
01/05/2013 07:00:00 PM,16,7,9
01/05/2013 08:00:00 PM,26,12,14
01/05/2013 09:00:00 PM,7,6,1
01/05/2013 10:00:00 PM,8,3,5
01/05/2013 11:00:00 PM,7,2,5
01/06/2013 12:00:00 AM,11,5,6
01/06/2013 01:00:00 AM,9,4,5
01/06/2013 02:00:00 AM,7,4,3
01/06/2013 03:00:00 AM,1,1,0
01/06/2013 04:00:00 AM,3,2,1
01/06/2013 05:00:00 AM,4,2,2
01/06/2013 06:00:00 AM,9,7,2
01/06/2013 07:00:00 AM,13,6,7
01/06/2013 08:00:00 AM,37,23,14
01/06/2013 09:00:00 AM,43,25,18
01/06/2013 10:00:00 AM,59,44,15
01/06/2013 11:00:00 AM,105,62,43
01/06/2013 12:00:00 PM,75,41,34
01/06/2013 01:00:00 PM,96,52,44
01/06/2013 02:00:00 PM,45,22,23
01/06/2013 03:00:00 PM,42,28,14
01/06/2013 04:00:00 PM,32,17,15
01/06/2013 05:00:00 PM,35,16,19
01/06/2013 06:00:00 PM,31,9,22
01/06/2013 07:00:00 PM,15,8,7
01/06/2013 08:00:00 PM,14,8,6
01/06/2013 09:00:00 PM,12,6,6
01/06/2013 10:00:00 PM,6,0,6
01/06/2013 11:00:00 PM,2,0,2
01/07/2013 12:00:00 AM,3,2,1
01/07/2013 01:00:00 AM,3,1,2
01/07/2013 02:00:00 AM,0,0,0
01/07/2013 03:00:00 AM,0,0,0
01/07/2013 04:00:00 AM,4,3,1
01/07/2013 05:00:00 AM,23,15,8
01/07/2013 06:00:00 AM,88,59,29
01/07/2013 07:00:00 AM,188,133,55
01/07/2013 08:00:00 AM,281,204,77
01/07/2013 09:00:00 AM,150,100,50
01/07/2013 10:00:00 AM,49,24,25
01/07/2013 11:00:00 AM,41,25,16
01/07/2013 12:00:00 PM,33,12,21
01/07/2013 01:00:00 PM,42,22,20
01/07/2013 02:00:00 PM,41,22,19
01/07/2013 03:00:00 PM,84,32,52
01/07/2013 04:00:00 PM,149,68,81
01/07/2013 05:00:00 PM,313,105,208
01/07/2013 06:00:00 PM,215,62,153
01/07/2013 07:00:00 PM,89,41,48
01/07/2013 08:00:00 PM,44,17,27
01/07/2013 09:00:00 PM,23,11,12
01/07/2013 10:00:00 PM,22,9,13
01/07/2013 11:00:00 PM,8,1,7
01/08/2013 12:00:00 AM,10,6,4
01/08/2013 01:00:00 AM,2,2,0
01/08/2013 02:00:00 AM,2,1,1
01/08/2013 03:00:00 AM,2,1,1
01/08/2013 04:00:00 AM,6,4,2
01/08/2013 05:00:00 AM,25,15,10
01/08/2013 06:00:00 AM,81,53,28
01/08/2013 07:00:00 AM,200,141,59
01/08/2013 08:00:00 AM,252,175,77
01/08/2013 09:00:00 AM,108,58,50
01/08/2013 10:00:00 AM,32,23,9
01/08/2013 11:00:00 AM,30,14,16
01/08/2013 12:00:00 PM,27,17,10
01/08/2013 01:00:00 PM,30,17,13
01/08/2013 02:00:00 PM,29,11,18
01/08/2013 03:00:00 PM,57,24,33
01/08/2013 04:00:00 PM,116,47,69
01/08/2013 05:00:00 PM,269,75,194
01/08/2013 06:00:00 PM,189,56,133
01/08/2013 07:00:00 PM,48,17,31
01/08/2013 08:00:00 PM,28,6,22
01/08/2013 09:00:00 PM,15,8,7
01/08/2013 10:00:00 PM,14,8,6
01/08/2013 11:00:00 PM,6,2,4
01/09/2013 12:00:00 AM,3,1,2
01/09/2013 01:00:00 AM,0,0,0
01/09/2013 02:00:00 AM,1,1,0
01/09/2013 03:00:00 AM,2,1,1
01/09/2013 04:00:00 AM,5,3,2
01/09/2013 05:00:00 AM,13,11,2
01/09/2013 06:00:00 AM,63,44,19
01/09/2013 07:00:00 AM,105,76,29
01/09/2013 08:00:00 AM,187,138,49
01/09/2013 09:00:00 AM,103,63,40
01/09/2013 10:00:00 AM,40,28,12
01/09/2013 11:00:00 AM,24,14,10
01/09/2013 12:00:00 PM,32,17,15
01/09/2013 01:00:00 PM,27,19,8
01/09/2013 02:00:00 PM,38,22,16
01/09/2013 03:00:00 PM,58,27,31
01/09/2013 04:00:00 PM,120,51,69
01/09/2013 05:00:00 PM,216,74,142
01/09/2013 06:00:00 PM,155,48,107
01/09/2013 07:00:00 PM,74,22,52
01/09/2013 08:00:00 PM,41,15,26
01/09/2013 09:00:00 PM,17,7,10
01/09/2013 10:00:00 PM,13,10,3
01/09/2013 11:00:00 PM,10,5,5
01/10/2013 12:00:00 AM,6,2,4
01/10/2013 01:00:00 AM,5,4,1
01/10/2013 02:00:00 AM,1,1,0
01/10/2013 03:00:00 AM,0,0,0
01/10/2013 04:00:00 AM,7,5,2
01/10/2013 05:00:00 AM,12,10,2
01/10/2013 06:00:00 AM,85,59,26
01/10/2013 07:00:00 AM,163,111,52
01/10/2013 08:00:00 AM,273,192,81
01/10/2013 09:00:00 AM,159,102,57
01/10/2013 10:00:00 AM,42,26,16
01/10/2013 11:00:00 AM,46,23,23
01/10/2013 12:00:00 PM,45,26,19
01/10/2013 01:00:00 PM,38,23,15
01/10/2013 02:00:00 PM,46,21,25
01/10/2013 03:00:00 PM,62,28,34
01/10/2013 04:00:00 PM,136,55,81
01/10/2013 05:00:00 PM,278,98,180
01/10/2013 06:00:00 PM,206,68,138
01/10/2013 07:00:00 PM,83,31,52
01/10/2013 08:00:00 PM,44,15,29
01/10/2013 09:00:00 PM,28,8,20
01/10/2013 10:00:00 PM,26,14,12
01/10/2013 11:00:00 PM,19,13,6
01/11/2013 12:00:00 AM,14,7,7
01/11/2013 01:00:00 AM,12,8,4
01/11/2013 02:00:00 AM,2,2,0
01/11/2013 03:00:00 AM,0,0,0
01/11/2013 04:00:00 AM,7,5,2
01/11/2013 05:00:00 AM,11,6,5
01/11/2013 06:00:00 AM,54,37,17
01/11/2013 07:00:00 AM,113,77,36
01/11/2013 08:00:00 AM,214,151,63
01/11/2013 09:00:00 AM,138,88,50
01/11/2013 10:00:00 AM,52,31,21
01/11/2013 11:00:00 AM,48,31,17
01/11/2013 12:00:00 PM,62,27,35
01/11/2013 01:00:00 PM,54,31,23
01/11/2013 02:00:00 PM,51,32,19
01/11/2013 03:00:00 PM,91,42,49
01/11/2013 04:00:00 PM,148,62,86
01/11/2013 05:00:00 PM,206,67,139
01/11/2013 06:00:00 PM,144,42,102
01/11/2013 07:00:00 PM,65,20,45
01/11/2013 08:00:00 PM,26,10,16
01/11/2013 09:00:00 PM,17,10,7
01/11/2013 10:00:00 PM,31,14,17
01/11/2013 11:00:00 PM,10,4,6
01/12/2013 12:00:00 AM,5,1,4
01/12/2013 01:00:00 AM,5,2,3
01/12/2013 02:00:00 AM,3,1,2
01/12/2013 03:00:00 AM,1,1,0
01/12/2013 04:00:00 AM,4,1,3
01/12/2013 05:00:00 AM,5,3,2
01/12/2013 06:00:00 AM,9,5,4
01/12/2013 07:00:00 AM,12,6,6
01/12/2013 08:00:00 AM,25,13,12
01/12/2013 09:00:00 AM,35,19,16
01/12/2013 10:00:00 AM,35,16,19
01/12/2013 11:00:00 AM,54,29,25
01/12/2013 12:00:00 PM,42,27,15
01/12/2013 01:00:00 PM,80,37,43
01/12/2013 02:00:00 PM,78,41,37
01/12/2013 03:00:00 PM,80,42,38
01/12/2013 04:00:00 PM,59,20,39
01/12/2013 05:00:00 PM,40,28,12
01/12/2013 06:00:00 PM,32,16,16
01/12/2013 07:00:00 PM,25,10,15
01/12/2013 08:00:00 PM,13,4,9
01/12/2013 09:00:00 PM,6,3,3
01/12/2013 10:00:00 PM,14,8,6
01/12/2013 11:00:00 PM,15,8,7
01/13/2013 12:00:00 AM,8,6,2
01/13/2013 01:00:00 AM,6,4,2
01/13/2013 02:00:00 AM,7,4,3
01/13/2013 03:00:00 AM,0,0,0
01/13/2013 04:00:00 AM,1,1,0
01/13/2013 05:00:00 AM,2,0,2
01/13/2013 06:00:00 AM,6,1,5
01/13/2013 07:00:00 AM,12,8,4
01/13/2013 08:00:00 AM,18,8,10
01/13/2013 09:00:00 AM,23,17,6
01/13/2013 10:00:00 AM,39,27,12
01/13/2013 11:00:00 AM,32,13,19
01/13/2013 12:00:00 PM,46,32,14
01/13/2013 01:00:00 PM,59,38,21
01/13/2013 02:00:00 PM,77,40,37
01/13/2013 03:00:00 PM,71,47,24
01/13/2013 04:00:00 PM,48,33,15
01/13/2013 05:00:00 PM,33,18,15
01/13/2013 06:00:00 PM,18,12,6
01/13/2013 07:00:00 PM,16,10,6
01/13/2013 08:00:00 PM,14,6,8
01/13/2013 09:00:00 PM,12,4,8
01/13/2013 10:00:00 PM,4,2,2
01/13/2013 11:00:00 PM,7,4,3
01/14/2013 12:00:00 AM,7,4,3
01/14/2013 01:00:00 AM,2,1,1
01/14/2013 02:00:00 AM,2,2,0
01/14/2013 03:00:00 AM,3,2,1
01/14/2013 04:00:00 AM,5,3,2
01/14/2013 05:00:00 AM,19,13,6
01/14/2013 06:00:00 AM,81,58,23
01/14/2013 07:00:00 AM,152,106,46
01/14/2013 08:00:00 AM,276,187,89
01/14/2013 09:00:00 AM,148,100,48
01/14/2013 10:00:00 AM,57,36,21
01/14/2013 11:00:00 AM,51,25,26
01/14/2013 12:00:00 PM,53,30,23
01/14/2013 01:00:00 PM,41,18,23
01/14/2013 02:00:00 PM,59,34,25
01/14/2013 03:00:00 PM,74,28,46
01/14/2013 04:00:00 PM,146,58,88
01/14/2013 05:00:00 PM,283,87,196
01/14/2013 06:00:00 PM,209,60,149
01/14/2013 07:00:00 PM,91,30,61
01/14/2013 08:00:00 PM,53,26,27
01/14/2013 09:00:00 PM,26,12,14
01/14/2013 10:00:00 PM,23,11,12
01/14/2013 11:00:00 PM,8,3,5
01/15/2013 12:00:00 AM,12,5,7
01/15/2013 01:00:00 AM,1,0,1
01/15/2013 02:00:00 AM,3,2,1
01/15/2013 03:00:00 AM,3,2,1
01/15/2013 04:00:00 AM,6,6,0
01/15/2013 05:00:00 AM,16,8,8
01/15/2013 06:00:00 AM,67,48,19
01/15/2013 07:00:00 AM,202,150,52
01/15/2013 08:00:00 AM,287,194,93
01/15/2013 09:00:00 AM,171,109,62
01/15/2013 10:00:00 AM,65,43,22
01/15/2013 11:00:00 AM,43,30,13
01/15/2013 12:00:00 PM,50,22,28
01/15/2013 01:00:00 PM,63,30,33
01/15/2013 02:00:00 PM,70,38,32
01/15/2013 03:00:00 PM,106,47,59
01/15/2013 04:00:00 PM,163,61,102
01/15/2013 05:00:00 PM,308,115,193
01/15/2013 06:00:00 PM,230,72,158
01/15/2013 07:00:00 PM,90,35,55
01/15/2013 08:00:00 PM,54,19,35
01/15/2013 09:00:00 PM,33,16,17
01/15/2013 10:00:00 PM,16,7,9
01/15/2013 11:00:00 PM,7,6,1
01/16/2013 12:00:00 AM,6,1,5
01/16/2013 01:00:00 AM,2,2,0
01/16/2013 02:00:00 AM,4,2,2
01/16/2013 03:00:00 AM,4,2,2
01/16/2013 04:00:00 AM,13,8,5
01/16/2013 05:00:00 AM,15,12,3
01/16/2013 06:00:00 AM,75,49,26
01/16/2013 07:00:00 AM,165,119,46
01/16/2013 08:00:00 AM,251,168,83
01/16/2013 09:00:00 AM,154,98,56
01/16/2013 10:00:00 AM,64,33,31
01/16/2013 11:00:00 AM,51,25,26
01/16/2013 12:00:00 PM,50,27,23
01/16/2013 01:00:00 PM,55,26,29
01/16/2013 02:00:00 PM,80,49,31
01/16/2013 03:00:00 PM,95,55,40
01/16/2013 04:00:00 PM,160,60,100
01/16/2013 05:00:00 PM,288,86,202
01/16/2013 06:00:00 PM,206,78,128
01/16/2013 07:00:00 PM,85,21,64
01/16/2013 08:00:00 PM,67,27,40
01/16/2013 09:00:00 PM,24,6,18
01/16/2013 10:00:00 PM,24,10,14
01/16/2013 11:00:00 PM,12,6,6
01/17/2013 12:00:00 AM,3,2,1
01/17/2013 01:00:00 AM,3,1,2
01/17/2013 02:00:00 AM,3,2,1
01/17/2013 03:00:00 AM,2,1,1
01/17/2013 04:00:00 AM,11,7,4
01/17/2013 05:00:00 AM,15,13,2
01/17/2013 06:00:00 AM,72,56,16
01/17/2013 07:00:00 AM,164,120,44
01/17/2013 08:00:00 AM,245,167,78
01/17/2013 09:00:00 AM,134,84,50
01/17/2013 10:00:00 AM,65,33,32
01/17/2013 11:00:00 AM,47,22,25
01/17/2013 12:00:00 PM,45,24,21
01/17/2013 01:00:00 PM,55,23,32
01/17/2013 02:00:00 PM,60,27,33
01/17/2013 03:00:00 PM,71,26,45
01/17/2013 04:00:00 PM,117,53,64
01/17/2013 05:00:00 PM,278,74,204
01/17/2013 06:00:00 PM,197,64,133
01/17/2013 07:00:00 PM,88,37,51
01/17/2013 08:00:00 PM,28,12,16
01/17/2013 09:00:00 PM,30,14,16
01/17/2013 10:00:00 PM,27,10,17
01/17/2013 11:00:00 PM,17,11,6
01/18/2013 12:00:00 AM,10,2,8
01/18/2013 01:00:00 AM,6,1,5
01/18/2013 02:00:00 AM,2,2,0
01/18/2013 03:00:00 AM,2,2,0
01/18/2013 04:00:00 AM,4,2,2
01/18/2013 05:00:00 AM,7,4,3
01/18/2013 06:00:00 AM,52,36,16
01/18/2013 07:00:00 AM,137,91,46
01/18/2013 08:00:00 AM,195,137,58
01/18/2013 09:00:00 AM,139,81,58
01/18/2013 10:00:00 AM,55,40,15
01/18/2013 11:00:00 AM,53,31,22
01/18/2013 12:00:00 PM,49,24,25
01/18/2013 01:00:00 PM,55,25,30
01/18/2013 02:00:00 PM,66,36,30
01/18/2013 03:00:00 PM,66,29,37
01/18/2013 04:00:00 PM,119,57,62
01/18/2013 05:00:00 PM,245,87,158
01/18/2013 06:00:00 PM,157,60,97
01/18/2013 07:00:00 PM,70,23,47
01/18/2013 08:00:00 PM,33,9,24
01/18/2013 09:00:00 PM,21,13,8
01/18/2013 10:00:00 PM,21,9,12
01/18/2013 11:00:00 PM,21,9,12
01/19/2013 12:00:00 AM,14,5,9
01/19/2013 01:00:00 AM,8,2,6
01/19/2013 02:00:00 AM,6,3,3
01/19/2013 03:00:00 AM,2,2,0
01/19/2013 04:00:00 AM,1,1,0
01/19/2013 05:00:00 AM,5,4,1
01/19/2013 06:00:00 AM,10,4,6
01/19/2013 07:00:00 AM,19,13,6
01/19/2013 08:00:00 AM,27,16,11
01/19/2013 09:00:00 AM,37,20,17
01/19/2013 10:00:00 AM,37,22,15
01/19/2013 11:00:00 AM,64,34,30
01/19/2013 12:00:00 PM,68,37,31
01/19/2013 01:00:00 PM,77,42,35
01/19/2013 02:00:00 PM,71,45,26
01/19/2013 03:00:00 PM,79,51,28
01/19/2013 04:00:00 PM,79,53,26
01/19/2013 05:00:00 PM,46,18,28
01/19/2013 06:00:00 PM,26,9,17
01/19/2013 07:00:00 PM,21,12,9
01/19/2013 08:00:00 PM,24,9,15
01/19/2013 09:00:00 PM,15,6,9
01/19/2013 10:00:00 PM,14,9,5
01/19/2013 11:00:00 PM,10,4,6
01/20/2013 12:00:00 AM,11,3,8
01/20/2013 01:00:00 AM,11,5,6
01/20/2013 02:00:00 AM,7,5,2
01/20/2013 03:00:00 AM,0,0,0
01/20/2013 04:00:00 AM,5,1,4
01/20/2013 05:00:00 AM,1,1,0
01/20/2013 06:00:00 AM,8,3,5
01/20/2013 07:00:00 AM,16,9,7
01/20/2013 08:00:00 AM,26,18,8
01/20/2013 09:00:00 AM,31,15,16
01/20/2013 10:00:00 AM,40,24,16
01/20/2013 11:00:00 AM,61,33,28
01/20/2013 12:00:00 PM,74,50,24
01/20/2013 01:00:00 PM,79,52,27
01/20/2013 02:00:00 PM,92,60,32
01/20/2013 03:00:00 PM,95,54,41
01/20/2013 04:00:00 PM,87,47,40
01/20/2013 05:00:00 PM,50,24,26
01/20/2013 06:00:00 PM,22,11,11
01/20/2013 07:00:00 PM,24,15,9
01/20/2013 08:00:00 PM,18,12,6
01/20/2013 09:00:00 PM,10,4,6
01/20/2013 10:00:00 PM,17,11,6
01/20/2013 11:00:00 PM,16,10,6
01/21/2013 12:00:00 AM,7,4,3
01/21/2013 01:00:00 AM,1,1,0
01/21/2013 02:00:00 AM,6,2,4
01/21/2013 03:00:00 AM,2,1,1
01/21/2013 04:00:00 AM,5,4,1
01/21/2013 05:00:00 AM,10,8,2
01/21/2013 06:00:00 AM,32,22,10
01/21/2013 07:00:00 AM,90,56,34
01/21/2013 08:00:00 AM,134,90,44
01/21/2013 09:00:00 AM,102,63,39
01/21/2013 10:00:00 AM,48,27,21
01/21/2013 11:00:00 AM,38,23,15
01/21/2013 12:00:00 PM,65,36,29
01/21/2013 01:00:00 PM,48,31,17
01/21/2013 02:00:00 PM,64,29,35
01/21/2013 03:00:00 PM,57,41,16
01/21/2013 04:00:00 PM,113,50,63
01/21/2013 05:00:00 PM,162,51,111
01/21/2013 06:00:00 PM,120,39,81
01/21/2013 07:00:00 PM,71,27,44
01/21/2013 08:00:00 PM,34,13,21
01/21/2013 09:00:00 PM,21,9,12
01/21/2013 10:00:00 PM,27,10,17
01/21/2013 11:00:00 PM,19,7,12
01/22/2013 12:00:00 AM,6,4,2
01/22/2013 01:00:00 AM,2,0,2
01/22/2013 02:00:00 AM,4,1,3
01/22/2013 03:00:00 AM,1,0,1
01/22/2013 04:00:00 AM,5,4,1
01/22/2013 05:00:00 AM,20,15,5
01/22/2013 06:00:00 AM,84,63,21
01/22/2013 07:00:00 AM,195,144,51
01/22/2013 08:00:00 AM,261,171,90
01/22/2013 09:00:00 AM,147,84,63
01/22/2013 10:00:00 AM,62,40,22
01/22/2013 11:00:00 AM,52,31,21
01/22/2013 12:00:00 PM,49,27,22
01/22/2013 01:00:00 PM,59,26,33
01/22/2013 02:00:00 PM,62,26,36
01/22/2013 03:00:00 PM,95,37,58
01/22/2013 04:00:00 PM,146,72,74
01/22/2013 05:00:00 PM,317,100,217
01/22/2013 06:00:00 PM,217,62,155
01/22/2013 07:00:00 PM,82,31,51
01/22/2013 08:00:00 PM,38,16,22
01/22/2013 09:00:00 PM,29,17,12
01/22/2013 10:00:00 PM,19,6,13
01/22/2013 11:00:00 PM,13,7,6
01/23/2013 12:00:00 AM,6,3,3
01/23/2013 01:00:00 AM,3,3,0
01/23/2013 02:00:00 AM,3,2,1
01/23/2013 03:00:00 AM,2,1,1
01/23/2013 04:00:00 AM,10,7,3
01/23/2013 05:00:00 AM,29,23,6
01/23/2013 06:00:00 AM,84,63,21
01/23/2013 07:00:00 AM,190,122,68
01/23/2013 08:00:00 AM,281,193,88
01/23/2013 09:00:00 AM,160,101,59
01/23/2013 10:00:00 AM,56,38,18
01/23/2013 11:00:00 AM,27,13,14
01/23/2013 12:00:00 PM,27,15,12
01/23/2013 01:00:00 PM,35,17,18
01/23/2013 02:00:00 PM,38,23,15
01/23/2013 03:00:00 PM,55,24,31
01/23/2013 04:00:00 PM,112,44,68
01/23/2013 05:00:00 PM,286,81,205
01/23/2013 06:00:00 PM,183,58,125
01/23/2013 07:00:00 PM,75,23,52
01/23/2013 08:00:00 PM,57,22,35
01/23/2013 09:00:00 PM,18,6,12
01/23/2013 10:00:00 PM,18,9,9
01/23/2013 11:00:00 PM,12,5,7
01/24/2013 12:00:00 AM,5,4,1
01/24/2013 01:00:00 AM,4,3,1
01/24/2013 02:00:00 AM,3,2,1
01/24/2013 03:00:00 AM,3,2,1
01/24/2013 04:00:00 AM,7,6,1
01/24/2013 05:00:00 AM,18,12,6
01/24/2013 06:00:00 AM,98,72,26
01/24/2013 07:00:00 AM,173,128,45
01/24/2013 08:00:00 AM,268,179,89
01/24/2013 09:00:00 AM,163,101,62
01/24/2013 10:00:00 AM,72,39,33
01/24/2013 11:00:00 AM,57,28,29
01/24/2013 12:00:00 PM,68,43,25
01/24/2013 01:00:00 PM,54,23,31
01/24/2013 02:00:00 PM,66,36,30
01/24/2013 03:00:00 PM,92,46,46
01/24/2013 04:00:00 PM,125,45,80
01/24/2013 05:00:00 PM,283,85,198
01/24/2013 06:00:00 PM,190,67,123
01/24/2013 07:00:00 PM,93,40,53
01/24/2013 08:00:00 PM,54,17,37
01/24/2013 09:00:00 PM,26,12,14
01/24/2013 10:00:00 PM,20,6,14
01/24/2013 11:00:00 PM,13,7,6
01/25/2013 12:00:00 AM,6,3,3
01/25/2013 01:00:00 AM,3,3,0
01/25/2013 02:00:00 AM,4,2,2
01/25/2013 03:00:00 AM,0,0,0
01/25/2013 04:00:00 AM,5,5,0
01/25/2013 05:00:00 AM,18,12,6
01/25/2013 06:00:00 AM,89,58,31
01/25/2013 07:00:00 AM,144,99,45
01/25/2013 08:00:00 AM,248,164,84
01/25/2013 09:00:00 AM,135,82,53
01/25/2013 10:00:00 AM,54,34,20
01/25/2013 11:00:00 AM,37,21,16
01/25/2013 12:00:00 PM,54,34,20
01/25/2013 01:00:00 PM,53,23,30
01/25/2013 02:00:00 PM,62,26,36
01/25/2013 03:00:00 PM,112,48,64
01/25/2013 04:00:00 PM,194,80,114
01/25/2013 05:00:00 PM,287,95,192
01/25/2013 06:00:00 PM,162,53,109
01/25/2013 07:00:00 PM,67,22,45
01/25/2013 08:00:00 PM,54,20,34
01/25/2013 09:00:00 PM,27,15,12
01/25/2013 10:00:00 PM,22,8,14
01/25/2013 11:00:00 PM,24,18,6
01/26/2013 12:00:00 AM,18,9,9
01/26/2013 01:00:00 AM,7,5,2
01/26/2013 02:00:00 AM,8,1,7
01/26/2013 03:00:00 AM,4,4,0
01/26/2013 04:00:00 AM,2,0,2
01/26/2013 05:00:00 AM,7,5,2
01/26/2013 06:00:00 AM,13,5,8
01/26/2013 07:00:00 AM,11,10,1
01/26/2013 08:00:00 AM,19,12,7
01/26/2013 09:00:00 AM,32,15,17
01/26/2013 10:00:00 AM,35,17,18
01/26/2013 11:00:00 AM,46,16,30
01/26/2013 12:00:00 PM,42,20,22
01/26/2013 01:00:00 PM,46,31,15
01/26/2013 02:00:00 PM,34,16,18
01/26/2013 03:00:00 PM,45,23,22
01/26/2013 04:00:00 PM,47,31,16
01/26/2013 05:00:00 PM,30,17,13
01/26/2013 06:00:00 PM,27,13,14
01/26/2013 07:00:00 PM,15,5,10
01/26/2013 08:00:00 PM,17,11,6
01/26/2013 09:00:00 PM,16,6,10
01/26/2013 10:00:00 PM,9,5,4
01/26/2013 11:00:00 PM,14,9,5
01/27/2013 12:00:00 AM,10,3,7
01/27/2013 01:00:00 AM,12,10,2
01/27/2013 02:00:00 AM,2,1,1
01/27/2013 03:00:00 AM,1,0,1
01/27/2013 04:00:00 AM,1,1,0
01/27/2013 05:00:00 AM,2,1,1
01/27/2013 06:00:00 AM,12,3,9
01/27/2013 07:00:00 AM,17,10,7
01/27/2013 08:00:00 AM,27,17,10
01/27/2013 09:00:00 AM,48,27,21
01/27/2013 10:00:00 AM,66,33,33
01/27/2013 11:00:00 AM,69,49,20
01/27/2013 12:00:00 PM,59,39,20
01/27/2013 01:00:00 PM,43,20,23
01/27/2013 02:00:00 PM,59,39,20
01/27/2013 03:00:00 PM,50,26,24
01/27/2013 04:00:00 PM,52,28,24
01/27/2013 05:00:00 PM,26,14,12
01/27/2013 06:00:00 PM,24,12,12
01/27/2013 07:00:00 PM,18,4,14
01/27/2013 08:00:00 PM,14,5,9
01/27/2013 09:00:00 PM,12,7,5
01/27/2013 10:00:00 PM,9,3,6
01/27/2013 11:00:00 PM,10,6,4
01/28/2013 12:00:00 AM,5,5,0
01/28/2013 01:00:00 AM,2,2,0
01/28/2013 02:00:00 AM,2,1,1
01/28/2013 03:00:00 AM,1,0,1
01/28/2013 04:00:00 AM,3,2,1
01/28/2013 05:00:00 AM,20,17,3
01/28/2013 06:00:00 AM,97,71,26
01/28/2013 07:00:00 AM,177,136,41
01/28/2013 08:00:00 AM,268,181,87
01/28/2013 09:00:00 AM,137,84,53
01/28/2013 10:00:00 AM,44,26,18
01/28/2013 11:00:00 AM,44,25,19
01/28/2013 12:00:00 PM,38,19,19
01/28/2013 01:00:00 PM,34,14,20
01/28/2013 02:00:00 PM,31,13,18
01/28/2013 03:00:00 PM,55,22,33
01/28/2013 04:00:00 PM,151,62,89
01/28/2013 05:00:00 PM,272,80,192
01/28/2013 06:00:00 PM,185,61,124
01/28/2013 07:00:00 PM,70,28,42
01/28/2013 08:00:00 PM,35,10,25
01/28/2013 09:00:00 PM,17,5,12
01/28/2013 10:00:00 PM,15,9,6
01/28/2013 11:00:00 PM,5,4,1
01/29/2013 12:00:00 AM,6,5,1
01/29/2013 01:00:00 AM,2,1,1
01/29/2013 02:00:00 AM,2,2,0
01/29/2013 03:00:00 AM,4,2,2
01/29/2013 04:00:00 AM,8,6,2
01/29/2013 05:00:00 AM,21,16,5
01/29/2013 06:00:00 AM,83,62,21
01/29/2013 07:00:00 AM,189,130,59
01/29/2013 08:00:00 AM,251,175,76
01/29/2013 09:00:00 AM,142,89,53
01/29/2013 10:00:00 AM,48,39,9
01/29/2013 11:00:00 AM,46,33,13
01/29/2013 12:00:00 PM,52,28,24
01/29/2013 01:00:00 PM,41,24,17
01/29/2013 02:00:00 PM,43,22,21
01/29/2013 03:00:00 PM,59,24,35
01/29/2013 04:00:00 PM,133,46,87
01/29/2013 05:00:00 PM,286,88,198
01/29/2013 06:00:00 PM,191,53,138
01/29/2013 07:00:00 PM,88,27,61
01/29/2013 08:00:00 PM,40,17,23
01/29/2013 09:00:00 PM,26,9,17
01/29/2013 10:00:00 PM,18,8,10
01/29/2013 11:00:00 PM,10,4,6
01/30/2013 12:00:00 AM,4,3,1
01/30/2013 01:00:00 AM,0,0,0
01/30/2013 02:00:00 AM,4,4,0
01/30/2013 03:00:00 AM,2,2,0
01/30/2013 04:00:00 AM,11,8,3
01/30/2013 05:00:00 AM,22,15,7
01/30/2013 06:00:00 AM,72,42,30
01/30/2013 07:00:00 AM,174,120,54
01/30/2013 08:00:00 AM,259,186,73
01/30/2013 09:00:00 AM,135,83,52
01/30/2013 10:00:00 AM,56,38,18
01/30/2013 11:00:00 AM,35,22,13
01/30/2013 12:00:00 PM,43,20,23
01/30/2013 01:00:00 PM,31,20,11
01/30/2013 02:00:00 PM,50,24,26
01/30/2013 03:00:00 PM,56,30,26
01/30/2013 04:00:00 PM,127,53,74
01/30/2013 05:00:00 PM,286,84,202
01/30/2013 06:00:00 PM,192,49,143
01/30/2013 07:00:00 PM,87,25,62
01/30/2013 08:00:00 PM,53,23,30
01/30/2013 09:00:00 PM,29,7,22
01/30/2013 10:00:00 PM,17,9,8
01/30/2013 11:00:00 PM,15,6,9
01/31/2013 12:00:00 AM,5,4,1
01/31/2013 01:00:00 AM,3,2,1
01/31/2013 02:00:00 AM,2,2,0
01/31/2013 03:00:00 AM,1,1,0
01/31/2013 04:00:00 AM,7,6,1
01/31/2013 05:00:00 AM,25,14,11
01/31/2013 06:00:00 AM,85,59,26
01/31/2013 07:00:00 AM,177,128,49
01/31/2013 08:00:00 AM,271,184,87
01/31/2013 09:00:00 AM,160,104,56
01/31/2013 10:00:00 AM,39,27,12
01/31/2013 11:00:00 AM,45,28,17
01/31/2013 12:00:00 PM,47,32,15
01/31/2013 01:00:00 PM,54,30,24
01/31/2013 02:00:00 PM,61,32,29
01/31/2013 03:00:00 PM,61,32,29
01/31/2013 04:00:00 PM,141,49,92
01/31/2013 05:00:00 PM,310,95,215
01/31/2013 06:00:00 PM,177,67,110
01/31/2013 07:00:00 PM,114,35,79
01/31/2013 08:00:00 PM,67,15,52
01/31/2013 09:00:00 PM,30,8,22
01/31/2013 10:00:00 PM,24,12,12
01/31/2013 11:00:00 PM,15,8,7
02/01/2013 12:00:00 AM,12,4,8
02/01/2013 01:00:00 AM,4,4,0
02/01/2013 02:00:00 AM,3,3,0
02/01/2013 03:00:00 AM,0,0,0
02/01/2013 04:00:00 AM,6,4,2
02/01/2013 05:00:00 AM,15,12,3
02/01/2013 06:00:00 AM,74,53,21
02/01/2013 07:00:00 AM,195,142,53
02/01/2013 08:00:00 AM,261,189,72
02/01/2013 09:00:00 AM,154,96,58
02/01/2013 10:00:00 AM,92,58,34
02/01/2013 11:00:00 AM,58,27,31
02/01/2013 12:00:00 PM,71,36,35
02/01/2013 01:00:00 PM,74,34,40
02/01/2013 02:00:00 PM,96,53,43
02/01/2013 03:00:00 PM,131,72,59
02/01/2013 04:00:00 PM,182,73,109
02/01/2013 05:00:00 PM,301,94,207
02/01/2013 06:00:00 PM,190,72,118
02/01/2013 07:00:00 PM,82,31,51
02/01/2013 08:00:00 PM,43,12,31
02/01/2013 09:00:00 PM,15,5,10
02/01/2013 10:00:00 PM,27,7,20
02/01/2013 11:00:00 PM,22,11,11
02/02/2013 12:00:00 AM,16,7,9
02/02/2013 01:00:00 AM,12,5,7
02/02/2013 02:00:00 AM,7,3,4
02/02/2013 03:00:00 AM,2,2,0
02/02/2013 04:00:00 AM,1,0,1
02/02/2013 05:00:00 AM,3,2,1
02/02/2013 06:00:00 AM,15,7,8
02/02/2013 07:00:00 AM,24,17,7
02/02/2013 08:00:00 AM,56,28,28
02/02/2013 09:00:00 AM,58,32,26
02/02/2013 10:00:00 AM,58,40,18
02/02/2013 11:00:00 AM,113,67,46
02/02/2013 12:00:00 PM,109,69,40
02/02/2013 01:00:00 PM,104,66,38
02/02/2013 02:00:00 PM,122,63,59
02/02/2013 03:00:00 PM,122,70,52
02/02/2013 04:00:00 PM,119,75,44
02/02/2013 05:00:00 PM,68,30,38
02/02/2013 06:00:00 PM,40,21,19
02/02/2013 07:00:00 PM,27,9,18
02/02/2013 08:00:00 PM,21,15,6
02/02/2013 09:00:00 PM,17,9,8
02/02/2013 10:00:00 PM,9,4,5
02/02/2013 11:00:00 PM,10,4,6
02/03/2013 12:00:00 AM,14,3,11
02/03/2013 01:00:00 AM,9,4,5
02/03/2013 02:00:00 AM,7,3,4
02/03/2013 03:00:00 AM,0,0,0
02/03/2013 04:00:00 AM,3,2,1
02/03/2013 05:00:00 AM,3,3,0
02/03/2013 06:00:00 AM,13,7,6
02/03/2013 07:00:00 AM,14,7,7
02/03/2013 08:00:00 AM,28,16,12
02/03/2013 09:00:00 AM,46,24,22
02/03/2013 10:00:00 AM,92,62,30
02/03/2013 11:00:00 AM,71,43,28
02/03/2013 12:00:00 PM,90,48,42
02/03/2013 01:00:00 PM,94,44,50
02/03/2013 02:00:00 PM,85,43,42
02/03/2013 03:00:00 PM,90,62,28
02/03/2013 04:00:00 PM,53,21,32
02/03/2013 05:00:00 PM,43,25,18
02/03/2013 06:00:00 PM,25,12,13
02/03/2013 07:00:00 PM,18,9,9
02/03/2013 08:00:00 PM,26,17,9
02/03/2013 09:00:00 PM,21,11,10
02/03/2013 10:00:00 PM,13,7,6
02/03/2013 11:00:00 PM,10,4,6
02/04/2013 12:00:00 AM,4,2,2
02/04/2013 01:00:00 AM,4,2,2
02/04/2013 02:00:00 AM,3,2,1
02/04/2013 03:00:00 AM,1,1,0
02/04/2013 04:00:00 AM,6,4,2
02/04/2013 05:00:00 AM,24,19,5
02/04/2013 06:00:00 AM,114,82,32
02/04/2013 07:00:00 AM,210,152,58
02/04/2013 08:00:00 AM,316,214,102
02/04/2013 09:00:00 AM,197,123,74
02/04/2013 10:00:00 AM,67,36,31
02/04/2013 11:00:00 AM,51,26,25
02/04/2013 12:00:00 PM,60,29,31
02/04/2013 01:00:00 PM,46,26,20
02/04/2013 02:00:00 PM,69,39,30
02/04/2013 03:00:00 PM,99,56,43
02/04/2013 04:00:00 PM,170,74,96
02/04/2013 05:00:00 PM,378,123,255
02/04/2013 06:00:00 PM,252,83,169
02/04/2013 07:00:00 PM,107,42,65
02/04/2013 08:00:00 PM,43,13,30
02/04/2013 09:00:00 PM,39,16,23
02/04/2013 10:00:00 PM,17,7,10
02/04/2013 11:00:00 PM,11,3,8
02/05/2013 12:00:00 AM,8,3,5
02/05/2013 01:00:00 AM,4,1,3
02/05/2013 02:00:00 AM,3,2,1
02/05/2013 03:00:00 AM,3,2,1
02/05/2013 04:00:00 AM,6,4,2
02/05/2013 05:00:00 AM,19,13,6
02/05/2013 06:00:00 AM,87,57,30
02/05/2013 07:00:00 AM,192,148,44
02/05/2013 08:00:00 AM,305,217,88
02/05/2013 09:00:00 AM,171,108,63
02/05/2013 10:00:00 AM,62,39,23
02/05/2013 11:00:00 AM,55,36,19
02/05/2013 12:00:00 PM,47,28,19
02/05/2013 01:00:00 PM,56,26,30
02/05/2013 02:00:00 PM,70,40,30
02/05/2013 03:00:00 PM,59,28,31
02/05/2013 04:00:00 PM,126,48,78
02/05/2013 05:00:00 PM,306,82,224
02/05/2013 06:00:00 PM,227,67,160
02/05/2013 07:00:00 PM,86,33,53
02/05/2013 08:00:00 PM,50,18,32
02/05/2013 09:00:00 PM,31,15,16
02/05/2013 10:00:00 PM,23,8,15
02/05/2013 11:00:00 PM,16,7,9
02/06/2013 12:00:00 AM,7,4,3
02/06/2013 01:00:00 AM,4,0,4
02/06/2013 02:00:00 AM,2,2,0
02/06/2013 03:00:00 AM,1,1,0
02/06/2013 04:00:00 AM,7,5,2
02/06/2013 05:00:00 AM,26,19,7
02/06/2013 06:00:00 AM,91,67,24
02/06/2013 07:00:00 AM,192,125,67
02/06/2013 08:00:00 AM,285,192,93
02/06/2013 09:00:00 AM,155,100,55
02/06/2013 10:00:00 AM,54,33,21
02/06/2013 11:00:00 AM,65,34,31
02/06/2013 12:00:00 PM,62,31,31
02/06/2013 01:00:00 PM,48,29,19
02/06/2013 02:00:00 PM,68,43,25
02/06/2013 03:00:00 PM,75,32,43
02/06/2013 04:00:00 PM,155,56,99
02/06/2013 05:00:00 PM,293,91,202
02/06/2013 06:00:00 PM,196,74,122
02/06/2013 07:00:00 PM,87,36,51
02/06/2013 08:00:00 PM,59,17,42
02/06/2013 09:00:00 PM,30,12,18
02/06/2013 10:00:00 PM,20,9,11
02/06/2013 11:00:00 PM,13,4,9
02/07/2013 12:00:00 AM,6,2,4
02/07/2013 01:00:00 AM,6,5,1
02/07/2013 02:00:00 AM,2,2,0
02/07/2013 03:00:00 AM,0,0,0
02/07/2013 04:00:00 AM,6,4,2
02/07/2013 05:00:00 AM,17,12,5
02/07/2013 06:00:00 AM,68,47,21
02/07/2013 07:00:00 AM,196,144,52
02/07/2013 08:00:00 AM,278,186,92
02/07/2013 09:00:00 AM,160,100,60
02/07/2013 10:00:00 AM,59,33,26
02/07/2013 11:00:00 AM,64,38,26
02/07/2013 12:00:00 PM,60,37,23
02/07/2013 01:00:00 PM,69,39,30
02/07/2013 02:00:00 PM,104,48,56
02/07/2013 03:00:00 PM,104,49,55
02/07/2013 04:00:00 PM,179,83,96
02/07/2013 05:00:00 PM,324,120,204
02/07/2013 06:00:00 PM,223,79,144
02/07/2013 07:00:00 PM,96,29,67
02/07/2013 08:00:00 PM,62,22,40
02/07/2013 09:00:00 PM,55,14,41
02/07/2013 10:00:00 PM,32,15,17
02/07/2013 11:00:00 PM,17,7,10
02/08/2013 12:00:00 AM,13,4,9
02/08/2013 01:00:00 AM,6,3,3
02/08/2013 02:00:00 AM,3,2,1
02/08/2013 03:00:00 AM,0,0,0
02/08/2013 04:00:00 AM,4,0,4
02/08/2013 05:00:00 AM,12,6,6
02/08/2013 06:00:00 AM,93,63,30
02/08/2013 07:00:00 AM,205,145,60
02/08/2013 08:00:00 AM,295,215,80
02/08/2013 09:00:00 AM,174,107,67
02/08/2013 10:00:00 AM,68,49,19
02/08/2013 11:00:00 AM,62,36,26
02/08/2013 12:00:00 PM,68,38,30
02/08/2013 01:00:00 PM,90,39,51
02/08/2013 02:00:00 PM,87,46,41
02/08/2013 03:00:00 PM,95,44,51
02/08/2013 04:00:00 PM,196,79,117
02/08/2013 05:00:00 PM,323,105,218
02/08/2013 06:00:00 PM,187,59,128
02/08/2013 07:00:00 PM,67,24,43
02/08/2013 08:00:00 PM,38,19,19
02/08/2013 09:00:00 PM,33,13,20
02/08/2013 10:00:00 PM,20,12,8
02/08/2013 11:00:00 PM,22,11,11
02/09/2013 12:00:00 AM,17,7,10
02/09/2013 01:00:00 AM,9,3,6
02/09/2013 02:00:00 AM,6,2,4
02/09/2013 03:00:00 AM,1,1,0
02/09/2013 04:00:00 AM,3,0,3
02/09/2013 05:00:00 AM,4,3,1
02/09/2013 06:00:00 AM,16,6,10
02/09/2013 07:00:00 AM,24,16,8
02/09/2013 08:00:00 AM,56,26,30
02/09/2013 09:00:00 AM,65,38,27
02/09/2013 10:00:00 AM,87,61,26
02/09/2013 11:00:00 AM,96,63,33
02/09/2013 12:00:00 PM,104,61,43
02/09/2013 01:00:00 PM,113,66,47
02/09/2013 02:00:00 PM,135,73,62
02/09/2013 03:00:00 PM,106,61,45
02/09/2013 04:00:00 PM,76,39,37
02/09/2013 05:00:00 PM,69,37,32
02/09/2013 06:00:00 PM,29,12,17
02/09/2013 07:00:00 PM,32,14,18
02/09/2013 08:00:00 PM,24,15,9
02/09/2013 09:00:00 PM,13,8,5
02/09/2013 10:00:00 PM,18,10,8
02/09/2013 11:00:00 PM,11,5,6
02/10/2013 12:00:00 AM,13,7,6
02/10/2013 01:00:00 AM,2,2,0
02/10/2013 02:00:00 AM,3,2,1
02/10/2013 03:00:00 AM,4,3,1
02/10/2013 04:00:00 AM,4,2,2
02/10/2013 05:00:00 AM,3,3,0
02/10/2013 06:00:00 AM,10,5,5
02/10/2013 07:00:00 AM,18,6,12
02/10/2013 08:00:00 AM,44,27,17
02/10/2013 09:00:00 AM,74,48,26
02/10/2013 10:00:00 AM,83,45,38
02/10/2013 11:00:00 AM,102,55,47
02/10/2013 12:00:00 PM,149,97,52
02/10/2013 01:00:00 PM,164,88,76
02/10/2013 02:00:00 PM,206,113,93
02/10/2013 03:00:00 PM,147,80,67
02/10/2013 04:00:00 PM,106,66,40
02/10/2013 05:00:00 PM,66,31,35
02/10/2013 06:00:00 PM,39,19,20
02/10/2013 07:00:00 PM,21,13,8
02/10/2013 08:00:00 PM,15,6,9
02/10/2013 09:00:00 PM,16,7,9
02/10/2013 10:00:00 PM,11,8,3
02/10/2013 11:00:00 PM,12,2,10
02/11/2013 12:00:00 AM,6,4,2
02/11/2013 01:00:00 AM,3,1,2
02/11/2013 02:00:00 AM,1,1,0
02/11/2013 03:00:00 AM,0,0,0
02/11/2013 04:00:00 AM,10,7,3
02/11/2013 05:00:00 AM,17,14,3
02/11/2013 06:00:00 AM,100,63,37
02/11/2013 07:00:00 AM,237,164,73
02/11/2013 08:00:00 AM,286,194,92
02/11/2013 09:00:00 AM,149,102,47
02/11/2013 10:00:00 AM,64,34,30
02/11/2013 11:00:00 AM,38,20,18
02/11/2013 12:00:00 PM,58,34,24
02/11/2013 01:00:00 PM,42,16,26
02/11/2013 02:00:00 PM,61,32,29
02/11/2013 03:00:00 PM,91,44,47
02/11/2013 04:00:00 PM,179,85,94
02/11/2013 05:00:00 PM,334,93,241
02/11/2013 06:00:00 PM,259,87,172
02/11/2013 07:00:00 PM,87,33,54
02/11/2013 08:00:00 PM,54,23,31
02/11/2013 09:00:00 PM,37,12,25
02/11/2013 10:00:00 PM,22,9,13
02/11/2013 11:00:00 PM,10,4,6
02/12/2013 12:00:00 AM,8,5,3
02/12/2013 01:00:00 AM,4,4,0
02/12/2013 02:00:00 AM,0,0,0
02/12/2013 03:00:00 AM,3,2,1
02/12/2013 04:00:00 AM,8,5,3
02/12/2013 05:00:00 AM,22,17,5
02/12/2013 06:00:00 AM,97,69,28
02/12/2013 07:00:00 AM,220,163,57
02/12/2013 08:00:00 AM,323,221,102
02/12/2013 09:00:00 AM,162,105,57
02/12/2013 10:00:00 AM,56,26,30
02/12/2013 11:00:00 AM,43,20,23
02/12/2013 12:00:00 PM,34,17,17
02/12/2013 01:00:00 PM,45,20,25
02/12/2013 02:00:00 PM,54,26,28
02/12/2013 03:00:00 PM,67,29,38
02/12/2013 04:00:00 PM,153,61,92
02/12/2013 05:00:00 PM,336,99,237
02/12/2013 06:00:00 PM,229,83,146
02/12/2013 07:00:00 PM,114,50,64
02/12/2013 08:00:00 PM,54,26,28
02/12/2013 09:00:00 PM,29,13,16
02/12/2013 10:00:00 PM,25,9,16
02/12/2013 11:00:00 PM,19,12,7
02/13/2013 12:00:00 AM,7,3,4
02/13/2013 01:00:00 AM,3,2,1
02/13/2013 02:00:00 AM,1,0,1
02/13/2013 03:00:00 AM,1,1,0
02/13/2013 04:00:00 AM,11,9,2
02/13/2013 05:00:00 AM,18,12,6
02/13/2013 06:00:00 AM,83,61,22
02/13/2013 07:00:00 AM,204,148,56
02/13/2013 08:00:00 AM,292,198,94
02/13/2013 09:00:00 AM,152,95,57
02/13/2013 10:00:00 AM,59,31,28
02/13/2013 11:00:00 AM,55,34,21
02/13/2013 12:00:00 PM,51,35,16
02/13/2013 01:00:00 PM,40,21,19
02/13/2013 02:00:00 PM,49,25,24
02/13/2013 03:00:00 PM,86,42,44
02/13/2013 04:00:00 PM,166,71,95
02/13/2013 05:00:00 PM,334,104,230
02/13/2013 06:00:00 PM,209,69,140
02/13/2013 07:00:00 PM,91,36,55
02/13/2013 08:00:00 PM,68,21,47
02/13/2013 09:00:00 PM,42,16,26
02/13/2013 10:00:00 PM,24,10,14
02/13/2013 11:00:00 PM,20,6,14
02/14/2013 12:00:00 AM,5,1,4
02/14/2013 01:00:00 AM,4,4,0
02/14/2013 02:00:00 AM,2,2,0
02/14/2013 03:00:00 AM,0,0,0
02/14/2013 04:00:00 AM,6,5,1
02/14/2013 05:00:00 AM,18,11,7
02/14/2013 06:00:00 AM,93,58,35
02/14/2013 07:00:00 AM,160,113,47
02/14/2013 08:00:00 AM,255,176,79
02/14/2013 09:00:00 AM,135,79,56
02/14/2013 10:00:00 AM,46,26,20
02/14/2013 11:00:00 AM,45,23,22
02/14/2013 12:00:00 PM,54,30,24
02/14/2013 01:00:00 PM,48,32,16
02/14/2013 02:00:00 PM,64,31,33
02/14/2013 03:00:00 PM,89,56,33
02/14/2013 04:00:00 PM,142,59,83
02/14/2013 05:00:00 PM,284,97,187
02/14/2013 06:00:00 PM,210,74,136
02/14/2013 07:00:00 PM,83,27,56
02/14/2013 08:00:00 PM,53,21,32
02/14/2013 09:00:00 PM,24,12,12
02/14/2013 10:00:00 PM,29,18,11
02/14/2013 11:00:00 PM,35,25,10
02/15/2013 12:00:00 AM,11,5,6
02/15/2013 01:00:00 AM,10,7,3
02/15/2013 02:00:00 AM,2,2,0
02/15/2013 03:00:00 AM,4,2,2
02/15/2013 04:00:00 AM,5,3,2
02/15/2013 05:00:00 AM,11,8,3
02/15/2013 06:00:00 AM,79,53,26
02/15/2013 07:00:00 AM,170,118,52
02/15/2013 08:00:00 AM,255,177,78
02/15/2013 09:00:00 AM,162,103,59
02/15/2013 10:00:00 AM,84,56,28
02/15/2013 11:00:00 AM,61,34,27
02/15/2013 12:00:00 PM,86,45,41
02/15/2013 01:00:00 PM,100,59,41
02/15/2013 02:00:00 PM,133,76,57
02/15/2013 03:00:00 PM,165,90,75
02/15/2013 04:00:00 PM,249,96,153
02/15/2013 05:00:00 PM,325,118,207
02/15/2013 06:00:00 PM,207,84,123
02/15/2013 07:00:00 PM,71,17,54
02/15/2013 08:00:00 PM,50,28,22
02/15/2013 09:00:00 PM,29,9,20
02/15/2013 10:00:00 PM,19,9,10
02/15/2013 11:00:00 PM,16,7,9
02/16/2013 12:00:00 AM,21,11,10
02/16/2013 01:00:00 AM,4,0,4
02/16/2013 02:00:00 AM,7,3,4
02/16/2013 03:00:00 AM,9,6,3
02/16/2013 04:00:00 AM,3,2,1
02/16/2013 05:00:00 AM,6,4,2
02/16/2013 06:00:00 AM,10,7,3
02/16/2013 07:00:00 AM,28,18,10
02/16/2013 08:00:00 AM,39,21,18
02/16/2013 09:00:00 AM,60,39,21
02/16/2013 10:00:00 AM,55,40,15
02/16/2013 11:00:00 AM,65,40,25
02/16/2013 12:00:00 PM,92,45,47
02/16/2013 01:00:00 PM,120,55,65
02/16/2013 02:00:00 PM,121,73,48
02/16/2013 03:00:00 PM,117,73,44
02/16/2013 04:00:00 PM,67,30,37
02/16/2013 05:00:00 PM,59,34,25
02/16/2013 06:00:00 PM,56,29,27
02/16/2013 07:00:00 PM,19,11,8
02/16/2013 08:00:00 PM,23,11,12
02/16/2013 09:00:00 PM,19,11,8
02/16/2013 10:00:00 PM,5,3,2
02/16/2013 11:00:00 PM,12,7,5
02/17/2013 12:00:00 AM,14,6,8
02/17/2013 01:00:00 AM,5,3,2
02/17/2013 02:00:00 AM,7,3,4
02/17/2013 03:00:00 AM,10,3,7
02/17/2013 04:00:00 AM,2,1,1
02/17/2013 05:00:00 AM,3,2,1
02/17/2013 06:00:00 AM,6,1,5
02/17/2013 07:00:00 AM,20,13,7
02/17/2013 08:00:00 AM,26,7,19
02/17/2013 09:00:00 AM,55,31,24
02/17/2013 10:00:00 AM,50,25,25
02/17/2013 11:00:00 AM,50,30,20
02/17/2013 12:00:00 PM,62,37,25
02/17/2013 01:00:00 PM,83,46,37
02/17/2013 02:00:00 PM,94,56,38
02/17/2013 03:00:00 PM,98,60,38
02/17/2013 04:00:00 PM,92,49,43
02/17/2013 05:00:00 PM,68,29,39
02/17/2013 06:00:00 PM,41,24,17
02/17/2013 07:00:00 PM,28,15,13
02/17/2013 08:00:00 PM,18,12,6
02/17/2013 09:00:00 PM,13,7,6
02/17/2013 10:00:00 PM,15,7,8
02/17/2013 11:00:00 PM,9,4,5
02/18/2013 12:00:00 AM,7,3,4
02/18/2013 01:00:00 AM,3,1,2
02/18/2013 02:00:00 AM,5,2,3
02/18/2013 03:00:00 AM,3,2,1
02/18/2013 04:00:00 AM,4,3,1
02/18/2013 05:00:00 AM,11,8,3
02/18/2013 06:00:00 AM,37,20,17
02/18/2013 07:00:00 AM,95,68,27
02/18/2013 08:00:00 AM,140,98,42
02/18/2013 09:00:00 AM,111,59,52
02/18/2013 10:00:00 AM,76,43,33
02/18/2013 11:00:00 AM,72,42,30
02/18/2013 12:00:00 PM,78,47,31
02/18/2013 01:00:00 PM,83,40,43
02/18/2013 02:00:00 PM,94,52,42
02/18/2013 03:00:00 PM,111,50,61
02/18/2013 04:00:00 PM,139,78,61
02/18/2013 05:00:00 PM,169,50,119
02/18/2013 06:00:00 PM,107,40,67
02/18/2013 07:00:00 PM,67,23,44
02/18/2013 08:00:00 PM,28,11,17
02/18/2013 09:00:00 PM,12,6,6
02/18/2013 10:00:00 PM,20,8,12
02/18/2013 11:00:00 PM,9,4,5
02/19/2013 12:00:00 AM,4,1,3
02/19/2013 01:00:00 AM,3,0,3
02/19/2013 02:00:00 AM,1,1,0
02/19/2013 03:00:00 AM,2,0,2
02/19/2013 04:00:00 AM,5,3,2
02/19/2013 05:00:00 AM,21,14,7
02/19/2013 06:00:00 AM,97,72,25
02/19/2013 07:00:00 AM,234,168,66
02/19/2013 08:00:00 AM,341,241,100
02/19/2013 09:00:00 AM,197,127,70
02/19/2013 10:00:00 AM,79,47,32
02/19/2013 11:00:00 AM,58,28,30
02/19/2013 12:00:00 PM,83,53,30
02/19/2013 01:00:00 PM,89,50,39
02/19/2013 02:00:00 PM,101,52,49
02/19/2013 03:00:00 PM,106,50,56
02/19/2013 04:00:00 PM,220,104,116
02/19/2013 05:00:00 PM,399,124,275
02/19/2013 06:00:00 PM,285,95,190
02/19/2013 07:00:00 PM,120,44,76
02/19/2013 08:00:00 PM,47,24,23
02/19/2013 09:00:00 PM,41,17,24
02/19/2013 10:00:00 PM,28,11,17
02/19/2013 11:00:00 PM,25,7,18
02/20/2013 12:00:00 AM,8,4,4
02/20/2013 01:00:00 AM,1,0,1
02/20/2013 02:00:00 AM,2,2,0
02/20/2013 03:00:00 AM,1,0,1
02/20/2013 04:00:00 AM,9,8,1
02/20/2013 05:00:00 AM,24,21,3
02/20/2013 06:00:00 AM,107,82,25
02/20/2013 07:00:00 AM,220,159,61
02/20/2013 08:00:00 AM,320,220,100
02/20/2013 09:00:00 AM,187,130,57
02/20/2013 10:00:00 AM,73,40,33
02/20/2013 11:00:00 AM,56,36,20
02/20/2013 12:00:00 PM,69,38,31
02/20/2013 01:00:00 PM,60,28,32
02/20/2013 02:00:00 PM,73,38,35
02/20/2013 03:00:00 PM,77,31,46
02/20/2013 04:00:00 PM,153,61,92
02/20/2013 05:00:00 PM,330,101,229
02/20/2013 06:00:00 PM,229,66,163
02/20/2013 07:00:00 PM,77,25,52
02/20/2013 08:00:00 PM,54,12,42
02/20/2013 09:00:00 PM,44,20,24
02/20/2013 10:00:00 PM,26,11,15
02/20/2013 11:00:00 PM,17,9,8
02/21/2013 12:00:00 AM,4,1,3
02/21/2013 01:00:00 AM,0,0,0
02/21/2013 02:00:00 AM,2,1,1
02/21/2013 03:00:00 AM,1,1,0
02/21/2013 04:00:00 AM,5,5,0
02/21/2013 05:00:00 AM,19,12,7
02/21/2013 06:00:00 AM,93,67,26
02/21/2013 07:00:00 AM,171,119,52
02/21/2013 08:00:00 AM,253,171,82
02/21/2013 09:00:00 AM,145,92,53
02/21/2013 10:00:00 AM,55,33,22
02/21/2013 11:00:00 AM,48,24,24
02/21/2013 12:00:00 PM,37,17,20
02/21/2013 01:00:00 PM,44,25,19
02/21/2013 02:00:00 PM,57,28,29
02/21/2013 03:00:00 PM,73,32,41
02/21/2013 04:00:00 PM,138,46,92
02/21/2013 05:00:00 PM,310,102,208
02/21/2013 06:00:00 PM,213,84,129
02/21/2013 07:00:00 PM,93,35,58
02/21/2013 08:00:00 PM,59,24,35
02/21/2013 09:00:00 PM,24,8,16
02/21/2013 10:00:00 PM,35,18,17
02/21/2013 11:00:00 PM,12,7,5
02/22/2013 12:00:00 AM,6,2,4
02/22/2013 01:00:00 AM,3,0,3
02/22/2013 02:00:00 AM,4,3,1
02/22/2013 03:00:00 AM,2,1,1
02/22/2013 04:00:00 AM,5,3,2
02/22/2013 05:00:00 AM,16,10,6
02/22/2013 06:00:00 AM,80,50,30
02/22/2013 07:00:00 AM,131,100,31
02/22/2013 08:00:00 AM,206,138,68
02/22/2013 09:00:00 AM,102,68,34
02/22/2013 10:00:00 AM,35,21,14
02/22/2013 11:00:00 AM,20,15,5
02/22/2013 12:00:00 PM,29,11,18
02/22/2013 01:00:00 PM,29,12,17
02/22/2013 02:00:00 PM,40,15,25
02/22/2013 03:00:00 PM,58,27,31
02/22/2013 04:00:00 PM,117,43,74
02/22/2013 05:00:00 PM,204,64,140
02/22/2013 06:00:00 PM,128,39,89
02/22/2013 07:00:00 PM,66,22,44
02/22/2013 08:00:00 PM,25,6,19
02/22/2013 09:00:00 PM,21,6,15
02/22/2013 10:00:00 PM,14,6,8
02/22/2013 11:00:00 PM,19,8,11
02/23/2013 12:00:00 AM,10,3,7
02/23/2013 01:00:00 AM,3,1,2
02/23/2013 02:00:00 AM,2,0,2
02/23/2013 03:00:00 AM,7,5,2
02/23/2013 04:00:00 AM,1,0,1
02/23/2013 05:00:00 AM,4,4,0
02/23/2013 06:00:00 AM,16,4,12
02/23/2013 07:00:00 AM,30,17,13
02/23/2013 08:00:00 AM,42,14,28
02/23/2013 09:00:00 AM,47,18,29
02/23/2013 10:00:00 AM,61,32,29
02/23/2013 11:00:00 AM,91,55,36
02/23/2013 12:00:00 PM,114,51,63
02/23/2013 01:00:00 PM,101,58,43
02/23/2013 02:00:00 PM,129,74,55
02/23/2013 03:00:00 PM,117,70,47
02/23/2013 04:00:00 PM,100,62,38
02/23/2013 05:00:00 PM,71,40,31
02/23/2013 06:00:00 PM,55,31,24
02/23/2013 07:00:00 PM,36,19,17
02/23/2013 08:00:00 PM,34,12,22
02/23/2013 09:00:00 PM,27,15,12
02/23/2013 10:00:00 PM,13,6,7
02/23/2013 11:00:00 PM,15,12,3
02/24/2013 12:00:00 AM,22,12,10
02/24/2013 01:00:00 AM,4,2,2
02/24/2013 02:00:00 AM,4,3,1
02/24/2013 03:00:00 AM,4,1,3
02/24/2013 04:00:00 AM,6,2,4
02/24/2013 05:00:00 AM,2,2,0
02/24/2013 06:00:00 AM,22,17,5
02/24/2013 07:00:00 AM,78,64,14
02/24/2013 08:00:00 AM,101,77,24
02/24/2013 09:00:00 AM,58,32,26
02/24/2013 10:00:00 AM,66,47,19
02/24/2013 11:00:00 AM,93,60,33
02/24/2013 12:00:00 PM,81,44,37
02/24/2013 01:00:00 PM,98,33,65
02/24/2013 02:00:00 PM,110,46,64
02/24/2013 03:00:00 PM,92,51,41
02/24/2013 04:00:00 PM,87,33,54
02/24/2013 05:00:00 PM,81,27,54
02/24/2013 06:00:00 PM,26,16,10
02/24/2013 07:00:00 PM,32,9,23
02/24/2013 08:00:00 PM,17,9,8
02/24/2013 09:00:00 PM,13,7,6
02/24/2013 10:00:00 PM,16,6,10
02/24/2013 11:00:00 PM,9,5,4
02/25/2013 12:00:00 AM,7,5,2
02/25/2013 01:00:00 AM,3,3,0
02/25/2013 02:00:00 AM,1,0,1
02/25/2013 03:00:00 AM,0,0,0
02/25/2013 04:00:00 AM,5,3,2
02/25/2013 05:00:00 AM,22,18,4
02/25/2013 06:00:00 AM,83,57,26
02/25/2013 07:00:00 AM,189,135,54
02/25/2013 08:00:00 AM,267,172,95
02/25/2013 09:00:00 AM,142,89,53
02/25/2013 10:00:00 AM,56,34,22
02/25/2013 11:00:00 AM,45,24,21
02/25/2013 12:00:00 PM,50,27,23
02/25/2013 01:00:00 PM,51,32,19
02/25/2013 02:00:00 PM,81,39,42
02/25/2013 03:00:00 PM,111,63,48
02/25/2013 04:00:00 PM,176,81,95
02/25/2013 05:00:00 PM,352,132,220
02/25/2013 06:00:00 PM,232,73,159
02/25/2013 07:00:00 PM,100,36,64
02/25/2013 08:00:00 PM,46,23,23
02/25/2013 09:00:00 PM,35,16,19
02/25/2013 10:00:00 PM,21,9,12
02/25/2013 11:00:00 PM,11,6,5
02/26/2013 12:00:00 AM,8,4,4
02/26/2013 01:00:00 AM,4,2,2
02/26/2013 02:00:00 AM,3,3,0
02/26/2013 03:00:00 AM,5,3,2
02/26/2013 04:00:00 AM,5,4,1
02/26/2013 05:00:00 AM,28,18,10
02/26/2013 06:00:00 AM,102,75,27
02/26/2013 07:00:00 AM,235,168,67
02/26/2013 08:00:00 AM,367,237,130
02/26/2013 09:00:00 AM,215,134,81
02/26/2013 10:00:00 AM,76,50,26
02/26/2013 11:00:00 AM,57,34,23
02/26/2013 12:00:00 PM,43,25,18
02/26/2013 01:00:00 PM,78,44,34
02/26/2013 02:00:00 PM,68,31,37
02/26/2013 03:00:00 PM,93,38,55
02/26/2013 04:00:00 PM,197,66,131
02/26/2013 05:00:00 PM,395,128,267
02/26/2013 06:00:00 PM,270,94,176
02/26/2013 07:00:00 PM,117,35,82
02/26/2013 08:00:00 PM,59,25,34
02/26/2013 09:00:00 PM,30,10,20
02/26/2013 10:00:00 PM,24,17,7
02/26/2013 11:00:00 PM,18,8,10
02/27/2013 12:00:00 AM,6,1,5
02/27/2013 01:00:00 AM,3,3,0
02/27/2013 02:00:00 AM,2,2,0
02/27/2013 03:00:00 AM,3,2,1
02/27/2013 04:00:00 AM,9,7,2
02/27/2013 05:00:00 AM,23,17,6
02/27/2013 06:00:00 AM,123,91,32
02/27/2013 07:00:00 AM,240,160,80
02/27/2013 08:00:00 AM,318,213,105
02/27/2013 09:00:00 AM,200,121,79
02/27/2013 10:00:00 AM,84,49,35
02/27/2013 11:00:00 AM,56,38,18
02/27/2013 12:00:00 PM,67,43,24
02/27/2013 01:00:00 PM,61,28,33
02/27/2013 02:00:00 PM,57,36,21
02/27/2013 03:00:00 PM,95,39,56
02/27/2013 04:00:00 PM,169,67,102
02/27/2013 05:00:00 PM,360,110,250
02/27/2013 06:00:00 PM,250,70,180
02/27/2013 07:00:00 PM,96,29,67
02/27/2013 08:00:00 PM,45,13,32
02/27/2013 09:00:00 PM,34,13,21
02/27/2013 10:00:00 PM,20,6,14
02/27/2013 11:00:00 PM,13,5,8
02/28/2013 12:00:00 AM,7,3,4
02/28/2013 01:00:00 AM,4,2,2
02/28/2013 02:00:00 AM,3,1,2
02/28/2013 03:00:00 AM,1,0,1
02/28/2013 04:00:00 AM,4,3,1
02/28/2013 05:00:00 AM,21,15,6
02/28/2013 06:00:00 AM,72,52,20
02/28/2013 07:00:00 AM,166,119,47
02/28/2013 08:00:00 AM,233,159,74
02/28/2013 09:00:00 AM,143,93,50
02/28/2013 10:00:00 AM,52,30,22
02/28/2013 11:00:00 AM,40,16,24
02/28/2013 12:00:00 PM,43,26,17
02/28/2013 01:00:00 PM,37,19,18
02/28/2013 02:00:00 PM,44,19,25
02/28/2013 03:00:00 PM,65,26,39
02/28/2013 04:00:00 PM,118,41,77
02/28/2013 05:00:00 PM,289,91,198
02/28/2013 06:00:00 PM,222,81,141
02/28/2013 07:00:00 PM,66,24,42
02/28/2013 08:00:00 PM,52,19,33
02/28/2013 09:00:00 PM,45,21,24
02/28/2013 10:00:00 PM,21,10,11
02/28/2013 11:00:00 PM,11,4,7
03/01/2013 12:00:00 AM,5,2,3
03/01/2013 01:00:00 AM,4,2,2
03/01/2013 02:00:00 AM,0,0,0
03/01/2013 03:00:00 AM,3,2,1
03/01/2013 04:00:00 AM,2,1,1
03/01/2013 05:00:00 AM,19,9,10
03/01/2013 06:00:00 AM,91,61,30
03/01/2013 07:00:00 AM,147,109,38
03/01/2013 08:00:00 AM,235,163,72
03/01/2013 09:00:00 AM,131,77,54
03/01/2013 10:00:00 AM,56,37,19
03/01/2013 11:00:00 AM,40,18,22
03/01/2013 12:00:00 PM,58,32,26
03/01/2013 01:00:00 PM,62,36,26
03/01/2013 02:00:00 PM,81,40,41
03/01/2013 03:00:00 PM,101,47,54
03/01/2013 04:00:00 PM,170,68,102
03/01/2013 05:00:00 PM,279,90,189
03/01/2013 06:00:00 PM,153,50,103
03/01/2013 07:00:00 PM,91,33,58
03/01/2013 08:00:00 PM,39,24,15
03/01/2013 09:00:00 PM,34,10,24
03/01/2013 10:00:00 PM,17,7,10
03/01/2013 11:00:00 PM,27,6,21
03/02/2013 12:00:00 AM,20,10,10
03/02/2013 01:00:00 AM,6,3,3
03/02/2013 02:00:00 AM,9,5,4
03/02/2013 03:00:00 AM,7,5,2
03/02/2013 04:00:00 AM,3,2,1
03/02/2013 05:00:00 AM,1,1,0
03/02/2013 06:00:00 AM,13,7,6
03/02/2013 07:00:00 AM,32,15,17
03/02/2013 08:00:00 AM,60,37,23
03/02/2013 09:00:00 AM,89,45,44
03/02/2013 10:00:00 AM,93,44,49
03/02/2013 11:00:00 AM,120,66,54
03/02/2013 12:00:00 PM,135,87,48
03/02/2013 01:00:00 PM,133,80,53
03/02/2013 02:00:00 PM,118,62,56
03/02/2013 03:00:00 PM,87,50,37
03/02/2013 04:00:00 PM,81,39,42
03/02/2013 05:00:00 PM,79,34,45
03/02/2013 06:00:00 PM,46,22,24
03/02/2013 07:00:00 PM,25,12,13
03/02/2013 08:00:00 PM,22,8,14
03/02/2013 09:00:00 PM,18,12,6
03/02/2013 10:00:00 PM,23,6,17
03/02/2013 11:00:00 PM,13,5,8
03/03/2013 12:00:00 AM,15,5,10
03/03/2013 01:00:00 AM,9,7,2
03/03/2013 02:00:00 AM,2,1,1
03/03/2013 03:00:00 AM,3,1,2
03/03/2013 04:00:00 AM,2,1,1
03/03/2013 05:00:00 AM,6,3,3
03/03/2013 06:00:00 AM,11,4,7
03/03/2013 07:00:00 AM,22,16,6
03/03/2013 08:00:00 AM,63,32,31
03/03/2013 09:00:00 AM,77,49,28
03/03/2013 10:00:00 AM,142,91,51
03/03/2013 11:00:00 AM,161,91,70
03/03/2013 12:00:00 PM,170,94,76
03/03/2013 01:00:00 PM,238,147,91
03/03/2013 02:00:00 PM,211,121,90
03/03/2013 03:00:00 PM,158,91,67
03/03/2013 04:00:00 PM,143,92,51
03/03/2013 05:00:00 PM,105,69,36
03/03/2013 06:00:00 PM,63,33,30
03/03/2013 07:00:00 PM,35,18,17
03/03/2013 08:00:00 PM,15,9,6
03/03/2013 09:00:00 PM,8,2,6
03/03/2013 10:00:00 PM,20,8,12
03/03/2013 11:00:00 PM,11,4,7
03/04/2013 12:00:00 AM,6,4,2
03/04/2013 01:00:00 AM,2,1,1
03/04/2013 02:00:00 AM,1,1,0
03/04/2013 03:00:00 AM,1,0,1
03/04/2013 04:00:00 AM,6,4,2
03/04/2013 05:00:00 AM,24,20,4
03/04/2013 06:00:00 AM,106,74,32
03/04/2013 07:00:00 AM,259,188,71
03/04/2013 08:00:00 AM,402,288,114
03/04/2013 09:00:00 AM,205,131,74
03/04/2013 10:00:00 AM,65,41,24
03/04/2013 11:00:00 AM,73,46,27
03/04/2013 12:00:00 PM,78,45,33
03/04/2013 01:00:00 PM,96,44,52
03/04/2013 02:00:00 PM,75,44,31
03/04/2013 03:00:00 PM,141,72,69
03/04/2013 04:00:00 PM,212,99,113
03/04/2013 05:00:00 PM,486,164,322
03/04/2013 06:00:00 PM,303,96,207
03/04/2013 07:00:00 PM,104,43,61
03/04/2013 08:00:00 PM,59,22,37
03/04/2013 09:00:00 PM,36,13,23
03/04/2013 10:00:00 PM,34,15,19
03/04/2013 11:00:00 PM,17,9,8
03/05/2013 12:00:00 AM,5,3,2
03/05/2013 01:00:00 AM,5,2,3
03/05/2013 02:00:00 AM,3,2,1
03/05/2013 03:00:00 AM,2,0,2
03/05/2013 04:00:00 AM,5,3,2
03/05/2013 05:00:00 AM,23,16,7
03/05/2013 06:00:00 AM,112,73,39
03/05/2013 07:00:00 AM,257,188,69
03/05/2013 08:00:00 AM,357,245,112
03/05/2013 09:00:00 AM,171,106,65
03/05/2013 10:00:00 AM,65,38,27
03/05/2013 11:00:00 AM,55,30,25
03/05/2013 12:00:00 PM,44,28,16
03/05/2013 01:00:00 PM,59,32,27
03/05/2013 02:00:00 PM,63,25,38
03/05/2013 03:00:00 PM,100,43,57
03/05/2013 04:00:00 PM,178,68,110
03/05/2013 05:00:00 PM,397,105,292
03/05/2013 06:00:00 PM,241,87,154
03/05/2013 07:00:00 PM,109,40,69
03/05/2013 08:00:00 PM,70,30,40
03/05/2013 09:00:00 PM,39,20,19
03/05/2013 10:00:00 PM,23,13,10
03/05/2013 11:00:00 PM,15,8,7
03/06/2013 12:00:00 AM,4,2,2
03/06/2013 01:00:00 AM,4,3,1
03/06/2013 02:00:00 AM,2,2,0
03/06/2013 03:00:00 AM,1,0,1
03/06/2013 04:00:00 AM,7,4,3
03/06/2013 05:00:00 AM,29,25,4
03/06/2013 06:00:00 AM,115,80,35
03/06/2013 07:00:00 AM,251,185,66
03/06/2013 08:00:00 AM,321,222,99
03/06/2013 09:00:00 AM,214,115,99
03/06/2013 10:00:00 AM,49,29,20
03/06/2013 11:00:00 AM,37,24,13
03/06/2013 12:00:00 PM,33,17,16
03/06/2013 01:00:00 PM,33,14,19
03/06/2013 02:00:00 PM,35,13,22
03/06/2013 03:00:00 PM,66,33,33
03/06/2013 04:00:00 PM,129,48,81
03/06/2013 05:00:00 PM,327,91,236
03/06/2013 06:00:00 PM,202,71,131
03/06/2013 07:00:00 PM,90,30,60
03/06/2013 08:00:00 PM,32,12,20
03/06/2013 09:00:00 PM,37,17,20
03/06/2013 10:00:00 PM,16,7,9
03/06/2013 11:00:00 PM,7,5,2
03/07/2013 12:00:00 AM,5,2,3
03/07/2013 01:00:00 AM,2,2,0
03/07/2013 02:00:00 AM,3,1,2
03/07/2013 03:00:00 AM,1,1,0
03/07/2013 04:00:00 AM,4,3,1
03/07/2013 05:00:00 AM,21,16,5
03/07/2013 06:00:00 AM,81,54,27
03/07/2013 07:00:00 AM,193,126,67
03/07/2013 08:00:00 AM,236,168,68
03/07/2013 09:00:00 AM,147,81,66
03/07/2013 10:00:00 AM,74,48,26
03/07/2013 11:00:00 AM,68,40,28
03/07/2013 12:00:00 PM,42,23,19
03/07/2013 01:00:00 PM,72,42,30
03/07/2013 02:00:00 PM,67,32,35
03/07/2013 03:00:00 PM,96,48,48
03/07/2013 04:00:00 PM,197,89,108
03/07/2013 05:00:00 PM,313,94,219
03/07/2013 06:00:00 PM,217,85,132
03/07/2013 07:00:00 PM,144,62,82
03/07/2013 08:00:00 PM,62,19,43
03/07/2013 09:00:00 PM,49,20,29
03/07/2013 10:00:00 PM,34,6,28
03/07/2013 11:00:00 PM,22,6,16
03/08/2013 12:00:00 AM,7,4,3
03/08/2013 01:00:00 AM,7,2,5
03/08/2013 02:00:00 AM,1,0,1
03/08/2013 03:00:00 AM,1,0,1
03/08/2013 04:00:00 AM,2,1,1
03/08/2013 05:00:00 AM,21,16,5
03/08/2013 06:00:00 AM,106,73,33
03/08/2013 07:00:00 AM,237,168,69
03/08/2013 08:00:00 AM,338,239,99
03/08/2013 09:00:00 AM,189,116,73
03/08/2013 10:00:00 AM,88,53,35
03/08/2013 11:00:00 AM,82,35,47
03/08/2013 12:00:00 PM,77,51,26
03/08/2013 01:00:00 PM,113,53,60
03/08/2013 02:00:00 PM,123,51,72
03/08/2013 03:00:00 PM,177,90,87
03/08/2013 04:00:00 PM,278,112,166
03/08/2013 05:00:00 PM,430,157,273
03/08/2013 06:00:00 PM,246,91,155
03/08/2013 07:00:00 PM,93,41,52
03/08/2013 08:00:00 PM,43,18,25
03/08/2013 09:00:00 PM,31,15,16
03/08/2013 10:00:00 PM,30,12,18
03/08/2013 11:00:00 PM,19,11,8
03/09/2013 12:00:00 AM,22,10,12
03/09/2013 01:00:00 AM,6,1,5
03/09/2013 02:00:00 AM,9,4,5
03/09/2013 03:00:00 AM,5,2,3
03/09/2013 04:00:00 AM,2,1,1
03/09/2013 05:00:00 AM,10,5,5
03/09/2013 06:00:00 AM,18,9,9
03/09/2013 07:00:00 AM,40,26,14
03/09/2013 08:00:00 AM,93,62,31
03/09/2013 09:00:00 AM,106,67,39
03/09/2013 10:00:00 AM,143,97,46
03/09/2013 11:00:00 AM,208,131,77
03/09/2013 12:00:00 PM,174,105,69
03/09/2013 01:00:00 PM,250,142,108
03/09/2013 02:00:00 PM,256,136,120
03/09/2013 03:00:00 PM,296,154,142
03/09/2013 04:00:00 PM,277,150,127
03/09/2013 05:00:00 PM,175,98,77
03/09/2013 06:00:00 PM,160,80,80
03/09/2013 07:00:00 PM,66,31,35
03/09/2013 08:00:00 PM,37,26,11
03/09/2013 09:00:00 PM,33,18,15
03/09/2013 10:00:00 PM,22,7,15
03/09/2013 11:00:00 PM,22,10,12
03/10/2013 12:00:00 AM,11,2,9
03/10/2013 01:00:00 AM,18,8,10
03/10/2013 02:00:00 AM,,,
03/10/2013 03:00:00 AM,11,2,9
03/10/2013 04:00:00 AM,0,0,0
03/10/2013 05:00:00 AM,2,1,1
03/10/2013 06:00:00 AM,6,1,5
03/10/2013 07:00:00 AM,18,10,8
03/10/2013 08:00:00 AM,34,20,14
03/10/2013 09:00:00 AM,63,38,25
03/10/2013 10:00:00 AM,88,67,21
03/10/2013 11:00:00 AM,65,43,22
03/10/2013 12:00:00 PM,100,60,40
03/10/2013 01:00:00 PM,105,56,49
03/10/2013 02:00:00 PM,104,65,39
03/10/2013 03:00:00 PM,93,45,48
03/10/2013 04:00:00 PM,122,66,56
03/10/2013 05:00:00 PM,68,38,30
03/10/2013 06:00:00 PM,58,27,31
03/10/2013 07:00:00 PM,17,10,7
03/10/2013 08:00:00 PM,15,8,7
03/10/2013 09:00:00 PM,12,7,5
03/10/2013 10:00:00 PM,25,16,9
03/10/2013 11:00:00 PM,11,4,7
03/11/2013 12:00:00 AM,10,7,3
03/11/2013 01:00:00 AM,6,3,3
03/11/2013 02:00:00 AM,1,1,0
03/11/2013 03:00:00 AM,3,1,2
03/11/2013 04:00:00 AM,8,4,4
03/11/2013 05:00:00 AM,26,20,6
03/11/2013 06:00:00 AM,103,72,31
03/11/2013 07:00:00 AM,185,138,47
03/11/2013 08:00:00 AM,319,216,103
03/11/2013 09:00:00 AM,187,115,72
03/11/2013 10:00:00 AM,75,47,28
03/11/2013 11:00:00 AM,51,30,21
03/11/2013 12:00:00 PM,56,33,23
03/11/2013 01:00:00 PM,64,36,28
03/11/2013 02:00:00 PM,65,36,29
03/11/2013 03:00:00 PM,86,33,53
03/11/2013 04:00:00 PM,196,83,113
03/11/2013 05:00:00 PM,338,102,236
03/11/2013 06:00:00 PM,247,80,167
03/11/2013 07:00:00 PM,94,42,52
03/11/2013 08:00:00 PM,53,14,39
03/11/2013 09:00:00 PM,26,13,13
03/11/2013 10:00:00 PM,30,11,19
03/11/2013 11:00:00 PM,21,7,14
03/12/2013 12:00:00 AM,9,5,4
03/12/2013 01:00:00 AM,2,0,2
03/12/2013 02:00:00 AM,4,1,3
03/12/2013 03:00:00 AM,0,0,0
03/12/2013 04:00:00 AM,6,4,2
03/12/2013 05:00:00 AM,22,17,5
03/12/2013 06:00:00 AM,98,69,29
03/12/2013 07:00:00 AM,199,146,53
03/12/2013 08:00:00 AM,263,171,92
03/12/2013 09:00:00 AM,157,104,53
03/12/2013 10:00:00 AM,69,45,24
03/12/2013 11:00:00 AM,49,26,23
03/12/2013 12:00:00 PM,45,25,20
03/12/2013 01:00:00 PM,54,27,27
03/12/2013 02:00:00 PM,62,28,34
03/12/2013 03:00:00 PM,86,33,53
03/12/2013 04:00:00 PM,134,56,78
03/12/2013 05:00:00 PM,283,82,201
03/12/2013 06:00:00 PM,215,69,146
03/12/2013 07:00:00 PM,102,42,60
03/12/2013 08:00:00 PM,46,18,28
03/12/2013 09:00:00 PM,42,10,32
03/12/2013 10:00:00 PM,19,8,11
03/12/2013 11:00:00 PM,14,8,6
03/13/2013 12:00:00 AM,5,1,4
03/13/2013 01:00:00 AM,1,1,0
03/13/2013 02:00:00 AM,1,1,0
03/13/2013 03:00:00 AM,3,2,1
03/13/2013 04:00:00 AM,6,4,2
03/13/2013 05:00:00 AM,17,12,5
03/13/2013 06:00:00 AM,78,51,27
03/13/2013 07:00:00 AM,182,127,55
03/13/2013 08:00:00 AM,282,193,89
03/13/2013 09:00:00 AM,189,115,74
03/13/2013 10:00:00 AM,65,46,19
03/13/2013 11:00:00 AM,35,18,17
03/13/2013 12:00:00 PM,26,13,13
03/13/2013 01:00:00 PM,40,24,16
03/13/2013 02:00:00 PM,34,14,20
03/13/2013 03:00:00 PM,46,21,25
03/13/2013 04:00:00 PM,128,51,77
03/13/2013 05:00:00 PM,299,84,215
03/13/2013 06:00:00 PM,216,70,146
03/13/2013 07:00:00 PM,123,34,89
03/13/2013 08:00:00 PM,42,21,21
03/13/2013 09:00:00 PM,34,7,27
03/13/2013 10:00:00 PM,29,16,13
03/13/2013 11:00:00 PM,13,9,4
03/14/2013 12:00:00 AM,4,2,2
03/14/2013 01:00:00 AM,3,2,1
03/14/2013 02:00:00 AM,3,0,3
03/14/2013 03:00:00 AM,2,1,1
03/14/2013 04:00:00 AM,5,4,1
03/14/2013 05:00:00 AM,26,19,7
03/14/2013 06:00:00 AM,85,61,24
03/14/2013 07:00:00 AM,208,145,63
03/14/2013 08:00:00 AM,305,207,98
03/14/2013 09:00:00 AM,183,132,51
03/14/2013 10:00:00 AM,78,49,29
03/14/2013 11:00:00 AM,47,33,14
03/14/2013 12:00:00 PM,59,31,28
03/14/2013 01:00:00 PM,63,26,37
03/14/2013 02:00:00 PM,75,39,36
03/14/2013 03:00:00 PM,77,38,39
03/14/2013 04:00:00 PM,161,70,91
03/14/2013 05:00:00 PM,341,106,235
03/14/2013 06:00:00 PM,249,85,164
03/14/2013 07:00:00 PM,107,41,66
03/14/2013 08:00:00 PM,56,22,34
03/14/2013 09:00:00 PM,31,11,20
03/14/2013 10:00:00 PM,23,8,15
03/14/2013 11:00:00 PM,11,7,4
03/15/2013 12:00:00 AM,12,6,6
03/15/2013 01:00:00 AM,9,4,5
03/15/2013 02:00:00 AM,4,4,0
03/15/2013 03:00:00 AM,3,2,1
03/15/2013 04:00:00 AM,3,2,1
03/15/2013 05:00:00 AM,17,9,8
03/15/2013 06:00:00 AM,86,64,22
03/15/2013 07:00:00 AM,172,122,50
03/15/2013 08:00:00 AM,277,185,92
03/15/2013 09:00:00 AM,185,114,71
03/15/2013 10:00:00 AM,78,51,27
03/15/2013 11:00:00 AM,76,47,29
03/15/2013 12:00:00 PM,69,41,28
03/15/2013 01:00:00 PM,88,44,44
03/15/2013 02:00:00 PM,94,54,40
03/15/2013 03:00:00 PM,106,55,51
03/15/2013 04:00:00 PM,215,90,125
03/15/2013 05:00:00 PM,365,112,253
03/15/2013 06:00:00 PM,253,82,171
03/15/2013 07:00:00 PM,100,34,66
03/15/2013 08:00:00 PM,57,20,37
03/15/2013 09:00:00 PM,37,13,24
03/15/2013 10:00:00 PM,26,7,19
03/15/2013 11:00:00 PM,23,10,13
03/16/2013 12:00:00 AM,15,7,8
03/16/2013 01:00:00 AM,10,2,8
03/16/2013 02:00:00 AM,11,3,8
03/16/2013 03:00:00 AM,5,2,3
03/16/2013 04:00:00 AM,3,2,1
03/16/2013 05:00:00 AM,9,5,4
03/16/2013 06:00:00 AM,19,10,9
03/16/2013 07:00:00 AM,37,15,22
03/16/2013 08:00:00 AM,64,40,24
03/16/2013 09:00:00 AM,84,49,35
03/16/2013 10:00:00 AM,82,47,35
03/16/2013 11:00:00 AM,85,49,36
03/16/2013 12:00:00 PM,90,60,30
03/16/2013 01:00:00 PM,78,53,25
03/16/2013 02:00:00 PM,71,41,30
03/16/2013 03:00:00 PM,80,41,39
03/16/2013 04:00:00 PM,83,51,32
03/16/2013 05:00:00 PM,65,36,29
03/16/2013 06:00:00 PM,56,22,34
03/16/2013 07:00:00 PM,34,22,12
03/16/2013 08:00:00 PM,28,9,19
03/16/2013 09:00:00 PM,21,13,8
03/16/2013 10:00:00 PM,19,9,10
03/16/2013 11:00:00 PM,14,7,7
03/17/2013 12:00:00 AM,8,3,5
03/17/2013 01:00:00 AM,8,4,4
03/17/2013 02:00:00 AM,6,4,2
03/17/2013 03:00:00 AM,4,3,1
03/17/2013 04:00:00 AM,4,3,1
03/17/2013 05:00:00 AM,1,1,0
03/17/2013 06:00:00 AM,12,5,7
03/17/2013 07:00:00 AM,28,22,6
03/17/2013 08:00:00 AM,36,24,12
03/17/2013 09:00:00 AM,91,51,40
03/17/2013 10:00:00 AM,102,63,39
03/17/2013 11:00:00 AM,135,75,60
03/17/2013 12:00:00 PM,139,79,60
03/17/2013 01:00:00 PM,143,74,69
03/17/2013 02:00:00 PM,157,101,56
03/17/2013 03:00:00 PM,147,90,57
03/17/2013 04:00:00 PM,102,51,51
03/17/2013 05:00:00 PM,46,26,20
03/17/2013 06:00:00 PM,51,32,19
03/17/2013 07:00:00 PM,23,12,11
03/17/2013 08:00:00 PM,21,9,12
03/17/2013 09:00:00 PM,9,6,3
03/17/2013 10:00:00 PM,11,3,8
03/17/2013 11:00:00 PM,11,4,7
03/18/2013 12:00:00 AM,6,3,3
03/18/2013 01:00:00 AM,4,1,3
03/18/2013 02:00:00 AM,4,3,1
03/18/2013 03:00:00 AM,1,0,1
03/18/2013 04:00:00 AM,6,4,2
03/18/2013 05:00:00 AM,23,16,7
03/18/2013 06:00:00 AM,98,68,30
03/18/2013 07:00:00 AM,210,155,55
03/18/2013 08:00:00 AM,305,198,107
03/18/2013 09:00:00 AM,178,107,71
03/18/2013 10:00:00 AM,64,44,20
03/18/2013 11:00:00 AM,75,48,27
03/18/2013 12:00:00 PM,60,37,23
03/18/2013 01:00:00 PM,75,41,34
03/18/2013 02:00:00 PM,81,35,46
03/18/2013 03:00:00 PM,106,49,57
03/18/2013 04:00:00 PM,167,70,97
03/18/2013 05:00:00 PM,392,124,268
03/18/2013 06:00:00 PM,272,93,179
03/18/2013 07:00:00 PM,119,32,87
03/18/2013 08:00:00 PM,50,18,32
03/18/2013 09:00:00 PM,40,21,19
03/18/2013 10:00:00 PM,32,8,24
03/18/2013 11:00:00 PM,13,6,7
03/19/2013 12:00:00 AM,11,4,7
03/19/2013 01:00:00 AM,5,2,3
03/19/2013 02:00:00 AM,4,4,0
03/19/2013 03:00:00 AM,1,0,1
03/19/2013 04:00:00 AM,3,2,1
03/19/2013 05:00:00 AM,21,15,6
03/19/2013 06:00:00 AM,107,81,26
03/19/2013 07:00:00 AM,235,172,63
03/19/2013 08:00:00 AM,347,241,106
03/19/2013 09:00:00 AM,195,124,71
03/19/2013 10:00:00 AM,76,54,22
03/19/2013 11:00:00 AM,56,30,26
03/19/2013 12:00:00 PM,78,47,31
03/19/2013 01:00:00 PM,64,35,29
03/19/2013 02:00:00 PM,72,32,40
03/19/2013 03:00:00 PM,89,35,54
03/19/2013 04:00:00 PM,166,58,108
03/19/2013 05:00:00 PM,326,104,222
03/19/2013 06:00:00 PM,252,77,175
03/19/2013 07:00:00 PM,104,35,69
03/19/2013 08:00:00 PM,48,17,31
03/19/2013 09:00:00 PM,26,12,14
03/19/2013 10:00:00 PM,18,8,10
03/19/2013 11:00:00 PM,8,3,5
03/20/2013 12:00:00 AM,5,1,4
03/20/2013 01:00:00 AM,3,3,0
03/20/2013 02:00:00 AM,1,1,0
03/20/2013 03:00:00 AM,1,0,1
03/20/2013 04:00:00 AM,6,4,2
03/20/2013 05:00:00 AM,10,6,4
03/20/2013 06:00:00 AM,43,29,14
03/20/2013 07:00:00 AM,113,79,34
03/20/2013 08:00:00 AM,181,123,58
03/20/2013 09:00:00 AM,124,86,38
03/20/2013 10:00:00 AM,38,27,11
03/20/2013 11:00:00 AM,40,21,19
03/20/2013 12:00:00 PM,28,17,11
03/20/2013 01:00:00 PM,26,13,13
03/20/2013 02:00:00 PM,41,18,23
03/20/2013 03:00:00 PM,67,32,35
03/20/2013 04:00:00 PM,116,50,66
03/20/2013 05:00:00 PM,250,101,149
03/20/2013 06:00:00 PM,187,67,120
03/20/2013 07:00:00 PM,100,30,70
03/20/2013 08:00:00 PM,53,28,25
03/20/2013 09:00:00 PM,37,16,21
03/20/2013 10:00:00 PM,27,10,17
03/20/2013 11:00:00 PM,10,5,5
03/21/2013 12:00:00 AM,2,2,0
03/21/2013 01:00:00 AM,5,3,2
03/21/2013 02:00:00 AM,3,2,1
03/21/2013 03:00:00 AM,2,0,2
03/21/2013 04:00:00 AM,5,3,2
03/21/2013 05:00:00 AM,15,12,3
03/21/2013 06:00:00 AM,79,57,22
03/21/2013 07:00:00 AM,173,123,50
03/21/2013 08:00:00 AM,266,172,94
03/21/2013 09:00:00 AM,143,95,48
03/21/2013 10:00:00 AM,106,53,53
03/21/2013 11:00:00 AM,70,37,33
03/21/2013 12:00:00 PM,51,35,16
03/21/2013 01:00:00 PM,63,32,31
03/21/2013 02:00:00 PM,65,39,26
03/21/2013 03:00:00 PM,80,33,47
03/21/2013 04:00:00 PM,112,46,66
03/21/2013 05:00:00 PM,273,87,186
03/21/2013 06:00:00 PM,212,61,151
03/21/2013 07:00:00 PM,84,24,60
03/21/2013 08:00:00 PM,45,21,24
03/21/2013 09:00:00 PM,29,13,16
03/21/2013 10:00:00 PM,23,7,16
03/21/2013 11:00:00 PM,18,6,12
03/22/2013 12:00:00 AM,6,2,4
03/22/2013 01:00:00 AM,3,0,3
03/22/2013 02:00:00 AM,7,3,4
03/22/2013 03:00:00 AM,2,1,1
03/22/2013 04:00:00 AM,5,5,0
03/22/2013 05:00:00 AM,23,11,12
03/22/2013 06:00:00 AM,87,61,26
03/22/2013 07:00:00 AM,148,101,47
03/22/2013 08:00:00 AM,231,170,61
03/22/2013 09:00:00 AM,118,80,38
03/22/2013 10:00:00 AM,52,29,23
03/22/2013 11:00:00 AM,39,24,15
03/22/2013 12:00:00 PM,40,22,18
03/22/2013 01:00:00 PM,67,31,36
03/22/2013 02:00:00 PM,71,29,42
03/22/2013 03:00:00 PM,99,52,47
03/22/2013 04:00:00 PM,174,77,97
03/22/2013 05:00:00 PM,266,76,190
03/22/2013 06:00:00 PM,188,70,118
03/22/2013 07:00:00 PM,95,38,57
03/22/2013 08:00:00 PM,47,18,29
03/22/2013 09:00:00 PM,47,14,33
03/22/2013 10:00:00 PM,30,7,23
03/22/2013 11:00:00 PM,17,7,10
03/23/2013 12:00:00 AM,29,24,5
03/23/2013 01:00:00 AM,5,2,3
03/23/2013 02:00:00 AM,12,8,4
03/23/2013 03:00:00 AM,6,3,3
03/23/2013 04:00:00 AM,4,1,3
03/23/2013 05:00:00 AM,5,3,2
03/23/2013 06:00:00 AM,17,10,7
03/23/2013 07:00:00 AM,38,22,16
03/23/2013 08:00:00 AM,58,25,33
03/23/2013 09:00:00 AM,66,39,27
03/23/2013 10:00:00 AM,105,68,37
03/23/2013 11:00:00 AM,112,59,53
03/23/2013 12:00:00 PM,120,82,38
03/23/2013 01:00:00 PM,162,77,85
03/23/2013 02:00:00 PM,203,109,94
03/23/2013 03:00:00 PM,202,114,88
03/23/2013 04:00:00 PM,164,91,73
03/23/2013 05:00:00 PM,155,82,73
03/23/2013 06:00:00 PM,108,60,48
03/23/2013 07:00:00 PM,56,35,21
03/23/2013 08:00:00 PM,50,24,26
03/23/2013 09:00:00 PM,24,11,13
03/23/2013 10:00:00 PM,29,15,14
03/23/2013 11:00:00 PM,22,7,15
03/24/2013 12:00:00 AM,12,4,8
03/24/2013 01:00:00 AM,7,7,0
03/24/2013 02:00:00 AM,6,1,5
03/24/2013 03:00:00 AM,4,3,1
03/24/2013 04:00:00 AM,2,0,2
03/24/2013 05:00:00 AM,3,2,1
03/24/2013 06:00:00 AM,9,3,6
03/24/2013 07:00:00 AM,20,11,9
03/24/2013 08:00:00 AM,43,26,17
03/24/2013 09:00:00 AM,66,35,31
03/24/2013 10:00:00 AM,91,53,38
03/24/2013 11:00:00 AM,103,61,42
03/24/2013 12:00:00 PM,128,60,68
03/24/2013 01:00:00 PM,127,66,61
03/24/2013 02:00:00 PM,149,75,74
03/24/2013 03:00:00 PM,116,70,46
03/24/2013 04:00:00 PM,172,103,69
03/24/2013 05:00:00 PM,113,61,52
03/24/2013 06:00:00 PM,82,49,33
03/24/2013 07:00:00 PM,45,27,18
03/24/2013 08:00:00 PM,39,20,19
03/24/2013 09:00:00 PM,12,8,4
03/24/2013 10:00:00 PM,13,6,7
03/24/2013 11:00:00 PM,23,15,8
03/25/2013 12:00:00 AM,8,3,5
03/25/2013 01:00:00 AM,2,2,0
03/25/2013 02:00:00 AM,1,1,0
03/25/2013 03:00:00 AM,3,1,2
03/25/2013 04:00:00 AM,8,5,3
03/25/2013 05:00:00 AM,23,13,10
03/25/2013 06:00:00 AM,117,82,35
03/25/2013 07:00:00 AM,267,194,73
03/25/2013 08:00:00 AM,379,271,108
03/25/2013 09:00:00 AM,232,140,92
03/25/2013 10:00:00 AM,86,48,38
03/25/2013 11:00:00 AM,66,37,29
03/25/2013 12:00:00 PM,100,58,42
03/25/2013 01:00:00 PM,106,60,46
03/25/2013 02:00:00 PM,135,70,65
03/25/2013 03:00:00 PM,171,85,86
03/25/2013 04:00:00 PM,276,135,141
03/25/2013 05:00:00 PM,483,150,333
03/25/2013 06:00:00 PM,355,125,230
03/25/2013 07:00:00 PM,180,66,114
03/25/2013 08:00:00 PM,73,23,50
03/25/2013 09:00:00 PM,40,14,26
03/25/2013 10:00:00 PM,35,13,22
03/25/2013 11:00:00 PM,13,3,10
03/26/2013 12:00:00 AM,13,6,7
03/26/2013 01:00:00 AM,5,2,3
03/26/2013 02:00:00 AM,2,2,0
03/26/2013 03:00:00 AM,2,0,2
03/26/2013 04:00:00 AM,8,5,3
03/26/2013 05:00:00 AM,24,16,8
03/26/2013 06:00:00 AM,124,87,37
03/26/2013 07:00:00 AM,290,210,80
03/26/2013 08:00:00 AM,412,297,115
03/26/2013 09:00:00 AM,206,135,71
03/26/2013 10:00:00 AM,74,46,28
03/26/2013 11:00:00 AM,64,39,25
03/26/2013 12:00:00 PM,57,37,20
03/26/2013 01:00:00 PM,81,49,32
03/26/2013 02:00:00 PM,81,36,45
03/26/2013 03:00:00 PM,139,63,76
03/26/2013 04:00:00 PM,219,97,122
03/26/2013 05:00:00 PM,503,155,348
03/26/2013 06:00:00 PM,359,132,227
03/26/2013 07:00:00 PM,174,74,100
03/26/2013 08:00:00 PM,77,33,44
03/26/2013 09:00:00 PM,56,26,30
03/26/2013 10:00:00 PM,26,9,17
03/26/2013 11:00:00 PM,19,7,12
03/27/2013 12:00:00 AM,12,8,4
03/27/2013 01:00:00 AM,5,1,4
03/27/2013 02:00:00 AM,4,3,1
03/27/2013 03:00:00 AM,2,0,2
03/27/2013 04:00:00 AM,10,8,2
03/27/2013 05:00:00 AM,30,21,9
03/27/2013 06:00:00 AM,110,84,26
03/27/2013 07:00:00 AM,280,207,73
03/27/2013 08:00:00 AM,341,238,103
03/27/2013 09:00:00 AM,212,137,75
03/27/2013 10:00:00 AM,97,54,43
03/27/2013 11:00:00 AM,67,38,29
03/27/2013 12:00:00 PM,72,37,35
03/27/2013 01:00:00 PM,75,40,35
03/27/2013 02:00:00 PM,87,39,48
03/27/2013 03:00:00 PM,105,51,54
03/27/2013 04:00:00 PM,167,65,102
03/27/2013 05:00:00 PM,357,109,248
03/27/2013 06:00:00 PM,289,100,189
03/27/2013 07:00:00 PM,136,51,85
03/27/2013 08:00:00 PM,81,27,54
03/27/2013 09:00:00 PM,37,17,20
03/27/2013 10:00:00 PM,30,13,17
03/27/2013 11:00:00 PM,11,5,6
03/28/2013 12:00:00 AM,10,6,4
03/28/2013 01:00:00 AM,3,3,0
03/28/2013 02:00:00 AM,3,0,3
03/28/2013 03:00:00 AM,3,1,2
03/28/2013 04:00:00 AM,9,9,0
03/28/2013 05:00:00 AM,21,16,5
03/28/2013 06:00:00 AM,84,54,30
03/28/2013 07:00:00 AM,207,146,61
03/28/2013 08:00:00 AM,303,209,94
03/28/2013 09:00:00 AM,189,125,64
03/28/2013 10:00:00 AM,78,41,37
03/28/2013 11:00:00 AM,63,33,30
03/28/2013 12:00:00 PM,71,49,22
03/28/2013 01:00:00 PM,70,38,32
03/28/2013 02:00:00 PM,80,37,43
03/28/2013 03:00:00 PM,152,79,73
03/28/2013 04:00:00 PM,236,127,109
03/28/2013 05:00:00 PM,420,122,298
03/28/2013 06:00:00 PM,337,129,208
03/28/2013 07:00:00 PM,156,70,86
03/28/2013 08:00:00 PM,90,38,52
03/28/2013 09:00:00 PM,43,19,24
03/28/2013 10:00:00 PM,55,25,30
03/28/2013 11:00:00 PM,23,8,15
03/29/2013 12:00:00 AM,14,6,8
03/29/2013 01:00:00 AM,4,3,1
03/29/2013 02:00:00 AM,3,1,2
03/29/2013 03:00:00 AM,0,0,0
03/29/2013 04:00:00 AM,2,1,1
03/29/2013 05:00:00 AM,20,14,6
03/29/2013 06:00:00 AM,110,73,37
03/29/2013 07:00:00 AM,243,165,78
03/29/2013 08:00:00 AM,349,256,93
03/29/2013 09:00:00 AM,221,144,77
03/29/2013 10:00:00 AM,129,80,49
03/29/2013 11:00:00 AM,91,53,38
03/29/2013 12:00:00 PM,115,60,55
03/29/2013 01:00:00 PM,137,68,69
03/29/2013 02:00:00 PM,168,95,73
03/29/2013 03:00:00 PM,185,96,89
03/29/2013 04:00:00 PM,302,126,176
03/29/2013 05:00:00 PM,456,173,283
03/29/2013 06:00:00 PM,320,138,182
03/29/2013 07:00:00 PM,138,50,88
03/29/2013 08:00:00 PM,76,34,42
03/29/2013 09:00:00 PM,45,16,29
03/29/2013 10:00:00 PM,47,19,28
03/29/2013 11:00:00 PM,32,10,22
03/30/2013 12:00:00 AM,21,12,9
03/30/2013 01:00:00 AM,10,7,3
03/30/2013 02:00:00 AM,8,5,3
03/30/2013 03:00:00 AM,4,2,2
03/30/2013 04:00:00 AM,1,0,1
03/30/2013 05:00:00 AM,6,4,2
03/30/2013 06:00:00 AM,19,11,8
03/30/2013 07:00:00 AM,41,18,23
03/30/2013 08:00:00 AM,84,56,28
03/30/2013 09:00:00 AM,120,70,50
03/30/2013 10:00:00 AM,168,82,86
03/30/2013 11:00:00 AM,173,109,64
03/30/2013 12:00:00 PM,250,149,101
03/30/2013 01:00:00 PM,228,122,106
03/30/2013 02:00:00 PM,269,140,129
03/30/2013 03:00:00 PM,244,146,98
03/30/2013 04:00:00 PM,219,132,87
03/30/2013 05:00:00 PM,238,120,118
03/30/2013 06:00:00 PM,158,72,86
03/30/2013 07:00:00 PM,89,46,43
03/30/2013 08:00:00 PM,52,28,24
03/30/2013 09:00:00 PM,28,12,16
03/30/2013 10:00:00 PM,40,17,23
03/30/2013 11:00:00 PM,27,5,22
03/31/2013 12:00:00 AM,19,14,5
03/31/2013 01:00:00 AM,11,2,9
03/31/2013 02:00:00 AM,11,4,7
03/31/2013 03:00:00 AM,4,3,1
03/31/2013 04:00:00 AM,7,3,4
03/31/2013 05:00:00 AM,1,1,0
03/31/2013 06:00:00 AM,12,5,7
03/31/2013 07:00:00 AM,26,13,13
03/31/2013 08:00:00 AM,44,25,19
03/31/2013 09:00:00 AM,107,51,56
03/31/2013 10:00:00 AM,163,96,67
03/31/2013 11:00:00 AM,185,93,92
03/31/2013 12:00:00 PM,196,99,97
03/31/2013 01:00:00 PM,282,154,128
03/31/2013 02:00:00 PM,249,148,101
03/31/2013 03:00:00 PM,251,128,123
03/31/2013 04:00:00 PM,217,113,104
03/31/2013 05:00:00 PM,204,103,101
03/31/2013 06:00:00 PM,170,101,69
03/31/2013 07:00:00 PM,89,46,43
03/31/2013 08:00:00 PM,49,37,12
03/31/2013 09:00:00 PM,37,21,16
03/31/2013 10:00:00 PM,18,11,7
03/31/2013 11:00:00 PM,11,4,7
04/01/2013 12:00:00 AM,6,4,2
04/01/2013 01:00:00 AM,2,0,2
04/01/2013 02:00:00 AM,3,1,2
04/01/2013 03:00:00 AM,1,0,1
04/01/2013 04:00:00 AM,6,3,3
04/01/2013 05:00:00 AM,28,21,7
04/01/2013 06:00:00 AM,122,92,30
04/01/2013 07:00:00 AM,345,243,102
04/01/2013 08:00:00 AM,433,297,136
04/01/2013 09:00:00 AM,241,167,74
04/01/2013 10:00:00 AM,83,49,34
04/01/2013 11:00:00 AM,64,34,30
04/01/2013 12:00:00 PM,68,37,31
04/01/2013 01:00:00 PM,85,46,39
04/01/2013 02:00:00 PM,88,44,44
04/01/2013 03:00:00 PM,128,70,58
04/01/2013 04:00:00 PM,248,109,139
04/01/2013 05:00:00 PM,557,163,394
04/01/2013 06:00:00 PM,381,132,249
04/01/2013 07:00:00 PM,182,70,112
04/01/2013 08:00:00 PM,91,39,52
04/01/2013 09:00:00 PM,40,23,17
04/01/2013 10:00:00 PM,21,5,16
04/01/2013 11:00:00 PM,25,5,20
04/02/2013 12:00:00 AM,10,7,3
04/02/2013 01:00:00 AM,5,2,3
04/02/2013 02:00:00 AM,4,2,2
04/02/2013 03:00:00 AM,1,0,1
04/02/2013 04:00:00 AM,3,1,2
04/02/2013 05:00:00 AM,36,25,11
04/02/2013 06:00:00 AM,123,83,40
04/02/2013 07:00:00 AM,312,231,81
04/02/2013 08:00:00 AM,464,339,125
04/02/2013 09:00:00 AM,262,151,111
04/02/2013 10:00:00 AM,81,46,35
04/02/2013 11:00:00 AM,70,40,30
04/02/2013 12:00:00 PM,65,34,31
04/02/2013 01:00:00 PM,90,56,34
04/02/2013 02:00:00 PM,118,49,69
04/02/2013 03:00:00 PM,126,58,68
04/02/2013 04:00:00 PM,241,100,141
04/02/2013 05:00:00 PM,531,171,360
04/02/2013 06:00:00 PM,399,144,255
04/02/2013 07:00:00 PM,156,65,91
04/02/2013 08:00:00 PM,75,26,49
04/02/2013 09:00:00 PM,67,31,36
04/02/2013 10:00:00 PM,32,16,16
04/02/2013 11:00:00 PM,16,8,8
04/03/2013 12:00:00 AM,13,6,7
04/03/2013 01:00:00 AM,9,7,2
04/03/2013 02:00:00 AM,3,2,1
04/03/2013 03:00:00 AM,3,1,2
04/03/2013 04:00:00 AM,9,7,2
04/03/2013 05:00:00 AM,24,15,9
04/03/2013 06:00:00 AM,108,76,32
04/03/2013 07:00:00 AM,333,236,97
04/03/2013 08:00:00 AM,429,294,135
04/03/2013 09:00:00 AM,230,142,88
04/03/2013 10:00:00 AM,108,66,42
04/03/2013 11:00:00 AM,103,58,45
04/03/2013 12:00:00 PM,113,59,54
04/03/2013 01:00:00 PM,105,58,47
04/03/2013 02:00:00 PM,108,52,56
04/03/2013 03:00:00 PM,132,66,66
04/03/2013 04:00:00 PM,288,115,173
04/03/2013 05:00:00 PM,527,158,369
04/03/2013 06:00:00 PM,412,149,263
04/03/2013 07:00:00 PM,210,86,124
04/03/2013 08:00:00 PM,97,36,61
04/03/2013 09:00:00 PM,65,25,40
04/03/2013 10:00:00 PM,35,15,20
04/03/2013 11:00:00 PM,22,10,12
04/04/2013 12:00:00 AM,10,5,5
04/04/2013 01:00:00 AM,5,2,3
04/04/2013 02:00:00 AM,8,2,6
04/04/2013 03:00:00 AM,2,0,2
04/04/2013 04:00:00 AM,4,3,1
04/04/2013 05:00:00 AM,30,21,9
04/04/2013 06:00:00 AM,104,73,31
04/04/2013 07:00:00 AM,220,154,66
04/04/2013 08:00:00 AM,300,210,90
04/04/2013 09:00:00 AM,159,93,66
04/04/2013 10:00:00 AM,86,58,28
04/04/2013 11:00:00 AM,53,32,21
04/04/2013 12:00:00 PM,35,20,15
04/04/2013 01:00:00 PM,40,20,20
04/04/2013 02:00:00 PM,57,19,38
04/04/2013 03:00:00 PM,59,22,37
04/04/2013 04:00:00 PM,131,49,82
04/04/2013 05:00:00 PM,265,79,186
04/04/2013 06:00:00 PM,254,93,161
04/04/2013 07:00:00 PM,76,20,56
04/04/2013 08:00:00 PM,36,13,23
04/04/2013 09:00:00 PM,36,10,26
04/04/2013 10:00:00 PM,18,8,10
04/04/2013 11:00:00 PM,19,10,9
04/05/2013 12:00:00 AM,6,5,1
04/05/2013 01:00:00 AM,3,1,2
04/05/2013 02:00:00 AM,3,2,1
04/05/2013 03:00:00 AM,0,0,0
04/05/2013 04:00:00 AM,2,1,1
04/05/2013 05:00:00 AM,15,7,8
04/05/2013 06:00:00 AM,65,43,22
04/05/2013 07:00:00 AM,148,95,53
04/05/2013 08:00:00 AM,273,189,84
04/05/2013 09:00:00 AM,140,99,41
04/05/2013 10:00:00 AM,73,32,41
04/05/2013 11:00:00 AM,59,38,21
04/05/2013 12:00:00 PM,71,42,29
04/05/2013 01:00:00 PM,53,31,22
04/05/2013 02:00:00 PM,72,33,39
04/05/2013 03:00:00 PM,84,38,46
04/05/2013 04:00:00 PM,156,63,93
04/05/2013 05:00:00 PM,289,76,213
04/05/2013 06:00:00 PM,161,55,106
04/05/2013 07:00:00 PM,69,33,36
04/05/2013 08:00:00 PM,34,7,27
04/05/2013 09:00:00 PM,27,10,17
04/05/2013 10:00:00 PM,20,6,14
04/05/2013 11:00:00 PM,19,8,11
04/06/2013 12:00:00 AM,8,3,5
04/06/2013 01:00:00 AM,3,2,1
04/06/2013 02:00:00 AM,3,2,1
04/06/2013 03:00:00 AM,3,3,0
04/06/2013 04:00:00 AM,2,1,1
04/06/2013 05:00:00 AM,4,3,1
04/06/2013 06:00:00 AM,18,9,9
04/06/2013 07:00:00 AM,20,13,7
04/06/2013 08:00:00 AM,57,29,28
04/06/2013 09:00:00 AM,63,36,27
04/06/2013 10:00:00 AM,103,64,39
04/06/2013 11:00:00 AM,88,51,37
04/06/2013 12:00:00 PM,64,38,26
04/06/2013 01:00:00 PM,21,12,9
04/06/2013 02:00:00 PM,43,18,25
04/06/2013 03:00:00 PM,49,21,28
04/06/2013 04:00:00 PM,68,33,35
04/06/2013 05:00:00 PM,41,24,17
04/06/2013 06:00:00 PM,38,22,16
04/06/2013 07:00:00 PM,31,19,12
04/06/2013 08:00:00 PM,21,10,11
04/06/2013 09:00:00 PM,20,7,13
04/06/2013 10:00:00 PM,13,5,8
04/06/2013 11:00:00 PM,8,4,4
04/07/2013 12:00:00 AM,4,2,2
04/07/2013 01:00:00 AM,7,4,3
04/07/2013 02:00:00 AM,4,1,3
04/07/2013 03:00:00 AM,5,1,4
04/07/2013 04:00:00 AM,3,0,3
04/07/2013 05:00:00 AM,2,2,0
04/07/2013 06:00:00 AM,6,2,4
04/07/2013 07:00:00 AM,8,5,3
04/07/2013 08:00:00 AM,25,12,13
04/07/2013 09:00:00 AM,70,63,7
04/07/2013 10:00:00 AM,63,19,44
04/07/2013 11:00:00 AM,34,21,13
04/07/2013 12:00:00 PM,44,28,16
04/07/2013 01:00:00 PM,34,16,18
04/07/2013 02:00:00 PM,41,21,20
04/07/2013 03:00:00 PM,41,20,21
04/07/2013 04:00:00 PM,44,25,19
04/07/2013 05:00:00 PM,41,23,18
04/07/2013 06:00:00 PM,30,11,19
04/07/2013 07:00:00 PM,28,15,13
04/07/2013 08:00:00 PM,13,5,8
04/07/2013 09:00:00 PM,11,7,4
04/07/2013 10:00:00 PM,13,9,4
04/07/2013 11:00:00 PM,6,2,4
04/08/2013 12:00:00 AM,4,3,1
04/08/2013 01:00:00 AM,2,1,1
04/08/2013 02:00:00 AM,3,3,0
04/08/2013 03:00:00 AM,0,0,0
04/08/2013 04:00:00 AM,7,5,2
04/08/2013 05:00:00 AM,17,14,3
04/08/2013 06:00:00 AM,97,72,25
04/08/2013 07:00:00 AM,233,171,62
04/08/2013 08:00:00 AM,345,233,112
04/08/2013 09:00:00 AM,187,125,62
04/08/2013 10:00:00 AM,88,57,31
04/08/2013 11:00:00 AM,65,38,27
04/08/2013 12:00:00 PM,76,32,44
04/08/2013 01:00:00 PM,80,46,34
04/08/2013 02:00:00 PM,98,45,53
04/08/2013 03:00:00 PM,113,50,63
04/08/2013 04:00:00 PM,199,89,110
04/08/2013 05:00:00 PM,447,135,312
04/08/2013 06:00:00 PM,308,96,212
04/08/2013 07:00:00 PM,156,53,103
04/08/2013 08:00:00 PM,65,29,36
04/08/2013 09:00:00 PM,49,22,27
04/08/2013 10:00:00 PM,26,9,17
04/08/2013 11:00:00 PM,24,6,18
04/09/2013 12:00:00 AM,14,7,7
04/09/2013 01:00:00 AM,5,2,3
04/09/2013 02:00:00 AM,2,1,1
04/09/2013 03:00:00 AM,3,3,0
04/09/2013 04:00:00 AM,7,5,2
04/09/2013 05:00:00 AM,22,16,6
04/09/2013 06:00:00 AM,125,82,43
04/09/2013 07:00:00 AM,321,238,83
04/09/2013 08:00:00 AM,355,257,98
04/09/2013 09:00:00 AM,218,139,79
04/09/2013 10:00:00 AM,107,72,35
04/09/2013 11:00:00 AM,62,34,28
04/09/2013 12:00:00 PM,49,22,27
04/09/2013 01:00:00 PM,65,39,26
04/09/2013 02:00:00 PM,81,41,40
04/09/2013 03:00:00 PM,114,58,56
04/09/2013 04:00:00 PM,232,90,142
04/09/2013 05:00:00 PM,474,126,348
04/09/2013 06:00:00 PM,335,122,213
04/09/2013 07:00:00 PM,143,72,71
04/09/2013 08:00:00 PM,67,30,37
04/09/2013 09:00:00 PM,53,20,33
04/09/2013 10:00:00 PM,31,21,10
04/09/2013 11:00:00 PM,15,7,8
04/10/2013 12:00:00 AM,11,5,6
04/10/2013 01:00:00 AM,4,1,3
04/10/2013 02:00:00 AM,3,2,1
04/10/2013 03:00:00 AM,1,0,1
04/10/2013 04:00:00 AM,9,8,1
04/10/2013 05:00:00 AM,32,21,11
04/10/2013 06:00:00 AM,105,68,37
04/10/2013 07:00:00 AM,194,131,63
04/10/2013 08:00:00 AM,252,169,83
04/10/2013 09:00:00 AM,117,81,36
04/10/2013 10:00:00 AM,49,35,14
04/10/2013 11:00:00 AM,27,9,18
04/10/2013 12:00:00 PM,50,28,22
04/10/2013 01:00:00 PM,65,40,25
04/10/2013 02:00:00 PM,72,32,40
04/10/2013 03:00:00 PM,88,47,41
04/10/2013 04:00:00 PM,164,66,98
04/10/2013 05:00:00 PM,312,93,219
04/10/2013 06:00:00 PM,272,107,165
04/10/2013 07:00:00 PM,120,48,72
04/10/2013 08:00:00 PM,71,23,48
04/10/2013 09:00:00 PM,48,25,23
04/10/2013 10:00:00 PM,27,13,14
04/10/2013 11:00:00 PM,20,7,13
04/11/2013 12:00:00 AM,29,26,3
04/11/2013 01:00:00 AM,14,4,10
04/11/2013 02:00:00 AM,4,3,1
04/11/2013 03:00:00 AM,4,0,4
04/11/2013 04:00:00 AM,3,3,0
04/11/2013 05:00:00 AM,32,23,9
04/11/2013 06:00:00 AM,116,83,33
04/11/2013 07:00:00 AM,231,162,69
04/11/2013 08:00:00 AM,360,251,109
04/11/2013 09:00:00 AM,143,98,45
04/11/2013 10:00:00 AM,59,32,27
04/11/2013 11:00:00 AM,53,36,17
04/11/2013 12:00:00 PM,46,29,17
04/11/2013 01:00:00 PM,61,31,30
04/11/2013 02:00:00 PM,63,32,31
04/11/2013 03:00:00 PM,90,54,36
04/11/2013 04:00:00 PM,202,83,119
04/11/2013 05:00:00 PM,379,115,264
04/11/2013 06:00:00 PM,302,94,208
04/11/2013 07:00:00 PM,124,51,73
04/11/2013 08:00:00 PM,89,35,54
04/11/2013 09:00:00 PM,36,14,22
04/11/2013 10:00:00 PM,38,15,23
04/11/2013 11:00:00 PM,21,10,11
04/12/2013 12:00:00 AM,3,2,1
04/12/2013 01:00:00 AM,15,11,4
04/12/2013 02:00:00 AM,3,1,2
04/12/2013 03:00:00 AM,0,0,0
04/12/2013 04:00:00 AM,3,2,1
04/12/2013 05:00:00 AM,21,14,7
04/12/2013 06:00:00 AM,95,62,33
04/12/2013 07:00:00 AM,223,161,62
04/12/2013 08:00:00 AM,311,221,90
04/12/2013 09:00:00 AM,182,118,64
04/12/2013 10:00:00 AM,90,58,32
04/12/2013 11:00:00 AM,76,46,30
04/12/2013 12:00:00 PM,66,37,29
04/12/2013 01:00:00 PM,70,33,37
04/12/2013 02:00:00 PM,54,25,29
04/12/2013 03:00:00 PM,58,22,36
04/12/2013 04:00:00 PM,157,44,113
04/12/2013 05:00:00 PM,277,78,199
04/12/2013 06:00:00 PM,192,56,136
04/12/2013 07:00:00 PM,60,21,39
04/12/2013 08:00:00 PM,36,8,28
04/12/2013 09:00:00 PM,16,7,9
04/12/2013 10:00:00 PM,16,8,8
04/12/2013 11:00:00 PM,21,12,9
04/13/2013 12:00:00 AM,9,4,5
04/13/2013 01:00:00 AM,7,1,6
04/13/2013 02:00:00 AM,2,1,1
04/13/2013 03:00:00 AM,3,3,0
04/13/2013 04:00:00 AM,1,0,1
04/13/2013 05:00:00 AM,6,6,0
04/13/2013 06:00:00 AM,12,7,5
04/13/2013 07:00:00 AM,24,13,11
04/13/2013 08:00:00 AM,57,30,27
04/13/2013 09:00:00 AM,64,36,28
04/13/2013 10:00:00 AM,68,46,22
04/13/2013 11:00:00 AM,86,52,34
04/13/2013 12:00:00 PM,93,62,31
04/13/2013 01:00:00 PM,71,45,26
04/13/2013 02:00:00 PM,73,43,30
04/13/2013 03:00:00 PM,79,48,31
04/13/2013 04:00:00 PM,48,23,25
04/13/2013 05:00:00 PM,37,19,18
04/13/2013 06:00:00 PM,39,14,25
04/13/2013 07:00:00 PM,14,8,6
04/13/2013 08:00:00 PM,15,7,8
04/13/2013 09:00:00 PM,12,6,6
04/13/2013 10:00:00 PM,16,7,9
04/13/2013 11:00:00 PM,10,5,5
04/14/2013 12:00:00 AM,7,3,4
04/14/2013 01:00:00 AM,2,2,0
04/14/2013 02:00:00 AM,5,2,3
04/14/2013 03:00:00 AM,3,1,2
04/14/2013 04:00:00 AM,3,1,2
04/14/2013 05:00:00 AM,2,2,0
04/14/2013 06:00:00 AM,4,1,3
04/14/2013 07:00:00 AM,18,11,7
04/14/2013 08:00:00 AM,27,7,20
04/14/2013 09:00:00 AM,64,42,22
04/14/2013 10:00:00 AM,78,39,39
04/14/2013 11:00:00 AM,109,61,48
04/14/2013 12:00:00 PM,144,73,71
04/14/2013 01:00:00 PM,143,83,60
04/14/2013 02:00:00 PM,158,83,75
04/14/2013 03:00:00 PM,161,81,80
04/14/2013 04:00:00 PM,151,91,60
04/14/2013 05:00:00 PM,137,76,61
04/14/2013 06:00:00 PM,104,58,46
04/14/2013 07:00:00 PM,64,45,19
04/14/2013 08:00:00 PM,34,28,6
04/14/2013 09:00:00 PM,23,14,9
04/14/2013 10:00:00 PM,14,4,10
04/14/2013 11:00:00 PM,9,4,5
04/15/2013 12:00:00 AM,8,6,2
04/15/2013 01:00:00 AM,4,3,1
04/15/2013 02:00:00 AM,1,1,0
04/15/2013 03:00:00 AM,2,2,0
04/15/2013 04:00:00 AM,7,6,1
04/15/2013 05:00:00 AM,28,23,5
04/15/2013 06:00:00 AM,119,88,31
04/15/2013 07:00:00 AM,224,158,66
04/15/2013 08:00:00 AM,307,219,88
04/15/2013 09:00:00 AM,204,126,78
04/15/2013 10:00:00 AM,90,57,33
04/15/2013 11:00:00 AM,70,47,23
04/15/2013 12:00:00 PM,70,49,21
04/15/2013 01:00:00 PM,69,38,31
04/15/2013 02:00:00 PM,97,48,49
04/15/2013 03:00:00 PM,113,63,50
04/15/2013 04:00:00 PM,217,99,118
04/15/2013 05:00:00 PM,410,143,267
04/15/2013 06:00:00 PM,372,138,234
04/15/2013 07:00:00 PM,127,55,72
04/15/2013 08:00:00 PM,67,27,40
04/15/2013 09:00:00 PM,39,17,22
04/15/2013 10:00:00 PM,28,14,14
04/15/2013 11:00:00 PM,14,6,8
04/16/2013 12:00:00 AM,12,4,8
04/16/2013 01:00:00 AM,3,1,2
04/16/2013 02:00:00 AM,1,1,0
04/16/2013 03:00:00 AM,0,0,0
04/16/2013 04:00:00 AM,6,5,1
04/16/2013 05:00:00 AM,27,21,6
04/16/2013 06:00:00 AM,129,87,42
04/16/2013 07:00:00 AM,298,215,83
04/16/2013 08:00:00 AM,352,235,117
04/16/2013 09:00:00 AM,211,124,87
04/16/2013 10:00:00 AM,71,42,29
04/16/2013 11:00:00 AM,81,53,28
04/16/2013 12:00:00 PM,74,43,31
04/16/2013 01:00:00 PM,82,47,35
04/16/2013 02:00:00 PM,113,58,55
04/16/2013 03:00:00 PM,150,72,78
04/16/2013 04:00:00 PM,234,87,147
04/16/2013 05:00:00 PM,410,130,280
04/16/2013 06:00:00 PM,377,130,247
04/16/2013 07:00:00 PM,196,100,96
04/16/2013 08:00:00 PM,104,44,60
04/16/2013 09:00:00 PM,74,34,40
04/16/2013 10:00:00 PM,40,23,17
04/16/2013 11:00:00 PM,31,10,21
04/17/2013 12:00:00 AM,11,5,6
04/17/2013 01:00:00 AM,5,2,3
04/17/2013 02:00:00 AM,4,1,3
04/17/2013 03:00:00 AM,2,1,1
04/17/2013 04:00:00 AM,7,5,2
04/17/2013 05:00:00 AM,29,22,7
04/17/2013 06:00:00 AM,123,85,38
04/17/2013 07:00:00 AM,274,185,89
04/17/2013 08:00:00 AM,357,253,104
04/17/2013 09:00:00 AM,207,124,83
04/17/2013 10:00:00 AM,91,54,37
04/17/2013 11:00:00 AM,93,46,47
04/17/2013 12:00:00 PM,79,43,36
04/17/2013 01:00:00 PM,102,47,55
04/17/2013 02:00:00 PM,105,58,47
04/17/2013 03:00:00 PM,132,72,60
04/17/2013 04:00:00 PM,215,91,124
04/17/2013 05:00:00 PM,420,135,285
04/17/2013 06:00:00 PM,324,141,183
04/17/2013 07:00:00 PM,199,93,106
04/17/2013 08:00:00 PM,79,27,52
04/17/2013 09:00:00 PM,37,16,21
04/17/2013 10:00:00 PM,29,13,16
04/17/2013 11:00:00 PM,15,4,11
04/18/2013 12:00:00 AM,6,4,2
04/18/2013 01:00:00 AM,6,2,4
04/18/2013 02:00:00 AM,3,2,1
04/18/2013 03:00:00 AM,3,3,0
04/18/2013 04:00:00 AM,4,1,3
04/18/2013 05:00:00 AM,23,13,10
04/18/2013 06:00:00 AM,103,59,44
04/18/2013 07:00:00 AM,188,140,48
04/18/2013 08:00:00 AM,272,193,79
04/18/2013 09:00:00 AM,172,101,71
04/18/2013 10:00:00 AM,94,53,41
04/18/2013 11:00:00 AM,59,30,29
04/18/2013 12:00:00 PM,67,39,28
04/18/2013 01:00:00 PM,56,34,22
04/18/2013 02:00:00 PM,51,22,29
04/18/2013 03:00:00 PM,71,36,35
04/18/2013 04:00:00 PM,130,44,86
04/18/2013 05:00:00 PM,252,89,163
04/18/2013 06:00:00 PM,216,79,137
04/18/2013 07:00:00 PM,89,31,58
04/18/2013 08:00:00 PM,42,25,17
04/18/2013 09:00:00 PM,30,9,21
04/18/2013 10:00:00 PM,23,4,19
04/18/2013 11:00:00 PM,12,6,6
04/19/2013 12:00:00 AM,11,5,6
04/19/2013 01:00:00 AM,4,1,3
04/19/2013 02:00:00 AM,5,1,4
04/19/2013 03:00:00 AM,0,0,0
04/19/2013 04:00:00 AM,5,2,3
04/19/2013 05:00:00 AM,14,10,4
04/19/2013 06:00:00 AM,80,53,27
04/19/2013 07:00:00 AM,138,100,38
04/19/2013 08:00:00 AM,197,141,56
04/19/2013 09:00:00 AM,126,72,54
04/19/2013 10:00:00 AM,43,26,17
04/19/2013 11:00:00 AM,22,9,13
04/19/2013 12:00:00 PM,23,13,10
04/19/2013 01:00:00 PM,40,24,16
04/19/2013 02:00:00 PM,29,14,15
04/19/2013 03:00:00 PM,48,16,32
04/19/2013 04:00:00 PM,123,50,73
04/19/2013 05:00:00 PM,193,53,140
04/19/2013 06:00:00 PM,137,47,90
04/19/2013 07:00:00 PM,65,24,41
04/19/2013 08:00:00 PM,28,10,18
04/19/2013 09:00:00 PM,19,7,12
04/19/2013 10:00:00 PM,23,13,10
04/19/2013 11:00:00 PM,12,9,3
04/20/2013 12:00:00 AM,6,4,2
04/20/2013 01:00:00 AM,9,4,5
04/20/2013 02:00:00 AM,6,5,1
04/20/2013 03:00:00 AM,3,2,1
04/20/2013 04:00:00 AM,3,0,3
04/20/2013 05:00:00 AM,7,5,2
04/20/2013 06:00:00 AM,13,4,9
04/20/2013 07:00:00 AM,27,18,9
04/20/2013 08:00:00 AM,42,26,16
04/20/2013 09:00:00 AM,78,41,37
04/20/2013 10:00:00 AM,82,48,34
04/20/2013 11:00:00 AM,90,53,37
04/20/2013 12:00:00 PM,86,50,36
04/20/2013 01:00:00 PM,103,59,44
04/20/2013 02:00:00 PM,126,78,48
04/20/2013 03:00:00 PM,100,60,40
04/20/2013 04:00:00 PM,69,42,27
04/20/2013 05:00:00 PM,66,24,42
04/20/2013 06:00:00 PM,40,24,16
04/20/2013 07:00:00 PM,18,13,5
04/20/2013 08:00:00 PM,22,9,13
04/20/2013 09:00:00 PM,3,1,2
04/20/2013 10:00:00 PM,18,11,7
04/20/2013 11:00:00 PM,15,6,9
04/21/2013 12:00:00 AM,6,3,3
04/21/2013 01:00:00 AM,6,1,5
04/21/2013 02:00:00 AM,5,1,4
04/21/2013 03:00:00 AM,3,2,1
04/21/2013 04:00:00 AM,1,0,1
04/21/2013 05:00:00 AM,6,4,2
04/21/2013 06:00:00 AM,9,3,6
04/21/2013 07:00:00 AM,15,7,8
04/21/2013 08:00:00 AM,36,26,10
04/21/2013 09:00:00 AM,31,17,14
04/21/2013 10:00:00 AM,55,31,24
04/21/2013 11:00:00 AM,75,47,28
04/21/2013 12:00:00 PM,63,43,20
04/21/2013 01:00:00 PM,60,34,26
04/21/2013 02:00:00 PM,76,42,34
04/21/2013 03:00:00 PM,86,48,38
04/21/2013 04:00:00 PM,112,61,51
04/21/2013 05:00:00 PM,101,54,47
04/21/2013 06:00:00 PM,81,50,31
04/21/2013 07:00:00 PM,61,37,24
04/21/2013 08:00:00 PM,31,19,12
04/21/2013 09:00:00 PM,13,7,6
04/21/2013 10:00:00 PM,25,17,8
04/21/2013 11:00:00 PM,11,5,6
04/22/2013 12:00:00 AM,12,5,7
04/22/2013 01:00:00 AM,4,2,2
04/22/2013 02:00:00 AM,3,1,2
04/22/2013 03:00:00 AM,1,0,1
04/22/2013 04:00:00 AM,6,5,1
04/22/2013 05:00:00 AM,28,21,7
04/22/2013 06:00:00 AM,143,108,35
04/22/2013 07:00:00 AM,334,256,78
04/22/2013 08:00:00 AM,434,306,128
04/22/2013 09:00:00 AM,268,184,84
04/22/2013 10:00:00 AM,107,63,44
04/22/2013 11:00:00 AM,89,56,33
04/22/2013 12:00:00 PM,102,54,48
04/22/2013 01:00:00 PM,105,57,48
04/22/2013 02:00:00 PM,120,57,63
04/22/2013 03:00:00 PM,177,97,80
04/22/2013 04:00:00 PM,290,131,159
04/22/2013 05:00:00 PM,595,200,395
04/22/2013 06:00:00 PM,409,132,277
04/22/2013 07:00:00 PM,210,94,116
04/22/2013 08:00:00 PM,83,38,45
04/22/2013 09:00:00 PM,63,25,38
04/22/2013 10:00:00 PM,26,17,9
04/22/2013 11:00:00 PM,24,11,13
04/23/2013 12:00:00 AM,11,2,9
04/23/2013 01:00:00 AM,3,1,2
04/23/2013 02:00:00 AM,5,3,2
04/23/2013 03:00:00 AM,0,0,0
04/23/2013 04:00:00 AM,6,3,3
04/23/2013 05:00:00 AM,36,26,10
04/23/2013 06:00:00 AM,174,124,50
04/23/2013 07:00:00 AM,368,265,103
04/23/2013 08:00:00 AM,491,349,142
04/23/2013 09:00:00 AM,242,148,94
04/23/2013 10:00:00 AM,119,69,50
04/23/2013 11:00:00 AM,90,50,40
04/23/2013 12:00:00 PM,61,36,25
04/23/2013 01:00:00 PM,110,66,44
04/23/2013 02:00:00 PM,145,82,63
04/23/2013 03:00:00 PM,184,81,103
04/23/2013 04:00:00 PM,324,129,195
04/23/2013 05:00:00 PM,590,193,397
04/23/2013 06:00:00 PM,492,181,311
04/23/2013 07:00:00 PM,249,96,153
04/23/2013 08:00:00 PM,99,39,60
04/23/2013 09:00:00 PM,69,31,38
04/23/2013 10:00:00 PM,46,14,32
04/23/2013 11:00:00 PM,28,15,13
04/24/2013 12:00:00 AM,7,3,4
04/24/2013 01:00:00 AM,7,4,3
04/24/2013 02:00:00 AM,4,2,2
04/24/2013 03:00:00 AM,0,0,0
04/24/2013 04:00:00 AM,7,4,3
04/24/2013 05:00:00 AM,33,24,9
04/24/2013 06:00:00 AM,156,107,49
04/24/2013 07:00:00 AM,395,283,112
04/24/2013 08:00:00 AM,530,347,183
04/24/2013 09:00:00 AM,296,198,98
04/24/2013 10:00:00 AM,121,71,50
04/24/2013 11:00:00 AM,109,60,49
04/24/2013 12:00:00 PM,127,65,62
04/24/2013 01:00:00 PM,123,61,62
04/24/2013 02:00:00 PM,142,75,67
04/24/2013 03:00:00 PM,214,100,114
04/24/2013 04:00:00 PM,389,164,225
04/24/2013 05:00:00 PM,688,253,435
04/24/2013 06:00:00 PM,515,203,312
04/24/2013 07:00:00 PM,280,125,155
04/24/2013 08:00:00 PM,141,64,77
04/24/2013 09:00:00 PM,86,40,46
04/24/2013 10:00:00 PM,46,24,22
04/24/2013 11:00:00 PM,34,10,24
04/25/2013 12:00:00 AM,8,5,3
04/25/2013 01:00:00 AM,13,8,5
04/25/2013 02:00:00 AM,5,4,1
04/25/2013 03:00:00 AM,1,0,1
04/25/2013 04:00:00 AM,8,7,1
04/25/2013 05:00:00 AM,29,19,10
04/25/2013 06:00:00 AM,152,106,46
04/25/2013 07:00:00 AM,357,267,90
04/25/2013 08:00:00 AM,477,340,137
04/25/2013 09:00:00 AM,279,168,111
04/25/2013 10:00:00 AM,125,78,47
04/25/2013 11:00:00 AM,123,69,54
04/25/2013 12:00:00 PM,96,54,42
04/25/2013 01:00:00 PM,133,74,59
04/25/2013 02:00:00 PM,159,79,80
04/25/2013 03:00:00 PM,214,101,113
04/25/2013 04:00:00 PM,335,142,193
04/25/2013 05:00:00 PM,618,202,416
04/25/2013 06:00:00 PM,438,186,252
04/25/2013 07:00:00 PM,270,128,142
04/25/2013 08:00:00 PM,148,71,77
04/25/2013 09:00:00 PM,82,34,48
04/25/2013 10:00:00 PM,56,25,31
04/25/2013 11:00:00 PM,40,18,22
04/26/2013 12:00:00 AM,19,13,6
04/26/2013 01:00:00 AM,11,5,6
04/26/2013 02:00:00 AM,9,9,0
04/26/2013 03:00:00 AM,2,2,0
04/26/2013 04:00:00 AM,5,3,2
04/26/2013 05:00:00 AM,29,16,13
04/26/2013 06:00:00 AM,144,91,53
04/26/2013 07:00:00 AM,268,191,77
04/26/2013 08:00:00 AM,418,299,119
04/26/2013 09:00:00 AM,261,174,87
04/26/2013 10:00:00 AM,97,59,38
04/26/2013 11:00:00 AM,104,61,43
04/26/2013 12:00:00 PM,90,43,47
04/26/2013 01:00:00 PM,124,56,68
04/26/2013 02:00:00 PM,183,87,96
04/26/2013 03:00:00 PM,186,82,104
04/26/2013 04:00:00 PM,303,132,171
04/26/2013 05:00:00 PM,466,154,312
04/26/2013 06:00:00 PM,353,141,212
04/26/2013 07:00:00 PM,164,69,95
04/26/2013 08:00:00 PM,96,37,59
04/26/2013 09:00:00 PM,44,24,20
04/26/2013 10:00:00 PM,45,19,26
04/26/2013 11:00:00 PM,36,17,19
04/27/2013 12:00:00 AM,32,18,14
04/27/2013 01:00:00 AM,20,13,7
04/27/2013 02:00:00 AM,5,2,3
04/27/2013 03:00:00 AM,4,1,3
04/27/2013 04:00:00 AM,1,0,1
04/27/2013 05:00:00 AM,7,5,2
04/27/2013 06:00:00 AM,21,11,10
04/27/2013 07:00:00 AM,37,19,18
04/27/2013 08:00:00 AM,65,38,27
04/27/2013 09:00:00 AM,88,43,45
04/27/2013 10:00:00 AM,90,53,37
04/27/2013 11:00:00 AM,74,47,27
04/27/2013 12:00:00 PM,114,69,45
04/27/2013 01:00:00 PM,95,66,29
04/27/2013 02:00:00 PM,105,42,63
04/27/2013 03:00:00 PM,90,52,38
04/27/2013 04:00:00 PM,73,19,54
04/27/2013 05:00:00 PM,74,33,41
04/27/2013 06:00:00 PM,64,43,21
04/27/2013 07:00:00 PM,47,26,21
04/27/2013 08:00:00 PM,36,23,13
04/27/2013 09:00:00 PM,32,16,16
04/27/2013 10:00:00 PM,16,13,3
04/27/2013 11:00:00 PM,24,11,13
04/28/2013 12:00:00 AM,18,10,8
04/28/2013 01:00:00 AM,11,6,5
04/28/2013 02:00:00 AM,7,2,5
04/28/2013 03:00:00 AM,5,0,5
04/28/2013 04:00:00 AM,3,1,2
04/28/2013 05:00:00 AM,6,2,4
04/28/2013 06:00:00 AM,9,3,6
04/28/2013 07:00:00 AM,17,8,9
04/28/2013 08:00:00 AM,39,22,17
04/28/2013 09:00:00 AM,67,41,26
04/28/2013 10:00:00 AM,69,38,31
04/28/2013 11:00:00 AM,90,48,42
04/28/2013 12:00:00 PM,76,58,18
04/28/2013 01:00:00 PM,126,77,49
04/28/2013 02:00:00 PM,139,72,67
04/28/2013 03:00:00 PM,130,71,59
04/28/2013 04:00:00 PM,111,62,49
04/28/2013 05:00:00 PM,86,55,31
04/28/2013 06:00:00 PM,68,32,36
04/28/2013 07:00:00 PM,38,26,12
04/28/2013 08:00:00 PM,22,6,16
04/28/2013 09:00:00 PM,21,12,9
04/28/2013 10:00:00 PM,22,7,15
04/28/2013 11:00:00 PM,10,5,5
04/29/2013 12:00:00 AM,8,3,5
04/29/2013 01:00:00 AM,2,0,2
04/29/2013 02:00:00 AM,3,1,2
04/29/2013 03:00:00 AM,1,1,0
04/29/2013 04:00:00 AM,4,3,1
04/29/2013 05:00:00 AM,31,25,6
04/29/2013 06:00:00 AM,90,63,27
04/29/2013 07:00:00 AM,252,186,66
04/29/2013 08:00:00 AM,343,236,107
04/29/2013 09:00:00 AM,218,146,72
04/29/2013 10:00:00 AM,91,53,38
04/29/2013 11:00:00 AM,81,47,34
04/29/2013 12:00:00 PM,59,32,27
04/29/2013 01:00:00 PM,79,42,37
04/29/2013 02:00:00 PM,64,30,34
04/29/2013 03:00:00 PM,103,51,52
04/29/2013 04:00:00 PM,207,96,111
04/29/2013 05:00:00 PM,438,148,290
04/29/2013 06:00:00 PM,332,108,224
04/29/2013 07:00:00 PM,131,49,82
04/29/2013 08:00:00 PM,74,26,48
04/29/2013 09:00:00 PM,44,17,27
04/29/2013 10:00:00 PM,30,11,19
04/29/2013 11:00:00 PM,8,2,6
04/30/2013 12:00:00 AM,8,5,3
04/30/2013 01:00:00 AM,6,1,5
04/30/2013 02:00:00 AM,2,1,1
04/30/2013 03:00:00 AM,1,1,0
04/30/2013 04:00:00 AM,4,2,2
04/30/2013 05:00:00 AM,23,17,6
04/30/2013 06:00:00 AM,129,90,39
04/30/2013 07:00:00 AM,367,250,117
04/30/2013 08:00:00 AM,468,329,139
04/30/2013 09:00:00 AM,219,136,83
04/30/2013 10:00:00 AM,106,67,39
04/30/2013 11:00:00 AM,67,39,28
04/30/2013 12:00:00 PM,73,38,35
04/30/2013 01:00:00 PM,81,42,39
04/30/2013 02:00:00 PM,104,45,59
04/30/2013 03:00:00 PM,138,68,70
04/30/2013 04:00:00 PM,267,124,143
04/30/2013 05:00:00 PM,529,172,357
04/30/2013 06:00:00 PM,384,147,237
04/30/2013 07:00:00 PM,218,90,128
04/30/2013 08:00:00 PM,95,41,54
04/30/2013 09:00:00 PM,66,31,35
04/30/2013 10:00:00 PM,32,16,16
04/30/2013 11:00:00 PM,15,5,10
05/01/2013 12:00:00 AM,15,8,7
05/01/2013 01:00:00 AM,9,6,3
05/01/2013 02:00:00 AM,9,4,5
05/01/2013 03:00:00 AM,6,6,0
05/01/2013 04:00:00 AM,7,4,3
05/01/2013 05:00:00 AM,41,28,13
05/01/2013 06:00:00 AM,200,147,53
05/01/2013 07:00:00 AM,471,356,115
05/01/2013 08:00:00 AM,622,446,176
05/01/2013 09:00:00 AM,356,244,112
05/01/2013 10:00:00 AM,149,74,75
05/01/2013 11:00:00 AM,119,77,42
05/01/2013 12:00:00 PM,95,57,38
05/01/2013 01:00:00 PM,122,65,57
05/01/2013 02:00:00 PM,136,72,64
05/01/2013 03:00:00 PM,216,85,131
05/01/2013 04:00:00 PM,361,146,215
05/01/2013 05:00:00 PM,803,261,542
05/01/2013 06:00:00 PM,666,257,409
05/01/2013 07:00:00 PM,271,120,151
05/01/2013 08:00:00 PM,169,75,94
05/01/2013 09:00:00 PM,92,46,46
05/01/2013 10:00:00 PM,46,16,30
05/01/2013 11:00:00 PM,36,15,21
05/02/2013 12:00:00 AM,20,11,9
05/02/2013 01:00:00 AM,4,3,1
05/02/2013 02:00:00 AM,6,2,4
05/02/2013 03:00:00 AM,2,2,0
05/02/2013 04:00:00 AM,6,4,2
05/02/2013 05:00:00 AM,46,31,15
05/02/2013 06:00:00 AM,260,197,63
05/02/2013 07:00:00 AM,508,391,117
05/02/2013 08:00:00 AM,603,433,170
05/02/2013 09:00:00 AM,365,196,169
05/02/2013 10:00:00 AM,152,82,70
05/02/2013 11:00:00 AM,180,87,93
05/02/2013 12:00:00 PM,121,73,48
05/02/2013 01:00:00 PM,145,81,64
05/02/2013 02:00:00 PM,139,72,67
05/02/2013 03:00:00 PM,181,83,98
05/02/2013 04:00:00 PM,340,126,214
05/02/2013 05:00:00 PM,734,233,501
05/02/2013 06:00:00 PM,533,197,336
05/02/2013 07:00:00 PM,243,90,153
05/02/2013 08:00:00 PM,107,47,60
05/02/2013 09:00:00 PM,91,55,36
05/02/2013 10:00:00 PM,51,22,29
05/02/2013 11:00:00 PM,40,17,23
05/03/2013 12:00:00 AM,17,7,10
05/03/2013 01:00:00 AM,16,11,5
05/03/2013 02:00:00 AM,4,1,3
05/03/2013 03:00:00 AM,1,0,1
05/03/2013 04:00:00 AM,5,3,2
05/03/2013 05:00:00 AM,37,26,11
05/03/2013 06:00:00 AM,176,120,56
05/03/2013 07:00:00 AM,418,314,104
05/03/2013 08:00:00 AM,519,362,157
05/03/2013 09:00:00 AM,333,216,117
05/03/2013 10:00:00 AM,160,98,62
05/03/2013 11:00:00 AM,97,60,37
05/03/2013 12:00:00 PM,132,62,70
05/03/2013 01:00:00 PM,134,64,70
05/03/2013 02:00:00 PM,146,71,75
05/03/2013 03:00:00 PM,252,130,122
05/03/2013 04:00:00 PM,432,157,275
05/03/2013 05:00:00 PM,668,201,467
05/03/2013 06:00:00 PM,413,153,260
05/03/2013 07:00:00 PM,243,91,152
05/03/2013 08:00:00 PM,103,44,59
05/03/2013 09:00:00 PM,99,53,46
05/03/2013 10:00:00 PM,63,25,38
05/03/2013 11:00:00 PM,52,28,24
05/04/2013 12:00:00 AM,26,7,19
05/04/2013 01:00:00 AM,13,6,7
05/04/2013 02:00:00 AM,12,4,8
05/04/2013 03:00:00 AM,7,4,3
05/04/2013 04:00:00 AM,1,1,0
05/04/2013 05:00:00 AM,11,7,4
05/04/2013 06:00:00 AM,29,17,12
05/04/2013 07:00:00 AM,81,42,39
05/04/2013 08:00:00 AM,116,65,51
05/04/2013 09:00:00 AM,186,96,90
05/04/2013 10:00:00 AM,210,134,76
05/04/2013 11:00:00 AM,247,145,102
05/04/2013 12:00:00 PM,217,124,93
05/04/2013 01:00:00 PM,303,169,134
05/04/2013 02:00:00 PM,270,138,132
05/04/2013 03:00:00 PM,249,140,109
05/04/2013 04:00:00 PM,253,144,109
05/04/2013 05:00:00 PM,205,120,85
05/04/2013 06:00:00 PM,163,116,47
05/04/2013 07:00:00 PM,99,61,38
05/04/2013 08:00:00 PM,82,52,30
05/04/2013 09:00:00 PM,65,36,29
05/04/2013 10:00:00 PM,48,29,19
05/04/2013 11:00:00 PM,19,9,10
05/05/2013 12:00:00 AM,23,12,11
05/05/2013 01:00:00 AM,21,10,11
05/05/2013 02:00:00 AM,17,10,7
05/05/2013 03:00:00 AM,2,1,1
05/05/2013 04:00:00 AM,4,3,1
05/05/2013 05:00:00 AM,10,4,6
05/05/2013 06:00:00 AM,21,14,7
05/05/2013 07:00:00 AM,32,11,21
05/05/2013 08:00:00 AM,87,55,32
05/05/2013 09:00:00 AM,181,107,74
05/05/2013 10:00:00 AM,184,109,75
05/05/2013 11:00:00 AM,226,124,102
05/05/2013 12:00:00 PM,261,137,124
05/05/2013 01:00:00 PM,350,172,178
05/05/2013 02:00:00 PM,311,167,144
05/05/2013 03:00:00 PM,315,160,155
05/05/2013 04:00:00 PM,252,151,101
05/05/2013 05:00:00 PM,221,113,108
05/05/2013 06:00:00 PM,163,94,69
05/05/2013 07:00:00 PM,119,76,43
05/05/2013 08:00:00 PM,99,71,28
05/05/2013 09:00:00 PM,41,27,14
05/05/2013 10:00:00 PM,43,24,19
05/05/2013 11:00:00 PM,20,6,14
05/06/2013 12:00:00 AM,12,4,8
05/06/2013 01:00:00 AM,1,0,1
05/06/2013 02:00:00 AM,4,2,2
05/06/2013 03:00:00 AM,2,0,2
05/06/2013 04:00:00 AM,5,3,2
05/06/2013 05:00:00 AM,41,28,13
05/06/2013 06:00:00 AM,215,151,64
05/06/2013 07:00:00 AM,517,401,116
05/06/2013 08:00:00 AM,650,448,202
05/06/2013 09:00:00 AM,346,239,107
05/06/2013 10:00:00 AM,119,64,55
05/06/2013 11:00:00 AM,119,68,51
05/06/2013 12:00:00 PM,101,62,39
05/06/2013 01:00:00 PM,165,85,80
05/06/2013 02:00:00 PM,154,86,68
05/06/2013 03:00:00 PM,203,96,107
05/06/2013 04:00:00 PM,425,169,256
05/06/2013 05:00:00 PM,816,223,593
05/06/2013 06:00:00 PM,516,173,343
05/06/2013 07:00:00 PM,319,136,183
05/06/2013 08:00:00 PM,130,64,66
05/06/2013 09:00:00 PM,121,48,73
05/06/2013 10:00:00 PM,64,37,27
05/06/2013 11:00:00 PM,21,7,14
05/07/2013 12:00:00 AM,14,5,9
05/07/2013 01:00:00 AM,5,2,3
05/07/2013 02:00:00 AM,2,2,0
05/07/2013 03:00:00 AM,1,1,0
05/07/2013 04:00:00 AM,5,3,2
05/07/2013 05:00:00 AM,54,38,16
05/07/2013 06:00:00 AM,247,172,75
05/07/2013 07:00:00 AM,524,398,126
05/07/2013 08:00:00 AM,666,468,198
05/07/2013 09:00:00 AM,348,213,135
05/07/2013 10:00:00 AM,126,85,41
05/07/2013 11:00:00 AM,59,35,24
05/07/2013 12:00:00 PM,98,58,40
05/07/2013 01:00:00 PM,109,57,52
05/07/2013 02:00:00 PM,136,75,61
05/07/2013 03:00:00 PM,204,106,98
05/07/2013 04:00:00 PM,412,163,249
05/07/2013 05:00:00 PM,831,247,584
05/07/2013 06:00:00 PM,585,213,372
05/07/2013 07:00:00 PM,314,133,181
05/07/2013 08:00:00 PM,168,76,92
05/07/2013 09:00:00 PM,102,52,50
05/07/2013 10:00:00 PM,59,31,28
05/07/2013 11:00:00 PM,34,20,14
05/08/2013 12:00:00 AM,14,8,6
05/08/2013 01:00:00 AM,8,3,5
05/08/2013 02:00:00 AM,5,1,4
05/08/2013 03:00:00 AM,4,1,3
05/08/2013 04:00:00 AM,6,3,3
05/08/2013 05:00:00 AM,54,40,14
05/08/2013 06:00:00 AM,216,147,69
05/08/2013 07:00:00 AM,503,377,126
05/08/2013 08:00:00 AM,646,460,186
05/08/2013 09:00:00 AM,367,246,121
05/08/2013 10:00:00 AM,130,80,50
05/08/2013 11:00:00 AM,93,58,35
05/08/2013 12:00:00 PM,98,54,44
05/08/2013 01:00:00 PM,108,54,54
05/08/2013 02:00:00 PM,142,67,75
05/08/2013 03:00:00 PM,193,84,109
05/08/2013 04:00:00 PM,367,150,217
05/08/2013 05:00:00 PM,757,230,527
05/08/2013 06:00:00 PM,542,187,355
05/08/2013 07:00:00 PM,341,145,196
05/08/2013 08:00:00 PM,189,78,111
05/08/2013 09:00:00 PM,105,44,61
05/08/2013 10:00:00 PM,45,20,25
05/08/2013 11:00:00 PM,39,21,18
05/09/2013 12:00:00 AM,10,5,5
05/09/2013 01:00:00 AM,17,6,11
05/09/2013 02:00:00 AM,7,5,2
05/09/2013 03:00:00 AM,4,0,4
05/09/2013 04:00:00 AM,6,2,4
05/09/2013 05:00:00 AM,51,33,18
05/09/2013 06:00:00 AM,206,150,56
05/09/2013 07:00:00 AM,496,375,121
05/09/2013 08:00:00 AM,570,409,161
05/09/2013 09:00:00 AM,298,199,99
05/09/2013 10:00:00 AM,129,91,38
05/09/2013 11:00:00 AM,87,48,39
05/09/2013 12:00:00 PM,97,45,52
05/09/2013 01:00:00 PM,120,53,67
05/09/2013 02:00:00 PM,131,65,66
05/09/2013 03:00:00 PM,195,81,114
05/09/2013 04:00:00 PM,345,113,232
05/09/2013 05:00:00 PM,751,240,511
05/09/2013 06:00:00 PM,511,173,338
05/09/2013 07:00:00 PM,282,134,148
05/09/2013 08:00:00 PM,145,58,87
05/09/2013 09:00:00 PM,99,39,60
05/09/2013 10:00:00 PM,51,21,30
05/09/2013 11:00:00 PM,55,33,22
05/10/2013 12:00:00 AM,24,12,12
05/10/2013 01:00:00 AM,2,2,0
05/10/2013 02:00:00 AM,4,3,1
05/10/2013 03:00:00 AM,0,0,0
05/10/2013 04:00:00 AM,7,5,2
05/10/2013 05:00:00 AM,51,38,13
05/10/2013 06:00:00 AM,225,168,57
05/10/2013 07:00:00 AM,481,355,126
05/10/2013 08:00:00 AM,642,476,166
05/10/2013 09:00:00 AM,319,201,118
05/10/2013 10:00:00 AM,157,102,55
05/10/2013 11:00:00 AM,131,83,48
05/10/2013 12:00:00 PM,144,74,70
05/10/2013 01:00:00 PM,146,75,71
05/10/2013 02:00:00 PM,185,104,81
05/10/2013 03:00:00 PM,236,95,141
05/10/2013 04:00:00 PM,433,177,256
05/10/2013 05:00:00 PM,692,212,480
05/10/2013 06:00:00 PM,447,172,275
05/10/2013 07:00:00 PM,225,82,143
05/10/2013 08:00:00 PM,118,48,70
05/10/2013 09:00:00 PM,89,38,51
05/10/2013 10:00:00 PM,56,32,24
05/10/2013 11:00:00 PM,52,32,20
05/11/2013 12:00:00 AM,32,11,21
05/11/2013 01:00:00 AM,15,6,9
05/11/2013 02:00:00 AM,9,6,3
05/11/2013 03:00:00 AM,5,4,1
05/11/2013 04:00:00 AM,3,0,3
05/11/2013 05:00:00 AM,11,9,2
05/11/2013 06:00:00 AM,34,17,17
05/11/2013 07:00:00 AM,56,29,27
05/11/2013 08:00:00 AM,91,52,39
05/11/2013 09:00:00 AM,154,82,72
05/11/2013 10:00:00 AM,186,109,77
05/11/2013 11:00:00 AM,195,97,98
05/11/2013 12:00:00 PM,200,127,73
05/11/2013 01:00:00 PM,208,129,79
05/11/2013 02:00:00 PM,183,98,85
05/11/2013 03:00:00 PM,244,131,113
05/11/2013 04:00:00 PM,223,136,87
05/11/2013 05:00:00 PM,203,107,96
05/11/2013 06:00:00 PM,137,79,58
05/11/2013 07:00:00 PM,101,57,44
05/11/2013 08:00:00 PM,75,40,35
05/11/2013 09:00:00 PM,44,24,20
05/11/2013 10:00:00 PM,42,24,18
05/11/2013 11:00:00 PM,30,14,16
05/12/2013 12:00:00 AM,29,13,16
05/12/2013 01:00:00 AM,11,5,6
05/12/2013 02:00:00 AM,16,4,12
05/12/2013 03:00:00 AM,5,2,3
05/12/2013 04:00:00 AM,4,1,3
05/12/2013 05:00:00 AM,7,4,3
05/12/2013 06:00:00 AM,6,2,4
05/12/2013 07:00:00 AM,14,9,5
05/12/2013 08:00:00 AM,53,30,23
05/12/2013 09:00:00 AM,53,27,26
05/12/2013 10:00:00 AM,51,32,19
05/12/2013 11:00:00 AM,99,52,47
05/12/2013 12:00:00 PM,73,47,26
05/12/2013 01:00:00 PM,106,56,50
05/12/2013 02:00:00 PM,103,63,40
05/12/2013 03:00:00 PM,142,83,59
05/12/2013 04:00:00 PM,109,66,43
05/12/2013 05:00:00 PM,115,67,48
05/12/2013 06:00:00 PM,97,54,43
05/12/2013 07:00:00 PM,59,33,26
05/12/2013 08:00:00 PM,41,19,22
05/12/2013 09:00:00 PM,28,12,16
05/12/2013 10:00:00 PM,22,12,10
05/12/2013 11:00:00 PM,20,13,7
05/13/2013 12:00:00 AM,9,5,4
05/13/2013 01:00:00 AM,5,3,2
05/13/2013 02:00:00 AM,2,1,1
05/13/2013 03:00:00 AM,3,0,3
05/13/2013 04:00:00 AM,5,3,2
05/13/2013 05:00:00 AM,43,27,16
05/13/2013 06:00:00 AM,185,131,54
05/13/2013 07:00:00 AM,372,275,97
05/13/2013 08:00:00 AM,510,380,130
05/13/2013 09:00:00 AM,253,158,95
05/13/2013 10:00:00 AM,116,67,49
05/13/2013 11:00:00 AM,69,43,26
05/13/2013 12:00:00 PM,64,38,26
05/13/2013 01:00:00 PM,73,41,32
05/13/2013 02:00:00 PM,56,26,30
05/13/2013 03:00:00 PM,88,34,54
05/13/2013 04:00:00 PM,225,84,141
05/13/2013 05:00:00 PM,510,129,381
05/13/2013 06:00:00 PM,390,111,279
05/13/2013 07:00:00 PM,175,62,113
05/13/2013 08:00:00 PM,103,43,60
05/13/2013 09:00:00 PM,50,29,21
05/13/2013 10:00:00 PM,38,15,23
05/13/2013 11:00:00 PM,23,8,15
05/14/2013 12:00:00 AM,23,7,16
05/14/2013 01:00:00 AM,5,1,4
05/14/2013 02:00:00 AM,2,1,1
05/14/2013 03:00:00 AM,0,0,0
05/14/2013 04:00:00 AM,6,4,2
05/14/2013 05:00:00 AM,43,31,12
05/14/2013 06:00:00 AM,209,143,66
05/14/2013 07:00:00 AM,468,344,124
05/14/2013 08:00:00 AM,589,434,155
05/14/2013 09:00:00 AM,286,177,109
05/14/2013 10:00:00 AM,113,78,35
05/14/2013 11:00:00 AM,71,38,33
05/14/2013 12:00:00 PM,92,53,39
05/14/2013 01:00:00 PM,97,57,40
05/14/2013 02:00:00 PM,141,68,73
05/14/2013 03:00:00 PM,188,81,107
05/14/2013 04:00:00 PM,347,138,209
05/14/2013 05:00:00 PM,705,201,504
05/14/2013 06:00:00 PM,566,212,354
05/14/2013 07:00:00 PM,299,126,173
05/14/2013 08:00:00 PM,136,64,72
05/14/2013 09:00:00 PM,104,53,51
05/14/2013 10:00:00 PM,60,23,37
05/14/2013 11:00:00 PM,25,11,14
05/15/2013 12:00:00 AM,21,10,11
05/15/2013 01:00:00 AM,6,2,4
05/15/2013 02:00:00 AM,7,6,1
05/15/2013 03:00:00 AM,5,2,3
05/15/2013 04:00:00 AM,4,3,1
05/15/2013 05:00:00 AM,36,25,11
05/15/2013 06:00:00 AM,198,144,54
05/15/2013 07:00:00 AM,417,308,109
05/15/2013 08:00:00 AM,561,395,166
05/15/2013 09:00:00 AM,285,197,88
05/15/2013 10:00:00 AM,135,80,55
05/15/2013 11:00:00 AM,111,70,41
05/15/2013 12:00:00 PM,96,53,43
05/15/2013 01:00:00 PM,110,58,52
05/15/2013 02:00:00 PM,113,56,57
05/15/2013 03:00:00 PM,149,69,80
05/15/2013 04:00:00 PM,264,84,180
05/15/2013 05:00:00 PM,607,165,442
05/15/2013 06:00:00 PM,374,107,267
05/15/2013 07:00:00 PM,166,59,107
05/15/2013 08:00:00 PM,105,27,78
05/15/2013 09:00:00 PM,59,28,31
05/15/2013 10:00:00 PM,43,22,21
05/15/2013 11:00:00 PM,24,14,10
05/16/2013 12:00:00 AM,5,2,3
05/16/2013 01:00:00 AM,3,2,1
05/16/2013 02:00:00 AM,7,0,7
05/16/2013 03:00:00 AM,2,0,2
05/16/2013 04:00:00 AM,3,3,0
05/16/2013 05:00:00 AM,40,27,13
05/16/2013 06:00:00 AM,183,125,58
05/16/2013 07:00:00 AM,375,274,101
05/16/2013 08:00:00 AM,541,380,161
05/16/2013 09:00:00 AM,311,183,128
05/16/2013 10:00:00 AM,118,75,43
05/16/2013 11:00:00 AM,91,46,45
05/16/2013 12:00:00 PM,91,50,41
05/16/2013 01:00:00 PM,94,55,39
05/16/2013 02:00:00 PM,145,69,76
05/16/2013 03:00:00 PM,177,82,95
05/16/2013 04:00:00 PM,315,123,192
05/16/2013 05:00:00 PM,697,214,483
05/16/2013 06:00:00 PM,476,164,312
05/16/2013 07:00:00 PM,270,123,147
05/16/2013 08:00:00 PM,146,72,74
05/16/2013 09:00:00 PM,95,39,56
05/16/2013 10:00:00 PM,46,23,23
05/16/2013 11:00:00 PM,43,26,17
05/17/2013 12:00:00 AM,20,11,9
05/17/2013 01:00:00 AM,7,1,6
05/17/2013 02:00:00 AM,9,7,2
05/17/2013 03:00:00 AM,4,2,2
05/17/2013 04:00:00 AM,8,7,1
05/17/2013 05:00:00 AM,68,53,15
05/17/2013 06:00:00 AM,302,236,66
05/17/2013 07:00:00 AM,741,626,115
05/17/2013 08:00:00 AM,701,553,148
05/17/2013 09:00:00 AM,338,251,87
05/17/2013 10:00:00 AM,126,79,47
05/17/2013 11:00:00 AM,94,50,44
05/17/2013 12:00:00 PM,85,40,45
05/17/2013 01:00:00 PM,101,66,35
05/17/2013 02:00:00 PM,124,63,61
05/17/2013 03:00:00 PM,197,76,121
05/17/2013 04:00:00 PM,376,126,250
05/17/2013 05:00:00 PM,637,176,461
05/17/2013 06:00:00 PM,410,121,289
05/17/2013 07:00:00 PM,168,67,101
05/17/2013 08:00:00 PM,108,42,66
05/17/2013 09:00:00 PM,78,40,38
05/17/2013 10:00:00 PM,51,27,24
05/17/2013 11:00:00 PM,30,15,15
05/18/2013 12:00:00 AM,34,16,18
05/18/2013 01:00:00 AM,14,7,7
05/18/2013 02:00:00 AM,8,5,3
05/18/2013 03:00:00 AM,6,3,3
05/18/2013 04:00:00 AM,4,2,2
05/18/2013 05:00:00 AM,15,10,5
05/18/2013 06:00:00 AM,35,22,13
05/18/2013 07:00:00 AM,53,25,28
05/18/2013 08:00:00 AM,79,40,39
05/18/2013 09:00:00 AM,126,63,63
05/18/2013 10:00:00 AM,123,68,55
05/18/2013 11:00:00 AM,127,73,54
05/18/2013 12:00:00 PM,122,70,52
05/18/2013 01:00:00 PM,144,93,51
05/18/2013 02:00:00 PM,132,70,62
05/18/2013 03:00:00 PM,126,72,54
05/18/2013 04:00:00 PM,109,65,44
05/18/2013 05:00:00 PM,123,57,66
05/18/2013 06:00:00 PM,126,74,52
05/18/2013 07:00:00 PM,91,55,36
05/18/2013 08:00:00 PM,66,36,30
05/18/2013 09:00:00 PM,56,32,24
05/18/2013 10:00:00 PM,57,24,33
05/18/2013 11:00:00 PM,38,18,20
05/19/2013 12:00:00 AM,33,19,14
05/19/2013 01:00:00 AM,21,14,7
05/19/2013 02:00:00 AM,6,2,4
05/19/2013 03:00:00 AM,7,4,3
05/19/2013 04:00:00 AM,5,1,4
05/19/2013 05:00:00 AM,9,6,3
05/19/2013 06:00:00 AM,15,6,9
05/19/2013 07:00:00 AM,45,19,26
05/19/2013 08:00:00 AM,85,45,40
05/19/2013 09:00:00 AM,109,57,52
05/19/2013 10:00:00 AM,137,82,55
05/19/2013 11:00:00 AM,164,108,56
05/19/2013 12:00:00 PM,155,88,67
05/19/2013 01:00:00 PM,210,119,91
05/19/2013 02:00:00 PM,204,114,90
05/19/2013 03:00:00 PM,203,110,93
05/19/2013 04:00:00 PM,174,97,77
05/19/2013 05:00:00 PM,142,80,62
05/19/2013 06:00:00 PM,140,82,58
05/19/2013 07:00:00 PM,113,52,61
05/19/2013 08:00:00 PM,61,32,29
05/19/2013 09:00:00 PM,50,24,26
05/19/2013 10:00:00 PM,26,14,12
05/19/2013 11:00:00 PM,22,11,11
05/20/2013 12:00:00 AM,12,6,6
05/20/2013 01:00:00 AM,3,1,2
05/20/2013 02:00:00 AM,5,2,3
05/20/2013 03:00:00 AM,5,2,3
05/20/2013 04:00:00 AM,4,0,4
05/20/2013 05:00:00 AM,56,41,15
05/20/2013 06:00:00 AM,198,147,51
05/20/2013 07:00:00 AM,501,369,132
05/20/2013 08:00:00 AM,590,432,158
05/20/2013 09:00:00 AM,329,216,113
05/20/2013 10:00:00 AM,115,69,46
05/20/2013 11:00:00 AM,85,53,32
05/20/2013 12:00:00 PM,93,65,28
05/20/2013 01:00:00 PM,104,54,50
05/20/2013 02:00:00 PM,157,87,70
05/20/2013 03:00:00 PM,212,104,108
05/20/2013 04:00:00 PM,384,158,226
05/20/2013 05:00:00 PM,764,213,551
05/20/2013 06:00:00 PM,523,163,360
05/20/2013 07:00:00 PM,245,105,140
05/20/2013 08:00:00 PM,117,47,70
05/20/2013 09:00:00 PM,82,39,43
05/20/2013 10:00:00 PM,39,20,19
05/20/2013 11:00:00 PM,26,9,17
05/21/2013 12:00:00 AM,19,12,7
05/21/2013 01:00:00 AM,6,2,4
05/21/2013 02:00:00 AM,1,1,0
05/21/2013 03:00:00 AM,1,1,0
05/21/2013 04:00:00 AM,4,2,2
05/21/2013 05:00:00 AM,24,19,5
05/21/2013 06:00:00 AM,94,66,28
05/21/2013 07:00:00 AM,264,205,59
05/21/2013 08:00:00 AM,347,249,98
05/21/2013 09:00:00 AM,213,134,79
05/21/2013 10:00:00 AM,65,40,25
05/21/2013 11:00:00 AM,34,21,13
05/21/2013 12:00:00 PM,54,32,22
05/21/2013 01:00:00 PM,65,38,27
05/21/2013 02:00:00 PM,71,32,39
05/21/2013 03:00:00 PM,87,36,51
05/21/2013 04:00:00 PM,175,67,108
05/21/2013 05:00:00 PM,410,129,281
05/21/2013 06:00:00 PM,269,70,199
05/21/2013 07:00:00 PM,109,34,75
05/21/2013 08:00:00 PM,75,27,48
05/21/2013 09:00:00 PM,55,27,28
05/21/2013 10:00:00 PM,18,5,13
05/21/2013 11:00:00 PM,21,15,6
05/22/2013 12:00:00 AM,3,0,3
05/22/2013 01:00:00 AM,3,0,3
05/22/2013 02:00:00 AM,3,2,1
05/22/2013 03:00:00 AM,1,1,0
05/22/2013 04:00:00 AM,2,0,2
05/22/2013 05:00:00 AM,32,27,5
05/22/2013 06:00:00 AM,136,99,37
05/22/2013 07:00:00 AM,320,239,81
05/22/2013 08:00:00 AM,360,266,94
05/22/2013 09:00:00 AM,229,151,78
05/22/2013 10:00:00 AM,85,46,39
05/22/2013 11:00:00 AM,43,26,17
05/22/2013 12:00:00 PM,37,25,12
05/22/2013 01:00:00 PM,44,16,28
05/22/2013 02:00:00 PM,62,24,38
05/22/2013 03:00:00 PM,91,46,45
05/22/2013 04:00:00 PM,198,71,127
05/22/2013 05:00:00 PM,479,159,320
05/22/2013 06:00:00 PM,345,114,231
05/22/2013 07:00:00 PM,155,55,100
05/22/2013 08:00:00 PM,97,39,58
05/22/2013 09:00:00 PM,67,32,35
05/22/2013 10:00:00 PM,43,17,26
05/22/2013 11:00:00 PM,25,12,13
05/23/2013 12:00:00 AM,6,2,4
05/23/2013 01:00:00 AM,10,5,5
05/23/2013 02:00:00 AM,3,2,1
05/23/2013 03:00:00 AM,1,1,0
05/23/2013 04:00:00 AM,2,0,2
05/23/2013 05:00:00 AM,30,19,11
05/23/2013 06:00:00 AM,116,90,26
05/23/2013 07:00:00 AM,274,210,64
05/23/2013 08:00:00 AM,430,303,127
05/23/2013 09:00:00 AM,233,145,88
05/23/2013 10:00:00 AM,113,78,35
05/23/2013 11:00:00 AM,82,51,31
05/23/2013 12:00:00 PM,99,57,42
05/23/2013 01:00:00 PM,75,30,45
05/23/2013 02:00:00 PM,88,44,44
05/23/2013 03:00:00 PM,100,42,58
05/23/2013 04:00:00 PM,204,70,134
05/23/2013 05:00:00 PM,421,125,296
05/23/2013 06:00:00 PM,354,120,234
05/23/2013 07:00:00 PM,175,65,110
05/23/2013 08:00:00 PM,95,36,59
05/23/2013 09:00:00 PM,46,22,24
05/23/2013 10:00:00 PM,41,24,17
05/23/2013 11:00:00 PM,25,9,16
05/24/2013 12:00:00 AM,12,4,8
05/24/2013 01:00:00 AM,3,1,2
05/24/2013 02:00:00 AM,3,2,1
05/24/2013 03:00:00 AM,5,3,2
05/24/2013 04:00:00 AM,4,3,1
05/24/2013 05:00:00 AM,26,15,11
05/24/2013 06:00:00 AM,143,107,36
05/24/2013 07:00:00 AM,288,213,75
05/24/2013 08:00:00 AM,387,289,98
05/24/2013 09:00:00 AM,214,130,84
05/24/2013 10:00:00 AM,137,59,78
05/24/2013 11:00:00 AM,84,52,32
05/24/2013 12:00:00 PM,112,54,58
05/24/2013 01:00:00 PM,131,73,58
05/24/2013 02:00:00 PM,132,57,75
05/24/2013 03:00:00 PM,214,97,117
05/24/2013 04:00:00 PM,350,137,213
05/24/2013 05:00:00 PM,433,166,267
05/24/2013 06:00:00 PM,317,119,198
05/24/2013 07:00:00 PM,146,64,82
05/24/2013 08:00:00 PM,82,36,46
05/24/2013 09:00:00 PM,61,19,42
05/24/2013 10:00:00 PM,56,21,35
05/24/2013 11:00:00 PM,33,11,22
05/25/2013 12:00:00 AM,22,8,14
05/25/2013 01:00:00 AM,15,5,10
05/25/2013 02:00:00 AM,9,5,4
05/25/2013 03:00:00 AM,6,3,3
05/25/2013 04:00:00 AM,3,1,2
05/25/2013 05:00:00 AM,9,4,5
05/25/2013 06:00:00 AM,21,12,9
05/25/2013 07:00:00 AM,50,30,20
05/25/2013 08:00:00 AM,78,49,29
05/25/2013 09:00:00 AM,98,68,30
05/25/2013 10:00:00 AM,108,75,33
05/25/2013 11:00:00 AM,126,62,64
05/25/2013 12:00:00 PM,116,63,53
05/25/2013 01:00:00 PM,145,79,66
05/25/2013 02:00:00 PM,144,74,70
05/25/2013 03:00:00 PM,202,117,85
05/25/2013 04:00:00 PM,141,74,67
05/25/2013 05:00:00 PM,128,63,65
05/25/2013 06:00:00 PM,103,51,52
05/25/2013 07:00:00 PM,79,38,41
05/25/2013 08:00:00 PM,55,23,32
05/25/2013 09:00:00 PM,38,14,24
05/25/2013 10:00:00 PM,41,10,31
05/25/2013 11:00:00 PM,29,10,19
05/26/2013 12:00:00 AM,14,5,9
05/26/2013 01:00:00 AM,5,4,1
05/26/2013 02:00:00 AM,5,1,4
05/26/2013 03:00:00 AM,5,2,3
05/26/2013 04:00:00 AM,4,2,2
05/26/2013 05:00:00 AM,5,5,0
05/26/2013 06:00:00 AM,11,5,6
05/26/2013 07:00:00 AM,17,11,6
05/26/2013 08:00:00 AM,17,7,10
05/26/2013 09:00:00 AM,34,25,9
05/26/2013 10:00:00 AM,53,42,11
05/26/2013 11:00:00 AM,58,38,20
05/26/2013 12:00:00 PM,92,47,45
05/26/2013 01:00:00 PM,91,51,40
05/26/2013 02:00:00 PM,91,54,37
05/26/2013 03:00:00 PM,121,75,46
05/26/2013 04:00:00 PM,137,85,52
05/26/2013 05:00:00 PM,112,64,48
05/26/2013 06:00:00 PM,95,44,51
05/26/2013 07:00:00 PM,82,36,46
05/26/2013 08:00:00 PM,53,30,23
05/26/2013 09:00:00 PM,33,9,24
05/26/2013 10:00:00 PM,31,14,17
05/26/2013 11:00:00 PM,25,9,16
05/27/2013 12:00:00 AM,15,10,5
05/27/2013 01:00:00 AM,12,7,5
05/27/2013 02:00:00 AM,4,2,2
05/27/2013 03:00:00 AM,2,1,1
05/27/2013 04:00:00 AM,2,1,1
05/27/2013 05:00:00 AM,12,6,6
05/27/2013 06:00:00 AM,17,6,11
05/27/2013 07:00:00 AM,42,23,19
05/27/2013 08:00:00 AM,65,39,26
05/27/2013 09:00:00 AM,57,35,22
05/27/2013 10:00:00 AM,65,38,27
05/27/2013 11:00:00 AM,50,32,18
05/27/2013 12:00:00 PM,58,29,29
05/27/2013 01:00:00 PM,43,20,23
05/27/2013 02:00:00 PM,48,22,26
05/27/2013 03:00:00 PM,52,21,31
05/27/2013 04:00:00 PM,44,16,28
05/27/2013 05:00:00 PM,38,19,19
05/27/2013 06:00:00 PM,38,18,20
05/27/2013 07:00:00 PM,24,7,17
05/27/2013 08:00:00 PM,31,12,19
05/27/2013 09:00:00 PM,23,10,13
05/27/2013 10:00:00 PM,18,8,10
05/27/2013 11:00:00 PM,9,3,6
05/28/2013 12:00:00 AM,9,3,6
05/28/2013 01:00:00 AM,4,3,1
05/28/2013 02:00:00 AM,7,7,0
05/28/2013 03:00:00 AM,2,2,0
05/28/2013 04:00:00 AM,4,2,2
05/28/2013 05:00:00 AM,29,23,6
05/28/2013 06:00:00 AM,142,106,36
05/28/2013 07:00:00 AM,347,252,95
05/28/2013 08:00:00 AM,462,337,125
05/28/2013 09:00:00 AM,249,163,86
05/28/2013 10:00:00 AM,102,67,35
05/28/2013 11:00:00 AM,79,48,31
05/28/2013 12:00:00 PM,63,42,21
05/28/2013 01:00:00 PM,97,45,52
05/28/2013 02:00:00 PM,87,46,41
05/28/2013 03:00:00 PM,114,48,66
05/28/2013 04:00:00 PM,230,89,141
05/28/2013 05:00:00 PM,544,152,392
05/28/2013 06:00:00 PM,410,146,264
05/28/2013 07:00:00 PM,169,62,107
05/28/2013 08:00:00 PM,95,44,51
05/28/2013 09:00:00 PM,59,33,26
05/28/2013 10:00:00 PM,41,18,23
05/28/2013 11:00:00 PM,14,6,8
05/29/2013 12:00:00 AM,12,4,8
05/29/2013 01:00:00 AM,3,1,2
05/29/2013 02:00:00 AM,3,2,1
05/29/2013 03:00:00 AM,0,0,0
05/29/2013 04:00:00 AM,5,3,2
05/29/2013 05:00:00 AM,24,22,2
05/29/2013 06:00:00 AM,119,80,39
05/29/2013 07:00:00 AM,277,214,63
05/29/2013 08:00:00 AM,407,299,108
05/29/2013 09:00:00 AM,270,194,76
05/29/2013 10:00:00 AM,98,59,39
05/29/2013 11:00:00 AM,85,44,41
05/29/2013 12:00:00 PM,66,39,27
05/29/2013 01:00:00 PM,65,28,37
05/29/2013 02:00:00 PM,90,43,47
05/29/2013 03:00:00 PM,138,62,76
05/29/2013 04:00:00 PM,224,88,136
05/29/2013 05:00:00 PM,444,150,294
05/29/2013 06:00:00 PM,414,144,270
05/29/2013 07:00:00 PM,186,47,139
05/29/2013 08:00:00 PM,80,33,47
05/29/2013 09:00:00 PM,72,39,33
05/29/2013 10:00:00 PM,37,16,21
05/29/2013 11:00:00 PM,18,7,11
05/30/2013 12:00:00 AM,11,3,8
05/30/2013 01:00:00 AM,6,4,2
05/30/2013 02:00:00 AM,3,2,1
05/30/2013 03:00:00 AM,3,3,0
05/30/2013 04:00:00 AM,8,4,4
05/30/2013 05:00:00 AM,42,29,13
05/30/2013 06:00:00 AM,170,120,50
05/30/2013 07:00:00 AM,375,283,92
05/30/2013 08:00:00 AM,515,370,145
05/30/2013 09:00:00 AM,276,184,92
05/30/2013 10:00:00 AM,142,93,49
05/30/2013 11:00:00 AM,87,53,34
05/30/2013 12:00:00 PM,90,47,43
05/30/2013 01:00:00 PM,95,43,52
05/30/2013 02:00:00 PM,108,57,51
05/30/2013 03:00:00 PM,132,59,73
05/30/2013 04:00:00 PM,269,103,166
05/30/2013 05:00:00 PM,607,182,425
05/30/2013 06:00:00 PM,502,167,335
05/30/2013 07:00:00 PM,220,85,135
05/30/2013 08:00:00 PM,124,50,74
05/30/2013 09:00:00 PM,84,34,50
05/30/2013 10:00:00 PM,57,27,30
05/30/2013 11:00:00 PM,37,20,17
05/31/2013 12:00:00 AM,18,15,3
05/31/2013 01:00:00 AM,12,5,7
05/31/2013 02:00:00 AM,4,2,2
05/31/2013 03:00:00 AM,3,3,0
05/31/2013 04:00:00 AM,2,1,1
05/31/2013 05:00:00 AM,33,24,9
05/31/2013 06:00:00 AM,169,125,44
05/31/2013 07:00:00 AM,389,286,103
05/31/2013 08:00:00 AM,540,401,139
05/31/2013 09:00:00 AM,305,197,108
05/31/2013 10:00:00 AM,150,87,63
05/31/2013 11:00:00 AM,122,67,55
05/31/2013 12:00:00 PM,106,58,48
05/31/2013 01:00:00 PM,138,67,71
05/31/2013 02:00:00 PM,142,68,74
05/31/2013 03:00:00 PM,216,102,114
05/31/2013 04:00:00 PM,382,144,238
05/31/2013 05:00:00 PM,689,203,486
05/31/2013 06:00:00 PM,418,159,259
05/31/2013 07:00:00 PM,239,117,122
05/31/2013 08:00:00 PM,157,65,92
05/31/2013 09:00:00 PM,84,43,41
05/31/2013 10:00:00 PM,59,39,20
05/31/2013 11:00:00 PM,38,18,20
06/01/2013 12:00:00 AM,32,14,18
06/01/2013 01:00:00 AM,22,11,11
06/01/2013 02:00:00 AM,6,3,3
06/01/2013 03:00:00 AM,7,5,2
06/01/2013 04:00:00 AM,8,7,1
06/01/2013 05:00:00 AM,13,8,5
06/01/2013 06:00:00 AM,29,17,12
06/01/2013 07:00:00 AM,53,28,25
06/01/2013 08:00:00 AM,86,54,32
06/01/2013 09:00:00 AM,135,71,64
06/01/2013 10:00:00 AM,130,74,56
06/01/2013 11:00:00 AM,151,87,64
06/01/2013 12:00:00 PM,172,110,62
06/01/2013 01:00:00 PM,194,114,80
06/01/2013 02:00:00 PM,200,114,86
06/01/2013 03:00:00 PM,244,133,111
06/01/2013 04:00:00 PM,171,97,74
06/01/2013 05:00:00 PM,203,110,93
06/01/2013 06:00:00 PM,117,74,43
06/01/2013 07:00:00 PM,103,59,44
06/01/2013 08:00:00 PM,47,27,20
06/01/2013 09:00:00 PM,31,18,13
06/01/2013 10:00:00 PM,53,20,33
06/01/2013 11:00:00 PM,33,13,20
06/02/2013 12:00:00 AM,23,14,9
06/02/2013 01:00:00 AM,22,13,9
06/02/2013 02:00:00 AM,13,4,9
06/02/2013 03:00:00 AM,2,2,0
06/02/2013 04:00:00 AM,8,6,2
06/02/2013 05:00:00 AM,7,6,1
06/02/2013 06:00:00 AM,11,7,4
06/02/2013 07:00:00 AM,27,18,9
06/02/2013 08:00:00 AM,76,54,22
06/02/2013 09:00:00 AM,128,85,43
06/02/2013 10:00:00 AM,166,97,69
06/02/2013 11:00:00 AM,213,134,79
06/02/2013 12:00:00 PM,263,149,114
06/02/2013 01:00:00 PM,224,131,93
06/02/2013 02:00:00 PM,292,167,125
06/02/2013 03:00:00 PM,247,129,118
06/02/2013 04:00:00 PM,233,128,105
06/02/2013 05:00:00 PM,201,118,83
06/02/2013 06:00:00 PM,200,113,87
06/02/2013 07:00:00 PM,98,59,39
06/02/2013 08:00:00 PM,90,58,32
06/02/2013 09:00:00 PM,64,46,18
06/02/2013 10:00:00 PM,36,19,17
06/02/2013 11:00:00 PM,32,11,21
06/03/2013 12:00:00 AM,23,10,13
06/03/2013 01:00:00 AM,9,4,5
06/03/2013 02:00:00 AM,3,2,1
06/03/2013 03:00:00 AM,3,3,0
06/03/2013 04:00:00 AM,5,3,2
06/03/2013 05:00:00 AM,38,25,13
06/03/2013 06:00:00 AM,176,125,51
06/03/2013 07:00:00 AM,409,303,106
06/03/2013 08:00:00 AM,520,353,167
06/03/2013 09:00:00 AM,267,176,91
06/03/2013 10:00:00 AM,111,60,51
06/03/2013 11:00:00 AM,81,52,29
06/03/2013 12:00:00 PM,87,44,43
06/03/2013 01:00:00 PM,99,56,43
06/03/2013 02:00:00 PM,120,67,53
06/03/2013 03:00:00 PM,187,83,104
06/03/2013 04:00:00 PM,325,125,200
06/03/2013 05:00:00 PM,670,213,457
06/03/2013 06:00:00 PM,560,212,348
06/03/2013 07:00:00 PM,249,96,153
06/03/2013 08:00:00 PM,144,70,74
06/03/2013 09:00:00 PM,122,74,48
06/03/2013 10:00:00 PM,59,24,35
06/03/2013 11:00:00 PM,25,6,19
06/04/2013 12:00:00 AM,9,2,7
06/04/2013 01:00:00 AM,8,3,5
06/04/2013 02:00:00 AM,2,2,0
06/04/2013 03:00:00 AM,2,1,1
06/04/2013 04:00:00 AM,8,5,3
06/04/2013 05:00:00 AM,48,36,12
06/04/2013 06:00:00 AM,205,145,60
06/04/2013 07:00:00 AM,498,360,138
06/04/2013 08:00:00 AM,601,428,173
06/04/2013 09:00:00 AM,343,244,99
06/04/2013 10:00:00 AM,135,71,64
06/04/2013 11:00:00 AM,106,67,39
06/04/2013 12:00:00 PM,140,79,61
06/04/2013 01:00:00 PM,141,79,62
06/04/2013 02:00:00 PM,134,54,80
06/04/2013 03:00:00 PM,185,90,95
06/04/2013 04:00:00 PM,382,146,236
06/04/2013 05:00:00 PM,770,238,532
06/04/2013 06:00:00 PM,632,232,400
06/04/2013 07:00:00 PM,323,148,175
06/04/2013 08:00:00 PM,190,92,98
06/04/2013 09:00:00 PM,154,83,71
06/04/2013 10:00:00 PM,69,34,35
06/04/2013 11:00:00 PM,36,16,20
06/05/2013 12:00:00 AM,22,11,11
06/05/2013 01:00:00 AM,10,5,5
06/05/2013 02:00:00 AM,11,8,3
06/05/2013 03:00:00 AM,4,3,1
06/05/2013 04:00:00 AM,11,10,1
06/05/2013 05:00:00 AM,46,31,15
06/05/2013 06:00:00 AM,208,148,60
06/05/2013 07:00:00 AM,445,322,123
06/05/2013 08:00:00 AM,579,389,190
06/05/2013 09:00:00 AM,376,245,131
06/05/2013 10:00:00 AM,155,88,67
06/05/2013 11:00:00 AM,119,61,58
06/05/2013 12:00:00 PM,132,71,61
06/05/2013 01:00:00 PM,128,60,68
06/05/2013 02:00:00 PM,167,85,82
06/05/2013 03:00:00 PM,213,103,110
06/05/2013 04:00:00 PM,366,144,222
06/05/2013 05:00:00 PM,753,255,498
06/05/2013 06:00:00 PM,579,215,364
06/05/2013 07:00:00 PM,301,120,181
06/05/2013 08:00:00 PM,189,76,113
06/05/2013 09:00:00 PM,104,53,51
06/05/2013 10:00:00 PM,86,56,30
06/05/2013 11:00:00 PM,34,13,21
06/06/2013 12:00:00 AM,11,6,5
06/06/2013 01:00:00 AM,10,6,4
06/06/2013 02:00:00 AM,9,7,2
06/06/2013 03:00:00 AM,2,1,1
06/06/2013 04:00:00 AM,7,5,2
06/06/2013 05:00:00 AM,50,38,12
06/06/2013 06:00:00 AM,184,122,62
06/06/2013 07:00:00 AM,424,295,129
06/06/2013 08:00:00 AM,578,384,194
06/06/2013 09:00:00 AM,326,213,113
06/06/2013 10:00:00 AM,140,78,62
06/06/2013 11:00:00 AM,103,63,40
06/06/2013 12:00:00 PM,116,69,47
06/06/2013 01:00:00 PM,158,74,84
06/06/2013 02:00:00 PM,137,63,74
06/06/2013 03:00:00 PM,155,75,80
06/06/2013 04:00:00 PM,367,136,231
06/06/2013 05:00:00 PM,682,214,468
06/06/2013 06:00:00 PM,494,184,310
06/06/2013 07:00:00 PM,297,120,177
06/06/2013 08:00:00 PM,145,62,83
06/06/2013 09:00:00 PM,95,51,44
06/06/2013 10:00:00 PM,106,75,31
06/06/2013 11:00:00 PM,43,8,35
06/07/2013 12:00:00 AM,15,7,8
06/07/2013 01:00:00 AM,7,2,5
06/07/2013 02:00:00 AM,4,3,1
06/07/2013 03:00:00 AM,3,0,3
06/07/2013 04:00:00 AM,6,4,2
06/07/2013 05:00:00 AM,37,26,11
06/07/2013 06:00:00 AM,158,109,49
06/07/2013 07:00:00 AM,325,232,93
06/07/2013 08:00:00 AM,497,345,152
06/07/2013 09:00:00 AM,280,194,86
06/07/2013 10:00:00 AM,120,66,54
06/07/2013 11:00:00 AM,98,53,45
06/07/2013 12:00:00 PM,110,59,51
06/07/2013 01:00:00 PM,116,56,60
06/07/2013 02:00:00 PM,132,65,67
06/07/2013 03:00:00 PM,123,59,64
06/07/2013 04:00:00 PM,327,127,200
06/07/2013 05:00:00 PM,423,128,295
06/07/2013 06:00:00 PM,450,170,280
06/07/2013 07:00:00 PM,156,62,94
06/07/2013 08:00:00 PM,113,37,76
06/07/2013 09:00:00 PM,83,37,46
06/07/2013 10:00:00 PM,45,21,24
06/07/2013 11:00:00 PM,48,22,26
06/08/2013 12:00:00 AM,31,7,24
06/08/2013 01:00:00 AM,19,8,11
06/08/2013 02:00:00 AM,7,4,3
06/08/2013 03:00:00 AM,5,5,0
06/08/2013 04:00:00 AM,3,1,2
06/08/2013 05:00:00 AM,5,3,2
06/08/2013 06:00:00 AM,24,10,14
06/08/2013 07:00:00 AM,42,27,15
06/08/2013 08:00:00 AM,84,51,33
06/08/2013 09:00:00 AM,115,71,44
06/08/2013 10:00:00 AM,134,75,59
06/08/2013 11:00:00 AM,140,79,61
06/08/2013 12:00:00 PM,131,62,69
06/08/2013 01:00:00 PM,186,88,98
06/08/2013 02:00:00 PM,177,98,79
06/08/2013 03:00:00 PM,179,113,66
06/08/2013 04:00:00 PM,175,91,84
06/08/2013 05:00:00 PM,184,89,95
06/08/2013 06:00:00 PM,162,83,79
06/08/2013 07:00:00 PM,122,78,44
06/08/2013 08:00:00 PM,62,35,27
06/08/2013 09:00:00 PM,65,39,26
06/08/2013 10:00:00 PM,75,36,39
06/08/2013 11:00:00 PM,52,21,31
06/09/2013 12:00:00 AM,26,12,14
06/09/2013 01:00:00 AM,10,3,7
06/09/2013 02:00:00 AM,9,6,3
06/09/2013 03:00:00 AM,6,4,2
06/09/2013 04:00:00 AM,5,2,3
06/09/2013 05:00:00 AM,5,4,1
06/09/2013 06:00:00 AM,18,9,9
06/09/2013 07:00:00 AM,25,14,11
06/09/2013 08:00:00 AM,79,40,39
06/09/2013 09:00:00 AM,93,50,43
06/09/2013 10:00:00 AM,151,104,47
06/09/2013 11:00:00 AM,139,85,54
06/09/2013 12:00:00 PM,143,75,68
06/09/2013 01:00:00 PM,228,118,110
06/09/2013 02:00:00 PM,180,100,80
06/09/2013 03:00:00 PM,233,144,89
06/09/2013 04:00:00 PM,209,121,88
06/09/2013 05:00:00 PM,175,98,77
06/09/2013 06:00:00 PM,114,63,51
06/09/2013 07:00:00 PM,95,50,45
06/09/2013 08:00:00 PM,53,35,18
06/09/2013 09:00:00 PM,31,18,13
06/09/2013 10:00:00 PM,28,14,14
06/09/2013 11:00:00 PM,26,14,12
06/10/2013 12:00:00 AM,9,2,7
06/10/2013 01:00:00 AM,6,5,1
06/10/2013 02:00:00 AM,5,3,2
06/10/2013 03:00:00 AM,3,0,3
06/10/2013 04:00:00 AM,8,4,4
06/10/2013 05:00:00 AM,52,31,21
06/10/2013 06:00:00 AM,166,112,54
06/10/2013 07:00:00 AM,411,299,112
06/10/2013 08:00:00 AM,557,389,168
06/10/2013 09:00:00 AM,291,196,95
06/10/2013 10:00:00 AM,114,71,43
06/10/2013 11:00:00 AM,83,50,33
06/10/2013 12:00:00 PM,103,45,58
06/10/2013 01:00:00 PM,139,78,61
06/10/2013 02:00:00 PM,114,58,56
06/10/2013 03:00:00 PM,190,75,115
06/10/2013 04:00:00 PM,353,147,206
06/10/2013 05:00:00 PM,654,189,465
06/10/2013 06:00:00 PM,545,192,353
06/10/2013 07:00:00 PM,235,88,147
06/10/2013 08:00:00 PM,136,73,63
06/10/2013 09:00:00 PM,98,60,38
06/10/2013 10:00:00 PM,61,30,31
06/10/2013 11:00:00 PM,36,18,18
06/11/2013 12:00:00 AM,14,3,11
06/11/2013 01:00:00 AM,4,2,2
06/11/2013 02:00:00 AM,11,5,6
06/11/2013 03:00:00 AM,4,3,1
06/11/2013 04:00:00 AM,12,6,6
06/11/2013 05:00:00 AM,43,32,11
06/11/2013 06:00:00 AM,149,102,47
06/11/2013 07:00:00 AM,384,276,108
06/11/2013 08:00:00 AM,485,333,152
06/11/2013 09:00:00 AM,272,186,86
06/11/2013 10:00:00 AM,125,75,50
06/11/2013 11:00:00 AM,57,32,25
06/11/2013 12:00:00 PM,66,37,29
06/11/2013 01:00:00 PM,67,32,35
06/11/2013 02:00:00 PM,65,33,32
06/11/2013 03:00:00 PM,135,55,80
06/11/2013 04:00:00 PM,279,107,172
06/11/2013 05:00:00 PM,561,185,376
06/11/2013 06:00:00 PM,423,151,272
06/11/2013 07:00:00 PM,216,84,132
06/11/2013 08:00:00 PM,118,57,61
06/11/2013 09:00:00 PM,102,58,44
06/11/2013 10:00:00 PM,58,18,40
06/11/2013 11:00:00 PM,28,11,17
06/12/2013 12:00:00 AM,13,5,8
06/12/2013 01:00:00 AM,4,3,1
06/12/2013 02:00:00 AM,5,5,0
06/12/2013 03:00:00 AM,4,2,2
06/12/2013 04:00:00 AM,6,3,3
06/12/2013 05:00:00 AM,33,23,10
06/12/2013 06:00:00 AM,141,102,39
06/12/2013 07:00:00 AM,350,257,93
06/12/2013 08:00:00 AM,458,317,141
06/12/2013 09:00:00 AM,299,187,112
06/12/2013 10:00:00 AM,130,76,54
06/12/2013 11:00:00 AM,123,60,63
06/12/2013 12:00:00 PM,104,58,46
06/12/2013 01:00:00 PM,112,61,51
06/12/2013 02:00:00 PM,108,54,54
06/12/2013 03:00:00 PM,169,79,90
06/12/2013 04:00:00 PM,298,116,182
06/12/2013 05:00:00 PM,601,205,396
06/12/2013 06:00:00 PM,514,197,317
06/12/2013 07:00:00 PM,219,87,132
06/12/2013 08:00:00 PM,136,54,82
06/12/2013 09:00:00 PM,98,49,49
06/12/2013 10:00:00 PM,50,28,22
06/12/2013 11:00:00 PM,30,10,20
06/13/2013 12:00:00 AM,17,11,6
06/13/2013 01:00:00 AM,5,4,1
06/13/2013 02:00:00 AM,10,5,5
06/13/2013 03:00:00 AM,2,0,2
06/13/2013 04:00:00 AM,8,5,3
06/13/2013 05:00:00 AM,36,26,10
06/13/2013 06:00:00 AM,133,84,49
06/13/2013 07:00:00 AM,343,259,84
06/13/2013 08:00:00 AM,485,334,151
06/13/2013 09:00:00 AM,268,168,100
06/13/2013 10:00:00 AM,123,73,50
06/13/2013 11:00:00 AM,93,50,43
06/13/2013 12:00:00 PM,78,44,34
06/13/2013 01:00:00 PM,118,56,62
06/13/2013 02:00:00 PM,122,66,56
06/13/2013 03:00:00 PM,136,58,78
06/13/2013 04:00:00 PM,279,106,173
06/13/2013 05:00:00 PM,588,193,395
06/13/2013 06:00:00 PM,488,211,277
06/13/2013 07:00:00 PM,230,103,127
06/13/2013 08:00:00 PM,147,60,87
06/13/2013 09:00:00 PM,103,51,52
06/13/2013 10:00:00 PM,71,32,39
06/13/2013 11:00:00 PM,32,12,20
06/14/2013 12:00:00 AM,16,5,11
06/14/2013 01:00:00 AM,14,7,7
06/14/2013 02:00:00 AM,1,1,0
06/14/2013 03:00:00 AM,6,5,1
06/14/2013 04:00:00 AM,33,20,13
06/14/2013 05:00:00 AM,154,103,51
06/14/2013 06:00:00 AM,314,225,89
06/14/2013 07:00:00 AM,417,305,112
06/14/2013 08:00:00 AM,254,160,94
06/14/2013 09:00:00 AM,,,
06/14/2013 10:00:00 AM,,,
06/14/2013 11:00:00 AM,43,28,15
06/14/2013 12:00:00 PM,85,50,35
06/14/2013 01:00:00 PM,108,39,69
06/14/2013 02:00:00 PM,113,44,69
06/14/2013 03:00:00 PM,181,73,108
06/14/2013 04:00:00 PM,296,122,174
06/14/2013 05:00:00 PM,516,160,356
06/14/2013 06:00:00 PM,342,120,222
06/14/2013 07:00:00 PM,148,64,84
06/14/2013 08:00:00 PM,138,72,66
06/14/2013 09:00:00 PM,68,41,27
06/14/2013 10:00:00 PM,47,31,16
06/14/2013 11:00:00 PM,28,15,13
06/15/2013 12:00:00 AM,16,5,11
06/15/2013 01:00:00 AM,14,9,5
06/15/2013 02:00:00 AM,9,7,2
06/15/2013 03:00:00 AM,4,2,2
06/15/2013 04:00:00 AM,5,2,3
06/15/2013 05:00:00 AM,14,9,5
06/15/2013 06:00:00 AM,48,24,24
06/15/2013 07:00:00 AM,69,41,28
06/15/2013 08:00:00 AM,98,51,47
06/15/2013 09:00:00 AM,183,99,84
06/15/2013 10:00:00 AM,171,110,61
06/15/2013 11:00:00 AM,204,129,75
06/15/2013 12:00:00 PM,194,106,88
06/15/2013 01:00:00 PM,219,103,116
06/15/2013 02:00:00 PM,220,122,98
06/15/2013 03:00:00 PM,221,118,103
06/15/2013 04:00:00 PM,202,104,98
06/15/2013 05:00:00 PM,188,124,64
06/15/2013 06:00:00 PM,141,85,56
06/15/2013 07:00:00 PM,117,66,51
06/15/2013 08:00:00 PM,79,49,30
06/15/2013 09:00:00 PM,57,30,27
06/15/2013 10:00:00 PM,45,20,25
06/15/2013 11:00:00 PM,38,21,17
06/16/2013 12:00:00 AM,28,15,13
06/16/2013 01:00:00 AM,21,7,14
06/16/2013 02:00:00 AM,11,8,3
06/16/2013 03:00:00 AM,11,4,7
06/16/2013 04:00:00 AM,5,3,2
06/16/2013 05:00:00 AM,5,5,0
06/16/2013 06:00:00 AM,22,9,13
06/16/2013 07:00:00 AM,55,35,20
06/16/2013 08:00:00 AM,68,44,24
06/16/2013 09:00:00 AM,119,71,48
06/16/2013 10:00:00 AM,137,79,58
06/16/2013 11:00:00 AM,186,103,83
06/16/2013 12:00:00 PM,233,139,94
06/16/2013 01:00:00 PM,198,113,85
06/16/2013 02:00:00 PM,214,134,80
06/16/2013 03:00:00 PM,218,108,110
06/16/2013 04:00:00 PM,194,120,74
06/16/2013 05:00:00 PM,174,89,85
06/16/2013 06:00:00 PM,127,75,52
06/16/2013 07:00:00 PM,85,59,26
06/16/2013 08:00:00 PM,80,45,35
06/16/2013 09:00:00 PM,44,21,23
06/16/2013 10:00:00 PM,44,22,22
06/16/2013 11:00:00 PM,23,8,15
06/17/2013 12:00:00 AM,16,5,11
06/17/2013 01:00:00 AM,5,1,4
06/17/2013 02:00:00 AM,4,2,2
06/17/2013 03:00:00 AM,1,0,1
06/17/2013 04:00:00 AM,7,5,2
06/17/2013 05:00:00 AM,37,25,12
06/17/2013 06:00:00 AM,160,111,49
06/17/2013 07:00:00 AM,353,257,96
06/17/2013 08:00:00 AM,514,361,153
06/17/2013 09:00:00 AM,290,172,118
06/17/2013 10:00:00 AM,132,78,54
06/17/2013 11:00:00 AM,107,73,34
06/17/2013 12:00:00 PM,128,77,51
06/17/2013 01:00:00 PM,108,54,54
06/17/2013 02:00:00 PM,114,65,49
06/17/2013 03:00:00 PM,168,79,89
06/17/2013 04:00:00 PM,324,124,200
06/17/2013 05:00:00 PM,635,179,456
06/17/2013 06:00:00 PM,526,213,313
06/17/2013 07:00:00 PM,257,97,160
06/17/2013 08:00:00 PM,191,89,102
06/17/2013 09:00:00 PM,101,56,45
06/17/2013 10:00:00 PM,51,19,32
06/17/2013 11:00:00 PM,23,11,12
06/18/2013 12:00:00 AM,18,10,8
06/18/2013 01:00:00 AM,9,2,7
06/18/2013 02:00:00 AM,7,6,1
06/18/2013 03:00:00 AM,2,2,0
06/18/2013 04:00:00 AM,5,2,3
06/18/2013 05:00:00 AM,44,31,13
06/18/2013 06:00:00 AM,171,113,58
06/18/2013 07:00:00 AM,434,311,123
06/18/2013 08:00:00 AM,537,377,160
06/18/2013 09:00:00 AM,311,196,115
06/18/2013 10:00:00 AM,118,62,56
06/18/2013 11:00:00 AM,117,61,56
06/18/2013 12:00:00 PM,113,61,52
06/18/2013 01:00:00 PM,109,54,55
06/18/2013 02:00:00 PM,143,87,56
06/18/2013 03:00:00 PM,182,82,100
06/18/2013 04:00:00 PM,336,129,207
06/18/2013 05:00:00 PM,688,229,459
06/18/2013 06:00:00 PM,531,176,355
06/18/2013 07:00:00 PM,259,110,149
06/18/2013 08:00:00 PM,159,75,84
06/18/2013 09:00:00 PM,112,50,62
06/18/2013 10:00:00 PM,89,26,63
06/18/2013 11:00:00 PM,32,14,18
06/19/2013 12:00:00 AM,22,8,14
06/19/2013 01:00:00 AM,3,1,2
06/19/2013 02:00:00 AM,4,4,0
06/19/2013 03:00:00 AM,4,1,3
06/19/2013 04:00:00 AM,4,2,2
06/19/2013 05:00:00 AM,41,28,13
06/19/2013 06:00:00 AM,133,80,53
06/19/2013 07:00:00 AM,345,262,83
06/19/2013 08:00:00 AM,458,316,142
06/19/2013 09:00:00 AM,262,177,85
06/19/2013 10:00:00 AM,123,76,47
06/19/2013 11:00:00 AM,99,56,43
06/19/2013 12:00:00 PM,96,55,41
06/19/2013 01:00:00 PM,102,51,51
06/19/2013 02:00:00 PM,120,58,62
06/19/2013 03:00:00 PM,160,59,101
06/19/2013 04:00:00 PM,266,100,166
06/19/2013 05:00:00 PM,529,164,365
06/19/2013 06:00:00 PM,424,152,272
06/19/2013 07:00:00 PM,201,93,108
06/19/2013 08:00:00 PM,108,48,60
06/19/2013 09:00:00 PM,81,32,49
06/19/2013 10:00:00 PM,42,20,22
06/19/2013 11:00:00 PM,28,10,18
06/20/2013 12:00:00 AM,12,4,8
06/20/2013 01:00:00 AM,2,0,2
06/20/2013 02:00:00 AM,8,3,5
06/20/2013 03:00:00 AM,2,2,0
06/20/2013 04:00:00 AM,6,4,2
06/20/2013 05:00:00 AM,33,22,11
06/20/2013 06:00:00 AM,111,73,38
06/20/2013 07:00:00 AM,264,190,74
06/20/2013 08:00:00 AM,374,253,121
06/20/2013 09:00:00 AM,209,131,78
06/20/2013 10:00:00 AM,87,49,38
06/20/2013 11:00:00 AM,70,39,31
06/20/2013 12:00:00 PM,56,32,24
06/20/2013 01:00:00 PM,44,20,24
06/20/2013 02:00:00 PM,60,34,26
06/20/2013 03:00:00 PM,88,44,44
06/20/2013 04:00:00 PM,140,39,101
06/20/2013 05:00:00 PM,357,88,269
06/20/2013 06:00:00 PM,273,88,185
06/20/2013 07:00:00 PM,121,49,72
06/20/2013 08:00:00 PM,77,17,60
06/20/2013 09:00:00 PM,39,19,20
06/20/2013 10:00:00 PM,21,11,10
06/20/2013 11:00:00 PM,17,10,7
06/21/2013 12:00:00 AM,25,16,9
06/21/2013 01:00:00 AM,1,1,0
06/21/2013 02:00:00 AM,2,0,2
06/21/2013 03:00:00 AM,3,0,3
06/21/2013 04:00:00 AM,1,1,0
06/21/2013 05:00:00 AM,19,15,4
06/21/2013 06:00:00 AM,97,67,30
06/21/2013 07:00:00 AM,210,148,62
06/21/2013 08:00:00 AM,319,223,96
06/21/2013 09:00:00 AM,214,141,73
06/21/2013 10:00:00 AM,115,70,45
06/21/2013 11:00:00 AM,82,43,39
06/21/2013 12:00:00 PM,82,41,41
06/21/2013 01:00:00 PM,130,72,58
06/21/2013 02:00:00 PM,110,54,56
06/21/2013 03:00:00 PM,154,56,98
06/21/2013 04:00:00 PM,263,91,172
06/21/2013 05:00:00 PM,424,137,287
06/21/2013 06:00:00 PM,296,107,189
06/21/2013 07:00:00 PM,170,77,93
06/21/2013 08:00:00 PM,104,63,41
06/21/2013 09:00:00 PM,94,49,45
06/21/2013 10:00:00 PM,57,36,21
06/21/2013 11:00:00 PM,38,20,18
06/22/2013 12:00:00 AM,31,13,18
06/22/2013 01:00:00 AM,19,9,10
06/22/2013 02:00:00 AM,10,4,6
06/22/2013 03:00:00 AM,9,5,4
06/22/2013 04:00:00 AM,5,3,2
06/22/2013 05:00:00 AM,13,10,3
06/22/2013 06:00:00 AM,46,31,15
06/22/2013 07:00:00 AM,76,38,38
06/22/2013 08:00:00 AM,117,68,49
06/22/2013 09:00:00 AM,175,90,85
06/22/2013 10:00:00 AM,230,121,109
06/22/2013 11:00:00 AM,232,118,114
06/22/2013 12:00:00 PM,313,141,172
06/22/2013 01:00:00 PM,317,137,180
06/22/2013 02:00:00 PM,269,105,164
06/22/2013 03:00:00 PM,76,39,37
06/22/2013 04:00:00 PM,61,29,32
06/22/2013 05:00:00 PM,180,62,118
06/22/2013 06:00:00 PM,240,116,124
06/22/2013 07:00:00 PM,185,94,91
06/22/2013 08:00:00 PM,189,73,116
06/22/2013 09:00:00 PM,159,94,65
06/22/2013 10:00:00 PM,110,72,38
06/22/2013 11:00:00 PM,81,54,27
06/23/2013 12:00:00 AM,50,20,30
06/23/2013 01:00:00 AM,35,26,9
06/23/2013 02:00:00 AM,28,8,20
06/23/2013 03:00:00 AM,7,3,4
06/23/2013 04:00:00 AM,19,9,10
06/23/2013 05:00:00 AM,10,8,2
06/23/2013 06:00:00 AM,35,25,10
06/23/2013 07:00:00 AM,25,15,10
06/23/2013 08:00:00 AM,47,27,20
06/23/2013 09:00:00 AM,111,65,46
06/23/2013 10:00:00 AM,140,89,51
06/23/2013 11:00:00 AM,123,67,56
06/23/2013 12:00:00 PM,114,73,41
06/23/2013 01:00:00 PM,154,69,85
06/23/2013 02:00:00 PM,120,66,54
06/23/2013 03:00:00 PM,116,71,45
06/23/2013 04:00:00 PM,136,78,58
06/23/2013 05:00:00 PM,114,57,57
06/23/2013 06:00:00 PM,122,71,51
06/23/2013 07:00:00 PM,52,30,22
06/23/2013 08:00:00 PM,37,16,21
06/23/2013 09:00:00 PM,22,9,13
06/23/2013 10:00:00 PM,20,10,10
06/23/2013 11:00:00 PM,7,0,7
06/24/2013 12:00:00 AM,6,4,2
06/24/2013 01:00:00 AM,0,0,0
06/24/2013 02:00:00 AM,2,2,0
06/24/2013 03:00:00 AM,3,2,1
06/24/2013 04:00:00 AM,7,6,1
06/24/2013 05:00:00 AM,33,28,5
06/24/2013 06:00:00 AM,79,56,23
06/24/2013 07:00:00 AM,177,132,45
06/24/2013 08:00:00 AM,244,160,84
06/24/2013 09:00:00 AM,180,118,62
06/24/2013 10:00:00 AM,69,44,25
06/24/2013 11:00:00 AM,48,23,25
06/24/2013 12:00:00 PM,81,50,31
06/24/2013 01:00:00 PM,63,38,25
06/24/2013 02:00:00 PM,73,43,30
06/24/2013 03:00:00 PM,97,36,61
06/24/2013 04:00:00 PM,177,63,114
06/24/2013 05:00:00 PM,366,116,250
06/24/2013 06:00:00 PM,306,123,183
06/24/2013 07:00:00 PM,207,87,120
06/24/2013 08:00:00 PM,104,57,47
06/24/2013 09:00:00 PM,57,32,25
06/24/2013 10:00:00 PM,41,20,21
06/24/2013 11:00:00 PM,12,7,5
06/25/2013 12:00:00 AM,11,4,7
06/25/2013 01:00:00 AM,8,3,5
06/25/2013 02:00:00 AM,7,5,2
06/25/2013 03:00:00 AM,0,0,0
06/25/2013 04:00:00 AM,6,3,3
06/25/2013 05:00:00 AM,26,18,8
06/25/2013 06:00:00 AM,118,84,34
06/25/2013 07:00:00 AM,220,168,52
06/25/2013 08:00:00 AM,263,178,85
06/25/2013 09:00:00 AM,209,131,78
06/25/2013 10:00:00 AM,110,59,51
06/25/2013 11:00:00 AM,93,56,37
06/25/2013 12:00:00 PM,71,49,22
06/25/2013 01:00:00 PM,100,63,37
06/25/2013 02:00:00 PM,107,64,43
06/25/2013 03:00:00 PM,144,73,71
06/25/2013 04:00:00 PM,232,88,144
06/25/2013 05:00:00 PM,424,121,303
06/25/2013 06:00:00 PM,247,76,171
06/25/2013 07:00:00 PM,124,54,70
06/25/2013 08:00:00 PM,48,15,33
06/25/2013 09:00:00 PM,47,25,22
06/25/2013 10:00:00 PM,18,8,10
06/25/2013 11:00:00 PM,16,8,8
06/26/2013 12:00:00 AM,11,3,8
06/26/2013 01:00:00 AM,4,1,3
06/26/2013 02:00:00 AM,4,2,2
06/26/2013 03:00:00 AM,0,0,0
06/26/2013 04:00:00 AM,7,3,4
06/26/2013 05:00:00 AM,21,15,6
06/26/2013 06:00:00 AM,104,68,36
06/26/2013 07:00:00 AM,238,183,55
06/26/2013 08:00:00 AM,326,217,109
06/26/2013 09:00:00 AM,224,129,95
06/26/2013 10:00:00 AM,89,57,32
06/26/2013 11:00:00 AM,84,37,47
06/26/2013 12:00:00 PM,73,41,32
06/26/2013 01:00:00 PM,64,32,32
06/26/2013 02:00:00 PM,54,29,25
06/26/2013 03:00:00 PM,115,54,61
06/26/2013 04:00:00 PM,215,70,145
06/26/2013 05:00:00 PM,422,136,286
06/26/2013 06:00:00 PM,350,124,226
06/26/2013 07:00:00 PM,203,78,125
06/26/2013 08:00:00 PM,131,68,63
06/26/2013 09:00:00 PM,85,36,49
06/26/2013 10:00:00 PM,60,40,20
06/26/2013 11:00:00 PM,20,7,13
06/27/2013 12:00:00 AM,19,13,6
06/27/2013 01:00:00 AM,8,4,4
06/27/2013 02:00:00 AM,12,7,5
06/27/2013 03:00:00 AM,1,1,0
06/27/2013 04:00:00 AM,4,2,2
06/27/2013 05:00:00 AM,31,19,12
06/27/2013 06:00:00 AM,100,71,29
06/27/2013 07:00:00 AM,243,183,60
06/27/2013 08:00:00 AM,341,235,106
06/27/2013 09:00:00 AM,209,132,77
06/27/2013 10:00:00 AM,65,43,22
06/27/2013 11:00:00 AM,54,34,20
06/27/2013 12:00:00 PM,76,43,33
06/27/2013 01:00:00 PM,71,49,22
06/27/2013 02:00:00 PM,93,53,40
06/27/2013 03:00:00 PM,146,64,82
06/27/2013 04:00:00 PM,249,89,160
06/27/2013 05:00:00 PM,455,130,325
06/27/2013 06:00:00 PM,349,131,218
06/27/2013 07:00:00 PM,161,78,83
06/27/2013 08:00:00 PM,102,51,51
06/27/2013 09:00:00 PM,69,34,35
06/27/2013 10:00:00 PM,47,26,21
06/27/2013 11:00:00 PM,23,7,16
06/28/2013 12:00:00 AM,22,13,9
06/28/2013 01:00:00 AM,6,1,5
06/28/2013 02:00:00 AM,4,2,2
06/28/2013 03:00:00 AM,1,1,0
06/28/2013 04:00:00 AM,2,1,1
06/28/2013 05:00:00 AM,30,18,12
06/28/2013 06:00:00 AM,157,108,49
06/28/2013 07:00:00 AM,349,247,102
06/28/2013 08:00:00 AM,475,347,128
06/28/2013 09:00:00 AM,268,168,100
06/28/2013 10:00:00 AM,168,97,71
06/28/2013 11:00:00 AM,112,69,43
06/28/2013 12:00:00 PM,151,85,66
06/28/2013 01:00:00 PM,132,80,52
06/28/2013 02:00:00 PM,156,73,83
06/28/2013 03:00:00 PM,239,110,129
06/28/2013 04:00:00 PM,357,113,244
06/28/2013 05:00:00 PM,588,195,393
06/28/2013 06:00:00 PM,345,128,217
06/28/2013 07:00:00 PM,239,93,146
06/28/2013 08:00:00 PM,127,55,72
06/28/2013 09:00:00 PM,87,45,42
06/28/2013 10:00:00 PM,51,31,20
06/28/2013 11:00:00 PM,33,15,18
06/29/2013 12:00:00 AM,31,10,21
06/29/2013 01:00:00 AM,14,8,6
06/29/2013 02:00:00 AM,16,8,8
06/29/2013 03:00:00 AM,10,9,1
06/29/2013 04:00:00 AM,6,3,3
06/29/2013 05:00:00 AM,18,13,5
06/29/2013 06:00:00 AM,52,22,30
06/29/2013 07:00:00 AM,89,46,43
06/29/2013 08:00:00 AM,118,61,57
06/29/2013 09:00:00 AM,157,86,71
06/29/2013 10:00:00 AM,202,100,102
06/29/2013 11:00:00 AM,222,135,87
06/29/2013 12:00:00 PM,192,88,104
06/29/2013 01:00:00 PM,208,121,87
06/29/2013 02:00:00 PM,238,144,94
06/29/2013 03:00:00 PM,207,96,111
06/29/2013 04:00:00 PM,187,104,83
06/29/2013 05:00:00 PM,181,96,85
06/29/2013 06:00:00 PM,158,73,85
06/29/2013 07:00:00 PM,143,78,65
06/29/2013 08:00:00 PM,102,55,47
06/29/2013 09:00:00 PM,88,43,45
06/29/2013 10:00:00 PM,51,20,31
06/29/2013 11:00:00 PM,42,21,21
06/30/2013 12:00:00 AM,25,11,14
06/30/2013 01:00:00 AM,12,5,7
06/30/2013 02:00:00 AM,16,5,11
06/30/2013 03:00:00 AM,5,1,4
06/30/2013 04:00:00 AM,9,5,4
06/30/2013 05:00:00 AM,13,9,4
06/30/2013 06:00:00 AM,29,14,15
06/30/2013 07:00:00 AM,52,25,27
06/30/2013 08:00:00 AM,85,48,37
06/30/2013 09:00:00 AM,151,93,58
06/30/2013 10:00:00 AM,236,150,86
06/30/2013 11:00:00 AM,279,179,100
06/30/2013 12:00:00 PM,208,112,96
06/30/2013 01:00:00 PM,256,141,115
06/30/2013 02:00:00 PM,251,118,133
06/30/2013 03:00:00 PM,233,112,121
06/30/2013 04:00:00 PM,205,108,97
06/30/2013 05:00:00 PM,148,69,79
06/30/2013 06:00:00 PM,157,82,75
06/30/2013 07:00:00 PM,121,69,52
06/30/2013 08:00:00 PM,97,51,46
06/30/2013 09:00:00 PM,89,52,37
06/30/2013 10:00:00 PM,44,17,27
06/30/2013 11:00:00 PM,25,12,13
07/01/2013 12:00:00 AM,16,7,9
07/01/2013 01:00:00 AM,9,2,7
07/01/2013 02:00:00 AM,3,3,0
07/01/2013 03:00:00 AM,2,0,2
07/01/2013 04:00:00 AM,10,7,3
07/01/2013 05:00:00 AM,41,30,11
07/01/2013 06:00:00 AM,173,117,56
07/01/2013 07:00:00 AM,413,294,119
07/01/2013 08:00:00 AM,531,369,162
07/01/2013 09:00:00 AM,282,186,96
07/01/2013 10:00:00 AM,160,99,61
07/01/2013 11:00:00 AM,109,59,50
07/01/2013 12:00:00 PM,109,68,41
07/01/2013 01:00:00 PM,107,51,56
07/01/2013 02:00:00 PM,102,60,42
07/01/2013 03:00:00 PM,141,67,74
07/01/2013 04:00:00 PM,307,119,188
07/01/2013 05:00:00 PM,610,168,442
07/01/2013 06:00:00 PM,474,164,310
07/01/2013 07:00:00 PM,261,113,148
07/01/2013 08:00:00 PM,147,77,70
07/01/2013 09:00:00 PM,109,60,49
07/01/2013 10:00:00 PM,67,38,29
07/01/2013 11:00:00 PM,24,8,16
07/02/2013 12:00:00 AM,15,4,11
07/02/2013 01:00:00 AM,11,2,9
07/02/2013 02:00:00 AM,7,2,5
07/02/2013 03:00:00 AM,1,0,1
07/02/2013 04:00:00 AM,12,8,4
07/02/2013 05:00:00 AM,45,33,12
07/02/2013 06:00:00 AM,183,123,60
07/02/2013 07:00:00 AM,444,348,96
07/02/2013 08:00:00 AM,596,424,172
07/02/2013 09:00:00 AM,295,180,115
07/02/2013 10:00:00 AM,136,84,52
07/02/2013 11:00:00 AM,116,70,46
07/02/2013 12:00:00 PM,129,68,61
07/02/2013 01:00:00 PM,139,61,78
07/02/2013 02:00:00 PM,136,61,75
07/02/2013 03:00:00 PM,170,71,99
07/02/2013 04:00:00 PM,332,123,209
07/02/2013 05:00:00 PM,672,184,488
07/02/2013 06:00:00 PM,554,218,336
07/02/2013 07:00:00 PM,275,111,164
07/02/2013 08:00:00 PM,182,86,96
07/02/2013 09:00:00 PM,135,74,61
07/02/2013 10:00:00 PM,71,44,27
07/02/2013 11:00:00 PM,40,22,18
07/03/2013 12:00:00 AM,20,10,10
07/03/2013 01:00:00 AM,8,2,6
07/03/2013 02:00:00 AM,5,3,2
07/03/2013 03:00:00 AM,2,0,2
07/03/2013 04:00:00 AM,10,6,4
07/03/2013 05:00:00 AM,33,24,9
07/03/2013 06:00:00 AM,164,108,56
07/03/2013 07:00:00 AM,366,267,99
07/03/2013 08:00:00 AM,519,358,161
07/03/2013 09:00:00 AM,331,199,132
07/03/2013 10:00:00 AM,143,82,61
07/03/2013 11:00:00 AM,90,51,39
07/03/2013 12:00:00 PM,104,54,50
07/03/2013 01:00:00 PM,112,58,54
07/03/2013 02:00:00 PM,162,83,79
07/03/2013 03:00:00 PM,235,95,140
07/03/2013 04:00:00 PM,394,135,259
07/03/2013 05:00:00 PM,580,179,401
07/03/2013 06:00:00 PM,404,163,241
07/03/2013 07:00:00 PM,190,77,113
07/03/2013 08:00:00 PM,143,73,70
07/03/2013 09:00:00 PM,107,52,55
07/03/2013 10:00:00 PM,86,50,36
07/03/2013 11:00:00 PM,47,20,27
07/04/2013 12:00:00 AM,23,9,14
07/04/2013 01:00:00 AM,14,6,8
07/04/2013 02:00:00 AM,61,54,7
07/04/2013 03:00:00 AM,6,1,5
07/04/2013 04:00:00 AM,4,3,1
07/04/2013 05:00:00 AM,17,14,3
07/04/2013 06:00:00 AM,32,19,13
07/04/2013 07:00:00 AM,59,42,17
07/04/2013 08:00:00 AM,108,42,66
07/04/2013 09:00:00 AM,137,61,76
07/04/2013 10:00:00 AM,171,104,67
07/04/2013 11:00:00 AM,198,96,102
07/04/2013 12:00:00 PM,191,100,91
07/04/2013 01:00:00 PM,236,113,123
07/04/2013 02:00:00 PM,272,137,135
07/04/2013 03:00:00 PM,279,124,155
07/04/2013 04:00:00 PM,266,125,141
07/04/2013 05:00:00 PM,286,138,148
07/04/2013 06:00:00 PM,247,102,145
07/04/2013 07:00:00 PM,242,133,109
07/04/2013 08:00:00 PM,224,106,118
07/04/2013 09:00:00 PM,186,108,78
07/04/2013 10:00:00 PM,98,57,41
07/04/2013 11:00:00 PM,392,144,248
07/05/2013 12:00:00 AM,124,43,81
07/05/2013 01:00:00 AM,35,12,23
07/05/2013 02:00:00 AM,12,3,9
07/05/2013 03:00:00 AM,3,1,2
07/05/2013 04:00:00 AM,8,6,2
07/05/2013 05:00:00 AM,17,9,8
07/05/2013 06:00:00 AM,74,43,31
07/05/2013 07:00:00 AM,189,127,62
07/05/2013 08:00:00 AM,199,129,70
07/05/2013 09:00:00 AM,196,124,72
07/05/2013 10:00:00 AM,143,85,58
07/05/2013 11:00:00 AM,142,72,70
07/05/2013 12:00:00 PM,169,108,61
07/05/2013 01:00:00 PM,154,86,68
07/05/2013 02:00:00 PM,197,84,113
07/05/2013 03:00:00 PM,182,79,103
07/05/2013 04:00:00 PM,265,109,156
07/05/2013 05:00:00 PM,301,105,196
07/05/2013 06:00:00 PM,238,109,129
07/05/2013 07:00:00 PM,182,75,107
07/05/2013 08:00:00 PM,90,43,47
07/05/2013 09:00:00 PM,68,40,28
07/05/2013 10:00:00 PM,64,28,36
07/05/2013 11:00:00 PM,36,18,18
07/06/2013 12:00:00 AM,31,19,12
07/06/2013 01:00:00 AM,9,6,3
07/06/2013 02:00:00 AM,5,4,1
07/06/2013 03:00:00 AM,9,4,5
07/06/2013 04:00:00 AM,8,6,2
07/06/2013 05:00:00 AM,15,11,4
07/06/2013 06:00:00 AM,39,16,23
07/06/2013 07:00:00 AM,72,40,32
07/06/2013 08:00:00 AM,115,63,52
07/06/2013 09:00:00 AM,161,93,68
07/06/2013 10:00:00 AM,162,87,75
07/06/2013 11:00:00 AM,203,123,80
07/06/2013 12:00:00 PM,210,125,85
07/06/2013 01:00:00 PM,236,131,105
07/06/2013 02:00:00 PM,257,148,109
07/06/2013 03:00:00 PM,216,111,105
07/06/2013 04:00:00 PM,246,135,111
07/06/2013 05:00:00 PM,245,133,112
07/06/2013 06:00:00 PM,178,95,83
07/06/2013 07:00:00 PM,111,57,54
07/06/2013 08:00:00 PM,120,59,61
07/06/2013 09:00:00 PM,84,39,45
07/06/2013 10:00:00 PM,87,39,48
07/06/2013 11:00:00 PM,103,32,71
07/07/2013 12:00:00 AM,49,30,19
07/07/2013 01:00:00 AM,19,9,10
07/07/2013 02:00:00 AM,10,4,6
07/07/2013 03:00:00 AM,3,2,1
07/07/2013 04:00:00 AM,6,3,3
07/07/2013 05:00:00 AM,11,7,4
07/07/2013 06:00:00 AM,22,10,12
07/07/2013 07:00:00 AM,44,26,18
07/07/2013 08:00:00 AM,76,32,44
07/07/2013 09:00:00 AM,110,73,37
07/07/2013 10:00:00 AM,142,75,67
07/07/2013 11:00:00 AM,178,108,70
07/07/2013 12:00:00 PM,199,100,99
07/07/2013 01:00:00 PM,238,114,124
07/07/2013 02:00:00 PM,249,134,115
07/07/2013 03:00:00 PM,256,155,101
07/07/2013 04:00:00 PM,234,122,112
07/07/2013 05:00:00 PM,218,107,111
07/07/2013 06:00:00 PM,168,94,74
07/07/2013 07:00:00 PM,135,72,63
07/07/2013 08:00:00 PM,99,68,31
07/07/2013 09:00:00 PM,66,37,29
07/07/2013 10:00:00 PM,42,22,20
07/07/2013 11:00:00 PM,21,10,11
07/08/2013 12:00:00 AM,23,5,18
07/08/2013 01:00:00 AM,11,1,10
07/08/2013 02:00:00 AM,4,1,3
07/08/2013 03:00:00 AM,4,1,3
07/08/2013 04:00:00 AM,9,6,3
07/08/2013 05:00:00 AM,39,28,11
07/08/2013 06:00:00 AM,167,115,52
07/08/2013 07:00:00 AM,423,320,103
07/08/2013 08:00:00 AM,493,340,153
07/08/2013 09:00:00 AM,324,214,110
07/08/2013 10:00:00 AM,108,75,33
07/08/2013 11:00:00 AM,87,45,42
07/08/2013 12:00:00 PM,98,50,48
07/08/2013 01:00:00 PM,137,76,61
07/08/2013 02:00:00 PM,134,66,68
07/08/2013 03:00:00 PM,170,70,100
07/08/2013 04:00:00 PM,326,125,201
07/08/2013 05:00:00 PM,662,187,475
07/08/2013 06:00:00 PM,523,184,339
07/08/2013 07:00:00 PM,271,105,166
07/08/2013 08:00:00 PM,165,82,83
07/08/2013 09:00:00 PM,87,47,40
07/08/2013 10:00:00 PM,52,27,25
07/08/2013 11:00:00 PM,30,10,20
07/09/2013 12:00:00 AM,22,9,13
07/09/2013 01:00:00 AM,9,2,7
07/09/2013 02:00:00 AM,6,3,3
07/09/2013 03:00:00 AM,1,1,0
07/09/2013 04:00:00 AM,9,6,3
07/09/2013 05:00:00 AM,41,31,10
07/09/2013 06:00:00 AM,205,136,69
07/09/2013 07:00:00 AM,452,342,110
07/09/2013 08:00:00 AM,573,419,154
07/09/2013 09:00:00 AM,319,202,117
07/09/2013 10:00:00 AM,153,96,57
07/09/2013 11:00:00 AM,130,70,60
07/09/2013 12:00:00 PM,114,65,49
07/09/2013 01:00:00 PM,150,76,74
07/09/2013 02:00:00 PM,134,72,62
07/09/2013 03:00:00 PM,151,75,76
07/09/2013 04:00:00 PM,342,122,220
07/09/2013 05:00:00 PM,713,216,497
07/09/2013 06:00:00 PM,548,175,373
07/09/2013 07:00:00 PM,304,107,197
07/09/2013 08:00:00 PM,185,83,102
07/09/2013 09:00:00 PM,132,60,72
07/09/2013 10:00:00 PM,81,37,44
07/09/2013 11:00:00 PM,42,20,22
07/10/2013 12:00:00 AM,30,9,21
07/10/2013 01:00:00 AM,9,3,6
07/10/2013 02:00:00 AM,10,5,5
07/10/2013 03:00:00 AM,6,3,3
07/10/2013 04:00:00 AM,7,5,2
07/10/2013 05:00:00 AM,50,37,13
07/10/2013 06:00:00 AM,185,127,58
07/10/2013 07:00:00 AM,402,300,102
07/10/2013 08:00:00 AM,546,384,162
07/10/2013 09:00:00 AM,350,215,135
07/10/2013 10:00:00 AM,133,80,53
07/10/2013 11:00:00 AM,97,48,49
07/10/2013 12:00:00 PM,121,79,42
07/10/2013 01:00:00 PM,139,60,79
07/10/2013 02:00:00 PM,131,70,61
07/10/2013 03:00:00 PM,182,90,92
07/10/2013 04:00:00 PM,342,124,218
07/10/2013 05:00:00 PM,692,204,488
07/10/2013 06:00:00 PM,514,168,346
07/10/2013 07:00:00 PM,312,126,186
07/10/2013 08:00:00 PM,155,73,82
07/10/2013 09:00:00 PM,105,56,49
07/10/2013 10:00:00 PM,55,22,33
07/10/2013 11:00:00 PM,34,16,18
07/11/2013 12:00:00 AM,21,12,9
07/11/2013 01:00:00 AM,11,6,5
07/11/2013 02:00:00 AM,6,2,4
07/11/2013 03:00:00 AM,0,0,0
07/11/2013 04:00:00 AM,7,3,4
07/11/2013 05:00:00 AM,36,25,11
07/11/2013 06:00:00 AM,150,102,48
07/11/2013 07:00:00 AM,333,240,93
07/11/2013 08:00:00 AM,483,316,167
07/11/2013 09:00:00 AM,292,192,100
07/11/2013 10:00:00 AM,132,81,51
07/11/2013 11:00:00 AM,107,57,50
07/11/2013 12:00:00 PM,137,82,55
07/11/2013 01:00:00 PM,115,59,56
07/11/2013 02:00:00 PM,138,70,68
07/11/2013 03:00:00 PM,159,93,66
07/11/2013 04:00:00 PM,323,133,190
07/11/2013 05:00:00 PM,587,177,410
07/11/2013 06:00:00 PM,466,157,309
07/11/2013 07:00:00 PM,239,94,145
07/11/2013 08:00:00 PM,163,75,88
07/11/2013 09:00:00 PM,89,44,45
07/11/2013 10:00:00 PM,60,31,29
07/11/2013 11:00:00 PM,46,14,32
07/12/2013 12:00:00 AM,15,8,7
07/12/2013 01:00:00 AM,13,7,6
07/12/2013 02:00:00 AM,8,3,5
07/12/2013 03:00:00 AM,3,1,2
07/12/2013 04:00:00 AM,4,2,2
07/12/2013 05:00:00 AM,30,23,7
07/12/2013 06:00:00 AM,138,92,46
07/12/2013 07:00:00 AM,316,208,108
07/12/2013 08:00:00 AM,438,305,133
07/12/2013 09:00:00 AM,283,176,107
07/12/2013 10:00:00 AM,167,81,86
07/12/2013 11:00:00 AM,83,50,33
07/12/2013 12:00:00 PM,110,57,53
07/12/2013 01:00:00 PM,99,59,40
07/12/2013 02:00:00 PM,144,71,73
07/12/2013 03:00:00 PM,190,76,114
07/12/2013 04:00:00 PM,310,110,200
07/12/2013 05:00:00 PM,520,169,351
07/12/2013 06:00:00 PM,328,123,205
07/12/2013 07:00:00 PM,180,79,101
07/12/2013 08:00:00 PM,125,51,74
07/12/2013 09:00:00 PM,88,46,42
07/12/2013 10:00:00 PM,64,21,43
07/12/2013 11:00:00 PM,40,20,20
07/13/2013 12:00:00 AM,25,15,10
07/13/2013 01:00:00 AM,13,7,6
07/13/2013 02:00:00 AM,15,2,13
07/13/2013 03:00:00 AM,15,8,7
07/13/2013 04:00:00 AM,44,14,30
07/13/2013 05:00:00 AM,53,17,36
07/13/2013 06:00:00 AM,70,24,46
07/13/2013 07:00:00 AM,57,34,23
07/13/2013 08:00:00 AM,102,62,40
07/13/2013 09:00:00 AM,161,90,71
07/13/2013 10:00:00 AM,178,102,76
07/13/2013 11:00:00 AM,181,98,83
07/13/2013 12:00:00 PM,207,114,93
07/13/2013 01:00:00 PM,221,131,90
07/13/2013 02:00:00 PM,224,114,110
07/13/2013 03:00:00 PM,236,120,116
07/13/2013 04:00:00 PM,179,103,76
07/13/2013 05:00:00 PM,162,84,78
07/13/2013 06:00:00 PM,169,100,69
07/13/2013 07:00:00 PM,89,42,47
07/13/2013 08:00:00 PM,99,44,55
07/13/2013 09:00:00 PM,76,34,42
07/13/2013 10:00:00 PM,70,30,40
07/13/2013 11:00:00 PM,52,21,31
07/14/2013 12:00:00 AM,42,11,31
07/14/2013 01:00:00 AM,18,7,11
07/14/2013 02:00:00 AM,14,3,11
07/14/2013 03:00:00 AM,5,3,2
07/14/2013 04:00:00 AM,4,2,2
07/14/2013 05:00:00 AM,11,9,2
07/14/2013 06:00:00 AM,18,11,7
07/14/2013 07:00:00 AM,53,31,22
07/14/2013 08:00:00 AM,68,39,29
07/14/2013 09:00:00 AM,131,84,47
07/14/2013 10:00:00 AM,188,106,82
07/14/2013 11:00:00 AM,188,101,87
07/14/2013 12:00:00 PM,204,111,93
07/14/2013 01:00:00 PM,242,132,110
07/14/2013 02:00:00 PM,230,108,122
07/14/2013 03:00:00 PM,248,137,111
07/14/2013 04:00:00 PM,222,122,100
07/14/2013 05:00:00 PM,219,126,93
07/14/2013 06:00:00 PM,161,108,53
07/14/2013 07:00:00 PM,136,80,56
07/14/2013 08:00:00 PM,129,81,48
07/14/2013 09:00:00 PM,59,29,30
07/14/2013 10:00:00 PM,38,18,20
07/14/2013 11:00:00 PM,12,5,7
07/15/2013 12:00:00 AM,13,3,10
07/15/2013 01:00:00 AM,3,2,1
07/15/2013 02:00:00 AM,5,1,4
07/15/2013 03:00:00 AM,5,3,2
07/15/2013 04:00:00 AM,7,5,2
07/15/2013 05:00:00 AM,40,30,10
07/15/2013 06:00:00 AM,152,97,55
07/15/2013 07:00:00 AM,382,276,106
07/15/2013 08:00:00 AM,537,371,166
07/15/2013 09:00:00 AM,328,199,129
07/15/2013 10:00:00 AM,154,89,65
07/15/2013 11:00:00 AM,110,64,46
07/15/2013 12:00:00 PM,116,66,50
07/15/2013 01:00:00 PM,127,67,60
07/15/2013 02:00:00 PM,133,66,67
07/15/2013 03:00:00 PM,175,92,83
07/15/2013 04:00:00 PM,300,104,196
07/15/2013 05:00:00 PM,649,196,453
07/15/2013 06:00:00 PM,536,191,345
07/15/2013 07:00:00 PM,277,113,164
07/15/2013 08:00:00 PM,160,76,84
07/15/2013 09:00:00 PM,106,58,48
07/15/2013 10:00:00 PM,73,24,49
07/15/2013 11:00:00 PM,30,14,16
07/16/2013 12:00:00 AM,10,5,5
07/16/2013 01:00:00 AM,5,2,3
07/16/2013 02:00:00 AM,2,0,2
07/16/2013 03:00:00 AM,4,3,1
07/16/2013 04:00:00 AM,13,9,4
07/16/2013 05:00:00 AM,54,42,12
07/16/2013 06:00:00 AM,179,113,66
07/16/2013 07:00:00 AM,442,332,110
07/16/2013 08:00:00 AM,613,420,193
07/16/2013 09:00:00 AM,321,191,130
07/16/2013 10:00:00 AM,169,96,73
07/16/2013 11:00:00 AM,89,43,46
07/16/2013 12:00:00 PM,112,61,51
07/16/2013 01:00:00 PM,143,63,80
07/16/2013 02:00:00 PM,123,64,59
07/16/2013 03:00:00 PM,180,87,93
07/16/2013 04:00:00 PM,323,107,216
07/16/2013 05:00:00 PM,703,222,481
07/16/2013 06:00:00 PM,488,177,311
07/16/2013 07:00:00 PM,267,110,157
07/16/2013 08:00:00 PM,155,70,85
07/16/2013 09:00:00 PM,106,55,51
07/16/2013 10:00:00 PM,62,28,34
07/16/2013 11:00:00 PM,30,14,16
07/17/2013 12:00:00 AM,12,6,6
07/17/2013 01:00:00 AM,2,0,2
07/17/2013 02:00:00 AM,11,9,2
07/17/2013 03:00:00 AM,2,2,0
07/17/2013 04:00:00 AM,9,8,1
07/17/2013 05:00:00 AM,31,24,7
07/17/2013 06:00:00 AM,162,108,54
07/17/2013 07:00:00 AM,362,260,102
07/17/2013 08:00:00 AM,523,360,163
07/17/2013 09:00:00 AM,319,204,115
07/17/2013 10:00:00 AM,127,74,53
07/17/2013 11:00:00 AM,93,55,38
07/17/2013 12:00:00 PM,106,65,41
07/17/2013 01:00:00 PM,121,52,69
07/17/2013 02:00:00 PM,105,44,61
07/17/2013 03:00:00 PM,179,88,91
07/17/2013 04:00:00 PM,288,110,178
07/17/2013 05:00:00 PM,592,180,412
07/17/2013 06:00:00 PM,474,161,313
07/17/2013 07:00:00 PM,284,120,164
07/17/2013 08:00:00 PM,153,68,85
07/17/2013 09:00:00 PM,104,55,49
07/17/2013 10:00:00 PM,65,33,32
07/17/2013 11:00:00 PM,47,16,31
07/18/2013 12:00:00 AM,16,10,6
07/18/2013 01:00:00 AM,8,6,2
07/18/2013 02:00:00 AM,3,0,3
07/18/2013 03:00:00 AM,3,1,2
07/18/2013 04:00:00 AM,7,4,3
07/18/2013 05:00:00 AM,33,21,12
07/18/2013 06:00:00 AM,162,113,49
07/18/2013 07:00:00 AM,392,284,108
07/18/2013 08:00:00 AM,510,336,174
07/18/2013 09:00:00 AM,333,213,120
07/18/2013 10:00:00 AM,128,71,57
07/18/2013 11:00:00 AM,100,64,36
07/18/2013 12:00:00 PM,110,66,44
07/18/2013 01:00:00 PM,139,72,67
07/18/2013 02:00:00 PM,141,73,68
07/18/2013 03:00:00 PM,181,84,97
07/18/2013 04:00:00 PM,306,121,185
07/18/2013 05:00:00 PM,623,194,429
07/18/2013 06:00:00 PM,475,187,288
07/18/2013 07:00:00 PM,286,140,146
07/18/2013 08:00:00 PM,193,84,109
07/18/2013 09:00:00 PM,113,63,50
07/18/2013 10:00:00 PM,71,35,36
07/18/2013 11:00:00 PM,53,21,32
07/19/2013 12:00:00 AM,24,12,12
07/19/2013 01:00:00 AM,14,7,7
07/19/2013 02:00:00 AM,6,2,4
07/19/2013 03:00:00 AM,3,3,0
07/19/2013 04:00:00 AM,9,6,3
07/19/2013 05:00:00 AM,28,18,10
07/19/2013 06:00:00 AM,147,87,60
07/19/2013 07:00:00 AM,315,223,92
07/19/2013 08:00:00 AM,463,312,151
07/19/2013 09:00:00 AM,250,161,89
07/19/2013 10:00:00 AM,166,102,64
07/19/2013 11:00:00 AM,105,54,51
07/19/2013 12:00:00 PM,133,63,70
07/19/2013 01:00:00 PM,127,78,49
07/19/2013 02:00:00 PM,149,75,74
07/19/2013 03:00:00 PM,237,97,140
07/19/2013 04:00:00 PM,312,135,177
07/19/2013 05:00:00 PM,520,195,325
07/19/2013 06:00:00 PM,357,135,222
07/19/2013 07:00:00 PM,198,70,128
07/19/2013 08:00:00 PM,128,43,85
07/19/2013 09:00:00 PM,115,63,52
07/19/2013 10:00:00 PM,66,21,45
07/19/2013 11:00:00 PM,43,20,23
07/20/2013 12:00:00 AM,29,15,14
07/20/2013 01:00:00 AM,16,7,9
07/20/2013 02:00:00 AM,11,6,5
07/20/2013 03:00:00 AM,7,2,5
07/20/2013 04:00:00 AM,9,6,3
07/20/2013 05:00:00 AM,15,13,2
07/20/2013 06:00:00 AM,38,22,16
07/20/2013 07:00:00 AM,75,35,40
07/20/2013 08:00:00 AM,93,55,38
07/20/2013 09:00:00 AM,156,87,69
07/20/2013 10:00:00 AM,115,76,39
07/20/2013 11:00:00 AM,160,95,65
07/20/2013 12:00:00 PM,188,132,56
07/20/2013 01:00:00 PM,200,117,83
07/20/2013 02:00:00 PM,200,111,89
07/20/2013 03:00:00 PM,229,110,119
07/20/2013 04:00:00 PM,233,110,123
07/20/2013 05:00:00 PM,199,104,95
07/20/2013 06:00:00 PM,162,87,75
07/20/2013 07:00:00 PM,122,57,65
07/20/2013 08:00:00 PM,77,41,36
07/20/2013 09:00:00 PM,74,45,29
07/20/2013 10:00:00 PM,49,17,32
07/20/2013 11:00:00 PM,54,28,26
07/21/2013 12:00:00 AM,27,7,20
07/21/2013 01:00:00 AM,24,8,16
07/21/2013 02:00:00 AM,9,2,7
07/21/2013 03:00:00 AM,9,7,2
07/21/2013 04:00:00 AM,9,5,4
07/21/2013 05:00:00 AM,13,7,6
07/21/2013 06:00:00 AM,12,7,5
07/21/2013 07:00:00 AM,40,23,17
07/21/2013 08:00:00 AM,68,29,39
07/21/2013 09:00:00 AM,91,57,34
07/21/2013 10:00:00 AM,117,73,44
07/21/2013 11:00:00 AM,122,72,50
07/21/2013 12:00:00 PM,186,98,88
07/21/2013 01:00:00 PM,194,108,86
07/21/2013 02:00:00 PM,274,147,127
07/21/2013 03:00:00 PM,239,124,115
07/21/2013 04:00:00 PM,240,136,104
07/21/2013 05:00:00 PM,228,104,124
07/21/2013 06:00:00 PM,184,107,77
07/21/2013 07:00:00 PM,109,57,52
07/21/2013 08:00:00 PM,84,50,34
07/21/2013 09:00:00 PM,75,24,51
07/21/2013 10:00:00 PM,35,21,14
07/21/2013 11:00:00 PM,36,20,16
07/22/2013 12:00:00 AM,14,8,6
07/22/2013 01:00:00 AM,3,1,2
07/22/2013 02:00:00 AM,4,1,3
07/22/2013 03:00:00 AM,3,1,2
07/22/2013 04:00:00 AM,9,7,2
07/22/2013 05:00:00 AM,38,23,15
07/22/2013 06:00:00 AM,153,107,46
07/22/2013 07:00:00 AM,342,253,89
07/22/2013 08:00:00 AM,462,319,143
07/22/2013 09:00:00 AM,329,214,115
07/22/2013 10:00:00 AM,153,78,75
07/22/2013 11:00:00 AM,84,48,36
07/22/2013 12:00:00 PM,102,55,47
07/22/2013 01:00:00 PM,122,59,63
07/22/2013 02:00:00 PM,125,68,57
07/22/2013 03:00:00 PM,181,90,91
07/22/2013 04:00:00 PM,295,106,189
07/22/2013 05:00:00 PM,633,199,434
07/22/2013 06:00:00 PM,482,168,314
07/22/2013 07:00:00 PM,290,116,174
07/22/2013 08:00:00 PM,167,75,92
07/22/2013 09:00:00 PM,96,42,54
07/22/2013 10:00:00 PM,58,25,33
07/22/2013 11:00:00 PM,29,10,19
07/23/2013 12:00:00 AM,19,6,13
07/23/2013 01:00:00 AM,8,7,1
07/23/2013 02:00:00 AM,5,4,1
07/23/2013 03:00:00 AM,4,4,0
07/23/2013 04:00:00 AM,9,6,3
07/23/2013 05:00:00 AM,42,28,14
07/23/2013 06:00:00 AM,159,107,52
07/23/2013 07:00:00 AM,415,312,103
07/23/2013 08:00:00 AM,556,390,166
07/23/2013 09:00:00 AM,357,232,125
07/23/2013 10:00:00 AM,175,100,75
07/23/2013 11:00:00 AM,116,71,45
07/23/2013 12:00:00 PM,129,74,55
07/23/2013 01:00:00 PM,126,65,61
07/23/2013 02:00:00 PM,121,61,60
07/23/2013 03:00:00 PM,167,79,88
07/23/2013 04:00:00 PM,320,108,212
07/23/2013 05:00:00 PM,624,190,434
07/23/2013 06:00:00 PM,585,197,388
07/23/2013 07:00:00 PM,281,109,172
07/23/2013 08:00:00 PM,182,93,89
07/23/2013 09:00:00 PM,105,53,52
07/23/2013 10:00:00 PM,58,17,41
07/23/2013 11:00:00 PM,41,13,28
07/24/2013 12:00:00 AM,18,5,13
07/24/2013 01:00:00 AM,7,2,5
07/24/2013 02:00:00 AM,5,5,0
07/24/2013 03:00:00 AM,3,3,0
07/24/2013 04:00:00 AM,7,5,2
07/24/2013 05:00:00 AM,40,34,6
07/24/2013 06:00:00 AM,172,118,54
07/24/2013 07:00:00 AM,398,290,108
07/24/2013 08:00:00 AM,578,380,198
07/24/2013 09:00:00 AM,348,229,119
07/24/2013 10:00:00 AM,165,78,87
07/24/2013 11:00:00 AM,118,72,46
07/24/2013 12:00:00 PM,124,52,72
07/24/2013 01:00:00 PM,135,70,65
07/24/2013 02:00:00 PM,124,57,67
07/24/2013 03:00:00 PM,191,90,101
07/24/2013 04:00:00 PM,317,114,203
07/24/2013 05:00:00 PM,697,214,483
07/24/2013 06:00:00 PM,528,178,350
07/24/2013 07:00:00 PM,327,145,182
07/24/2013 08:00:00 PM,182,81,101
07/24/2013 09:00:00 PM,113,56,57
07/24/2013 10:00:00 PM,67,37,30
07/24/2013 11:00:00 PM,30,16,14
07/25/2013 12:00:00 AM,19,7,12
07/25/2013 01:00:00 AM,30,4,26
07/25/2013 02:00:00 AM,3,2,1
07/25/2013 03:00:00 AM,5,5,0
07/25/2013 04:00:00 AM,5,5,0
07/25/2013 05:00:00 AM,34,24,10
07/25/2013 06:00:00 AM,147,95,52
07/25/2013 07:00:00 AM,407,301,106
07/25/2013 08:00:00 AM,532,350,182
07/25/2013 09:00:00 AM,331,209,122
07/25/2013 10:00:00 AM,161,97,64
07/25/2013 11:00:00 AM,103,54,49
07/25/2013 12:00:00 PM,116,52,64
07/25/2013 01:00:00 PM,137,77,60
07/25/2013 02:00:00 PM,133,75,58
07/25/2013 03:00:00 PM,158,57,101
07/25/2013 04:00:00 PM,298,115,183
07/25/2013 05:00:00 PM,616,171,445
07/25/2013 06:00:00 PM,547,202,345
07/25/2013 07:00:00 PM,286,147,139
07/25/2013 08:00:00 PM,190,100,90
07/25/2013 09:00:00 PM,114,56,58
07/25/2013 10:00:00 PM,65,30,35
07/25/2013 11:00:00 PM,36,11,25
07/26/2013 12:00:00 AM,25,9,16
07/26/2013 01:00:00 AM,17,8,9
07/26/2013 02:00:00 AM,7,2,5
07/26/2013 03:00:00 AM,4,3,1
07/26/2013 04:00:00 AM,4,3,1
07/26/2013 05:00:00 AM,38,28,10
07/26/2013 06:00:00 AM,126,88,38
07/26/2013 07:00:00 AM,316,220,96
07/26/2013 08:00:00 AM,454,307,147
07/26/2013 09:00:00 AM,295,168,127
07/26/2013 10:00:00 AM,155,99,56
07/26/2013 11:00:00 AM,140,68,72
07/26/2013 12:00:00 PM,112,63,49
07/26/2013 01:00:00 PM,149,86,63
07/26/2013 02:00:00 PM,135,58,77
07/26/2013 03:00:00 PM,194,92,102
07/26/2013 04:00:00 PM,349,124,225
07/26/2013 05:00:00 PM,534,144,390
07/26/2013 06:00:00 PM,343,152,191
07/26/2013 07:00:00 PM,239,127,112
07/26/2013 08:00:00 PM,120,50,70
07/26/2013 09:00:00 PM,89,43,46
07/26/2013 10:00:00 PM,45,22,23
07/26/2013 11:00:00 PM,73,35,38
07/27/2013 12:00:00 AM,30,14,16
07/27/2013 01:00:00 AM,12,3,9
07/27/2013 02:00:00 AM,12,6,6
07/27/2013 03:00:00 AM,10,3,7
07/27/2013 04:00:00 AM,7,3,4
07/27/2013 05:00:00 AM,15,12,3
07/27/2013 06:00:00 AM,32,15,17
07/27/2013 07:00:00 AM,51,24,27
07/27/2013 08:00:00 AM,102,61,41
07/27/2013 09:00:00 AM,129,62,67
07/27/2013 10:00:00 AM,161,87,74
07/27/2013 11:00:00 AM,220,137,83
07/27/2013 12:00:00 PM,187,110,77
07/27/2013 01:00:00 PM,189,108,81
07/27/2013 02:00:00 PM,210,100,110
07/27/2013 03:00:00 PM,188,90,98
07/27/2013 04:00:00 PM,186,100,86
07/27/2013 05:00:00 PM,228,108,120
07/27/2013 06:00:00 PM,133,59,74
07/27/2013 07:00:00 PM,128,74,54
07/27/2013 08:00:00 PM,119,55,64
07/27/2013 09:00:00 PM,78,38,40
07/27/2013 10:00:00 PM,41,13,28
07/27/2013 11:00:00 PM,33,7,26
07/28/2013 12:00:00 AM,33,9,24
07/28/2013 01:00:00 AM,13,5,8
07/28/2013 02:00:00 AM,13,2,11
07/28/2013 03:00:00 AM,5,2,3
07/28/2013 04:00:00 AM,1,0,1
07/28/2013 05:00:00 AM,16,11,5
07/28/2013 06:00:00 AM,18,8,10
07/28/2013 07:00:00 AM,34,15,19
07/28/2013 08:00:00 AM,63,28,35
07/28/2013 09:00:00 AM,92,38,54
07/28/2013 10:00:00 AM,170,116,54
07/28/2013 11:00:00 AM,84,46,38
07/28/2013 12:00:00 PM,132,74,58
07/28/2013 01:00:00 PM,125,71,54
07/28/2013 02:00:00 PM,203,108,95
07/28/2013 03:00:00 PM,192,118,74
07/28/2013 04:00:00 PM,174,104,70
07/28/2013 05:00:00 PM,161,89,72
07/28/2013 06:00:00 PM,150,101,49
07/28/2013 07:00:00 PM,94,43,51
07/28/2013 08:00:00 PM,65,33,32
07/28/2013 09:00:00 PM,52,28,24
07/28/2013 10:00:00 PM,61,23,38
07/28/2013 11:00:00 PM,29,6,23
07/29/2013 12:00:00 AM,14,6,8
07/29/2013 01:00:00 AM,10,3,7
07/29/2013 02:00:00 AM,10,4,6
07/29/2013 03:00:00 AM,1,0,1
07/29/2013 04:00:00 AM,9,8,1
07/29/2013 05:00:00 AM,34,24,10
07/29/2013 06:00:00 AM,142,93,49
07/29/2013 07:00:00 AM,344,252,92
07/29/2013 08:00:00 AM,489,335,154
07/29/2013 09:00:00 AM,328,197,131
07/29/2013 10:00:00 AM,114,72,42
07/29/2013 11:00:00 AM,105,62,43
07/29/2013 12:00:00 PM,90,48,42
07/29/2013 01:00:00 PM,115,56,59
07/29/2013 02:00:00 PM,125,52,73
07/29/2013 03:00:00 PM,156,78,78
07/29/2013 04:00:00 PM,299,118,181
07/29/2013 05:00:00 PM,636,196,440
07/29/2013 06:00:00 PM,490,178,312
07/29/2013 07:00:00 PM,276,129,147
07/29/2013 08:00:00 PM,138,60,78
07/29/2013 09:00:00 PM,91,43,48
07/29/2013 10:00:00 PM,43,21,22
07/29/2013 11:00:00 PM,29,13,16
07/30/2013 12:00:00 AM,20,6,14
07/30/2013 01:00:00 AM,3,2,1
07/30/2013 02:00:00 AM,1,1,0
07/30/2013 03:00:00 AM,5,2,3
07/30/2013 04:00:00 AM,11,8,3
07/30/2013 05:00:00 AM,40,30,10
07/30/2013 06:00:00 AM,165,102,63
07/30/2013 07:00:00 AM,397,284,113
07/30/2013 08:00:00 AM,548,373,175
07/30/2013 09:00:00 AM,318,193,125
07/30/2013 10:00:00 AM,146,73,73
07/30/2013 11:00:00 AM,105,65,40
07/30/2013 12:00:00 PM,96,53,43
07/30/2013 01:00:00 PM,132,75,57
07/30/2013 02:00:00 PM,127,55,72
07/30/2013 03:00:00 PM,192,101,91
07/30/2013 04:00:00 PM,332,118,214
07/30/2013 05:00:00 PM,704,200,504
07/30/2013 06:00:00 PM,527,176,351
07/30/2013 07:00:00 PM,289,133,156
07/30/2013 08:00:00 PM,174,83,91
07/30/2013 09:00:00 PM,98,47,51
07/30/2013 10:00:00 PM,71,33,38
07/30/2013 11:00:00 PM,39,13,26
07/31/2013 12:00:00 AM,18,13,5
07/31/2013 01:00:00 AM,6,3,3
07/31/2013 02:00:00 AM,8,3,5
07/31/2013 03:00:00 AM,3,1,2
07/31/2013 04:00:00 AM,6,5,1
07/31/2013 05:00:00 AM,41,31,10
07/31/2013 06:00:00 AM,164,113,51
07/31/2013 07:00:00 AM,377,294,83
07/31/2013 08:00:00 AM,480,322,158
07/31/2013 09:00:00 AM,319,194,125
07/31/2013 10:00:00 AM,131,66,65
07/31/2013 11:00:00 AM,93,53,40
07/31/2013 12:00:00 PM,98,43,55
07/31/2013 01:00:00 PM,101,63,38
07/31/2013 02:00:00 PM,132,61,71
07/31/2013 03:00:00 PM,147,68,79
07/31/2013 04:00:00 PM,291,115,176
07/31/2013 05:00:00 PM,643,215,428
07/31/2013 06:00:00 PM,465,158,307
07/31/2013 07:00:00 PM,272,115,157
07/31/2013 08:00:00 PM,137,63,74
07/31/2013 09:00:00 PM,106,55,51
07/31/2013 10:00:00 PM,46,22,24
07/31/2013 11:00:00 PM,38,14,24
08/01/2013 12:00:00 AM,18,10,8
08/01/2013 01:00:00 AM,9,2,7
08/01/2013 02:00:00 AM,10,4,6
08/01/2013 03:00:00 AM,4,4,0
08/01/2013 04:00:00 AM,5,5,0
08/01/2013 05:00:00 AM,38,30,8
08/01/2013 06:00:00 AM,129,80,49
08/01/2013 07:00:00 AM,301,225,76
08/01/2013 08:00:00 AM,464,326,138
08/01/2013 09:00:00 AM,300,189,111
08/01/2013 10:00:00 AM,136,88,48
08/01/2013 11:00:00 AM,104,57,47
08/01/2013 12:00:00 PM,97,56,41
08/01/2013 01:00:00 PM,111,56,55
08/01/2013 02:00:00 PM,111,55,56
08/01/2013 03:00:00 PM,151,68,83
08/01/2013 04:00:00 PM,245,89,156
08/01/2013 05:00:00 PM,563,174,389
08/01/2013 06:00:00 PM,403,163,240
08/01/2013 07:00:00 PM,207,83,124
08/01/2013 08:00:00 PM,135,58,77
08/01/2013 09:00:00 PM,96,43,53
08/01/2013 10:00:00 PM,52,21,31
08/01/2013 11:00:00 PM,30,11,19
08/02/2013 12:00:00 AM,11,1,10
08/02/2013 01:00:00 AM,10,5,5
08/02/2013 02:00:00 AM,13,5,8
08/02/2013 03:00:00 AM,2,0,2
08/02/2013 04:00:00 AM,10,6,4
08/02/2013 05:00:00 AM,24,15,9
08/02/2013 06:00:00 AM,109,78,31
08/02/2013 07:00:00 AM,250,177,73
08/02/2013 08:00:00 AM,352,239,113
08/02/2013 09:00:00 AM,258,150,108
08/02/2013 10:00:00 AM,127,75,52
08/02/2013 11:00:00 AM,76,43,33
08/02/2013 12:00:00 PM,57,28,29
08/02/2013 01:00:00 PM,67,38,29
08/02/2013 02:00:00 PM,64,22,42
08/02/2013 03:00:00 PM,91,40,51
08/02/2013 04:00:00 PM,187,66,121
08/02/2013 05:00:00 PM,379,134,245
08/02/2013 06:00:00 PM,249,102,147
08/02/2013 07:00:00 PM,101,30,71
08/02/2013 08:00:00 PM,54,20,34
08/02/2013 09:00:00 PM,43,19,24
08/02/2013 10:00:00 PM,22,8,14
08/02/2013 11:00:00 PM,23,9,14
08/03/2013 12:00:00 AM,20,3,17
08/03/2013 01:00:00 AM,18,5,13
08/03/2013 02:00:00 AM,12,2,10
08/03/2013 03:00:00 AM,10,0,10
08/03/2013 04:00:00 AM,2,1,1
08/03/2013 05:00:00 AM,14,8,6
08/03/2013 06:00:00 AM,24,13,11
08/03/2013 07:00:00 AM,46,27,19
08/03/2013 08:00:00 AM,76,46,30
08/03/2013 09:00:00 AM,108,50,58
08/03/2013 10:00:00 AM,114,62,52
08/03/2013 11:00:00 AM,140,87,53
08/03/2013 12:00:00 PM,176,120,56
08/03/2013 01:00:00 PM,168,96,72
08/03/2013 02:00:00 PM,183,102,81
08/03/2013 03:00:00 PM,218,109,109
08/03/2013 04:00:00 PM,196,105,91
08/03/2013 05:00:00 PM,193,116,77
08/03/2013 06:00:00 PM,161,94,67
08/03/2013 07:00:00 PM,120,63,57
08/03/2013 08:00:00 PM,85,48,37
08/03/2013 09:00:00 PM,77,42,35
08/03/2013 10:00:00 PM,53,19,34
08/03/2013 11:00:00 PM,43,20,23
08/04/2013 12:00:00 AM,25,12,13
08/04/2013 01:00:00 AM,19,8,11
08/04/2013 02:00:00 AM,11,2,9
08/04/2013 03:00:00 AM,3,2,1
08/04/2013 04:00:00 AM,11,9,2
08/04/2013 05:00:00 AM,5,5,0
08/04/2013 06:00:00 AM,18,10,8
08/04/2013 07:00:00 AM,50,25,25
08/04/2013 08:00:00 AM,73,52,21
08/04/2013 09:00:00 AM,105,62,43
08/04/2013 10:00:00 AM,151,64,87
08/04/2013 11:00:00 AM,186,96,90
08/04/2013 12:00:00 PM,177,99,78
08/04/2013 01:00:00 PM,244,134,110
08/04/2013 02:00:00 PM,228,117,111
08/04/2013 03:00:00 PM,216,118,98
08/04/2013 04:00:00 PM,198,112,86
08/04/2013 05:00:00 PM,207,112,95
08/04/2013 06:00:00 PM,147,88,59
08/04/2013 07:00:00 PM,130,74,56
08/04/2013 08:00:00 PM,118,73,45
08/04/2013 09:00:00 PM,68,32,36
08/04/2013 10:00:00 PM,45,24,21
08/04/2013 11:00:00 PM,31,8,23
08/05/2013 12:00:00 AM,22,14,8
08/05/2013 01:00:00 AM,6,2,4
08/05/2013 02:00:00 AM,4,0,4
08/05/2013 03:00:00 AM,3,0,3
08/05/2013 04:00:00 AM,7,4,3
08/05/2013 05:00:00 AM,41,30,11
08/05/2013 06:00:00 AM,156,108,48
08/05/2013 07:00:00 AM,335,237,98
08/05/2013 08:00:00 AM,522,367,155
08/05/2013 09:00:00 AM,322,198,124
08/05/2013 10:00:00 AM,155,98,57
08/05/2013 11:00:00 AM,92,53,39
08/05/2013 12:00:00 PM,102,43,59
08/05/2013 01:00:00 PM,132,73,59
08/05/2013 02:00:00 PM,142,62,80
08/05/2013 03:00:00 PM,182,77,105
08/05/2013 04:00:00 PM,340,154,186
08/05/2013 05:00:00 PM,633,206,427
08/05/2013 06:00:00 PM,519,167,352
08/05/2013 07:00:00 PM,263,126,137
08/05/2013 08:00:00 PM,165,82,83
08/05/2013 09:00:00 PM,93,56,37
08/05/2013 10:00:00 PM,54,19,35
08/05/2013 11:00:00 PM,22,8,14
08/06/2013 12:00:00 AM,16,7,9
08/06/2013 01:00:00 AM,8,3,5
08/06/2013 02:00:00 AM,5,3,2
08/06/2013 03:00:00 AM,3,0,3
08/06/2013 04:00:00 AM,9,7,2
08/06/2013 05:00:00 AM,39,29,10
08/06/2013 06:00:00 AM,175,120,55
08/06/2013 07:00:00 AM,390,302,88
08/06/2013 08:00:00 AM,602,417,185
08/06/2013 09:00:00 AM,329,217,112
08/06/2013 10:00:00 AM,142,89,53
08/06/2013 11:00:00 AM,104,60,44
08/06/2013 12:00:00 PM,109,53,56
08/06/2013 01:00:00 PM,148,80,68
08/06/2013 02:00:00 PM,128,54,74
08/06/2013 03:00:00 PM,164,76,88
08/06/2013 04:00:00 PM,343,127,216
08/06/2013 05:00:00 PM,738,221,517
08/06/2013 06:00:00 PM,525,199,326
08/06/2013 07:00:00 PM,293,112,181
08/06/2013 08:00:00 PM,148,84,64
08/06/2013 09:00:00 PM,104,52,52
08/06/2013 10:00:00 PM,51,21,30
08/06/2013 11:00:00 PM,29,12,17
08/07/2013 12:00:00 AM,22,9,13
08/07/2013 01:00:00 AM,4,3,1
08/07/2013 02:00:00 AM,35,33,2
08/07/2013 03:00:00 AM,2,2,0
08/07/2013 04:00:00 AM,14,11,3
08/07/2013 05:00:00 AM,29,21,8
08/07/2013 06:00:00 AM,171,112,59
08/07/2013 07:00:00 AM,365,274,91
08/07/2013 08:00:00 AM,539,377,162
08/07/2013 09:00:00 AM,344,213,131
08/07/2013 10:00:00 AM,139,74,65
08/07/2013 11:00:00 AM,108,59,49
08/07/2013 12:00:00 PM,118,63,55
08/07/2013 01:00:00 PM,129,61,68
08/07/2013 02:00:00 PM,116,65,51
08/07/2013 03:00:00 PM,177,96,81
08/07/2013 04:00:00 PM,324,118,206
08/07/2013 05:00:00 PM,671,198,473
08/07/2013 06:00:00 PM,512,177,335
08/07/2013 07:00:00 PM,312,117,195
08/07/2013 08:00:00 PM,199,91,108
08/07/2013 09:00:00 PM,122,68,54
08/07/2013 10:00:00 PM,60,28,32
08/07/2013 11:00:00 PM,44,20,24
08/08/2013 12:00:00 AM,17,7,10
08/08/2013 01:00:00 AM,11,7,4
08/08/2013 02:00:00 AM,6,3,3
08/08/2013 03:00:00 AM,6,2,4
08/08/2013 04:00:00 AM,4,4,0
08/08/2013 05:00:00 AM,42,34,8
08/08/2013 06:00:00 AM,166,119,47
08/08/2013 07:00:00 AM,353,248,105
08/08/2013 08:00:00 AM,488,343,145
08/08/2013 09:00:00 AM,295,195,100
08/08/2013 10:00:00 AM,144,80,64
08/08/2013 11:00:00 AM,92,45,47
08/08/2013 12:00:00 PM,122,70,52
08/08/2013 01:00:00 PM,114,59,55
08/08/2013 02:00:00 PM,138,75,63
08/08/2013 03:00:00 PM,147,70,77
08/08/2013 04:00:00 PM,329,129,200
08/08/2013 05:00:00 PM,592,179,413
08/08/2013 06:00:00 PM,500,166,334
08/08/2013 07:00:00 PM,291,124,167
08/08/2013 08:00:00 PM,183,84,99
08/08/2013 09:00:00 PM,95,59,36
08/08/2013 10:00:00 PM,82,38,44
08/08/2013 11:00:00 PM,58,35,23
08/09/2013 12:00:00 AM,16,10,6
08/09/2013 01:00:00 AM,18,11,7
08/09/2013 02:00:00 AM,13,10,3
08/09/2013 03:00:00 AM,3,2,1
08/09/2013 04:00:00 AM,5,5,0
08/09/2013 05:00:00 AM,28,23,5
08/09/2013 06:00:00 AM,135,96,39
08/09/2013 07:00:00 AM,266,191,75
08/09/2013 08:00:00 AM,441,307,134
08/09/2013 09:00:00 AM,284,171,113
08/09/2013 10:00:00 AM,141,77,64
08/09/2013 11:00:00 AM,113,59,54
08/09/2013 12:00:00 PM,141,67,74
08/09/2013 01:00:00 PM,126,63,63
08/09/2013 02:00:00 PM,154,67,87
08/09/2013 03:00:00 PM,204,85,119
08/09/2013 04:00:00 PM,316,113,203
08/09/2013 05:00:00 PM,544,177,367
08/09/2013 06:00:00 PM,356,149,207
08/09/2013 07:00:00 PM,199,91,108
08/09/2013 08:00:00 PM,136,56,80
08/09/2013 09:00:00 PM,80,35,45
08/09/2013 10:00:00 PM,67,31,36
08/09/2013 11:00:00 PM,47,13,34
08/10/2013 12:00:00 AM,36,16,20
08/10/2013 01:00:00 AM,27,17,10
08/10/2013 02:00:00 AM,8,4,4
08/10/2013 03:00:00 AM,3,2,1
08/10/2013 04:00:00 AM,4,2,2
08/10/2013 05:00:00 AM,10,7,3
08/10/2013 06:00:00 AM,35,16,19
08/10/2013 07:00:00 AM,41,22,19
08/10/2013 08:00:00 AM,75,40,35
08/10/2013 09:00:00 AM,93,48,45
08/10/2013 10:00:00 AM,132,77,55
08/10/2013 11:00:00 AM,112,69,43
08/10/2013 12:00:00 PM,127,72,55
08/10/2013 01:00:00 PM,140,70,70
08/10/2013 02:00:00 PM,156,84,72
08/10/2013 03:00:00 PM,194,91,103
08/10/2013 04:00:00 PM,169,89,80
08/10/2013 05:00:00 PM,151,90,61
08/10/2013 06:00:00 PM,120,57,63
08/10/2013 07:00:00 PM,86,39,47
08/10/2013 08:00:00 PM,65,28,37
08/10/2013 09:00:00 PM,37,17,20
08/10/2013 10:00:00 PM,43,13,30
08/10/2013 11:00:00 PM,33,15,18
08/11/2013 12:00:00 AM,27,12,15
08/11/2013 01:00:00 AM,13,5,8
08/11/2013 02:00:00 AM,9,3,6
08/11/2013 03:00:00 AM,0,0,0
08/11/2013 04:00:00 AM,4,3,1
08/11/2013 05:00:00 AM,6,6,0
08/11/2013 06:00:00 AM,17,9,8
08/11/2013 07:00:00 AM,42,30,12
08/11/2013 08:00:00 AM,71,42,29
08/11/2013 09:00:00 AM,137,83,54
08/11/2013 10:00:00 AM,161,71,90
08/11/2013 11:00:00 AM,195,120,75
08/11/2013 12:00:00 PM,213,116,97
08/11/2013 01:00:00 PM,178,110,68
08/11/2013 02:00:00 PM,191,98,93
08/11/2013 03:00:00 PM,215,116,99
08/11/2013 04:00:00 PM,216,129,87
08/11/2013 05:00:00 PM,184,101,83
08/11/2013 06:00:00 PM,144,87,57
08/11/2013 07:00:00 PM,117,44,73
08/11/2013 08:00:00 PM,74,41,33
08/11/2013 09:00:00 PM,53,23,30
08/11/2013 10:00:00 PM,35,18,17
08/11/2013 11:00:00 PM,13,2,11
08/12/2013 12:00:00 AM,12,7,5
08/12/2013 01:00:00 AM,9,5,4
08/12/2013 02:00:00 AM,4,2,2
08/12/2013 03:00:00 AM,0,0,0
08/12/2013 04:00:00 AM,13,11,2
08/12/2013 05:00:00 AM,30,24,6
08/12/2013 06:00:00 AM,149,102,47
08/12/2013 07:00:00 AM,345,255,90
08/12/2013 08:00:00 AM,488,348,140
08/12/2013 09:00:00 AM,315,208,107
08/12/2013 10:00:00 AM,114,64,50
08/12/2013 11:00:00 AM,93,48,45
08/12/2013 12:00:00 PM,114,44,70
08/12/2013 01:00:00 PM,96,52,44
08/12/2013 02:00:00 PM,126,65,61
08/12/2013 03:00:00 PM,166,92,74
08/12/2013 04:00:00 PM,322,124,198
08/12/2013 05:00:00 PM,603,184,419
08/12/2013 06:00:00 PM,480,174,306
08/12/2013 07:00:00 PM,250,86,164
08/12/2013 08:00:00 PM,134,68,66
08/12/2013 09:00:00 PM,85,38,47
08/12/2013 10:00:00 PM,48,23,25
08/12/2013 11:00:00 PM,32,15,17
08/13/2013 12:00:00 AM,16,6,10
08/13/2013 01:00:00 AM,8,2,6
08/13/2013 02:00:00 AM,5,2,3
08/13/2013 03:00:00 AM,0,0,0
08/13/2013 04:00:00 AM,8,5,3
08/13/2013 05:00:00 AM,30,20,10
08/13/2013 06:00:00 AM,167,125,42
08/13/2013 07:00:00 AM,407,303,104
08/13/2013 08:00:00 AM,514,354,160
08/13/2013 09:00:00 AM,325,191,134
08/13/2013 10:00:00 AM,154,86,68
08/13/2013 11:00:00 AM,110,66,44
08/13/2013 12:00:00 PM,112,66,46
08/13/2013 01:00:00 PM,110,53,57
08/13/2013 02:00:00 PM,126,61,65
08/13/2013 03:00:00 PM,184,94,90
08/13/2013 04:00:00 PM,337,121,216
08/13/2013 05:00:00 PM,679,196,483
08/13/2013 06:00:00 PM,500,161,339
08/13/2013 07:00:00 PM,296,126,170
08/13/2013 08:00:00 PM,191,101,90
08/13/2013 09:00:00 PM,97,50,47
08/13/2013 10:00:00 PM,60,25,35
08/13/2013 11:00:00 PM,33,15,18
08/14/2013 12:00:00 AM,13,7,6
08/14/2013 01:00:00 AM,7,3,4
08/14/2013 02:00:00 AM,2,2,0
08/14/2013 03:00:00 AM,0,0,0
08/14/2013 04:00:00 AM,4,3,1
08/14/2013 05:00:00 AM,38,29,9
08/14/2013 06:00:00 AM,147,100,47
08/14/2013 07:00:00 AM,368,272,96
08/14/2013 08:00:00 AM,545,390,155
08/14/2013 09:00:00 AM,350,220,130
08/14/2013 10:00:00 AM,147,74,73
08/14/2013 11:00:00 AM,124,75,49
08/14/2013 12:00:00 PM,116,56,60
08/14/2013 01:00:00 PM,116,51,65
08/14/2013 02:00:00 PM,135,72,63
08/14/2013 03:00:00 PM,180,83,97
08/14/2013 04:00:00 PM,282,121,161
08/14/2013 05:00:00 PM,634,198,436
08/14/2013 06:00:00 PM,471,157,314
08/14/2013 07:00:00 PM,250,119,131
08/14/2013 08:00:00 PM,133,55,78
08/14/2013 09:00:00 PM,52,26,26
08/14/2013 10:00:00 PM,37,16,21
08/14/2013 11:00:00 PM,20,5,15
08/15/2013 12:00:00 AM,19,13,6
08/15/2013 01:00:00 AM,9,5,4
08/15/2013 02:00:00 AM,8,3,5
08/15/2013 03:00:00 AM,4,2,2
08/15/2013 04:00:00 AM,4,4,0
08/15/2013 05:00:00 AM,34,26,8
08/15/2013 06:00:00 AM,133,88,45
08/15/2013 07:00:00 AM,287,207,80
08/15/2013 08:00:00 AM,452,316,136
08/15/2013 09:00:00 AM,269,181,88
08/15/2013 10:00:00 AM,129,75,54
08/15/2013 11:00:00 AM,90,56,34
08/15/2013 12:00:00 PM,73,40,33
08/15/2013 01:00:00 PM,71,35,36
08/15/2013 02:00:00 PM,88,40,48
08/15/2013 03:00:00 PM,97,50,47
08/15/2013 04:00:00 PM,215,78,137
08/15/2013 05:00:00 PM,485,122,363
08/15/2013 06:00:00 PM,393,143,250
08/15/2013 07:00:00 PM,199,64,135
08/15/2013 08:00:00 PM,134,61,73
08/15/2013 09:00:00 PM,65,37,28
08/15/2013 10:00:00 PM,41,23,18
08/15/2013 11:00:00 PM,35,20,15
08/16/2013 12:00:00 AM,21,8,13
08/16/2013 01:00:00 AM,10,4,6
08/16/2013 02:00:00 AM,8,1,7
08/16/2013 03:00:00 AM,5,2,3
08/16/2013 04:00:00 AM,5,5,0
08/16/2013 05:00:00 AM,23,10,13
08/16/2013 06:00:00 AM,137,85,52
08/16/2013 07:00:00 AM,269,194,75
08/16/2013 08:00:00 AM,421,289,132
08/16/2013 09:00:00 AM,282,180,102
08/16/2013 10:00:00 AM,142,70,72
08/16/2013 11:00:00 AM,102,59,43
08/16/2013 12:00:00 PM,120,61,59
08/16/2013 01:00:00 PM,136,60,76
08/16/2013 02:00:00 PM,142,82,60
08/16/2013 03:00:00 PM,198,87,111
08/16/2013 04:00:00 PM,310,119,191
08/16/2013 05:00:00 PM,550,182,368
08/16/2013 06:00:00 PM,410,168,242
08/16/2013 07:00:00 PM,209,91,118
08/16/2013 08:00:00 PM,143,59,84
08/16/2013 09:00:00 PM,80,32,48
08/16/2013 10:00:00 PM,46,18,28
08/16/2013 11:00:00 PM,50,20,30
08/17/2013 12:00:00 AM,28,12,16
08/17/2013 01:00:00 AM,31,12,19
08/17/2013 02:00:00 AM,16,9,7
08/17/2013 03:00:00 AM,5,1,4
08/17/2013 04:00:00 AM,8,3,5
08/17/2013 05:00:00 AM,18,7,11
08/17/2013 06:00:00 AM,50,21,29
08/17/2013 07:00:00 AM,45,29,16
08/17/2013 08:00:00 AM,89,41,48
08/17/2013 09:00:00 AM,134,53,81
08/17/2013 10:00:00 AM,144,92,52
08/17/2013 11:00:00 AM,152,90,62
08/17/2013 12:00:00 PM,165,89,76
08/17/2013 01:00:00 PM,159,78,81
08/17/2013 02:00:00 PM,169,87,82
08/17/2013 03:00:00 PM,187,109,78
08/17/2013 04:00:00 PM,197,106,91
08/17/2013 05:00:00 PM,152,80,72
08/17/2013 06:00:00 PM,131,64,67
08/17/2013 07:00:00 PM,104,52,52
08/17/2013 08:00:00 PM,103,53,50
08/17/2013 09:00:00 PM,48,15,33
08/17/2013 10:00:00 PM,59,26,33
08/17/2013 11:00:00 PM,25,13,12
08/18/2013 12:00:00 AM,21,10,11
08/18/2013 01:00:00 AM,16,10,6
08/18/2013 02:00:00 AM,6,1,5
08/18/2013 03:00:00 AM,4,3,1
08/18/2013 04:00:00 AM,6,2,4
08/18/2013 05:00:00 AM,13,12,1
08/18/2013 06:00:00 AM,24,13,11
08/18/2013 07:00:00 AM,45,24,21
08/18/2013 08:00:00 AM,65,45,20
08/18/2013 09:00:00 AM,99,53,46
08/18/2013 10:00:00 AM,184,103,81
08/18/2013 11:00:00 AM,147,80,67
08/18/2013 12:00:00 PM,217,125,92
08/18/2013 01:00:00 PM,182,106,76
08/18/2013 02:00:00 PM,242,131,111
08/18/2013 03:00:00 PM,204,123,81
08/18/2013 04:00:00 PM,211,112,99
08/18/2013 05:00:00 PM,191,91,100
08/18/2013 06:00:00 PM,158,98,60
08/18/2013 07:00:00 PM,115,53,62
08/18/2013 08:00:00 PM,58,28,30
08/18/2013 09:00:00 PM,40,20,20
08/18/2013 10:00:00 PM,32,15,17
08/18/2013 11:00:00 PM,21,6,15
08/19/2013 12:00:00 AM,23,7,16
08/19/2013 01:00:00 AM,6,3,3
08/19/2013 02:00:00 AM,5,2,3
08/19/2013 03:00:00 AM,0,0,0
08/19/2013 04:00:00 AM,6,3,3
08/19/2013 05:00:00 AM,33,24,9
08/19/2013 06:00:00 AM,143,101,42
08/19/2013 07:00:00 AM,366,274,92
08/19/2013 08:00:00 AM,494,342,152
08/19/2013 09:00:00 AM,289,189,100
08/19/2013 10:00:00 AM,143,89,54
08/19/2013 11:00:00 AM,77,39,38
08/19/2013 12:00:00 PM,98,46,52
08/19/2013 01:00:00 PM,133,69,64
08/19/2013 02:00:00 PM,149,72,77
08/19/2013 03:00:00 PM,157,71,86
08/19/2013 04:00:00 PM,290,116,174
08/19/2013 05:00:00 PM,643,172,471
08/19/2013 06:00:00 PM,551,171,380
08/19/2013 07:00:00 PM,228,99,129
08/19/2013 08:00:00 PM,121,54,67
08/19/2013 09:00:00 PM,79,33,46
08/19/2013 10:00:00 PM,53,24,29
08/19/2013 11:00:00 PM,30,12,18
08/20/2013 12:00:00 AM,13,7,6
08/20/2013 01:00:00 AM,10,1,9
08/20/2013 02:00:00 AM,11,4,7
08/20/2013 03:00:00 AM,2,1,1
08/20/2013 04:00:00 AM,9,7,2
08/20/2013 05:00:00 AM,28,23,5
08/20/2013 06:00:00 AM,151,105,46
08/20/2013 07:00:00 AM,382,262,120
08/20/2013 08:00:00 AM,565,398,167
08/20/2013 09:00:00 AM,290,175,115
08/20/2013 10:00:00 AM,154,75,79
08/20/2013 11:00:00 AM,95,57,38
08/20/2013 12:00:00 PM,113,61,52
08/20/2013 01:00:00 PM,131,68,63
08/20/2013 02:00:00 PM,108,50,58
08/20/2013 03:00:00 PM,154,72,82
08/20/2013 04:00:00 PM,303,113,190
08/20/2013 05:00:00 PM,642,180,462
08/20/2013 06:00:00 PM,613,226,387
08/20/2013 07:00:00 PM,301,132,169
08/20/2013 08:00:00 PM,192,94,98
08/20/2013 09:00:00 PM,143,41,102
08/20/2013 10:00:00 PM,70,29,41
08/20/2013 11:00:00 PM,44,14,30
08/21/2013 12:00:00 AM,23,12,11
08/21/2013 01:00:00 AM,5,4,1
08/21/2013 02:00:00 AM,14,9,5
08/21/2013 03:00:00 AM,4,3,1
08/21/2013 04:00:00 AM,5,3,2
08/21/2013 05:00:00 AM,37,32,5
08/21/2013 06:00:00 AM,152,105,47
08/21/2013 07:00:00 AM,368,259,109
08/21/2013 08:00:00 AM,531,380,151
08/21/2013 09:00:00 AM,311,209,102
08/21/2013 10:00:00 AM,152,79,73
08/21/2013 11:00:00 AM,106,60,46
08/21/2013 12:00:00 PM,123,73,50
08/21/2013 01:00:00 PM,143,64,79
08/21/2013 02:00:00 PM,134,57,77
08/21/2013 03:00:00 PM,171,67,104
08/21/2013 04:00:00 PM,326,128,198
08/21/2013 05:00:00 PM,605,175,430
08/21/2013 06:00:00 PM,557,190,367
08/21/2013 07:00:00 PM,268,107,161
08/21/2013 08:00:00 PM,156,72,84
08/21/2013 09:00:00 PM,114,42,72
08/21/2013 10:00:00 PM,48,20,28
08/21/2013 11:00:00 PM,39,19,20
08/22/2013 12:00:00 AM,24,8,16
08/22/2013 01:00:00 AM,10,8,2
08/22/2013 02:00:00 AM,7,3,4
08/22/2013 03:00:00 AM,3,2,1
08/22/2013 04:00:00 AM,10,6,4
08/22/2013 05:00:00 AM,33,20,13
08/22/2013 06:00:00 AM,134,99,35
08/22/2013 07:00:00 AM,354,254,100
08/22/2013 08:00:00 AM,471,328,143
08/22/2013 09:00:00 AM,309,207,102
08/22/2013 10:00:00 AM,155,103,52
08/22/2013 11:00:00 AM,128,79,49
08/22/2013 12:00:00 PM,110,70,40
08/22/2013 01:00:00 PM,133,71,62
08/22/2013 02:00:00 PM,126,67,59
08/22/2013 03:00:00 PM,149,57,92
08/22/2013 04:00:00 PM,316,111,205
08/22/2013 05:00:00 PM,611,182,429
08/22/2013 06:00:00 PM,482,173,309
08/22/2013 07:00:00 PM,257,99,158
08/22/2013 08:00:00 PM,154,72,82
08/22/2013 09:00:00 PM,94,54,40
08/22/2013 10:00:00 PM,50,34,16
08/22/2013 11:00:00 PM,50,21,29
08/23/2013 12:00:00 AM,21,14,7
08/23/2013 01:00:00 AM,13,4,9
08/23/2013 02:00:00 AM,5,0,5
08/23/2013 03:00:00 AM,5,4,1
08/23/2013 04:00:00 AM,7,7,0
08/23/2013 05:00:00 AM,24,13,11
08/23/2013 06:00:00 AM,124,78,46
08/23/2013 07:00:00 AM,257,192,65
08/23/2013 08:00:00 AM,399,279,120
08/23/2013 09:00:00 AM,259,169,90
08/23/2013 10:00:00 AM,153,79,74
08/23/2013 11:00:00 AM,124,72,52
08/23/2013 12:00:00 PM,98,50,48
08/23/2013 01:00:00 PM,122,66,56
08/23/2013 02:00:00 PM,130,62,68
08/23/2013 03:00:00 PM,182,77,105
08/23/2013 04:00:00 PM,270,94,176
08/23/2013 05:00:00 PM,484,153,331
08/23/2013 06:00:00 PM,331,124,207
08/23/2013 07:00:00 PM,180,85,95
08/23/2013 08:00:00 PM,99,39,60
08/23/2013 09:00:00 PM,68,26,42
08/23/2013 10:00:00 PM,46,18,28
08/23/2013 11:00:00 PM,45,20,25
08/24/2013 12:00:00 AM,34,16,18
08/24/2013 01:00:00 AM,22,6,16
08/24/2013 02:00:00 AM,16,8,8
08/24/2013 03:00:00 AM,7,5,2
08/24/2013 04:00:00 AM,8,7,1
08/24/2013 05:00:00 AM,8,7,1
08/24/2013 06:00:00 AM,31,10,21
08/24/2013 07:00:00 AM,60,32,28
08/24/2013 08:00:00 AM,79,47,32
08/24/2013 09:00:00 AM,125,67,58
08/24/2013 10:00:00 AM,121,69,52
08/24/2013 11:00:00 AM,125,70,55
08/24/2013 12:00:00 PM,115,63,52
08/24/2013 01:00:00 PM,190,98,92
08/24/2013 02:00:00 PM,176,91,85
08/24/2013 03:00:00 PM,176,93,83
08/24/2013 04:00:00 PM,192,97,95
08/24/2013 05:00:00 PM,149,69,80
08/24/2013 06:00:00 PM,130,80,50
08/24/2013 07:00:00 PM,81,43,38
08/24/2013 08:00:00 PM,75,46,29
08/24/2013 09:00:00 PM,36,17,19
08/24/2013 10:00:00 PM,41,9,32
08/24/2013 11:00:00 PM,33,11,22
08/25/2013 12:00:00 AM,26,10,16
08/25/2013 01:00:00 AM,13,4,9
08/25/2013 02:00:00 AM,8,4,4
08/25/2013 03:00:00 AM,8,4,4
08/25/2013 04:00:00 AM,7,4,3
08/25/2013 05:00:00 AM,11,8,3
08/25/2013 06:00:00 AM,14,6,8
08/25/2013 07:00:00 AM,20,9,11
08/25/2013 08:00:00 AM,52,28,24
08/25/2013 09:00:00 AM,98,59,39
08/25/2013 10:00:00 AM,173,92,81
08/25/2013 11:00:00 AM,164,78,86
08/25/2013 12:00:00 PM,219,101,118
08/25/2013 01:00:00 PM,222,132,90
08/25/2013 02:00:00 PM,225,135,90
08/25/2013 03:00:00 PM,195,119,76
08/25/2013 04:00:00 PM,195,106,89
08/25/2013 05:00:00 PM,119,75,44
08/25/2013 06:00:00 PM,99,49,50
08/25/2013 07:00:00 PM,47,24,23
08/25/2013 08:00:00 PM,52,27,25
08/25/2013 09:00:00 PM,31,8,23
08/25/2013 10:00:00 PM,45,7,38
08/25/2013 11:00:00 PM,16,2,14
08/26/2013 12:00:00 AM,19,10,9
08/26/2013 01:00:00 AM,7,3,4
08/26/2013 02:00:00 AM,5,2,3
08/26/2013 03:00:00 AM,3,0,3
08/26/2013 04:00:00 AM,8,6,2
08/26/2013 05:00:00 AM,34,24,10
08/26/2013 06:00:00 AM,145,101,44
08/26/2013 07:00:00 AM,293,212,81
08/26/2013 08:00:00 AM,408,283,125
08/26/2013 09:00:00 AM,267,165,102
08/26/2013 10:00:00 AM,122,81,41
08/26/2013 11:00:00 AM,82,40,42
08/26/2013 12:00:00 PM,72,31,41
08/26/2013 01:00:00 PM,96,54,42
08/26/2013 02:00:00 PM,120,59,61
08/26/2013 03:00:00 PM,152,73,79
08/26/2013 04:00:00 PM,256,108,148
08/26/2013 05:00:00 PM,482,150,332
08/26/2013 06:00:00 PM,336,93,243
08/26/2013 07:00:00 PM,144,60,84
08/26/2013 08:00:00 PM,80,28,52
08/26/2013 09:00:00 PM,56,27,29
08/26/2013 10:00:00 PM,33,16,17
08/26/2013 11:00:00 PM,20,7,13
08/27/2013 12:00:00 AM,15,8,7
08/27/2013 01:00:00 AM,9,8,1
08/27/2013 02:00:00 AM,4,3,1
08/27/2013 03:00:00 AM,3,0,3
08/27/2013 04:00:00 AM,7,6,1
08/27/2013 05:00:00 AM,29,23,6
08/27/2013 06:00:00 AM,134,87,47
08/27/2013 07:00:00 AM,335,237,98
08/27/2013 08:00:00 AM,506,350,156
08/27/2013 09:00:00 AM,304,195,109
08/27/2013 10:00:00 AM,117,68,49
08/27/2013 11:00:00 AM,97,45,52
08/27/2013 12:00:00 PM,111,62,49
08/27/2013 01:00:00 PM,121,71,50
08/27/2013 02:00:00 PM,113,65,48
08/27/2013 03:00:00 PM,155,82,73
08/27/2013 04:00:00 PM,292,125,167
08/27/2013 05:00:00 PM,565,158,407
08/27/2013 06:00:00 PM,505,168,337
08/27/2013 07:00:00 PM,220,78,142
08/27/2013 08:00:00 PM,115,52,63
08/27/2013 09:00:00 PM,67,34,33
08/27/2013 10:00:00 PM,43,25,18
08/27/2013 11:00:00 PM,25,13,12
08/28/2013 12:00:00 AM,15,7,8
08/28/2013 01:00:00 AM,6,4,2
08/28/2013 02:00:00 AM,8,3,5
08/28/2013 03:00:00 AM,4,3,1
08/28/2013 04:00:00 AM,5,4,1
08/28/2013 05:00:00 AM,24,15,9
08/28/2013 06:00:00 AM,93,62,31
08/28/2013 07:00:00 AM,271,201,70
08/28/2013 08:00:00 AM,396,265,131
08/28/2013 09:00:00 AM,261,173,88
08/28/2013 10:00:00 AM,122,65,57
08/28/2013 11:00:00 AM,98,49,49
08/28/2013 12:00:00 PM,134,78,56
08/28/2013 01:00:00 PM,103,54,49
08/28/2013 02:00:00 PM,114,54,60
08/28/2013 03:00:00 PM,138,66,72
08/28/2013 04:00:00 PM,232,94,138
08/28/2013 05:00:00 PM,494,169,325
08/28/2013 06:00:00 PM,427,144,283
08/28/2013 07:00:00 PM,241,98,143
08/28/2013 08:00:00 PM,133,55,78
08/28/2013 09:00:00 PM,87,53,34
08/28/2013 10:00:00 PM,42,20,22
08/28/2013 11:00:00 PM,36,15,21
08/29/2013 12:00:00 AM,20,12,8
08/29/2013 01:00:00 AM,16,8,8
08/29/2013 02:00:00 AM,10,7,3
08/29/2013 03:00:00 AM,3,1,2
08/29/2013 04:00:00 AM,6,3,3
08/29/2013 05:00:00 AM,23,16,7
08/29/2013 06:00:00 AM,88,61,27
08/29/2013 07:00:00 AM,241,183,58
08/29/2013 08:00:00 AM,358,250,108
08/29/2013 09:00:00 AM,190,119,71
08/29/2013 10:00:00 AM,87,55,32
08/29/2013 11:00:00 AM,47,21,26
08/29/2013 12:00:00 PM,43,28,15
08/29/2013 01:00:00 PM,53,26,27
08/29/2013 02:00:00 PM,59,34,25
08/29/2013 03:00:00 PM,93,48,45
08/29/2013 04:00:00 PM,164,63,101
08/29/2013 05:00:00 PM,347,101,246
08/29/2013 06:00:00 PM,251,91,160
08/29/2013 07:00:00 PM,117,39,78
08/29/2013 08:00:00 PM,70,27,43
08/29/2013 09:00:00 PM,40,14,26
08/29/2013 10:00:00 PM,20,8,12
08/29/2013 11:00:00 PM,29,15,14
08/30/2013 12:00:00 AM,6,1,5
08/30/2013 01:00:00 AM,7,2,5
08/30/2013 02:00:00 AM,2,1,1
08/30/2013 03:00:00 AM,3,0,3
08/30/2013 04:00:00 AM,4,4,0
08/30/2013 05:00:00 AM,22,13,9
08/30/2013 06:00:00 AM,106,73,33
08/30/2013 07:00:00 AM,265,196,69
08/30/2013 08:00:00 AM,362,253,109
08/30/2013 09:00:00 AM,242,144,98
08/30/2013 10:00:00 AM,134,79,55
08/30/2013 11:00:00 AM,116,72,44
08/30/2013 12:00:00 PM,121,65,56
08/30/2013 01:00:00 PM,132,71,61
08/30/2013 02:00:00 PM,129,61,68
08/30/2013 03:00:00 PM,202,80,122
08/30/2013 04:00:00 PM,342,134,208
08/30/2013 05:00:00 PM,436,153,283
08/30/2013 06:00:00 PM,321,130,191
08/30/2013 07:00:00 PM,185,73,112
08/30/2013 08:00:00 PM,102,51,51
08/30/2013 09:00:00 PM,70,29,41
08/30/2013 10:00:00 PM,43,20,23
08/30/2013 11:00:00 PM,24,9,15
08/31/2013 12:00:00 AM,24,9,15
08/31/2013 01:00:00 AM,11,6,5
08/31/2013 02:00:00 AM,16,5,11
08/31/2013 03:00:00 AM,10,5,5
08/31/2013 04:00:00 AM,4,3,1
08/31/2013 05:00:00 AM,8,7,1
08/31/2013 06:00:00 AM,32,19,13
08/31/2013 07:00:00 AM,56,31,25
08/31/2013 08:00:00 AM,83,53,30
08/31/2013 09:00:00 AM,128,71,57
08/31/2013 10:00:00 AM,178,101,77
08/31/2013 11:00:00 AM,173,103,70
08/31/2013 12:00:00 PM,179,100,79
08/31/2013 01:00:00 PM,195,97,98
08/31/2013 02:00:00 PM,188,105,83
08/31/2013 03:00:00 PM,182,96,86
08/31/2013 04:00:00 PM,189,87,102
08/31/2013 05:00:00 PM,157,82,75
08/31/2013 06:00:00 PM,133,70,63
08/31/2013 07:00:00 PM,101,56,45
08/31/2013 08:00:00 PM,70,37,33
08/31/2013 09:00:00 PM,67,22,45
08/31/2013 10:00:00 PM,59,28,31
08/31/2013 11:00:00 PM,49,11,38
09/01/2013 12:00:00 AM,41,16,25
09/01/2013 01:00:00 AM,14,10,4
09/01/2013 02:00:00 AM,18,12,6
09/01/2013 03:00:00 AM,9,4,5
09/01/2013 04:00:00 AM,3,3,0
09/01/2013 05:00:00 AM,9,6,3
09/01/2013 06:00:00 AM,19,11,8
09/01/2013 07:00:00 AM,37,24,13
09/01/2013 08:00:00 AM,74,44,30
09/01/2013 09:00:00 AM,62,34,28
09/01/2013 10:00:00 AM,128,65,63
09/01/2013 11:00:00 AM,174,103,71
09/01/2013 12:00:00 PM,188,100,88
09/01/2013 01:00:00 PM,218,134,84
09/01/2013 02:00:00 PM,230,132,98
09/01/2013 03:00:00 PM,229,144,85
09/01/2013 04:00:00 PM,187,106,81
09/01/2013 05:00:00 PM,152,75,77
09/01/2013 06:00:00 PM,130,74,56
09/01/2013 07:00:00 PM,137,67,70
09/01/2013 08:00:00 PM,58,29,29
09/01/2013 09:00:00 PM,55,25,30
09/01/2013 10:00:00 PM,49,9,40
09/01/2013 11:00:00 PM,67,36,31
09/02/2013 12:00:00 AM,38,15,23
09/02/2013 01:00:00 AM,18,5,13
09/02/2013 02:00:00 AM,7,5,2
09/02/2013 03:00:00 AM,4,2,2
09/02/2013 04:00:00 AM,7,4,3
09/02/2013 05:00:00 AM,5,4,1
09/02/2013 06:00:00 AM,15,9,6
09/02/2013 07:00:00 AM,55,35,20
09/02/2013 08:00:00 AM,69,48,21
09/02/2013 09:00:00 AM,116,63,53
09/02/2013 10:00:00 AM,152,95,57
09/02/2013 11:00:00 AM,157,81,76
09/02/2013 12:00:00 PM,198,101,97
09/02/2013 01:00:00 PM,198,124,74
09/02/2013 02:00:00 PM,226,134,92
09/02/2013 03:00:00 PM,193,107,86
09/02/2013 04:00:00 PM,203,113,90
09/02/2013 05:00:00 PM,177,89,88
09/02/2013 06:00:00 PM,145,74,71
09/02/2013 07:00:00 PM,127,71,56
09/02/2013 08:00:00 PM,76,42,34
09/02/2013 09:00:00 PM,44,20,24
09/02/2013 10:00:00 PM,47,15,32
09/02/2013 11:00:00 PM,48,22,26
09/03/2013 12:00:00 AM,19,11,8
09/03/2013 01:00:00 AM,7,3,4
09/03/2013 02:00:00 AM,6,2,4
09/03/2013 03:00:00 AM,1,1,0
09/03/2013 04:00:00 AM,8,4,4
09/03/2013 05:00:00 AM,25,21,4
09/03/2013 06:00:00 AM,86,56,30
09/03/2013 07:00:00 AM,212,164,48
09/03/2013 08:00:00 AM,390,263,127
09/03/2013 09:00:00 AM,220,142,78
09/03/2013 10:00:00 AM,85,45,40
09/03/2013 11:00:00 AM,74,35,39
09/03/2013 12:00:00 PM,80,42,38
09/03/2013 01:00:00 PM,68,31,37
09/03/2013 02:00:00 PM,58,31,27
09/03/2013 03:00:00 PM,92,41,51
09/03/2013 04:00:00 PM,183,81,102
09/03/2013 05:00:00 PM,451,139,312
09/03/2013 06:00:00 PM,385,143,242
09/03/2013 07:00:00 PM,223,90,133
09/03/2013 08:00:00 PM,121,60,61
09/03/2013 09:00:00 PM,56,29,27
09/03/2013 10:00:00 PM,56,30,26
09/03/2013 11:00:00 PM,25,11,14
09/04/2013 12:00:00 AM,20,7,13
09/04/2013 01:00:00 AM,11,5,6
09/04/2013 02:00:00 AM,5,3,2
09/04/2013 03:00:00 AM,3,3,0
09/04/2013 04:00:00 AM,8,7,1
09/04/2013 05:00:00 AM,29,22,7
09/04/2013 06:00:00 AM,134,91,43
09/04/2013 07:00:00 AM,331,254,77
09/04/2013 08:00:00 AM,493,341,152
09/04/2013 09:00:00 AM,316,200,116
09/04/2013 10:00:00 AM,150,87,63
09/04/2013 11:00:00 AM,86,45,41
09/04/2013 12:00:00 PM,91,43,48
09/04/2013 01:00:00 PM,91,45,46
09/04/2013 02:00:00 PM,118,64,54
09/04/2013 03:00:00 PM,125,63,62
09/04/2013 04:00:00 PM,256,92,164
09/04/2013 05:00:00 PM,577,175,402
09/04/2013 06:00:00 PM,476,154,322
09/04/2013 07:00:00 PM,237,94,143
09/04/2013 08:00:00 PM,109,41,68
09/04/2013 09:00:00 PM,83,28,55
09/04/2013 10:00:00 PM,46,18,28
09/04/2013 11:00:00 PM,35,11,24
09/05/2013 12:00:00 AM,13,9,4
09/05/2013 01:00:00 AM,12,4,8
09/05/2013 02:00:00 AM,9,6,3
09/05/2013 03:00:00 AM,6,5,1
09/05/2013 04:00:00 AM,7,6,1
09/05/2013 05:00:00 AM,23,14,9
09/05/2013 06:00:00 AM,120,87,33
09/05/2013 07:00:00 AM,192,140,52
09/05/2013 08:00:00 AM,231,162,69
09/05/2013 09:00:00 AM,130,79,51
09/05/2013 10:00:00 AM,73,41,32
09/05/2013 11:00:00 AM,45,23,22
09/05/2013 12:00:00 PM,55,22,33
09/05/2013 01:00:00 PM,62,32,30
09/05/2013 02:00:00 PM,84,50,34
09/05/2013 03:00:00 PM,105,61,44
09/05/2013 04:00:00 PM,160,66,94
09/05/2013 05:00:00 PM,353,113,240
09/05/2013 06:00:00 PM,229,99,130
09/05/2013 07:00:00 PM,171,79,92
09/05/2013 08:00:00 PM,62,31,31
09/05/2013 09:00:00 PM,48,24,24
09/05/2013 10:00:00 PM,34,10,24
09/05/2013 11:00:00 PM,24,15,9
09/06/2013 12:00:00 AM,12,5,7
09/06/2013 01:00:00 AM,4,3,1
09/06/2013 02:00:00 AM,6,5,1
09/06/2013 03:00:00 AM,2,2,0
09/06/2013 04:00:00 AM,8,5,3
09/06/2013 05:00:00 AM,26,20,6
09/06/2013 06:00:00 AM,86,59,27
09/06/2013 07:00:00 AM,175,128,47
09/06/2013 08:00:00 AM,263,193,70
09/06/2013 09:00:00 AM,167,109,58
09/06/2013 10:00:00 AM,72,43,29
09/06/2013 11:00:00 AM,37,22,15
09/06/2013 12:00:00 PM,50,24,26
09/06/2013 01:00:00 PM,65,34,31
09/06/2013 02:00:00 PM,50,22,28
09/06/2013 03:00:00 PM,105,50,55
09/06/2013 04:00:00 PM,181,76,105
09/06/2013 05:00:00 PM,338,123,215
09/06/2013 06:00:00 PM,272,105,167
09/06/2013 07:00:00 PM,131,54,77
09/06/2013 08:00:00 PM,73,32,41
09/06/2013 09:00:00 PM,45,15,30
09/06/2013 10:00:00 PM,29,5,24
09/06/2013 11:00:00 PM,26,11,15
09/07/2013 12:00:00 AM,23,12,11
09/07/2013 01:00:00 AM,20,10,10
09/07/2013 02:00:00 AM,6,2,4
09/07/2013 03:00:00 AM,5,3,2
09/07/2013 04:00:00 AM,7,4,3
09/07/2013 05:00:00 AM,13,10,3
09/07/2013 06:00:00 AM,25,15,10
09/07/2013 07:00:00 AM,38,24,14
09/07/2013 08:00:00 AM,62,34,28
09/07/2013 09:00:00 AM,111,63,48
09/07/2013 10:00:00 AM,99,60,39
09/07/2013 11:00:00 AM,117,71,46
09/07/2013 12:00:00 PM,100,57,43
09/07/2013 01:00:00 PM,139,68,71
09/07/2013 02:00:00 PM,162,94,68
09/07/2013 03:00:00 PM,161,88,73
09/07/2013 04:00:00 PM,165,85,80
09/07/2013 05:00:00 PM,173,98,75
09/07/2013 06:00:00 PM,161,96,65
09/07/2013 07:00:00 PM,86,48,38
09/07/2013 08:00:00 PM,69,33,36
09/07/2013 09:00:00 PM,53,19,34
09/07/2013 10:00:00 PM,50,8,42
09/07/2013 11:00:00 PM,35,11,24
09/08/2013 12:00:00 AM,32,12,20
09/08/2013 01:00:00 AM,18,5,13
09/08/2013 02:00:00 AM,8,4,4
09/08/2013 03:00:00 AM,7,6,1
09/08/2013 04:00:00 AM,6,5,1
09/08/2013 05:00:00 AM,12,7,5
09/08/2013 06:00:00 AM,19,14,5
09/08/2013 07:00:00 AM,41,27,14
09/08/2013 08:00:00 AM,61,27,34
09/08/2013 09:00:00 AM,117,47,70
09/08/2013 10:00:00 AM,153,89,64
09/08/2013 11:00:00 AM,155,81,74
09/08/2013 12:00:00 PM,154,85,69
09/08/2013 01:00:00 PM,236,149,87
09/08/2013 02:00:00 PM,216,114,102
09/08/2013 03:00:00 PM,275,186,89
09/08/2013 04:00:00 PM,208,90,118
09/08/2013 05:00:00 PM,207,107,100
09/08/2013 06:00:00 PM,156,94,62
09/08/2013 07:00:00 PM,110,68,42
09/08/2013 08:00:00 PM,64,40,24
09/08/2013 09:00:00 PM,32,15,17
09/08/2013 10:00:00 PM,25,8,17
09/08/2013 11:00:00 PM,19,8,11
09/09/2013 12:00:00 AM,14,7,7
09/09/2013 01:00:00 AM,8,1,7
09/09/2013 02:00:00 AM,3,2,1
09/09/2013 03:00:00 AM,2,1,1
09/09/2013 04:00:00 AM,5,4,1
09/09/2013 05:00:00 AM,35,26,9
09/09/2013 06:00:00 AM,139,95,44
09/09/2013 07:00:00 AM,344,257,87
09/09/2013 08:00:00 AM,483,343,140
09/09/2013 09:00:00 AM,311,184,127
09/09/2013 10:00:00 AM,114,65,49
09/09/2013 11:00:00 AM,78,45,33
09/09/2013 12:00:00 PM,84,42,42
09/09/2013 01:00:00 PM,112,56,56
09/09/2013 02:00:00 PM,121,55,66
09/09/2013 03:00:00 PM,157,76,81
09/09/2013 04:00:00 PM,299,125,174
09/09/2013 05:00:00 PM,606,169,437
09/09/2013 06:00:00 PM,489,151,338
09/09/2013 07:00:00 PM,239,89,150
09/09/2013 08:00:00 PM,122,52,70
09/09/2013 09:00:00 PM,56,27,29
09/09/2013 10:00:00 PM,51,25,26
09/09/2013 11:00:00 PM,21,10,11
09/10/2013 12:00:00 AM,35,14,21
09/10/2013 01:00:00 AM,4,3,1
09/10/2013 02:00:00 AM,8,4,4
09/10/2013 03:00:00 AM,5,5,0
09/10/2013 04:00:00 AM,8,6,2
09/10/2013 05:00:00 AM,30,25,5
09/10/2013 06:00:00 AM,129,93,36
09/10/2013 07:00:00 AM,398,299,99
09/10/2013 08:00:00 AM,551,380,171
09/10/2013 09:00:00 AM,294,193,101
09/10/2013 10:00:00 AM,140,69,71
09/10/2013 11:00:00 AM,93,58,35
09/10/2013 12:00:00 PM,110,59,51
09/10/2013 01:00:00 PM,102,49,53
09/10/2013 02:00:00 PM,127,59,68
09/10/2013 03:00:00 PM,164,79,85
09/10/2013 04:00:00 PM,287,104,183
09/10/2013 05:00:00 PM,685,206,479
09/10/2013 06:00:00 PM,548,188,360
09/10/2013 07:00:00 PM,264,103,161
09/10/2013 08:00:00 PM,111,48,63
09/10/2013 09:00:00 PM,65,29,36
09/10/2013 10:00:00 PM,44,19,25
09/10/2013 11:00:00 PM,43,20,23
09/11/2013 12:00:00 AM,20,10,10
09/11/2013 01:00:00 AM,3,0,3
09/11/2013 02:00:00 AM,8,5,3
09/11/2013 03:00:00 AM,5,4,1
09/11/2013 04:00:00 AM,8,5,3
09/11/2013 05:00:00 AM,42,33,9
09/11/2013 06:00:00 AM,136,96,40
09/11/2013 07:00:00 AM,397,279,118
09/11/2013 08:00:00 AM,562,405,157
09/11/2013 09:00:00 AM,358,206,152
09/11/2013 10:00:00 AM,128,76,52
09/11/2013 11:00:00 AM,110,64,46
09/11/2013 12:00:00 PM,117,56,61
09/11/2013 01:00:00 PM,138,72,66
09/11/2013 02:00:00 PM,147,73,74
09/11/2013 03:00:00 PM,160,80,80
09/11/2013 04:00:00 PM,304,121,183
09/11/2013 05:00:00 PM,645,185,460
09/11/2013 06:00:00 PM,511,199,312
09/11/2013 07:00:00 PM,286,122,164
09/11/2013 08:00:00 PM,138,67,71
09/11/2013 09:00:00 PM,85,39,46
09/11/2013 10:00:00 PM,75,38,37
09/11/2013 11:00:00 PM,28,15,13
09/12/2013 12:00:00 AM,16,5,11
09/12/2013 01:00:00 AM,10,8,2
09/12/2013 02:00:00 AM,6,4,2
09/12/2013 03:00:00 AM,1,0,1
09/12/2013 04:00:00 AM,3,2,1
09/12/2013 05:00:00 AM,33,23,10
09/12/2013 06:00:00 AM,144,99,45
09/12/2013 07:00:00 AM,367,272,95
09/12/2013 08:00:00 AM,502,346,156
09/12/2013 09:00:00 AM,327,217,110
09/12/2013 10:00:00 AM,118,61,57
09/12/2013 11:00:00 AM,96,62,34
09/12/2013 12:00:00 PM,100,56,44
09/12/2013 01:00:00 PM,112,60,52
09/12/2013 02:00:00 PM,109,61,48
09/12/2013 03:00:00 PM,152,74,78
09/12/2013 04:00:00 PM,287,123,164
09/12/2013 05:00:00 PM,618,189,429
09/12/2013 06:00:00 PM,499,174,325
09/12/2013 07:00:00 PM,260,101,159
09/12/2013 08:00:00 PM,118,56,62
09/12/2013 09:00:00 PM,87,47,40
09/12/2013 10:00:00 PM,43,15,28
09/12/2013 11:00:00 PM,37,15,22
09/13/2013 12:00:00 AM,18,11,7
09/13/2013 01:00:00 AM,5,4,1
09/13/2013 02:00:00 AM,10,6,4
09/13/2013 03:00:00 AM,2,1,1
09/13/2013 04:00:00 AM,4,1,3
09/13/2013 05:00:00 AM,36,30,6
09/13/2013 06:00:00 AM,106,70,36
09/13/2013 07:00:00 AM,288,202,86
09/13/2013 08:00:00 AM,388,268,120
09/13/2013 09:00:00 AM,272,174,98
09/13/2013 10:00:00 AM,128,74,54
09/13/2013 11:00:00 AM,85,48,37
09/13/2013 12:00:00 PM,82,37,45
09/13/2013 01:00:00 PM,106,54,52
09/13/2013 02:00:00 PM,106,55,51
09/13/2013 03:00:00 PM,160,58,102
09/13/2013 04:00:00 PM,279,95,184
09/13/2013 05:00:00 PM,469,166,303
09/13/2013 06:00:00 PM,341,120,221
09/13/2013 07:00:00 PM,147,56,91
09/13/2013 08:00:00 PM,76,23,53
09/13/2013 09:00:00 PM,41,19,22
09/13/2013 10:00:00 PM,52,16,36
09/13/2013 11:00:00 PM,31,15,16
09/14/2013 12:00:00 AM,18,7,11
09/14/2013 01:00:00 AM,8,2,6
09/14/2013 02:00:00 AM,9,2,7
09/14/2013 03:00:00 AM,8,4,4
09/14/2013 04:00:00 AM,8,5,3
09/14/2013 05:00:00 AM,10,7,3
09/14/2013 06:00:00 AM,18,12,6
09/14/2013 07:00:00 AM,33,10,23
09/14/2013 08:00:00 AM,88,50,38
09/14/2013 09:00:00 AM,132,72,60
09/14/2013 10:00:00 AM,81,46,35
09/14/2013 11:00:00 AM,132,86,46
09/14/2013 12:00:00 PM,136,72,64
09/14/2013 01:00:00 PM,143,73,70
09/14/2013 02:00:00 PM,170,88,82
09/14/2013 03:00:00 PM,125,61,64
09/14/2013 04:00:00 PM,135,75,60
09/14/2013 05:00:00 PM,158,88,70
09/14/2013 06:00:00 PM,148,81,67
09/14/2013 07:00:00 PM,96,56,40
09/14/2013 08:00:00 PM,69,35,34
09/14/2013 09:00:00 PM,53,30,23
09/14/2013 10:00:00 PM,30,15,15
09/14/2013 11:00:00 PM,24,5,19
09/15/2013 12:00:00 AM,20,12,8
09/15/2013 01:00:00 AM,11,7,4
09/15/2013 02:00:00 AM,11,6,5
09/15/2013 03:00:00 AM,5,4,1
09/15/2013 04:00:00 AM,5,4,1
09/15/2013 05:00:00 AM,9,7,2
09/15/2013 06:00:00 AM,18,11,7
09/15/2013 07:00:00 AM,42,17,25
09/15/2013 08:00:00 AM,59,32,27
09/15/2013 09:00:00 AM,70,33,37
09/15/2013 10:00:00 AM,72,46,26
09/15/2013 11:00:00 AM,77,40,37
09/15/2013 12:00:00 PM,74,48,26
09/15/2013 01:00:00 PM,96,60,36
09/15/2013 02:00:00 PM,100,54,46
09/15/2013 03:00:00 PM,101,61,40
09/15/2013 04:00:00 PM,75,39,36
09/15/2013 05:00:00 PM,51,25,26
09/15/2013 06:00:00 PM,34,16,18
09/15/2013 07:00:00 PM,27,14,13
09/15/2013 08:00:00 PM,20,7,13
09/15/2013 09:00:00 PM,11,5,6
09/15/2013 10:00:00 PM,21,2,19
09/15/2013 11:00:00 PM,15,11,4
09/16/2013 12:00:00 AM,10,6,4
09/16/2013 01:00:00 AM,4,0,4
09/16/2013 02:00:00 AM,4,3,1
09/16/2013 03:00:00 AM,2,0,2
09/16/2013 04:00:00 AM,5,3,2
09/16/2013 05:00:00 AM,30,26,4
09/16/2013 06:00:00 AM,100,66,34
09/16/2013 07:00:00 AM,275,192,83
09/16/2013 08:00:00 AM,424,291,133
09/16/2013 09:00:00 AM,270,189,81
09/16/2013 10:00:00 AM,102,62,40
09/16/2013 11:00:00 AM,74,43,31
09/16/2013 12:00:00 PM,73,32,41
09/16/2013 01:00:00 PM,75,45,30
09/16/2013 02:00:00 PM,70,31,39
09/16/2013 03:00:00 PM,124,53,71
09/16/2013 04:00:00 PM,213,91,122
09/16/2013 05:00:00 PM,492,121,371
09/16/2013 06:00:00 PM,400,122,278
09/16/2013 07:00:00 PM,168,66,102
09/16/2013 08:00:00 PM,60,28,32
09/16/2013 09:00:00 PM,46,24,22
09/16/2013 10:00:00 PM,28,14,14
09/16/2013 11:00:00 PM,16,3,13
09/17/2013 12:00:00 AM,10,5,5
09/17/2013 01:00:00 AM,4,2,2
09/17/2013 02:00:00 AM,4,4,0
09/17/2013 03:00:00 AM,2,2,0
09/17/2013 04:00:00 AM,7,5,2
09/17/2013 05:00:00 AM,37,29,8
09/17/2013 06:00:00 AM,111,79,32
09/17/2013 07:00:00 AM,326,230,96
09/17/2013 08:00:00 AM,465,321,144
09/17/2013 09:00:00 AM,275,157,118
09/17/2013 10:00:00 AM,115,65,50
09/17/2013 11:00:00 AM,85,52,33
09/17/2013 12:00:00 PM,80,45,35
09/17/2013 01:00:00 PM,101,48,53
09/17/2013 02:00:00 PM,91,42,49
09/17/2013 03:00:00 PM,120,54,66
09/17/2013 04:00:00 PM,214,77,137
09/17/2013 05:00:00 PM,471,146,325
09/17/2013 06:00:00 PM,381,134,247
09/17/2013 07:00:00 PM,180,69,111
09/17/2013 08:00:00 PM,93,47,46
09/17/2013 09:00:00 PM,48,19,29
09/17/2013 10:00:00 PM,29,15,14
09/17/2013 11:00:00 PM,35,12,23
09/18/2013 12:00:00 AM,10,4,6
09/18/2013 01:00:00 AM,4,2,2
09/18/2013 02:00:00 AM,8,5,3
09/18/2013 03:00:00 AM,1,1,0
09/18/2013 04:00:00 AM,6,3,3
09/18/2013 05:00:00 AM,40,32,8
09/18/2013 06:00:00 AM,111,81,30
09/18/2013 07:00:00 AM,308,221,87
09/18/2013 08:00:00 AM,513,362,151
09/18/2013 09:00:00 AM,290,188,102
09/18/2013 10:00:00 AM,132,80,52
09/18/2013 11:00:00 AM,101,58,43
09/18/2013 12:00:00 PM,138,76,62
09/18/2013 01:00:00 PM,121,63,58
09/18/2013 02:00:00 PM,122,58,64
09/18/2013 03:00:00 PM,147,63,84
09/18/2013 04:00:00 PM,290,112,178
09/18/2013 05:00:00 PM,582,198,384
09/18/2013 06:00:00 PM,493,178,315
09/18/2013 07:00:00 PM,239,108,131
09/18/2013 08:00:00 PM,102,42,60
09/18/2013 09:00:00 PM,67,40,27
09/18/2013 10:00:00 PM,50,22,28
09/18/2013 11:00:00 PM,34,12,22
09/19/2013 12:00:00 AM,13,7,6
09/19/2013 01:00:00 AM,3,1,2
09/19/2013 02:00:00 AM,16,11,5
09/19/2013 03:00:00 AM,0,0,0
09/19/2013 04:00:00 AM,5,4,1
09/19/2013 05:00:00 AM,43,32,11
09/19/2013 06:00:00 AM,109,77,32
09/19/2013 07:00:00 AM,345,253,92
09/19/2013 08:00:00 AM,528,371,157
09/19/2013 09:00:00 AM,301,215,86
09/19/2013 10:00:00 AM,116,112,4
09/19/2013 11:00:00 AM,112,111,1
09/19/2013 12:00:00 PM,116,63,53
09/19/2013 01:00:00 PM,116,62,54
09/19/2013 02:00:00 PM,136,63,73
09/19/2013 03:00:00 PM,195,95,100
09/19/2013 04:00:00 PM,281,120,161
09/19/2013 05:00:00 PM,621,199,422
09/19/2013 06:00:00 PM,480,185,295
09/19/2013 07:00:00 PM,247,118,129
09/19/2013 08:00:00 PM,152,55,97
09/19/2013 09:00:00 PM,86,52,34
09/19/2013 10:00:00 PM,55,28,27
09/19/2013 11:00:00 PM,42,14,28
09/20/2013 12:00:00 AM,22,12,10
09/20/2013 01:00:00 AM,9,5,4
09/20/2013 02:00:00 AM,8,5,3
09/20/2013 03:00:00 AM,5,2,3
09/20/2013 04:00:00 AM,8,5,3
09/20/2013 05:00:00 AM,29,20,9
09/20/2013 06:00:00 AM,107,75,32
09/20/2013 07:00:00 AM,270,183,87
09/20/2013 08:00:00 AM,460,313,147
09/20/2013 09:00:00 AM,273,174,99
09/20/2013 10:00:00 AM,157,92,65
09/20/2013 11:00:00 AM,91,52,39
09/20/2013 12:00:00 PM,97,47,50
09/20/2013 01:00:00 PM,110,57,53
09/20/2013 02:00:00 PM,128,63,65
09/20/2013 03:00:00 PM,172,86,86
09/20/2013 04:00:00 PM,309,125,184
09/20/2013 05:00:00 PM,487,132,355
09/20/2013 06:00:00 PM,337,118,219
09/20/2013 07:00:00 PM,113,48,65
09/20/2013 08:00:00 PM,51,25,26
09/20/2013 09:00:00 PM,40,17,23
09/20/2013 10:00:00 PM,28,18,10
09/20/2013 11:00:00 PM,23,10,13
09/21/2013 12:00:00 AM,14,8,6
09/21/2013 01:00:00 AM,15,8,7
09/21/2013 02:00:00 AM,14,11,3
09/21/2013 03:00:00 AM,3,2,1
09/21/2013 04:00:00 AM,6,1,5
09/21/2013 05:00:00 AM,10,7,3
09/21/2013 06:00:00 AM,30,19,11
09/21/2013 07:00:00 AM,26,18,8
09/21/2013 08:00:00 AM,74,36,38
09/21/2013 09:00:00 AM,93,49,44
09/21/2013 10:00:00 AM,100,61,39
09/21/2013 11:00:00 AM,134,66,68
09/21/2013 12:00:00 PM,129,63,66
09/21/2013 01:00:00 PM,133,69,64
09/21/2013 02:00:00 PM,184,100,84
09/21/2013 03:00:00 PM,219,127,92
09/21/2013 04:00:00 PM,202,127,75
09/21/2013 05:00:00 PM,185,116,69
09/21/2013 06:00:00 PM,128,58,70
09/21/2013 07:00:00 PM,92,50,42
09/21/2013 08:00:00 PM,49,24,25
09/21/2013 09:00:00 PM,37,17,20
09/21/2013 10:00:00 PM,31,20,11
09/21/2013 11:00:00 PM,24,17,7
09/22/2013 12:00:00 AM,21,11,10
09/22/2013 01:00:00 AM,10,5,5
09/22/2013 02:00:00 AM,8,4,4
09/22/2013 03:00:00 AM,5,3,2
09/22/2013 04:00:00 AM,6,5,1
09/22/2013 05:00:00 AM,7,3,4
09/22/2013 06:00:00 AM,17,10,7
09/22/2013 07:00:00 AM,19,11,8
09/22/2013 08:00:00 AM,41,21,20
09/22/2013 09:00:00 AM,64,34,30
09/22/2013 10:00:00 AM,86,41,45
09/22/2013 11:00:00 AM,71,43,28
09/22/2013 12:00:00 PM,54,35,19
09/22/2013 01:00:00 PM,29,15,14
09/22/2013 02:00:00 PM,34,16,18
09/22/2013 03:00:00 PM,25,13,12
09/22/2013 04:00:00 PM,70,29,41
09/22/2013 05:00:00 PM,54,28,26
09/22/2013 06:00:00 PM,60,30,30
09/22/2013 07:00:00 PM,34,17,17
09/22/2013 08:00:00 PM,44,22,22
09/22/2013 09:00:00 PM,14,8,6
09/22/2013 10:00:00 PM,16,8,8
09/22/2013 11:00:00 PM,7,3,4
09/23/2013 12:00:00 AM,10,6,4
09/23/2013 01:00:00 AM,1,0,1
09/23/2013 02:00:00 AM,3,1,2
09/23/2013 03:00:00 AM,0,0,0
09/23/2013 04:00:00 AM,4,1,3
09/23/2013 05:00:00 AM,25,19,6
09/23/2013 06:00:00 AM,87,60,27
09/23/2013 07:00:00 AM,207,149,58
09/23/2013 08:00:00 AM,286,194,92
09/23/2013 09:00:00 AM,164,106,58
09/23/2013 10:00:00 AM,64,45,19
09/23/2013 11:00:00 AM,37,22,15
09/23/2013 12:00:00 PM,53,26,27
09/23/2013 01:00:00 PM,72,38,34
09/23/2013 02:00:00 PM,79,37,42
09/23/2013 03:00:00 PM,78,41,37
09/23/2013 04:00:00 PM,151,60,91
09/23/2013 05:00:00 PM,394,131,263
09/23/2013 06:00:00 PM,272,110,162
09/23/2013 07:00:00 PM,113,48,65
09/23/2013 08:00:00 PM,60,26,34
09/23/2013 09:00:00 PM,47,26,21
09/23/2013 10:00:00 PM,31,14,17
09/23/2013 11:00:00 PM,19,7,12
09/24/2013 12:00:00 AM,13,9,4
09/24/2013 01:00:00 AM,3,3,0
09/24/2013 02:00:00 AM,0,0,0
09/24/2013 03:00:00 AM,2,2,0
09/24/2013 04:00:00 AM,6,3,3
09/24/2013 05:00:00 AM,34,27,7
09/24/2013 06:00:00 AM,108,75,33
09/24/2013 07:00:00 AM,273,209,64
09/24/2013 08:00:00 AM,429,285,144
09/24/2013 09:00:00 AM,271,172,99
09/24/2013 10:00:00 AM,105,62,43
09/24/2013 11:00:00 AM,77,45,32
09/24/2013 12:00:00 PM,109,48,61
09/24/2013 01:00:00 PM,101,60,41
09/24/2013 02:00:00 PM,105,52,53
09/24/2013 03:00:00 PM,142,62,80
09/24/2013 04:00:00 PM,222,102,120
09/24/2013 05:00:00 PM,506,173,333
09/24/2013 06:00:00 PM,349,115,234
09/24/2013 07:00:00 PM,177,73,104
09/24/2013 08:00:00 PM,64,28,36
09/24/2013 09:00:00 PM,51,19,32
09/24/2013 10:00:00 PM,34,14,20
09/24/2013 11:00:00 PM,25,12,13
09/25/2013 12:00:00 AM,5,4,1
09/25/2013 01:00:00 AM,3,1,2
09/25/2013 02:00:00 AM,2,2,0
09/25/2013 03:00:00 AM,1,1,0
09/25/2013 04:00:00 AM,7,6,1
09/25/2013 05:00:00 AM,26,22,4
09/25/2013 06:00:00 AM,83,62,21
09/25/2013 07:00:00 AM,249,181,68
09/25/2013 08:00:00 AM,431,275,156
09/25/2013 09:00:00 AM,270,175,95
09/25/2013 10:00:00 AM,100,57,43
09/25/2013 11:00:00 AM,54,25,29
09/25/2013 12:00:00 PM,75,38,37
09/25/2013 01:00:00 PM,86,41,45
09/25/2013 02:00:00 PM,77,44,33
09/25/2013 03:00:00 PM,103,44,59
09/25/2013 04:00:00 PM,223,104,119
09/25/2013 05:00:00 PM,524,166,358
09/25/2013 06:00:00 PM,431,173,258
09/25/2013 07:00:00 PM,170,76,94
09/25/2013 08:00:00 PM,75,23,52
09/25/2013 09:00:00 PM,51,25,26
09/25/2013 10:00:00 PM,40,14,26
09/25/2013 11:00:00 PM,16,8,8
09/26/2013 12:00:00 AM,6,1,5
09/26/2013 01:00:00 AM,5,2,3
09/26/2013 02:00:00 AM,7,4,3
09/26/2013 03:00:00 AM,1,1,0
09/26/2013 04:00:00 AM,4,3,1
09/26/2013 05:00:00 AM,28,23,5
09/26/2013 06:00:00 AM,118,85,33
09/26/2013 07:00:00 AM,299,226,73
09/26/2013 08:00:00 AM,477,340,137
09/26/2013 09:00:00 AM,319,198,121
09/26/2013 10:00:00 AM,101,60,41
09/26/2013 11:00:00 AM,88,57,31
09/26/2013 12:00:00 PM,80,43,37
09/26/2013 01:00:00 PM,98,51,47
09/26/2013 02:00:00 PM,105,55,50
09/26/2013 03:00:00 PM,176,91,85
09/26/2013 04:00:00 PM,282,109,173
09/26/2013 05:00:00 PM,566,182,384
09/26/2013 06:00:00 PM,431,159,272
09/26/2013 07:00:00 PM,191,76,115
09/26/2013 08:00:00 PM,93,52,41
09/26/2013 09:00:00 PM,71,36,35
09/26/2013 10:00:00 PM,40,13,27
09/26/2013 11:00:00 PM,27,7,20
09/27/2013 12:00:00 AM,11,2,9
09/27/2013 01:00:00 AM,10,1,9
09/27/2013 02:00:00 AM,8,4,4
09/27/2013 03:00:00 AM,5,1,4
09/27/2013 04:00:00 AM,6,4,2
09/27/2013 05:00:00 AM,21,14,7
09/27/2013 06:00:00 AM,96,58,38
09/27/2013 07:00:00 AM,184,132,52
09/27/2013 08:00:00 AM,286,214,72
09/27/2013 09:00:00 AM,169,102,67
09/27/2013 10:00:00 AM,87,50,37
09/27/2013 11:00:00 AM,62,34,28
09/27/2013 12:00:00 PM,51,29,22
09/27/2013 01:00:00 PM,62,39,23
09/27/2013 02:00:00 PM,76,49,27
09/27/2013 03:00:00 PM,92,38,54
09/27/2013 04:00:00 PM,186,64,122
09/27/2013 05:00:00 PM,315,109,206
09/27/2013 06:00:00 PM,208,72,136
09/27/2013 07:00:00 PM,86,36,50
09/27/2013 08:00:00 PM,42,15,27
09/27/2013 09:00:00 PM,30,14,16
09/27/2013 10:00:00 PM,34,14,20
09/27/2013 11:00:00 PM,22,12,10
09/28/2013 12:00:00 AM,14,6,8
09/28/2013 01:00:00 AM,6,1,5
09/28/2013 02:00:00 AM,12,9,3
09/28/2013 03:00:00 AM,4,1,3
09/28/2013 04:00:00 AM,5,3,2
09/28/2013 05:00:00 AM,3,2,1
09/28/2013 06:00:00 AM,13,5,8
09/28/2013 07:00:00 AM,14,9,5
09/28/2013 08:00:00 AM,40,29,11
09/28/2013 09:00:00 AM,39,23,16
09/28/2013 10:00:00 AM,39,29,10
09/28/2013 11:00:00 AM,37,19,18
09/28/2013 12:00:00 PM,25,15,10
09/28/2013 01:00:00 PM,24,13,11
09/28/2013 02:00:00 PM,35,19,16
09/28/2013 03:00:00 PM,34,21,13
09/28/2013 04:00:00 PM,28,15,13
09/28/2013 05:00:00 PM,24,13,11
09/28/2013 06:00:00 PM,13,6,7
09/28/2013 07:00:00 PM,23,12,11
09/28/2013 08:00:00 PM,18,9,9
09/28/2013 09:00:00 PM,11,7,4
09/28/2013 10:00:00 PM,7,3,4
09/28/2013 11:00:00 PM,9,4,5
09/29/2013 12:00:00 AM,7,4,3
09/29/2013 01:00:00 AM,8,5,3
09/29/2013 02:00:00 AM,2,1,1
09/29/2013 03:00:00 AM,4,2,2
09/29/2013 04:00:00 AM,4,3,1
09/29/2013 05:00:00 AM,5,2,3
09/29/2013 06:00:00 AM,7,4,3
09/29/2013 07:00:00 AM,11,4,7
09/29/2013 08:00:00 AM,19,10,9
09/29/2013 09:00:00 AM,32,12,20
09/29/2013 10:00:00 AM,48,26,22
09/29/2013 11:00:00 AM,37,22,15
09/29/2013 12:00:00 PM,38,24,14
09/29/2013 01:00:00 PM,36,17,19
09/29/2013 02:00:00 PM,38,20,18
09/29/2013 03:00:00 PM,37,18,19
09/29/2013 04:00:00 PM,40,27,13
09/29/2013 05:00:00 PM,31,19,12
09/29/2013 06:00:00 PM,26,11,15
09/29/2013 07:00:00 PM,18,5,13
09/29/2013 08:00:00 PM,17,7,10
09/29/2013 09:00:00 PM,10,5,5
09/29/2013 10:00:00 PM,6,0,6
09/29/2013 11:00:00 PM,9,5,4
09/30/2013 12:00:00 AM,4,2,2
09/30/2013 01:00:00 AM,4,4,0
09/30/2013 02:00:00 AM,1,1,0
09/30/2013 03:00:00 AM,1,0,1
09/30/2013 04:00:00 AM,6,4,2
09/30/2013 05:00:00 AM,23,19,4
09/30/2013 06:00:00 AM,91,65,26
09/30/2013 07:00:00 AM,172,127,45
09/30/2013 08:00:00 AM,317,222,95
09/30/2013 09:00:00 AM,225,139,86
09/30/2013 10:00:00 AM,64,41,23
09/30/2013 11:00:00 AM,50,29,21
09/30/2013 12:00:00 PM,30,16,14
09/30/2013 01:00:00 PM,55,33,22
09/30/2013 02:00:00 PM,65,32,33
09/30/2013 03:00:00 PM,88,43,45
09/30/2013 04:00:00 PM,165,79,86
09/30/2013 05:00:00 PM,372,128,244
09/30/2013 06:00:00 PM,269,76,193
09/30/2013 07:00:00 PM,120,46,74
09/30/2013 08:00:00 PM,46,21,25
09/30/2013 09:00:00 PM,36,14,22
09/30/2013 10:00:00 PM,33,12,21
09/30/2013 11:00:00 PM,22,12,10
10/01/2013 12:00:00 AM,9,5,4
10/01/2013 01:00:00 AM,3,0,3
10/01/2013 02:00:00 AM,6,4,2
10/01/2013 03:00:00 AM,0,0,0
10/01/2013 04:00:00 AM,5,3,2
10/01/2013 05:00:00 AM,24,18,6
10/01/2013 06:00:00 AM,87,61,26
10/01/2013 07:00:00 AM,264,189,75
10/01/2013 08:00:00 AM,387,271,116
10/01/2013 09:00:00 AM,205,131,74
10/01/2013 10:00:00 AM,80,53,27
10/01/2013 11:00:00 AM,74,40,34
10/01/2013 12:00:00 PM,79,47,32
10/01/2013 01:00:00 PM,67,35,32
10/01/2013 02:00:00 PM,86,41,45
10/01/2013 03:00:00 PM,119,61,58
10/01/2013 04:00:00 PM,187,91,96
10/01/2013 05:00:00 PM,411,143,268
10/01/2013 06:00:00 PM,331,111,220
10/01/2013 07:00:00 PM,132,46,86
10/01/2013 08:00:00 PM,66,22,44
10/01/2013 09:00:00 PM,50,22,28
10/01/2013 10:00:00 PM,29,10,19
10/01/2013 11:00:00 PM,29,9,20
10/02/2013 12:00:00 AM,12,8,4
10/02/2013 01:00:00 AM,8,2,6
10/02/2013 02:00:00 AM,2,1,1
10/02/2013 03:00:00 AM,0,0,0
10/02/2013 04:00:00 AM,8,6,2
10/02/2013 05:00:00 AM,22,15,7
10/02/2013 06:00:00 AM,77,50,27
10/02/2013 07:00:00 AM,206,142,64
10/02/2013 08:00:00 AM,334,230,104
10/02/2013 09:00:00 AM,239,163,76
10/02/2013 10:00:00 AM,77,43,34
10/02/2013 11:00:00 AM,43,21,22
10/02/2013 12:00:00 PM,44,27,17
10/02/2013 01:00:00 PM,39,25,14
10/02/2013 02:00:00 PM,48,26,22
10/02/2013 03:00:00 PM,98,51,47
10/02/2013 04:00:00 PM,158,59,99
10/02/2013 05:00:00 PM,395,141,254
10/02/2013 06:00:00 PM,331,129,202
10/02/2013 07:00:00 PM,128,48,80
10/02/2013 08:00:00 PM,58,24,34
10/02/2013 09:00:00 PM,36,15,21
10/02/2013 10:00:00 PM,31,9,22
10/02/2013 11:00:00 PM,18,8,10
10/03/2013 12:00:00 AM,5,3,2
10/03/2013 01:00:00 AM,3,2,1
10/03/2013 02:00:00 AM,8,4,4
10/03/2013 03:00:00 AM,4,1,3
10/03/2013 04:00:00 AM,6,5,1
10/03/2013 05:00:00 AM,26,18,8
10/03/2013 06:00:00 AM,110,74,36
10/03/2013 07:00:00 AM,283,204,79
10/03/2013 08:00:00 AM,391,278,113
10/03/2013 09:00:00 AM,283,175,108
10/03/2013 10:00:00 AM,119,68,51
10/03/2013 11:00:00 AM,73,42,31
10/03/2013 12:00:00 PM,77,42,35
10/03/2013 01:00:00 PM,91,46,45
10/03/2013 02:00:00 PM,82,38,44
10/03/2013 03:00:00 PM,148,73,75
10/03/2013 04:00:00 PM,230,101,129
10/03/2013 05:00:00 PM,524,172,352
10/03/2013 06:00:00 PM,398,143,255
10/03/2013 07:00:00 PM,190,87,103
10/03/2013 08:00:00 PM,86,42,44
10/03/2013 09:00:00 PM,62,30,32
10/03/2013 10:00:00 PM,29,14,15
10/03/2013 11:00:00 PM,23,8,15
10/04/2013 12:00:00 AM,11,6,5
10/04/2013 01:00:00 AM,16,4,12
10/04/2013 02:00:00 AM,5,2,3
10/04/2013 03:00:00 AM,2,2,0
10/04/2013 04:00:00 AM,3,2,1
10/04/2013 05:00:00 AM,19,17,2
10/04/2013 06:00:00 AM,111,78,33
10/04/2013 07:00:00 AM,227,154,73
10/04/2013 08:00:00 AM,402,290,112
10/04/2013 09:00:00 AM,270,167,103
10/04/2013 10:00:00 AM,116,72,44
10/04/2013 11:00:00 AM,71,45,26
10/04/2013 12:00:00 PM,94,56,38
10/04/2013 01:00:00 PM,117,51,66
10/04/2013 02:00:00 PM,124,64,60
10/04/2013 03:00:00 PM,164,77,87
10/04/2013 04:00:00 PM,262,117,145
10/04/2013 05:00:00 PM,525,182,343
10/04/2013 06:00:00 PM,345,148,197
10/04/2013 07:00:00 PM,157,67,90
10/04/2013 08:00:00 PM,66,27,39
10/04/2013 09:00:00 PM,50,25,25
10/04/2013 10:00:00 PM,35,18,17
10/04/2013 11:00:00 PM,22,8,14
10/05/2013 12:00:00 AM,32,12,20
10/05/2013 01:00:00 AM,6,2,4
10/05/2013 02:00:00 AM,9,2,7
10/05/2013 03:00:00 AM,6,2,4
10/05/2013 04:00:00 AM,6,4,2
10/05/2013 05:00:00 AM,13,9,4
10/05/2013 06:00:00 AM,28,19,9
10/05/2013 07:00:00 AM,36,24,12
10/05/2013 08:00:00 AM,88,57,31
10/05/2013 09:00:00 AM,110,58,52
10/05/2013 10:00:00 AM,108,60,48
10/05/2013 11:00:00 AM,155,95,60
10/05/2013 12:00:00 PM,183,104,79
10/05/2013 01:00:00 PM,229,136,93
10/05/2013 02:00:00 PM,221,125,96
10/05/2013 03:00:00 PM,230,121,109
10/05/2013 04:00:00 PM,175,108,67
10/05/2013 05:00:00 PM,196,116,80
10/05/2013 06:00:00 PM,118,72,46
10/05/2013 07:00:00 PM,74,31,43
10/05/2013 08:00:00 PM,42,17,25
10/05/2013 09:00:00 PM,28,12,16
10/05/2013 10:00:00 PM,31,13,18
10/05/2013 11:00:00 PM,29,12,17
10/06/2013 12:00:00 AM,18,6,12
10/06/2013 01:00:00 AM,10,8,2
10/06/2013 02:00:00 AM,12,6,6
10/06/2013 03:00:00 AM,9,6,3
10/06/2013 04:00:00 AM,1,1,0
10/06/2013 05:00:00 AM,9,5,4
10/06/2013 06:00:00 AM,15,9,6
10/06/2013 07:00:00 AM,26,15,11
10/06/2013 08:00:00 AM,51,31,20
10/06/2013 09:00:00 AM,100,69,31
10/06/2013 10:00:00 AM,132,64,68
10/06/2013 11:00:00 AM,139,68,71
10/06/2013 12:00:00 PM,140,77,63
10/06/2013 01:00:00 PM,193,117,76
10/06/2013 02:00:00 PM,240,120,120
10/06/2013 03:00:00 PM,298,166,132
10/06/2013 04:00:00 PM,255,161,94
10/06/2013 05:00:00 PM,213,131,82
10/06/2013 06:00:00 PM,131,74,57
10/06/2013 07:00:00 PM,61,31,30
10/06/2013 08:00:00 PM,52,26,26
10/06/2013 09:00:00 PM,20,9,11
10/06/2013 10:00:00 PM,21,9,12
10/06/2013 11:00:00 PM,24,7,17
10/07/2013 12:00:00 AM,9,3,6
10/07/2013 01:00:00 AM,2,2,0
10/07/2013 02:00:00 AM,4,2,2
10/07/2013 03:00:00 AM,1,0,1
10/07/2013 04:00:00 AM,6,4,2
10/07/2013 05:00:00 AM,23,17,6
10/07/2013 06:00:00 AM,110,73,37
10/07/2013 07:00:00 AM,252,191,61
10/07/2013 08:00:00 AM,389,252,137
10/07/2013 09:00:00 AM,274,163,111
10/07/2013 10:00:00 AM,111,65,46
10/07/2013 11:00:00 AM,58,29,29
10/07/2013 12:00:00 PM,54,22,32
10/07/2013 01:00:00 PM,63,33,30
10/07/2013 02:00:00 PM,81,40,41
10/07/2013 03:00:00 PM,111,49,62
10/07/2013 04:00:00 PM,209,82,127
10/07/2013 05:00:00 PM,501,167,334
10/07/2013 06:00:00 PM,369,130,239
10/07/2013 07:00:00 PM,137,50,87
10/07/2013 08:00:00 PM,71,29,42
10/07/2013 09:00:00 PM,57,27,30
10/07/2013 10:00:00 PM,29,16,13
10/07/2013 11:00:00 PM,19,7,12
10/08/2013 12:00:00 AM,15,8,7
10/08/2013 01:00:00 AM,3,1,2
10/08/2013 02:00:00 AM,5,4,1
10/08/2013 03:00:00 AM,1,1,0
10/08/2013 04:00:00 AM,9,5,4
10/08/2013 05:00:00 AM,28,24,4
10/08/2013 06:00:00 AM,117,80,37
10/08/2013 07:00:00 AM,289,209,80
10/08/2013 08:00:00 AM,417,281,136
10/08/2013 09:00:00 AM,238,146,92
10/08/2013 10:00:00 AM,104,61,43
10/08/2013 11:00:00 AM,47,29,18
10/08/2013 12:00:00 PM,63,38,25
10/08/2013 01:00:00 PM,55,26,29
10/08/2013 02:00:00 PM,64,33,31
10/08/2013 03:00:00 PM,94,45,49
10/08/2013 04:00:00 PM,200,91,109
10/08/2013 05:00:00 PM,446,139,307
10/08/2013 06:00:00 PM,365,120,245
10/08/2013 07:00:00 PM,168,62,106
10/08/2013 08:00:00 PM,68,36,32
10/08/2013 09:00:00 PM,52,24,28
10/08/2013 10:00:00 PM,26,13,13
10/08/2013 11:00:00 PM,16,8,8
10/09/2013 12:00:00 AM,10,5,5
10/09/2013 01:00:00 AM,5,5,0
10/09/2013 02:00:00 AM,3,2,1
10/09/2013 03:00:00 AM,1,0,1
10/09/2013 04:00:00 AM,5,3,2
10/09/2013 05:00:00 AM,29,20,9
10/09/2013 06:00:00 AM,116,83,33
10/09/2013 07:00:00 AM,288,205,83
10/09/2013 08:00:00 AM,477,336,141
10/09/2013 09:00:00 AM,339,203,136
10/09/2013 10:00:00 AM,126,75,51
10/09/2013 11:00:00 AM,89,47,42
10/09/2013 12:00:00 PM,114,65,49
10/09/2013 01:00:00 PM,90,45,45
10/09/2013 02:00:00 PM,104,53,51
10/09/2013 03:00:00 PM,138,67,71
10/09/2013 04:00:00 PM,279,123,156
10/09/2013 05:00:00 PM,573,200,373
10/09/2013 06:00:00 PM,427,154,273
10/09/2013 07:00:00 PM,155,69,86
10/09/2013 08:00:00 PM,78,29,49
10/09/2013 09:00:00 PM,80,29,51
10/09/2013 10:00:00 PM,42,12,30
10/09/2013 11:00:00 PM,19,9,10
10/10/2013 12:00:00 AM,11,3,8
10/10/2013 01:00:00 AM,6,1,5
10/10/2013 02:00:00 AM,5,3,2
10/10/2013 03:00:00 AM,1,0,1
10/10/2013 04:00:00 AM,4,4,0
10/10/2013 05:00:00 AM,25,19,6
10/10/2013 06:00:00 AM,116,77,39
10/10/2013 07:00:00 AM,275,199,76
10/10/2013 08:00:00 AM,402,292,110
10/10/2013 09:00:00 AM,283,179,104
10/10/2013 10:00:00 AM,123,77,46
10/10/2013 11:00:00 AM,82,49,33
10/10/2013 12:00:00 PM,81,50,31
10/10/2013 01:00:00 PM,108,51,57
10/10/2013 02:00:00 PM,105,59,46
10/10/2013 03:00:00 PM,155,91,64
10/10/2013 04:00:00 PM,196,80,116
10/10/2013 05:00:00 PM,477,153,324
10/10/2013 06:00:00 PM,371,127,244
10/10/2013 07:00:00 PM,158,68,90
10/10/2013 08:00:00 PM,76,30,46
10/10/2013 09:00:00 PM,49,21,28
10/10/2013 10:00:00 PM,40,16,24
10/10/2013 11:00:00 PM,23,10,13
10/11/2013 12:00:00 AM,21,10,11
10/11/2013 01:00:00 AM,6,5,1
10/11/2013 02:00:00 AM,7,4,3
10/11/2013 03:00:00 AM,2,2,0
10/11/2013 04:00:00 AM,6,5,1
10/11/2013 05:00:00 AM,17,14,3
10/11/2013 06:00:00 AM,94,68,26
10/11/2013 07:00:00 AM,184,135,49
10/11/2013 08:00:00 AM,304,207,97
10/11/2013 09:00:00 AM,209,139,70
10/11/2013 10:00:00 AM,84,41,43
10/11/2013 11:00:00 AM,40,28,12
10/11/2013 12:00:00 PM,65,33,32
10/11/2013 01:00:00 PM,54,30,24
10/11/2013 02:00:00 PM,84,44,40
10/11/2013 03:00:00 PM,87,47,40
10/11/2013 04:00:00 PM,226,88,138
10/11/2013 05:00:00 PM,330,118,212
10/11/2013 06:00:00 PM,245,86,159
10/11/2013 07:00:00 PM,115,43,72
10/11/2013 08:00:00 PM,54,25,29
10/11/2013 09:00:00 PM,22,12,10
10/11/2013 10:00:00 PM,48,23,25
10/11/2013 11:00:00 PM,30,9,21
10/12/2013 12:00:00 AM,15,8,7
10/12/2013 01:00:00 AM,8,5,3
10/12/2013 02:00:00 AM,14,5,9
10/12/2013 03:00:00 AM,3,1,2
10/12/2013 04:00:00 AM,3,2,1
10/12/2013 05:00:00 AM,5,3,2
10/12/2013 06:00:00 AM,21,14,7
10/12/2013 07:00:00 AM,23,12,11
10/12/2013 08:00:00 AM,44,28,16
10/12/2013 09:00:00 AM,69,34,35
10/12/2013 10:00:00 AM,62,28,34
10/12/2013 11:00:00 AM,91,53,38
10/12/2013 12:00:00 PM,113,63,50
10/12/2013 01:00:00 PM,77,43,34
10/12/2013 02:00:00 PM,77,37,40
10/12/2013 03:00:00 PM,116,55,61
10/12/2013 04:00:00 PM,130,62,68
10/12/2013 05:00:00 PM,119,69,50
10/12/2013 06:00:00 PM,96,48,48
10/12/2013 07:00:00 PM,57,28,29
10/12/2013 08:00:00 PM,29,18,11
10/12/2013 09:00:00 PM,34,19,15
10/12/2013 10:00:00 PM,40,17,23
10/12/2013 11:00:00 PM,28,20,8
10/13/2013 12:00:00 AM,17,7,10
10/13/2013 01:00:00 AM,8,3,5
10/13/2013 02:00:00 AM,7,2,5
10/13/2013 03:00:00 AM,3,1,2
10/13/2013 04:00:00 AM,5,3,2
10/13/2013 05:00:00 AM,5,2,3
10/13/2013 06:00:00 AM,8,5,3
10/13/2013 07:00:00 AM,19,11,8
10/13/2013 08:00:00 AM,70,42,28
10/13/2013 09:00:00 AM,60,31,29
10/13/2013 10:00:00 AM,85,42,43
10/13/2013 11:00:00 AM,123,68,55
10/13/2013 12:00:00 PM,110,67,43
10/13/2013 01:00:00 PM,111,64,47
10/13/2013 02:00:00 PM,171,89,82
10/13/2013 03:00:00 PM,192,123,69
10/13/2013 04:00:00 PM,163,86,77
10/13/2013 05:00:00 PM,124,65,59
10/13/2013 06:00:00 PM,93,47,46
10/13/2013 07:00:00 PM,49,29,20
10/13/2013 08:00:00 PM,29,10,19
10/13/2013 09:00:00 PM,23,9,14
10/13/2013 10:00:00 PM,25,10,15
10/13/2013 11:00:00 PM,15,3,12
10/14/2013 12:00:00 AM,13,6,7
10/14/2013 01:00:00 AM,2,1,1
10/14/2013 02:00:00 AM,7,7,0
10/14/2013 03:00:00 AM,2,2,0
10/14/2013 04:00:00 AM,6,4,2
10/14/2013 05:00:00 AM,29,22,7
10/14/2013 06:00:00 AM,109,82,27
10/14/2013 07:00:00 AM,269,189,80
10/14/2013 08:00:00 AM,429,304,125
10/14/2013 09:00:00 AM,318,210,108
10/14/2013 10:00:00 AM,105,60,45
10/14/2013 11:00:00 AM,71,41,30
10/14/2013 12:00:00 PM,92,49,43
10/14/2013 01:00:00 PM,99,40,59
10/14/2013 02:00:00 PM,132,70,62
10/14/2013 03:00:00 PM,152,84,68
10/14/2013 04:00:00 PM,241,111,130
10/14/2013 05:00:00 PM,562,208,354
10/14/2013 06:00:00 PM,400,150,250
10/14/2013 07:00:00 PM,159,57,102
10/14/2013 08:00:00 PM,91,43,48
10/14/2013 09:00:00 PM,51,25,26
10/14/2013 10:00:00 PM,44,13,31
10/14/2013 11:00:00 PM,22,9,13
10/15/2013 12:00:00 AM,15,6,9
10/15/2013 01:00:00 AM,5,2,3
10/15/2013 02:00:00 AM,8,5,3
10/15/2013 03:00:00 AM,4,1,3
10/15/2013 04:00:00 AM,8,4,4
10/15/2013 05:00:00 AM,31,24,7
10/15/2013 06:00:00 AM,122,78,44
10/15/2013 07:00:00 AM,306,224,82
10/15/2013 08:00:00 AM,447,301,146
10/15/2013 09:00:00 AM,287,185,102
10/15/2013 10:00:00 AM,121,70,51
10/15/2013 11:00:00 AM,86,50,36
10/15/2013 12:00:00 PM,90,49,41
10/15/2013 01:00:00 PM,93,43,50
10/15/2013 02:00:00 PM,122,66,56
10/15/2013 03:00:00 PM,142,64,78
10/15/2013 04:00:00 PM,225,100,125
10/15/2013 05:00:00 PM,531,182,349
10/15/2013 06:00:00 PM,430,162,268
10/15/2013 07:00:00 PM,184,70,114
10/15/2013 08:00:00 PM,86,36,50
10/15/2013 09:00:00 PM,68,28,40
10/15/2013 10:00:00 PM,32,16,16
10/15/2013 11:00:00 PM,21,11,10
10/16/2013 12:00:00 AM,6,3,3
10/16/2013 01:00:00 AM,7,6,1
10/16/2013 02:00:00 AM,6,3,3
10/16/2013 03:00:00 AM,2,1,1
10/16/2013 04:00:00 AM,12,7,5
10/16/2013 05:00:00 AM,22,16,6
10/16/2013 06:00:00 AM,113,83,30
10/16/2013 07:00:00 AM,301,224,77
10/16/2013 08:00:00 AM,434,297,137
10/16/2013 09:00:00 AM,283,191,92
10/16/2013 10:00:00 AM,124,79,45
10/16/2013 11:00:00 AM,92,59,33
10/16/2013 12:00:00 PM,81,50,31
10/16/2013 01:00:00 PM,78,36,42
10/16/2013 02:00:00 PM,98,48,50
10/16/2013 03:00:00 PM,136,64,72
10/16/2013 04:00:00 PM,232,96,136
10/16/2013 05:00:00 PM,520,180,340
10/16/2013 06:00:00 PM,440,176,264
10/16/2013 07:00:00 PM,170,60,110
10/16/2013 08:00:00 PM,77,22,55
10/16/2013 09:00:00 PM,47,17,30
10/16/2013 10:00:00 PM,38,19,19
10/16/2013 11:00:00 PM,21,6,15
10/17/2013 12:00:00 AM,18,5,13
10/17/2013 01:00:00 AM,2,0,2
10/17/2013 02:00:00 AM,4,2,2
10/17/2013 03:00:00 AM,2,2,0
10/17/2013 04:00:00 AM,4,4,0
10/17/2013 05:00:00 AM,20,17,3
10/17/2013 06:00:00 AM,121,88,33
10/17/2013 07:00:00 AM,272,202,70
10/17/2013 08:00:00 AM,415,297,118
10/17/2013 09:00:00 AM,280,184,96
10/17/2013 10:00:00 AM,123,69,54
10/17/2013 11:00:00 AM,70,44,26
10/17/2013 12:00:00 PM,91,50,41
10/17/2013 01:00:00 PM,80,45,35
10/17/2013 02:00:00 PM,69,38,31
10/17/2013 03:00:00 PM,136,62,74
10/17/2013 04:00:00 PM,253,100,153
10/17/2013 05:00:00 PM,529,185,344
10/17/2013 06:00:00 PM,360,122,238
10/17/2013 07:00:00 PM,145,63,82
10/17/2013 08:00:00 PM,118,80,38
10/17/2013 09:00:00 PM,63,30,33
10/17/2013 10:00:00 PM,48,20,28
10/17/2013 11:00:00 PM,28,13,15
10/18/2013 12:00:00 AM,22,6,16
10/18/2013 01:00:00 AM,10,4,6
10/18/2013 02:00:00 AM,6,4,2
10/18/2013 03:00:00 AM,2,2,0
10/18/2013 04:00:00 AM,6,5,1
10/18/2013 05:00:00 AM,26,19,7
10/18/2013 06:00:00 AM,101,68,33
10/18/2013 07:00:00 AM,228,170,58
10/18/2013 08:00:00 AM,361,259,102
10/18/2013 09:00:00 AM,264,174,90
10/18/2013 10:00:00 AM,126,65,61
10/18/2013 11:00:00 AM,64,41,23
10/18/2013 12:00:00 PM,81,42,39
10/18/2013 01:00:00 PM,86,49,37
10/18/2013 02:00:00 PM,103,56,47
10/18/2013 03:00:00 PM,127,64,63
10/18/2013 04:00:00 PM,283,109,174
10/18/2013 05:00:00 PM,462,164,298
10/18/2013 06:00:00 PM,331,110,221
10/18/2013 07:00:00 PM,121,58,63
10/18/2013 08:00:00 PM,61,27,34
10/18/2013 09:00:00 PM,26,12,14
10/18/2013 10:00:00 PM,20,14,6
10/18/2013 11:00:00 PM,33,16,17
10/19/2013 12:00:00 AM,19,8,11
10/19/2013 01:00:00 AM,9,6,3
10/19/2013 02:00:00 AM,6,4,2
10/19/2013 03:00:00 AM,3,3,0
10/19/2013 04:00:00 AM,5,2,3
10/19/2013 05:00:00 AM,7,6,1
10/19/2013 06:00:00 AM,23,11,12
10/19/2013 07:00:00 AM,26,18,8
10/19/2013 08:00:00 AM,51,36,15
10/19/2013 09:00:00 AM,83,52,31
10/19/2013 10:00:00 AM,89,47,42
10/19/2013 11:00:00 AM,70,43,27
10/19/2013 12:00:00 PM,71,39,32
10/19/2013 01:00:00 PM,85,47,38
10/19/2013 02:00:00 PM,88,33,55
10/19/2013 03:00:00 PM,116,65,51
10/19/2013 04:00:00 PM,85,49,36
10/19/2013 05:00:00 PM,89,53,36
10/19/2013 06:00:00 PM,65,29,36
10/19/2013 07:00:00 PM,46,25,21
10/19/2013 08:00:00 PM,34,20,14
10/19/2013 09:00:00 PM,18,12,6
10/19/2013 10:00:00 PM,25,11,14
10/19/2013 11:00:00 PM,21,5,16
10/20/2013 12:00:00 AM,21,9,12
10/20/2013 01:00:00 AM,13,5,8
10/20/2013 02:00:00 AM,13,6,7
10/20/2013 03:00:00 AM,10,1,9
10/20/2013 04:00:00 AM,6,2,4
10/20/2013 05:00:00 AM,8,4,4
10/20/2013 06:00:00 AM,11,7,4
10/20/2013 07:00:00 AM,24,11,13
10/20/2013 08:00:00 AM,39,14,25
10/20/2013 09:00:00 AM,41,20,21
10/20/2013 10:00:00 AM,79,46,33
10/20/2013 11:00:00 AM,63,38,25
10/20/2013 12:00:00 PM,86,53,33
10/20/2013 01:00:00 PM,84,48,36
10/20/2013 02:00:00 PM,126,64,62
10/20/2013 03:00:00 PM,133,71,62
10/20/2013 04:00:00 PM,87,46,41
10/20/2013 05:00:00 PM,102,48,54
10/20/2013 06:00:00 PM,39,22,17
10/20/2013 07:00:00 PM,33,16,17
10/20/2013 08:00:00 PM,28,11,17
10/20/2013 09:00:00 PM,21,13,8
10/20/2013 10:00:00 PM,25,11,14
10/20/2013 11:00:00 PM,20,10,10
10/21/2013 12:00:00 AM,15,7,8
10/21/2013 01:00:00 AM,5,3,2
10/21/2013 02:00:00 AM,6,6,0
10/21/2013 03:00:00 AM,1,1,0
10/21/2013 04:00:00 AM,6,4,2
10/21/2013 05:00:00 AM,22,17,5
10/21/2013 06:00:00 AM,110,79,31
10/21/2013 07:00:00 AM,275,208,67
10/21/2013 08:00:00 AM,403,282,121
10/21/2013 09:00:00 AM,265,163,102
10/21/2013 10:00:00 AM,110,63,47
10/21/2013 11:00:00 AM,70,48,22
10/21/2013 12:00:00 PM,76,40,36
10/21/2013 01:00:00 PM,65,35,30
10/21/2013 02:00:00 PM,75,36,39
10/21/2013 03:00:00 PM,135,56,79
10/21/2013 04:00:00 PM,207,87,120
10/21/2013 05:00:00 PM,474,151,323
10/21/2013 06:00:00 PM,374,121,253
10/21/2013 07:00:00 PM,137,54,83
10/21/2013 08:00:00 PM,76,32,44
10/21/2013 09:00:00 PM,49,23,26
10/21/2013 10:00:00 PM,26,8,18
10/21/2013 11:00:00 PM,24,8,16
10/22/2013 12:00:00 AM,7,5,2
10/22/2013 01:00:00 AM,10,3,7
10/22/2013 02:00:00 AM,4,4,0
10/22/2013 03:00:00 AM,4,3,1
10/22/2013 04:00:00 AM,3,1,2
10/22/2013 05:00:00 AM,22,19,3
10/22/2013 06:00:00 AM,104,76,28
10/22/2013 07:00:00 AM,300,227,73
10/22/2013 08:00:00 AM,436,307,129
10/22/2013 09:00:00 AM,270,154,116
10/22/2013 10:00:00 AM,81,1,80
10/22/2013 11:00:00 AM,73,0,73
10/22/2013 12:00:00 PM,75,2,73
10/22/2013 01:00:00 PM,67,3,64
10/22/2013 02:00:00 PM,90,37,53
10/22/2013 03:00:00 PM,136,69,67
10/22/2013 04:00:00 PM,213,83,130
10/22/2013 05:00:00 PM,530,164,366
10/22/2013 06:00:00 PM,376,130,246
10/22/2013 07:00:00 PM,147,65,82
10/22/2013 08:00:00 PM,96,37,59
10/22/2013 09:00:00 PM,57,24,33
10/22/2013 10:00:00 PM,34,18,16
10/22/2013 11:00:00 PM,27,10,17
10/23/2013 12:00:00 AM,9,5,4
10/23/2013 01:00:00 AM,4,3,1
10/23/2013 02:00:00 AM,2,1,1
10/23/2013 03:00:00 AM,1,0,1
10/23/2013 04:00:00 AM,3,2,1
10/23/2013 05:00:00 AM,23,15,8
10/23/2013 06:00:00 AM,98,77,21
10/23/2013 07:00:00 AM,248,185,63
10/23/2013 08:00:00 AM,422,287,135
10/23/2013 09:00:00 AM,289,177,112
10/23/2013 10:00:00 AM,103,56,47
10/23/2013 11:00:00 AM,58,5,53
10/23/2013 12:00:00 PM,60,0,60
10/23/2013 01:00:00 PM,61,2,59
10/23/2013 02:00:00 PM,79,29,50
10/23/2013 03:00:00 PM,123,57,66
10/23/2013 04:00:00 PM,239,109,130
10/23/2013 05:00:00 PM,512,175,337
10/23/2013 06:00:00 PM,391,147,244
10/23/2013 07:00:00 PM,142,48,94
10/23/2013 08:00:00 PM,71,26,45
10/23/2013 09:00:00 PM,64,23,41
10/23/2013 10:00:00 PM,52,25,27
10/23/2013 11:00:00 PM,30,8,22
10/24/2013 12:00:00 AM,11,8,3
10/24/2013 01:00:00 AM,3,1,2
10/24/2013 02:00:00 AM,2,0,2
10/24/2013 03:00:00 AM,4,2,2
10/24/2013 04:00:00 AM,4,3,1
10/24/2013 05:00:00 AM,22,18,4
10/24/2013 06:00:00 AM,102,77,25
10/24/2013 07:00:00 AM,257,183,74
10/24/2013 08:00:00 AM,407,277,130
10/24/2013 09:00:00 AM,262,204,58
10/24/2013 10:00:00 AM,80,79,1
10/24/2013 11:00:00 AM,69,68,1
10/24/2013 12:00:00 PM,81,66,15
10/24/2013 01:00:00 PM,81,39,42
10/24/2013 02:00:00 PM,65,33,32
10/24/2013 03:00:00 PM,120,57,63
10/24/2013 04:00:00 PM,217,104,113
10/24/2013 05:00:00 PM,479,151,328
10/24/2013 06:00:00 PM,359,127,232
10/24/2013 07:00:00 PM,134,48,86
10/24/2013 08:00:00 PM,88,30,58
10/24/2013 09:00:00 PM,63,23,40
10/24/2013 10:00:00 PM,79,12,67
10/24/2013 11:00:00 PM,26,14,12
10/25/2013 12:00:00 AM,16,5,11
10/25/2013 01:00:00 AM,8,3,5
10/25/2013 02:00:00 AM,5,3,2
10/25/2013 03:00:00 AM,1,1,0
10/25/2013 04:00:00 AM,2,1,1
10/25/2013 05:00:00 AM,20,13,7
10/25/2013 06:00:00 AM,81,62,19
10/25/2013 07:00:00 AM,228,155,73
10/25/2013 08:00:00 AM,309,209,100
10/25/2013 09:00:00 AM,223,151,72
10/25/2013 10:00:00 AM,87,51,36
10/25/2013 11:00:00 AM,60,41,19
10/25/2013 12:00:00 PM,68,37,31
10/25/2013 01:00:00 PM,64,38,26
10/25/2013 02:00:00 PM,56,34,22
10/25/2013 03:00:00 PM,123,66,57
10/25/2013 04:00:00 PM,178,61,117
10/25/2013 05:00:00 PM,391,130,261
10/25/2013 06:00:00 PM,249,78,171
10/25/2013 07:00:00 PM,123,48,75
10/25/2013 08:00:00 PM,57,25,32
10/25/2013 09:00:00 PM,36,22,14
10/25/2013 10:00:00 PM,24,8,16
10/25/2013 11:00:00 PM,26,10,16
10/26/2013 12:00:00 AM,15,8,7
10/26/2013 01:00:00 AM,12,5,7
10/26/2013 02:00:00 AM,13,10,3
10/26/2013 03:00:00 AM,2,0,2
10/26/2013 04:00:00 AM,8,4,4
10/26/2013 05:00:00 AM,5,5,0
10/26/2013 06:00:00 AM,18,11,7
10/26/2013 07:00:00 AM,17,11,6
10/26/2013 08:00:00 AM,58,30,28
10/26/2013 09:00:00 AM,58,33,25
10/26/2013 10:00:00 AM,96,59,37
10/26/2013 11:00:00 AM,93,49,44
10/26/2013 12:00:00 PM,103,56,47
10/26/2013 01:00:00 PM,139,80,59
10/26/2013 02:00:00 PM,111,61,50
10/26/2013 03:00:00 PM,109,54,55
10/26/2013 04:00:00 PM,81,30,51
10/26/2013 05:00:00 PM,97,51,46
10/26/2013 06:00:00 PM,164,91,73
10/26/2013 07:00:00 PM,42,18,24
10/26/2013 08:00:00 PM,40,26,14
10/26/2013 09:00:00 PM,37,17,20
10/26/2013 10:00:00 PM,19,6,13
10/26/2013 11:00:00 PM,30,12,18
10/27/2013 12:00:00 AM,19,7,12
10/27/2013 01:00:00 AM,16,8,8
10/27/2013 02:00:00 AM,6,3,3
10/27/2013 03:00:00 AM,7,4,3
10/27/2013 04:00:00 AM,5,4,1
10/27/2013 05:00:00 AM,7,6,1
10/27/2013 06:00:00 AM,9,6,3
10/27/2013 07:00:00 AM,11,8,3
10/27/2013 08:00:00 AM,14,11,3
10/27/2013 09:00:00 AM,45,25,20
10/27/2013 10:00:00 AM,39,22,17
10/27/2013 11:00:00 AM,25,13,12
10/27/2013 12:00:00 PM,34,19,15
10/27/2013 01:00:00 PM,61,27,34
10/27/2013 02:00:00 PM,53,26,27
10/27/2013 03:00:00 PM,92,48,44
10/27/2013 04:00:00 PM,83,53,30
10/27/2013 05:00:00 PM,101,59,42
10/27/2013 06:00:00 PM,40,22,18
10/27/2013 07:00:00 PM,33,16,17
10/27/2013 08:00:00 PM,26,8,18
10/27/2013 09:00:00 PM,24,10,14
10/27/2013 10:00:00 PM,13,5,8
10/27/2013 11:00:00 PM,15,6,9
10/28/2013 12:00:00 AM,4,3,1
10/28/2013 01:00:00 AM,3,2,1
10/28/2013 02:00:00 AM,1,1,0
10/28/2013 03:00:00 AM,2,1,1
10/28/2013 04:00:00 AM,4,1,3
10/28/2013 05:00:00 AM,25,19,6
10/28/2013 06:00:00 AM,109,78,31
10/28/2013 07:00:00 AM,285,200,85
10/28/2013 08:00:00 AM,423,310,113
10/28/2013 09:00:00 AM,302,178,124
10/28/2013 10:00:00 AM,122,90,32
10/28/2013 11:00:00 AM,63,37,26
10/28/2013 12:00:00 PM,81,50,31
10/28/2013 01:00:00 PM,86,43,43
10/28/2013 02:00:00 PM,96,51,45
10/28/2013 03:00:00 PM,160,68,92
10/28/2013 04:00:00 PM,268,109,159
10/28/2013 05:00:00 PM,587,180,407
10/28/2013 06:00:00 PM,378,125,253
10/28/2013 07:00:00 PM,137,52,85
10/28/2013 08:00:00 PM,72,30,42
10/28/2013 09:00:00 PM,67,33,34
10/28/2013 10:00:00 PM,23,8,15
10/28/2013 11:00:00 PM,30,10,20
10/29/2013 12:00:00 AM,12,8,4
10/29/2013 01:00:00 AM,9,5,4
10/29/2013 02:00:00 AM,5,4,1
10/29/2013 03:00:00 AM,1,1,0
10/29/2013 04:00:00 AM,5,3,2
10/29/2013 05:00:00 AM,26,20,6
10/29/2013 06:00:00 AM,110,73,37
10/29/2013 07:00:00 AM,284,212,72
10/29/2013 08:00:00 AM,444,314,130
10/29/2013 09:00:00 AM,268,246,22
10/29/2013 10:00:00 AM,133,103,30
10/29/2013 11:00:00 AM,85,80,5
10/29/2013 12:00:00 PM,93,75,18
10/29/2013 01:00:00 PM,116,98,18
10/29/2013 02:00:00 PM,123,71,52
10/29/2013 03:00:00 PM,134,64,70
10/29/2013 04:00:00 PM,262,103,159
10/29/2013 05:00:00 PM,517,150,367
10/29/2013 06:00:00 PM,344,120,224
10/29/2013 07:00:00 PM,152,67,85
10/29/2013 08:00:00 PM,95,31,64
10/29/2013 09:00:00 PM,64,24,40
10/29/2013 10:00:00 PM,28,13,15
10/29/2013 11:00:00 PM,42,21,21
10/30/2013 12:00:00 AM,4,2,2
10/30/2013 01:00:00 AM,9,4,5
10/30/2013 02:00:00 AM,4,1,3
10/30/2013 03:00:00 AM,2,0,2
10/30/2013 04:00:00 AM,5,2,3
10/30/2013 05:00:00 AM,28,23,5
10/30/2013 06:00:00 AM,103,71,32
10/30/2013 07:00:00 AM,252,192,60
10/30/2013 08:00:00 AM,407,279,128
10/30/2013 09:00:00 AM,261,166,95
10/30/2013 10:00:00 AM,107,60,47
10/30/2013 11:00:00 AM,73,38,35
10/30/2013 12:00:00 PM,72,44,28
10/30/2013 01:00:00 PM,79,35,44
10/30/2013 02:00:00 PM,56,35,21
10/30/2013 03:00:00 PM,122,56,66
10/30/2013 04:00:00 PM,205,73,132
10/30/2013 05:00:00 PM,454,142,312
10/30/2013 06:00:00 PM,354,140,214
10/30/2013 07:00:00 PM,157,60,97
10/30/2013 08:00:00 PM,83,39,44
10/30/2013 09:00:00 PM,54,16,38
10/30/2013 10:00:00 PM,44,15,29
10/30/2013 11:00:00 PM,19,7,12
10/31/2013 12:00:00 AM,13,8,5
10/31/2013 01:00:00 AM,9,2,7
10/31/2013 02:00:00 AM,3,2,1
10/31/2013 03:00:00 AM,2,2,0
10/31/2013 04:00:00 AM,8,5,3
10/31/2013 05:00:00 AM,21,15,6
10/31/2013 06:00:00 AM,96,65,31
10/31/2013 07:00:00 AM,218,164,54
10/31/2013 08:00:00 AM,325,222,103
10/31/2013 09:00:00 AM,242,157,85
10/31/2013 10:00:00 AM,97,55,42
10/31/2013 11:00:00 AM,71,39,32
10/31/2013 12:00:00 PM,64,32,32
10/31/2013 01:00:00 PM,70,36,34
10/31/2013 02:00:00 PM,80,39,41
10/31/2013 03:00:00 PM,115,59,56
10/31/2013 04:00:00 PM,222,79,143
10/31/2013 05:00:00 PM,398,116,282
10/31/2013 06:00:00 PM,246,88,158
10/31/2013 07:00:00 PM,118,48,70
10/31/2013 08:00:00 PM,57,27,30
10/31/2013 09:00:00 PM,36,14,22
10/31/2013 10:00:00 PM,37,20,17
10/31/2013 11:00:00 PM,25,13,12
11/01/2013 12:00:00 AM,26,17,9
11/01/2013 01:00:00 AM,28,21,7
11/01/2013 02:00:00 AM,9,5,4
11/01/2013 03:00:00 AM,4,0,4
11/01/2013 04:00:00 AM,11,7,4
11/01/2013 05:00:00 AM,21,16,5
11/01/2013 06:00:00 AM,99,72,27
11/01/2013 07:00:00 AM,211,158,53
11/01/2013 08:00:00 AM,342,242,100
11/01/2013 09:00:00 AM,247,169,78
11/01/2013 10:00:00 AM,110,62,48
11/01/2013 11:00:00 AM,62,35,27
11/01/2013 12:00:00 PM,90,44,46
11/01/2013 01:00:00 PM,112,58,54
11/01/2013 02:00:00 PM,111,45,66
11/01/2013 03:00:00 PM,110,61,49
11/01/2013 04:00:00 PM,235,88,147
11/01/2013 05:00:00 PM,453,146,307
11/01/2013 06:00:00 PM,271,87,184
11/01/2013 07:00:00 PM,113,48,65
11/01/2013 08:00:00 PM,50,23,27
11/01/2013 09:00:00 PM,31,13,18
11/01/2013 10:00:00 PM,45,27,18
11/01/2013 11:00:00 PM,21,13,8
11/02/2013 12:00:00 AM,17,5,12
11/02/2013 01:00:00 AM,9,5,4
11/02/2013 02:00:00 AM,8,5,3
11/02/2013 03:00:00 AM,3,3,0
11/02/2013 04:00:00 AM,8,4,4
11/02/2013 05:00:00 AM,9,6,3
11/02/2013 06:00:00 AM,11,4,7
11/02/2013 07:00:00 AM,14,8,6
11/02/2013 08:00:00 AM,28,11,17
11/02/2013 09:00:00 AM,35,18,17
11/02/2013 10:00:00 AM,33,21,12
11/02/2013 11:00:00 AM,29,20,9
11/02/2013 12:00:00 PM,53,35,18
11/02/2013 01:00:00 PM,42,22,20
11/02/2013 02:00:00 PM,38,12,26
11/02/2013 03:00:00 PM,41,24,17
11/02/2013 04:00:00 PM,63,34,29
11/02/2013 05:00:00 PM,55,31,24
11/02/2013 06:00:00 PM,48,28,20
11/02/2013 07:00:00 PM,29,13,16
11/02/2013 08:00:00 PM,25,9,16
11/02/2013 09:00:00 PM,18,10,8
11/02/2013 10:00:00 PM,34,10,24
11/02/2013 11:00:00 PM,20,6,14
11/03/2013 12:00:00 AM,15,4,11
11/03/2013 01:00:00 AM,3,1,2
11/03/2013 02:00:00 AM,1,1,0
11/03/2013 03:00:00 AM,2,1,1
11/03/2013 04:00:00 AM,1,0,1
11/03/2013 05:00:00 AM,5,2,3
11/03/2013 06:00:00 AM,10,5,5
11/03/2013 07:00:00 AM,28,20,8
11/03/2013 08:00:00 AM,50,27,23
11/03/2013 09:00:00 AM,86,48,38
11/03/2013 10:00:00 AM,97,62,35
11/03/2013 11:00:00 AM,125,50,75
11/03/2013 12:00:00 PM,132,72,60
11/03/2013 01:00:00 PM,137,77,60
11/03/2013 02:00:00 PM,168,115,53
11/03/2013 03:00:00 PM,113,58,55
11/03/2013 04:00:00 PM,113,68,45
11/03/2013 05:00:00 PM,95,41,54
11/03/2013 06:00:00 PM,42,19,23
11/03/2013 07:00:00 PM,26,9,17
11/03/2013 08:00:00 PM,22,11,11
11/03/2013 09:00:00 PM,20,11,9
11/03/2013 10:00:00 PM,17,3,14
11/03/2013 11:00:00 PM,13,3,10
11/04/2013 12:00:00 AM,10,3,7
11/04/2013 01:00:00 AM,4,4,0
11/04/2013 02:00:00 AM,2,2,0
11/04/2013 03:00:00 AM,3,2,1
11/04/2013 04:00:00 AM,6,4,2
11/04/2013 05:00:00 AM,23,18,5
11/04/2013 06:00:00 AM,115,77,38
11/04/2013 07:00:00 AM,317,236,81
11/04/2013 08:00:00 AM,424,286,138
11/04/2013 09:00:00 AM,233,142,91
11/04/2013 10:00:00 AM,96,62,34
11/04/2013 11:00:00 AM,84,48,36
11/04/2013 12:00:00 PM,84,45,39
11/04/2013 01:00:00 PM,77,48,29
11/04/2013 02:00:00 PM,97,52,45
11/04/2013 03:00:00 PM,123,52,71
11/04/2013 04:00:00 PM,237,91,146
11/04/2013 05:00:00 PM,499,137,362
11/04/2013 06:00:00 PM,313,107,206
11/04/2013 07:00:00 PM,136,56,80
11/04/2013 08:00:00 PM,62,23,39
11/04/2013 09:00:00 PM,65,33,32
11/04/2013 10:00:00 PM,29,11,18
11/04/2013 11:00:00 PM,19,5,14
11/05/2013 12:00:00 AM,8,6,2
11/05/2013 01:00:00 AM,3,1,2
11/05/2013 02:00:00 AM,4,4,0
11/05/2013 03:00:00 AM,1,1,0
11/05/2013 04:00:00 AM,4,2,2
11/05/2013 05:00:00 AM,22,17,5
11/05/2013 06:00:00 AM,97,66,31
11/05/2013 07:00:00 AM,283,205,78
11/05/2013 08:00:00 AM,376,250,126
11/05/2013 09:00:00 AM,229,141,88
11/05/2013 10:00:00 AM,111,66,45
11/05/2013 11:00:00 AM,67,41,26
11/05/2013 12:00:00 PM,69,43,26
11/05/2013 01:00:00 PM,59,34,25
11/05/2013 02:00:00 PM,89,47,42
11/05/2013 03:00:00 PM,115,54,61
11/05/2013 04:00:00 PM,208,76,132
11/05/2013 05:00:00 PM,419,116,303
11/05/2013 06:00:00 PM,317,107,210
11/05/2013 07:00:00 PM,151,55,96
11/05/2013 08:00:00 PM,71,32,39
11/05/2013 09:00:00 PM,44,27,17
11/05/2013 10:00:00 PM,23,11,12
11/05/2013 11:00:00 PM,19,10,9
11/06/2013 12:00:00 AM,14,4,10
11/06/2013 01:00:00 AM,2,1,1
11/06/2013 02:00:00 AM,4,3,1
11/06/2013 03:00:00 AM,2,1,1
11/06/2013 04:00:00 AM,8,3,5
11/06/2013 05:00:00 AM,24,18,6
11/06/2013 06:00:00 AM,97,70,27
11/06/2013 07:00:00 AM,266,204,62
11/06/2013 08:00:00 AM,409,278,131
11/06/2013 09:00:00 AM,267,166,101
11/06/2013 10:00:00 AM,110,59,51
11/06/2013 11:00:00 AM,53,26,27
11/06/2013 12:00:00 PM,91,54,37
11/06/2013 01:00:00 PM,87,49,38
11/06/2013 02:00:00 PM,88,44,44
11/06/2013 03:00:00 PM,105,49,56
11/06/2013 04:00:00 PM,193,82,111
11/06/2013 05:00:00 PM,464,142,322
11/06/2013 06:00:00 PM,335,108,227
11/06/2013 07:00:00 PM,115,46,69
11/06/2013 08:00:00 PM,66,22,44
11/06/2013 09:00:00 PM,53,20,33
11/06/2013 10:00:00 PM,40,17,23
11/06/2013 11:00:00 PM,25,7,18
11/07/2013 12:00:00 AM,5,4,1
11/07/2013 01:00:00 AM,6,1,5
11/07/2013 02:00:00 AM,0,0,0
11/07/2013 03:00:00 AM,3,3,0
11/07/2013 04:00:00 AM,5,1,4
11/07/2013 05:00:00 AM,18,13,5
11/07/2013 06:00:00 AM,55,39,16
11/07/2013 07:00:00 AM,160,112,48
11/07/2013 08:00:00 AM,251,155,96
11/07/2013 09:00:00 AM,154,104,50
11/07/2013 10:00:00 AM,46,24,22
11/07/2013 11:00:00 AM,47,24,23
11/07/2013 12:00:00 PM,52,30,22
11/07/2013 01:00:00 PM,35,21,14
11/07/2013 02:00:00 PM,47,24,23
11/07/2013 03:00:00 PM,57,28,29
11/07/2013 04:00:00 PM,119,51,68
11/07/2013 05:00:00 PM,244,81,163
11/07/2013 06:00:00 PM,185,50,135
11/07/2013 07:00:00 PM,98,36,62
11/07/2013 08:00:00 PM,51,17,34
11/07/2013 09:00:00 PM,23,12,11
11/07/2013 10:00:00 PM,29,18,11
11/07/2013 11:00:00 PM,19,5,14
11/08/2013 12:00:00 AM,10,7,3
11/08/2013 01:00:00 AM,3,1,2
11/08/2013 02:00:00 AM,4,0,4
11/08/2013 03:00:00 AM,1,0,1
11/08/2013 04:00:00 AM,8,3,5
11/08/2013 05:00:00 AM,13,10,3
11/08/2013 06:00:00 AM,90,54,36
11/08/2013 07:00:00 AM,204,148,56
11/08/2013 08:00:00 AM,340,242,98
11/08/2013 09:00:00 AM,249,160,89
11/08/2013 10:00:00 AM,112,65,47
11/08/2013 11:00:00 AM,69,43,26
11/08/2013 12:00:00 PM,80,48,32
11/08/2013 01:00:00 PM,101,55,46
11/08/2013 02:00:00 PM,111,69,42
11/08/2013 03:00:00 PM,117,62,55
11/08/2013 04:00:00 PM,238,94,144
11/08/2013 05:00:00 PM,414,113,301
11/08/2013 06:00:00 PM,223,82,141
11/08/2013 07:00:00 PM,105,38,67
11/08/2013 08:00:00 PM,55,18,37
11/08/2013 09:00:00 PM,29,15,14
11/08/2013 10:00:00 PM,31,20,11
11/08/2013 11:00:00 PM,25,14,11
11/09/2013 12:00:00 AM,12,6,6
11/09/2013 01:00:00 AM,9,7,2
11/09/2013 02:00:00 AM,14,8,6
11/09/2013 03:00:00 AM,3,2,1
11/09/2013 04:00:00 AM,0,0,0
11/09/2013 05:00:00 AM,7,5,2
11/09/2013 06:00:00 AM,15,8,7
11/09/2013 07:00:00 AM,19,11,8
11/09/2013 08:00:00 AM,54,28,26
11/09/2013 09:00:00 AM,82,43,39
11/09/2013 10:00:00 AM,105,64,41
11/09/2013 11:00:00 AM,117,63,54
11/09/2013 12:00:00 PM,106,73,33
11/09/2013 01:00:00 PM,137,72,65
11/09/2013 02:00:00 PM,104,57,47
11/09/2013 03:00:00 PM,105,57,48
11/09/2013 04:00:00 PM,99,58,41
11/09/2013 05:00:00 PM,56,28,28
11/09/2013 06:00:00 PM,34,12,22
11/09/2013 07:00:00 PM,24,12,12
11/09/2013 08:00:00 PM,28,13,15
11/09/2013 09:00:00 PM,34,7,27
11/09/2013 10:00:00 PM,15,5,10
11/09/2013 11:00:00 PM,14,5,9
11/10/2013 12:00:00 AM,19,10,9
11/10/2013 01:00:00 AM,9,2,7
11/10/2013 02:00:00 AM,7,4,3
11/10/2013 03:00:00 AM,4,4,0
11/10/2013 04:00:00 AM,1,0,1
11/10/2013 05:00:00 AM,4,2,2
11/10/2013 06:00:00 AM,11,4,7
11/10/2013 07:00:00 AM,19,14,5
11/10/2013 08:00:00 AM,32,18,14
11/10/2013 09:00:00 AM,64,24,40
11/10/2013 10:00:00 AM,73,34,39
11/10/2013 11:00:00 AM,64,31,33
11/10/2013 12:00:00 PM,85,46,39
11/10/2013 01:00:00 PM,87,46,41
11/10/2013 02:00:00 PM,98,57,41
11/10/2013 03:00:00 PM,108,50,58
11/10/2013 04:00:00 PM,89,46,43
11/10/2013 05:00:00 PM,75,42,33
11/10/2013 06:00:00 PM,33,22,11
11/10/2013 07:00:00 PM,25,11,14
11/10/2013 08:00:00 PM,28,15,13
11/10/2013 09:00:00 PM,23,13,10
11/10/2013 10:00:00 PM,16,6,10
11/10/2013 11:00:00 PM,16,4,12
11/11/2013 12:00:00 AM,6,4,2
11/11/2013 01:00:00 AM,4,1,3
11/11/2013 02:00:00 AM,3,2,1
11/11/2013 03:00:00 AM,1,1,0
11/11/2013 04:00:00 AM,6,3,3
11/11/2013 05:00:00 AM,17,13,4
11/11/2013 06:00:00 AM,82,53,29
11/11/2013 07:00:00 AM,203,149,54
11/11/2013 08:00:00 AM,300,217,83
11/11/2013 09:00:00 AM,227,141,86
11/11/2013 10:00:00 AM,99,57,42
11/11/2013 11:00:00 AM,86,48,38
11/11/2013 12:00:00 PM,94,49,45
11/11/2013 01:00:00 PM,103,50,53
11/11/2013 02:00:00 PM,126,66,60
11/11/2013 03:00:00 PM,133,73,60
11/11/2013 04:00:00 PM,223,92,131
11/11/2013 05:00:00 PM,376,104,272
11/11/2013 06:00:00 PM,285,80,205
11/11/2013 07:00:00 PM,117,36,81
11/11/2013 08:00:00 PM,63,19,44
11/11/2013 09:00:00 PM,55,14,41
11/11/2013 10:00:00 PM,32,18,14
11/11/2013 11:00:00 PM,20,8,12
11/12/2013 12:00:00 AM,13,5,8
11/12/2013 01:00:00 AM,6,6,0
11/12/2013 02:00:00 AM,2,2,0
11/12/2013 03:00:00 AM,2,2,0
11/12/2013 04:00:00 AM,6,2,4
11/12/2013 05:00:00 AM,19,16,3
11/12/2013 06:00:00 AM,91,63,28
11/12/2013 07:00:00 AM,187,134,53
11/12/2013 08:00:00 AM,305,212,93
11/12/2013 09:00:00 AM,251,151,100
11/12/2013 10:00:00 AM,85,46,39
11/12/2013 11:00:00 AM,56,32,24
11/12/2013 12:00:00 PM,60,29,31
11/12/2013 01:00:00 PM,55,32,23
11/12/2013 02:00:00 PM,66,34,32
11/12/2013 03:00:00 PM,106,55,51
11/12/2013 04:00:00 PM,176,68,108
11/12/2013 05:00:00 PM,353,125,228
11/12/2013 06:00:00 PM,267,89,178
11/12/2013 07:00:00 PM,126,47,79
11/12/2013 08:00:00 PM,77,31,46
11/12/2013 09:00:00 PM,48,17,31
11/12/2013 10:00:00 PM,41,18,23
11/12/2013 11:00:00 PM,18,12,6
11/13/2013 12:00:00 AM,7,2,5
11/13/2013 01:00:00 AM,7,3,4
11/13/2013 02:00:00 AM,5,3,2
11/13/2013 03:00:00 AM,2,2,0
11/13/2013 04:00:00 AM,10,5,5
11/13/2013 05:00:00 AM,32,25,7
11/13/2013 06:00:00 AM,101,66,35
11/13/2013 07:00:00 AM,263,192,71
11/13/2013 08:00:00 AM,416,283,133
11/13/2013 09:00:00 AM,281,193,88
11/13/2013 10:00:00 AM,132,69,63
11/13/2013 11:00:00 AM,72,32,40
11/13/2013 12:00:00 PM,80,52,28
11/13/2013 01:00:00 PM,77,42,35
11/13/2013 02:00:00 PM,79,37,42
11/13/2013 03:00:00 PM,122,64,58
11/13/2013 04:00:00 PM,229,95,134
11/13/2013 05:00:00 PM,445,140,305
11/13/2013 06:00:00 PM,342,113,229
11/13/2013 07:00:00 PM,144,47,97
11/13/2013 08:00:00 PM,88,44,44
11/13/2013 09:00:00 PM,66,34,32
11/13/2013 10:00:00 PM,46,25,21
11/13/2013 11:00:00 PM,21,10,11
11/14/2013 12:00:00 AM,9,4,5
11/14/2013 01:00:00 AM,6,4,2
11/14/2013 02:00:00 AM,6,4,2
11/14/2013 03:00:00 AM,1,1,0
11/14/2013 04:00:00 AM,5,2,3
11/14/2013 05:00:00 AM,21,15,6
11/14/2013 06:00:00 AM,100,69,31
11/14/2013 07:00:00 AM,247,175,72
11/14/2013 08:00:00 AM,368,264,104
11/14/2013 09:00:00 AM,235,158,77
11/14/2013 10:00:00 AM,102,50,52
11/14/2013 11:00:00 AM,64,28,36
11/14/2013 12:00:00 PM,62,43,19
11/14/2013 01:00:00 PM,67,34,33
11/14/2013 02:00:00 PM,53,26,27
11/14/2013 03:00:00 PM,94,44,50
11/14/2013 04:00:00 PM,189,73,116
11/14/2013 05:00:00 PM,371,127,244
11/14/2013 06:00:00 PM,278,79,199
11/14/2013 07:00:00 PM,131,48,83
11/14/2013 08:00:00 PM,74,27,47
11/14/2013 09:00:00 PM,45,17,28
11/14/2013 10:00:00 PM,41,14,27
11/14/2013 11:00:00 PM,22,12,10
11/15/2013 12:00:00 AM,7,2,5
11/15/2013 01:00:00 AM,7,3,4
11/15/2013 02:00:00 AM,5,3,2
11/15/2013 03:00:00 AM,1,1,0
11/15/2013 04:00:00 AM,5,3,2
11/15/2013 05:00:00 AM,17,14,3
11/15/2013 06:00:00 AM,81,48,33
11/15/2013 07:00:00 AM,195,143,52
11/15/2013 08:00:00 AM,283,190,93
11/15/2013 09:00:00 AM,219,140,79
11/15/2013 10:00:00 AM,92,60,32
11/15/2013 11:00:00 AM,56,33,23
11/15/2013 12:00:00 PM,39,20,19
11/15/2013 01:00:00 PM,45,25,20
11/15/2013 02:00:00 PM,42,27,15
11/15/2013 03:00:00 PM,98,41,57
11/15/2013 04:00:00 PM,166,56,110
11/15/2013 05:00:00 PM,309,89,220
11/15/2013 06:00:00 PM,189,51,138
11/15/2013 07:00:00 PM,92,30,62
11/15/2013 08:00:00 PM,52,22,30
11/15/2013 09:00:00 PM,26,14,12
11/15/2013 10:00:00 PM,22,8,14
11/15/2013 11:00:00 PM,15,6,9
11/16/2013 12:00:00 AM,13,5,8
11/16/2013 01:00:00 AM,6,3,3
11/16/2013 02:00:00 AM,7,2,5
11/16/2013 03:00:00 AM,0,0,0
11/16/2013 04:00:00 AM,3,2,1
11/16/2013 05:00:00 AM,5,1,4
11/16/2013 06:00:00 AM,14,10,4
11/16/2013 07:00:00 AM,16,10,6
11/16/2013 08:00:00 AM,42,26,16
11/16/2013 09:00:00 AM,72,34,38
11/16/2013 10:00:00 AM,74,50,24
11/16/2013 11:00:00 AM,114,55,59
11/16/2013 12:00:00 PM,142,96,46
11/16/2013 01:00:00 PM,106,56,50
11/16/2013 02:00:00 PM,91,57,34
11/16/2013 03:00:00 PM,90,42,48
11/16/2013 04:00:00 PM,93,46,47
11/16/2013 05:00:00 PM,73,40,33
11/16/2013 06:00:00 PM,41,19,22
11/16/2013 07:00:00 PM,36,24,12
11/16/2013 08:00:00 PM,28,8,20
11/16/2013 09:00:00 PM,24,9,15
11/16/2013 10:00:00 PM,16,6,10
11/16/2013 11:00:00 PM,15,4,11
11/17/2013 12:00:00 AM,14,7,7
11/17/2013 01:00:00 AM,6,4,2
11/17/2013 02:00:00 AM,2,1,1
11/17/2013 03:00:00 AM,6,5,1
11/17/2013 04:00:00 AM,5,1,4
11/17/2013 05:00:00 AM,4,1,3
11/17/2013 06:00:00 AM,8,2,6
11/17/2013 07:00:00 AM,16,11,5
11/17/2013 08:00:00 AM,36,16,20
11/17/2013 09:00:00 AM,65,38,27
11/17/2013 10:00:00 AM,68,43,25
11/17/2013 11:00:00 AM,92,49,43
11/17/2013 12:00:00 PM,88,52,36
11/17/2013 01:00:00 PM,82,37,45
11/17/2013 02:00:00 PM,88,60,28
11/17/2013 03:00:00 PM,88,52,36
11/17/2013 04:00:00 PM,56,30,26
11/17/2013 05:00:00 PM,68,36,32
11/17/2013 06:00:00 PM,49,26,23
11/17/2013 07:00:00 PM,51,31,20
11/17/2013 08:00:00 PM,26,13,13
11/17/2013 09:00:00 PM,22,14,8
11/17/2013 10:00:00 PM,14,4,10
11/17/2013 11:00:00 PM,12,6,6
11/18/2013 12:00:00 AM,8,4,4
11/18/2013 01:00:00 AM,3,2,1
11/18/2013 02:00:00 AM,1,1,0
11/18/2013 03:00:00 AM,2,2,0
11/18/2013 04:00:00 AM,2,1,1
11/18/2013 05:00:00 AM,25,16,9
11/18/2013 06:00:00 AM,80,55,25
11/18/2013 07:00:00 AM,228,167,61
11/18/2013 08:00:00 AM,339,236,103
11/18/2013 09:00:00 AM,228,147,81
11/18/2013 10:00:00 AM,69,43,26
11/18/2013 11:00:00 AM,48,31,17
11/18/2013 12:00:00 PM,27,15,12
11/18/2013 01:00:00 PM,39,16,23
11/18/2013 02:00:00 PM,41,17,24
11/18/2013 03:00:00 PM,64,29,35
11/18/2013 04:00:00 PM,137,47,90
11/18/2013 05:00:00 PM,321,87,234
11/18/2013 06:00:00 PM,241,72,169
11/18/2013 07:00:00 PM,103,31,72
11/18/2013 08:00:00 PM,49,21,28
11/18/2013 09:00:00 PM,27,11,16
11/18/2013 10:00:00 PM,19,8,11
11/18/2013 11:00:00 PM,11,7,4
11/19/2013 12:00:00 AM,9,3,6
11/19/2013 01:00:00 AM,5,2,3
11/19/2013 02:00:00 AM,5,4,1
11/19/2013 03:00:00 AM,1,1,0
11/19/2013 04:00:00 AM,4,2,2
11/19/2013 05:00:00 AM,20,17,3
11/19/2013 06:00:00 AM,78,51,27
11/19/2013 07:00:00 AM,220,161,59
11/19/2013 08:00:00 AM,319,228,91
11/19/2013 09:00:00 AM,194,124,70
11/19/2013 10:00:00 AM,92,55,37
11/19/2013 11:00:00 AM,46,32,14
11/19/2013 12:00:00 PM,50,30,20
11/19/2013 01:00:00 PM,45,22,23
11/19/2013 02:00:00 PM,66,36,30
11/19/2013 03:00:00 PM,96,47,49
11/19/2013 04:00:00 PM,148,62,86
11/19/2013 05:00:00 PM,357,105,252
11/19/2013 06:00:00 PM,275,75,200
11/19/2013 07:00:00 PM,104,26,78
11/19/2013 08:00:00 PM,85,43,42
11/19/2013 09:00:00 PM,44,23,21
11/19/2013 10:00:00 PM,28,10,18
11/19/2013 11:00:00 PM,18,7,11
11/20/2013 12:00:00 AM,6,4,2
11/20/2013 01:00:00 AM,4,2,2
11/20/2013 02:00:00 AM,4,2,2
11/20/2013 03:00:00 AM,4,4,0
11/20/2013 04:00:00 AM,4,2,2
11/20/2013 05:00:00 AM,24,19,5
11/20/2013 06:00:00 AM,78,56,22
11/20/2013 07:00:00 AM,231,161,70
11/20/2013 08:00:00 AM,374,262,112
11/20/2013 09:00:00 AM,292,178,114
11/20/2013 10:00:00 AM,81,44,37
11/20/2013 11:00:00 AM,87,53,34
11/20/2013 12:00:00 PM,72,41,31
11/20/2013 01:00:00 PM,91,50,41
11/20/2013 02:00:00 PM,93,45,48
11/20/2013 03:00:00 PM,129,68,61
11/20/2013 04:00:00 PM,220,93,127
11/20/2013 05:00:00 PM,406,121,285
11/20/2013 06:00:00 PM,323,117,206
11/20/2013 07:00:00 PM,130,42,88
11/20/2013 08:00:00 PM,58,17,41
11/20/2013 09:00:00 PM,56,24,32
11/20/2013 10:00:00 PM,32,14,18
11/20/2013 11:00:00 PM,35,26,9
11/21/2013 12:00:00 AM,13,6,7
11/21/2013 01:00:00 AM,3,1,2
11/21/2013 02:00:00 AM,3,3,0
11/21/2013 03:00:00 AM,4,3,1
11/21/2013 04:00:00 AM,12,1,11
11/21/2013 05:00:00 AM,23,20,3
11/21/2013 06:00:00 AM,66,49,17
11/21/2013 07:00:00 AM,211,151,60
11/21/2013 08:00:00 AM,342,245,97
11/21/2013 09:00:00 AM,226,145,81
11/21/2013 10:00:00 AM,103,63,40
11/21/2013 11:00:00 AM,76,39,37
11/21/2013 12:00:00 PM,78,35,43
11/21/2013 01:00:00 PM,79,47,32
11/21/2013 02:00:00 PM,87,49,38
11/21/2013 03:00:00 PM,120,54,66
11/21/2013 04:00:00 PM,180,74,106
11/21/2013 05:00:00 PM,303,93,210
11/21/2013 06:00:00 PM,283,84,199
11/21/2013 07:00:00 PM,132,41,91
11/21/2013 08:00:00 PM,69,23,46
11/21/2013 09:00:00 PM,35,19,16
11/21/2013 10:00:00 PM,29,9,20
11/21/2013 11:00:00 PM,28,21,7
11/22/2013 12:00:00 AM,16,6,10
11/22/2013 01:00:00 AM,6,2,4
11/22/2013 02:00:00 AM,5,4,1
11/22/2013 03:00:00 AM,3,3,0
11/22/2013 04:00:00 AM,4,2,2
11/22/2013 05:00:00 AM,15,13,2
11/22/2013 06:00:00 AM,63,44,19
11/22/2013 07:00:00 AM,193,139,54
11/22/2013 08:00:00 AM,288,208,80
11/22/2013 09:00:00 AM,220,152,68
11/22/2013 10:00:00 AM,90,55,35
11/22/2013 11:00:00 AM,57,31,26
11/22/2013 12:00:00 PM,86,48,38
11/22/2013 01:00:00 PM,76,46,30
11/22/2013 02:00:00 PM,87,54,33
11/22/2013 03:00:00 PM,145,65,80
11/22/2013 04:00:00 PM,201,87,114
11/22/2013 05:00:00 PM,311,90,221
11/22/2013 06:00:00 PM,219,66,153
11/22/2013 07:00:00 PM,120,64,56
11/22/2013 08:00:00 PM,39,13,26
11/22/2013 09:00:00 PM,30,15,15
11/22/2013 10:00:00 PM,28,15,13
11/22/2013 11:00:00 PM,28,14,14
11/23/2013 12:00:00 AM,21,6,15
11/23/2013 01:00:00 AM,3,2,1
11/23/2013 02:00:00 AM,11,6,5
11/23/2013 03:00:00 AM,4,3,1
11/23/2013 04:00:00 AM,3,1,2
11/23/2013 05:00:00 AM,9,4,5
11/23/2013 06:00:00 AM,16,10,6
11/23/2013 07:00:00 AM,21,12,9
11/23/2013 08:00:00 AM,41,20,21
11/23/2013 09:00:00 AM,56,30,26
11/23/2013 10:00:00 AM,91,43,48
11/23/2013 11:00:00 AM,151,119,32
11/23/2013 12:00:00 PM,101,62,39
11/23/2013 01:00:00 PM,134,87,47
11/23/2013 02:00:00 PM,135,71,64
11/23/2013 03:00:00 PM,106,59,47
11/23/2013 04:00:00 PM,85,48,37
11/23/2013 05:00:00 PM,60,28,32
11/23/2013 06:00:00 PM,39,19,20
11/23/2013 07:00:00 PM,33,17,16
11/23/2013 08:00:00 PM,31,18,13
11/23/2013 09:00:00 PM,24,12,12
11/23/2013 10:00:00 PM,16,5,11
11/23/2013 11:00:00 PM,19,4,15
11/24/2013 12:00:00 AM,10,8,2
11/24/2013 01:00:00 AM,6,1,5
11/24/2013 02:00:00 AM,5,4,1
11/24/2013 03:00:00 AM,4,2,2
11/24/2013 04:00:00 AM,4,2,2
11/24/2013 05:00:00 AM,4,4,0
11/24/2013 06:00:00 AM,3,1,2
11/24/2013 07:00:00 AM,15,6,9
11/24/2013 08:00:00 AM,35,23,12
11/24/2013 09:00:00 AM,50,30,20
11/24/2013 10:00:00 AM,80,44,36
11/24/2013 11:00:00 AM,92,61,31
11/24/2013 12:00:00 PM,104,62,42
11/24/2013 01:00:00 PM,128,73,55
11/24/2013 02:00:00 PM,135,80,55
11/24/2013 03:00:00 PM,149,94,55
11/24/2013 04:00:00 PM,117,63,54
11/24/2013 05:00:00 PM,68,27,41
11/24/2013 06:00:00 PM,40,26,14
11/24/2013 07:00:00 PM,21,6,15
11/24/2013 08:00:00 PM,36,16,20
11/24/2013 09:00:00 PM,9,4,5
11/24/2013 10:00:00 PM,17,5,12
11/24/2013 11:00:00 PM,9,2,7
11/25/2013 12:00:00 AM,8,5,3
11/25/2013 01:00:00 AM,5,4,1
11/25/2013 02:00:00 AM,4,3,1
11/25/2013 03:00:00 AM,2,1,1
11/25/2013 04:00:00 AM,8,4,4
11/25/2013 05:00:00 AM,36,28,8
11/25/2013 06:00:00 AM,85,57,28
11/25/2013 07:00:00 AM,236,182,54
11/25/2013 08:00:00 AM,342,239,103
11/25/2013 09:00:00 AM,219,143,76
11/25/2013 10:00:00 AM,95,62,33
11/25/2013 11:00:00 AM,61,34,27
11/25/2013 12:00:00 PM,68,42,26
11/25/2013 01:00:00 PM,78,33,45
11/25/2013 02:00:00 PM,79,39,40
11/25/2013 03:00:00 PM,117,66,51
11/25/2013 04:00:00 PM,193,70,123
11/25/2013 05:00:00 PM,398,120,278
11/25/2013 06:00:00 PM,314,108,206
11/25/2013 07:00:00 PM,109,38,71
11/25/2013 08:00:00 PM,67,24,43
11/25/2013 09:00:00 PM,34,17,17
11/25/2013 10:00:00 PM,33,12,21
11/25/2013 11:00:00 PM,18,4,14
11/26/2013 12:00:00 AM,10,6,4
11/26/2013 01:00:00 AM,5,2,3
11/26/2013 02:00:00 AM,2,2,0
11/26/2013 03:00:00 AM,0,0,0
11/26/2013 04:00:00 AM,6,2,4
11/26/2013 05:00:00 AM,23,17,6
11/26/2013 06:00:00 AM,87,59,28
11/26/2013 07:00:00 AM,225,167,58
11/26/2013 08:00:00 AM,346,253,93
11/26/2013 09:00:00 AM,210,125,85
11/26/2013 10:00:00 AM,87,55,32
11/26/2013 11:00:00 AM,65,27,38
11/26/2013 12:00:00 PM,83,59,24
11/26/2013 01:00:00 PM,77,37,40
11/26/2013 02:00:00 PM,98,59,39
11/26/2013 03:00:00 PM,126,56,70
11/26/2013 04:00:00 PM,198,80,118
11/26/2013 05:00:00 PM,344,100,244
11/26/2013 06:00:00 PM,270,102,168
11/26/2013 07:00:00 PM,126,44,82
11/26/2013 08:00:00 PM,68,27,41
11/26/2013 09:00:00 PM,30,12,18
11/26/2013 10:00:00 PM,39,18,21
11/26/2013 11:00:00 PM,16,8,8
11/27/2013 12:00:00 AM,6,4,2
11/27/2013 01:00:00 AM,6,3,3
11/27/2013 02:00:00 AM,4,2,2
11/27/2013 03:00:00 AM,4,1,3
11/27/2013 04:00:00 AM,6,4,2
11/27/2013 05:00:00 AM,16,12,4
11/27/2013 06:00:00 AM,79,61,18
11/27/2013 07:00:00 AM,183,130,53
11/27/2013 08:00:00 AM,274,188,86
11/27/2013 09:00:00 AM,188,135,53
11/27/2013 10:00:00 AM,101,55,46
11/27/2013 11:00:00 AM,69,38,31
11/27/2013 12:00:00 PM,75,49,26
11/27/2013 01:00:00 PM,89,44,45
11/27/2013 02:00:00 PM,146,62,84
11/27/2013 03:00:00 PM,192,78,114
11/27/2013 04:00:00 PM,238,81,157
11/27/2013 05:00:00 PM,225,64,161
11/27/2013 06:00:00 PM,158,70,88
11/27/2013 07:00:00 PM,87,43,44
11/27/2013 08:00:00 PM,42,13,29
11/27/2013 09:00:00 PM,28,15,13
11/27/2013 10:00:00 PM,23,9,14
11/27/2013 11:00:00 PM,12,8,4
11/28/2013 12:00:00 AM,12,6,6
11/28/2013 01:00:00 AM,6,3,3
11/28/2013 02:00:00 AM,4,2,2
11/28/2013 03:00:00 AM,2,0,2
11/28/2013 04:00:00 AM,4,3,1
11/28/2013 05:00:00 AM,3,2,1
11/28/2013 06:00:00 AM,5,3,2
11/28/2013 07:00:00 AM,22,10,12
11/28/2013 08:00:00 AM,20,11,9
11/28/2013 09:00:00 AM,45,17,28
11/28/2013 10:00:00 AM,57,25,32
11/28/2013 11:00:00 AM,59,33,26
11/28/2013 12:00:00 PM,68,29,39
11/28/2013 01:00:00 PM,74,43,31
11/28/2013 02:00:00 PM,58,37,21
11/28/2013 03:00:00 PM,45,29,16
11/28/2013 04:00:00 PM,26,17,9
11/28/2013 05:00:00 PM,15,10,5
11/28/2013 06:00:00 PM,11,7,4
11/28/2013 07:00:00 PM,10,3,7
11/28/2013 08:00:00 PM,11,7,4
11/28/2013 09:00:00 PM,8,4,4
11/28/2013 10:00:00 PM,8,4,4
11/28/2013 11:00:00 PM,9,6,3
11/29/2013 12:00:00 AM,11,2,9
11/29/2013 01:00:00 AM,9,9,0
11/29/2013 02:00:00 AM,5,2,3
11/29/2013 03:00:00 AM,2,2,0
11/29/2013 04:00:00 AM,5,3,2
11/29/2013 05:00:00 AM,7,6,1
11/29/2013 06:00:00 AM,28,18,10
11/29/2013 07:00:00 AM,36,22,14
11/29/2013 08:00:00 AM,31,18,13
11/29/2013 09:00:00 AM,54,37,17
11/29/2013 10:00:00 AM,67,35,32
11/29/2013 11:00:00 AM,76,46,30
11/29/2013 12:00:00 PM,86,44,42
11/29/2013 01:00:00 PM,73,34,39
11/29/2013 02:00:00 PM,81,49,32
11/29/2013 03:00:00 PM,72,28,44
11/29/2013 04:00:00 PM,103,62,41
11/29/2013 05:00:00 PM,81,31,50
11/29/2013 06:00:00 PM,64,24,40
11/29/2013 07:00:00 PM,45,17,28
11/29/2013 08:00:00 PM,20,10,10
11/29/2013 09:00:00 PM,18,12,6
11/29/2013 10:00:00 PM,12,5,7
11/29/2013 11:00:00 PM,18,7,11
11/30/2013 12:00:00 AM,6,2,4
11/30/2013 01:00:00 AM,3,1,2
11/30/2013 02:00:00 AM,2,1,1
11/30/2013 03:00:00 AM,3,3,0
11/30/2013 04:00:00 AM,3,1,2
11/30/2013 05:00:00 AM,5,4,1
11/30/2013 06:00:00 AM,13,6,7
11/30/2013 07:00:00 AM,12,9,3
11/30/2013 08:00:00 AM,53,29,24
11/30/2013 09:00:00 AM,60,35,25
11/30/2013 10:00:00 AM,57,37,20
11/30/2013 11:00:00 AM,79,39,40
11/30/2013 12:00:00 PM,69,41,28
11/30/2013 01:00:00 PM,108,52,56
11/30/2013 02:00:00 PM,81,46,35
11/30/2013 03:00:00 PM,72,36,36
11/30/2013 04:00:00 PM,61,27,34
11/30/2013 05:00:00 PM,51,21,30
11/30/2013 06:00:00 PM,29,16,13
11/30/2013 07:00:00 PM,25,9,16
11/30/2013 08:00:00 PM,27,10,17
11/30/2013 09:00:00 PM,17,6,11
11/30/2013 10:00:00 PM,11,3,8
11/30/2013 11:00:00 PM,18,8,10
12/01/2013 12:00:00 AM,12,4,8
12/01/2013 01:00:00 AM,7,3,4
12/01/2013 02:00:00 AM,5,1,4
12/01/2013 03:00:00 AM,1,1,0
12/01/2013 04:00:00 AM,3,1,2
12/01/2013 05:00:00 AM,2,2,0
12/01/2013 06:00:00 AM,8,6,2
12/01/2013 07:00:00 AM,20,14,6
12/01/2013 08:00:00 AM,28,12,16
12/01/2013 09:00:00 AM,33,18,15
12/01/2013 10:00:00 AM,53,29,24
12/01/2013 11:00:00 AM,57,28,29
12/01/2013 12:00:00 PM,69,34,35
12/01/2013 01:00:00 PM,61,43,18
12/01/2013 02:00:00 PM,68,41,27
12/01/2013 03:00:00 PM,60,30,30
12/01/2013 04:00:00 PM,56,43,13
12/01/2013 05:00:00 PM,40,26,14
12/01/2013 06:00:00 PM,19,10,9
12/01/2013 07:00:00 PM,20,11,9
12/01/2013 08:00:00 PM,16,10,6
12/01/2013 09:00:00 PM,10,8,2
12/01/2013 10:00:00 PM,20,5,15
12/01/2013 11:00:00 PM,13,3,10
12/02/2013 12:00:00 AM,9,7,2
12/02/2013 01:00:00 AM,2,2,0
12/02/2013 02:00:00 AM,2,1,1
12/02/2013 03:00:00 AM,4,4,0
12/02/2013 04:00:00 AM,4,2,2
12/02/2013 05:00:00 AM,28,22,6
12/02/2013 06:00:00 AM,73,50,23
12/02/2013 07:00:00 AM,218,163,55
12/02/2013 08:00:00 AM,308,211,97
12/02/2013 09:00:00 AM,209,142,67
12/02/2013 10:00:00 AM,65,41,24
12/02/2013 11:00:00 AM,70,32,38
12/02/2013 12:00:00 PM,73,41,32
12/02/2013 01:00:00 PM,62,35,27
12/02/2013 02:00:00 PM,82,42,40
12/02/2013 03:00:00 PM,104,57,47
12/02/2013 04:00:00 PM,181,74,107
12/02/2013 05:00:00 PM,338,98,240
12/02/2013 06:00:00 PM,246,92,154
12/02/2013 07:00:00 PM,87,33,54
12/02/2013 08:00:00 PM,49,19,30
12/02/2013 09:00:00 PM,38,17,21
12/02/2013 10:00:00 PM,21,10,11
12/02/2013 11:00:00 PM,10,4,6
12/03/2013 12:00:00 AM,11,6,5
12/03/2013 01:00:00 AM,3,1,2
12/03/2013 02:00:00 AM,3,2,1
12/03/2013 03:00:00 AM,3,3,0
12/03/2013 04:00:00 AM,5,3,2
12/03/2013 05:00:00 AM,19,16,3
12/03/2013 06:00:00 AM,70,45,25
12/03/2013 07:00:00 AM,190,130,60
12/03/2013 08:00:00 AM,309,217,92
12/03/2013 09:00:00 AM,219,134,85
12/03/2013 10:00:00 AM,84,52,32
12/03/2013 11:00:00 AM,63,27,36
12/03/2013 12:00:00 PM,54,36,18
12/03/2013 01:00:00 PM,57,33,24
12/03/2013 02:00:00 PM,71,37,34
12/03/2013 03:00:00 PM,83,42,41
12/03/2013 04:00:00 PM,155,63,92
12/03/2013 05:00:00 PM,296,91,205
12/03/2013 06:00:00 PM,249,82,167
12/03/2013 07:00:00 PM,114,44,70
12/03/2013 08:00:00 PM,47,19,28
12/03/2013 09:00:00 PM,48,15,33
12/03/2013 10:00:00 PM,38,17,21
12/03/2013 11:00:00 PM,20,10,10
12/04/2013 12:00:00 AM,14,4,10
12/04/2013 01:00:00 AM,1,0,1
12/04/2013 02:00:00 AM,4,3,1
12/04/2013 03:00:00 AM,1,1,0
12/04/2013 04:00:00 AM,5,3,2
12/04/2013 05:00:00 AM,22,14,8
12/04/2013 06:00:00 AM,60,50,10
12/04/2013 07:00:00 AM,156,120,36
12/04/2013 08:00:00 AM,290,201,89
12/04/2013 09:00:00 AM,206,146,60
12/04/2013 10:00:00 AM,85,44,41
12/04/2013 11:00:00 AM,61,37,24
12/04/2013 12:00:00 PM,56,33,23
12/04/2013 01:00:00 PM,53,31,22
12/04/2013 02:00:00 PM,59,39,20
12/04/2013 03:00:00 PM,85,50,35
12/04/2013 04:00:00 PM,138,54,84
12/04/2013 05:00:00 PM,301,93,208
12/04/2013 06:00:00 PM,261,87,174
12/04/2013 07:00:00 PM,82,30,52
12/04/2013 08:00:00 PM,47,20,27
12/04/2013 09:00:00 PM,42,17,25
12/04/2013 10:00:00 PM,23,9,14
12/04/2013 11:00:00 PM,26,13,13
12/05/2013 12:00:00 AM,10,4,6
12/05/2013 01:00:00 AM,2,1,1
12/05/2013 02:00:00 AM,2,1,1
12/05/2013 03:00:00 AM,3,2,1
12/05/2013 04:00:00 AM,4,2,2
12/05/2013 05:00:00 AM,18,16,2
12/05/2013 06:00:00 AM,59,43,16
12/05/2013 07:00:00 AM,171,113,58
12/05/2013 08:00:00 AM,267,177,90
12/05/2013 09:00:00 AM,188,123,65
12/05/2013 10:00:00 AM,84,45,39
12/05/2013 11:00:00 AM,38,25,13
12/05/2013 12:00:00 PM,46,22,24
12/05/2013 01:00:00 PM,55,28,27
12/05/2013 02:00:00 PM,49,29,20
12/05/2013 03:00:00 PM,86,42,44
12/05/2013 04:00:00 PM,130,56,74
12/05/2013 05:00:00 PM,268,90,178
12/05/2013 06:00:00 PM,222,86,136
12/05/2013 07:00:00 PM,103,37,66
12/05/2013 08:00:00 PM,55,17,38
12/05/2013 09:00:00 PM,33,13,20
12/05/2013 10:00:00 PM,24,6,18
12/05/2013 11:00:00 PM,21,10,11
12/06/2013 12:00:00 AM,9,3,6
12/06/2013 01:00:00 AM,14,5,9
12/06/2013 02:00:00 AM,4,0,4
12/06/2013 03:00:00 AM,4,2,2
12/06/2013 04:00:00 AM,5,3,2
12/06/2013 05:00:00 AM,11,10,1
12/06/2013 06:00:00 AM,48,30,18
12/06/2013 07:00:00 AM,124,88,36
12/06/2013 08:00:00 AM,220,161,59
12/06/2013 09:00:00 AM,158,105,53
12/06/2013 10:00:00 AM,90,45,45
12/06/2013 11:00:00 AM,69,44,25
12/06/2013 12:00:00 PM,47,28,19
12/06/2013 01:00:00 PM,46,21,25
12/06/2013 02:00:00 PM,79,38,41
12/06/2013 03:00:00 PM,74,34,40
12/06/2013 04:00:00 PM,134,49,85
12/06/2013 05:00:00 PM,225,82,143
12/06/2013 06:00:00 PM,162,50,112
12/06/2013 07:00:00 PM,57,19,38
12/06/2013 08:00:00 PM,44,14,30
12/06/2013 09:00:00 PM,20,8,12
12/06/2013 10:00:00 PM,29,11,18
12/06/2013 11:00:00 PM,21,11,10
12/07/2013 12:00:00 AM,8,3,5
12/07/2013 01:00:00 AM,11,7,4
12/07/2013 02:00:00 AM,5,2,3
12/07/2013 03:00:00 AM,4,1,3
12/07/2013 04:00:00 AM,1,0,1
12/07/2013 05:00:00 AM,4,3,1
12/07/2013 06:00:00 AM,10,5,5
12/07/2013 07:00:00 AM,20,13,7
12/07/2013 08:00:00 AM,18,13,5
12/07/2013 09:00:00 AM,42,21,21
12/07/2013 10:00:00 AM,32,15,17
12/07/2013 11:00:00 AM,38,24,14
12/07/2013 12:00:00 PM,67,34,33
12/07/2013 01:00:00 PM,63,42,21
12/07/2013 02:00:00 PM,59,34,25
12/07/2013 03:00:00 PM,55,29,26
12/07/2013 04:00:00 PM,43,18,25
12/07/2013 05:00:00 PM,25,14,11
12/07/2013 06:00:00 PM,18,8,10
12/07/2013 07:00:00 PM,14,7,7
12/07/2013 08:00:00 PM,18,9,9
12/07/2013 09:00:00 PM,15,9,6
12/07/2013 10:00:00 PM,13,7,6
12/07/2013 11:00:00 PM,8,3,5
12/08/2013 12:00:00 AM,6,3,3
12/08/2013 01:00:00 AM,4,0,4
12/08/2013 02:00:00 AM,1,0,1
12/08/2013 03:00:00 AM,2,1,1
12/08/2013 04:00:00 AM,1,0,1
12/08/2013 05:00:00 AM,5,2,3
12/08/2013 06:00:00 AM,3,1,2
12/08/2013 07:00:00 AM,9,5,4
12/08/2013 08:00:00 AM,13,8,5
12/08/2013 09:00:00 AM,16,7,9
12/08/2013 10:00:00 AM,35,21,14
12/08/2013 11:00:00 AM,29,15,14
12/08/2013 12:00:00 PM,37,22,15
12/08/2013 01:00:00 PM,56,40,16
12/08/2013 02:00:00 PM,52,25,27
12/08/2013 03:00:00 PM,48,24,24
12/08/2013 04:00:00 PM,32,18,14
12/08/2013 05:00:00 PM,31,10,21
12/08/2013 06:00:00 PM,22,12,10
12/08/2013 07:00:00 PM,22,8,14
12/08/2013 08:00:00 PM,14,8,6
12/08/2013 09:00:00 PM,14,6,8
12/08/2013 10:00:00 PM,12,4,8
12/08/2013 11:00:00 PM,9,3,6
12/09/2013 12:00:00 AM,7,2,5
12/09/2013 01:00:00 AM,4,2,2
12/09/2013 02:00:00 AM,1,1,0
12/09/2013 03:00:00 AM,1,0,1
12/09/2013 04:00:00 AM,5,2,3
12/09/2013 05:00:00 AM,11,10,1
12/09/2013 06:00:00 AM,67,47,20
12/09/2013 07:00:00 AM,154,108,46
12/09/2013 08:00:00 AM,256,198,58
12/09/2013 09:00:00 AM,187,113,74
12/09/2013 10:00:00 AM,62,43,19
12/09/2013 11:00:00 AM,46,29,17
12/09/2013 12:00:00 PM,54,22,32
12/09/2013 01:00:00 PM,32,16,16
12/09/2013 02:00:00 PM,56,20,36
12/09/2013 03:00:00 PM,56,28,28
12/09/2013 04:00:00 PM,122,44,78
12/09/2013 05:00:00 PM,271,83,188
12/09/2013 06:00:00 PM,203,74,129
12/09/2013 07:00:00 PM,98,26,72
12/09/2013 08:00:00 PM,47,16,31
12/09/2013 09:00:00 PM,24,10,14
12/09/2013 10:00:00 PM,19,7,12
12/09/2013 11:00:00 PM,10,5,5
12/10/2013 12:00:00 AM,9,3,6
12/10/2013 01:00:00 AM,2,2,0
12/10/2013 02:00:00 AM,6,4,2
12/10/2013 03:00:00 AM,3,1,2
12/10/2013 04:00:00 AM,2,0,2
12/10/2013 05:00:00 AM,16,12,4
12/10/2013 06:00:00 AM,51,31,20
12/10/2013 07:00:00 AM,163,122,41
12/10/2013 08:00:00 AM,272,196,76
12/10/2013 09:00:00 AM,176,120,56
12/10/2013 10:00:00 AM,77,46,31
12/10/2013 11:00:00 AM,49,26,23
12/10/2013 12:00:00 PM,54,34,20
12/10/2013 01:00:00 PM,53,29,24
12/10/2013 02:00:00 PM,57,35,22
12/10/2013 03:00:00 PM,72,31,41
12/10/2013 04:00:00 PM,126,52,74
12/10/2013 05:00:00 PM,234,68,166
12/10/2013 06:00:00 PM,234,81,153
12/10/2013 07:00:00 PM,93,29,64
12/10/2013 08:00:00 PM,51,15,36
12/10/2013 09:00:00 PM,32,15,17
12/10/2013 10:00:00 PM,17,9,8
12/10/2013 11:00:00 PM,21,6,15
12/11/2013 12:00:00 AM,8,4,4
12/11/2013 01:00:00 AM,10,6,4
12/11/2013 02:00:00 AM,7,5,2
12/11/2013 03:00:00 AM,2,0,2
12/11/2013 04:00:00 AM,7,4,3
12/11/2013 05:00:00 AM,17,10,7
12/11/2013 06:00:00 AM,75,57,18
12/11/2013 07:00:00 AM,176,121,55
12/11/2013 08:00:00 AM,310,234,76
12/11/2013 09:00:00 AM,219,129,90
12/11/2013 10:00:00 AM,71,42,29
12/11/2013 11:00:00 AM,47,24,23
12/11/2013 12:00:00 PM,47,28,19
12/11/2013 01:00:00 PM,49,23,26
12/11/2013 02:00:00 PM,69,41,28
12/11/2013 03:00:00 PM,84,52,32
12/11/2013 04:00:00 PM,157,60,97
12/11/2013 05:00:00 PM,280,85,195
12/11/2013 06:00:00 PM,261,85,176
12/11/2013 07:00:00 PM,112,38,74
12/11/2013 08:00:00 PM,48,13,35
12/11/2013 09:00:00 PM,39,16,23
12/11/2013 10:00:00 PM,24,9,15
12/11/2013 11:00:00 PM,17,8,9
12/12/2013 12:00:00 AM,10,5,5
12/12/2013 01:00:00 AM,4,1,3
12/12/2013 02:00:00 AM,3,2,1
12/12/2013 03:00:00 AM,2,0,2
12/12/2013 04:00:00 AM,3,2,1
12/12/2013 05:00:00 AM,24,21,3
12/12/2013 06:00:00 AM,74,53,21
12/12/2013 07:00:00 AM,164,109,55
12/12/2013 08:00:00 AM,273,201,72
12/12/2013 09:00:00 AM,205,125,80
12/12/2013 10:00:00 AM,92,58,34
12/12/2013 11:00:00 AM,51,29,22
12/12/2013 12:00:00 PM,52,30,22
12/12/2013 01:00:00 PM,59,24,35
12/12/2013 02:00:00 PM,25,15,10
12/12/2013 03:00:00 PM,63,32,31
12/12/2013 04:00:00 PM,110,51,59
12/12/2013 05:00:00 PM,254,66,188
12/12/2013 06:00:00 PM,201,67,134
12/12/2013 07:00:00 PM,136,46,90
12/12/2013 08:00:00 PM,50,15,35
12/12/2013 09:00:00 PM,35,15,20
12/12/2013 10:00:00 PM,26,12,14
12/12/2013 11:00:00 PM,18,9,9
12/13/2013 12:00:00 AM,17,4,13
12/13/2013 01:00:00 AM,6,0,6
12/13/2013 02:00:00 AM,4,2,2
12/13/2013 03:00:00 AM,3,1,2
12/13/2013 04:00:00 AM,6,4,2
12/13/2013 05:00:00 AM,21,15,6
12/13/2013 06:00:00 AM,56,37,19
12/13/2013 07:00:00 AM,150,97,53
12/13/2013 08:00:00 AM,229,166,63
12/13/2013 09:00:00 AM,164,110,54
12/13/2013 10:00:00 AM,54,34,20
12/13/2013 11:00:00 AM,46,25,21
12/13/2013 12:00:00 PM,54,25,29
12/13/2013 01:00:00 PM,48,30,18
12/13/2013 02:00:00 PM,54,34,20
12/13/2013 03:00:00 PM,82,38,44
12/13/2013 04:00:00 PM,150,64,86
12/13/2013 05:00:00 PM,235,67,168
12/13/2013 06:00:00 PM,179,50,129
12/13/2013 07:00:00 PM,88,25,63
12/13/2013 08:00:00 PM,51,17,34
12/13/2013 09:00:00 PM,32,16,16
12/13/2013 10:00:00 PM,16,5,11
12/13/2013 11:00:00 PM,24,12,12
12/14/2013 12:00:00 AM,19,11,8
12/14/2013 01:00:00 AM,11,5,6
12/14/2013 02:00:00 AM,6,3,3
12/14/2013 03:00:00 AM,1,1,0
12/14/2013 04:00:00 AM,4,1,3
12/14/2013 05:00:00 AM,2,2,0
12/14/2013 06:00:00 AM,10,3,7
12/14/2013 07:00:00 AM,17,11,6
12/14/2013 08:00:00 AM,36,20,16
12/14/2013 09:00:00 AM,63,34,29
12/14/2013 10:00:00 AM,96,61,35
12/14/2013 11:00:00 AM,59,33,26
12/14/2013 12:00:00 PM,66,43,23
12/14/2013 01:00:00 PM,76,41,35
12/14/2013 02:00:00 PM,86,42,44
12/14/2013 03:00:00 PM,89,56,33
12/14/2013 04:00:00 PM,58,27,31
12/14/2013 05:00:00 PM,47,23,24
12/14/2013 06:00:00 PM,34,23,11
12/14/2013 07:00:00 PM,20,11,9
12/14/2013 08:00:00 PM,27,13,14
12/14/2013 09:00:00 PM,23,7,16
12/14/2013 10:00:00 PM,17,10,7
12/14/2013 11:00:00 PM,17,10,7
12/15/2013 12:00:00 AM,19,8,11
12/15/2013 01:00:00 AM,8,2,6
12/15/2013 02:00:00 AM,11,3,8
12/15/2013 03:00:00 AM,4,1,3
12/15/2013 04:00:00 AM,2,1,1
12/15/2013 05:00:00 AM,5,5,0
12/15/2013 06:00:00 AM,8,4,4
12/15/2013 07:00:00 AM,7,5,2
12/15/2013 08:00:00 AM,28,23,5
12/15/2013 09:00:00 AM,57,36,21
12/15/2013 10:00:00 AM,53,31,22
12/15/2013 11:00:00 AM,53,35,18
12/15/2013 12:00:00 PM,60,35,25
12/15/2013 01:00:00 PM,80,48,32
12/15/2013 02:00:00 PM,77,50,27
12/15/2013 03:00:00 PM,89,56,33
12/15/2013 04:00:00 PM,51,24,27
12/15/2013 05:00:00 PM,37,25,12
12/15/2013 06:00:00 PM,26,11,15
12/15/2013 07:00:00 PM,24,11,13
12/15/2013 08:00:00 PM,16,7,9
12/15/2013 09:00:00 PM,11,4,7
12/15/2013 10:00:00 PM,13,5,8
12/15/2013 11:00:00 PM,16,6,10
12/16/2013 12:00:00 AM,6,4,2
12/16/2013 01:00:00 AM,3,3,0
12/16/2013 02:00:00 AM,3,2,1
12/16/2013 03:00:00 AM,7,4,3
12/16/2013 04:00:00 AM,7,3,4
12/16/2013 05:00:00 AM,28,20,8
12/16/2013 06:00:00 AM,92,63,29
12/16/2013 07:00:00 AM,210,154,56
12/16/2013 08:00:00 AM,344,262,82
12/16/2013 09:00:00 AM,217,126,91
12/16/2013 10:00:00 AM,86,55,31
12/16/2013 11:00:00 AM,58,31,27
12/16/2013 12:00:00 PM,66,35,31
12/16/2013 01:00:00 PM,67,37,30
12/16/2013 02:00:00 PM,96,54,42
12/16/2013 03:00:00 PM,132,68,64
12/16/2013 04:00:00 PM,178,87,91
12/16/2013 05:00:00 PM,350,109,241
12/16/2013 06:00:00 PM,267,71,196
12/16/2013 07:00:00 PM,134,42,92
12/16/2013 08:00:00 PM,61,21,40
12/16/2013 09:00:00 PM,50,24,26
12/16/2013 10:00:00 PM,23,8,15
12/16/2013 11:00:00 PM,15,5,10
12/17/2013 12:00:00 AM,12,6,6
12/17/2013 01:00:00 AM,5,2,3
12/17/2013 02:00:00 AM,5,3,2
12/17/2013 03:00:00 AM,2,2,0
12/17/2013 04:00:00 AM,7,4,3
12/17/2013 05:00:00 AM,23,20,3
12/17/2013 06:00:00 AM,71,47,24
12/17/2013 07:00:00 AM,207,149,58
12/17/2013 08:00:00 AM,342,233,109
12/17/2013 09:00:00 AM,217,137,80
12/17/2013 10:00:00 AM,67,41,26
12/17/2013 11:00:00 AM,39,17,22
12/17/2013 12:00:00 PM,42,28,14
12/17/2013 01:00:00 PM,47,28,19
12/17/2013 02:00:00 PM,63,33,30
12/17/2013 03:00:00 PM,75,41,34
12/17/2013 04:00:00 PM,157,57,100
12/17/2013 05:00:00 PM,314,99,215
12/17/2013 06:00:00 PM,282,89,193
12/17/2013 07:00:00 PM,134,46,88
12/17/2013 08:00:00 PM,37,18,19
12/17/2013 09:00:00 PM,41,20,21
12/17/2013 10:00:00 PM,22,13,9
12/17/2013 11:00:00 PM,21,5,16
12/18/2013 12:00:00 AM,5,4,1
12/18/2013 01:00:00 AM,2,1,1
12/18/2013 02:00:00 AM,6,4,2
12/18/2013 03:00:00 AM,1,1,0
12/18/2013 04:00:00 AM,5,5,0
12/18/2013 05:00:00 AM,24,18,6
12/18/2013 06:00:00 AM,81,59,22
12/18/2013 07:00:00 AM,178,128,50
12/18/2013 08:00:00 AM,314,220,94
12/18/2013 09:00:00 AM,193,126,67
12/18/2013 10:00:00 AM,87,53,34
12/18/2013 11:00:00 AM,43,16,27
12/18/2013 12:00:00 PM,49,31,18
12/18/2013 01:00:00 PM,60,32,28
12/18/2013 02:00:00 PM,62,36,26
12/18/2013 03:00:00 PM,85,41,44
12/18/2013 04:00:00 PM,150,56,94
12/18/2013 05:00:00 PM,306,96,210
12/18/2013 06:00:00 PM,268,71,197
12/18/2013 07:00:00 PM,107,30,77
12/18/2013 08:00:00 PM,70,15,55
12/18/2013 09:00:00 PM,32,12,20
12/18/2013 10:00:00 PM,27,13,14
12/18/2013 11:00:00 PM,16,11,5
12/19/2013 12:00:00 AM,5,3,2
12/19/2013 01:00:00 AM,6,1,5
12/19/2013 02:00:00 AM,3,2,1
12/19/2013 03:00:00 AM,2,1,1
12/19/2013 04:00:00 AM,1,1,0
12/19/2013 05:00:00 AM,22,18,4
12/19/2013 06:00:00 AM,73,54,19
12/19/2013 07:00:00 AM,169,121,48
12/19/2013 08:00:00 AM,284,196,88
12/19/2013 09:00:00 AM,193,132,61
12/19/2013 10:00:00 AM,90,55,35
12/19/2013 11:00:00 AM,48,27,21
12/19/2013 12:00:00 PM,46,30,16
12/19/2013 01:00:00 PM,64,32,32
12/19/2013 02:00:00 PM,61,36,25
12/19/2013 03:00:00 PM,94,51,43
12/19/2013 04:00:00 PM,131,54,77
12/19/2013 05:00:00 PM,293,86,207
12/19/2013 06:00:00 PM,253,74,179
12/19/2013 07:00:00 PM,108,31,77
12/19/2013 08:00:00 PM,49,21,28
12/19/2013 09:00:00 PM,44,20,24
12/19/2013 10:00:00 PM,16,7,9
12/19/2013 11:00:00 PM,20,10,10
12/20/2013 12:00:00 AM,12,5,7
12/20/2013 01:00:00 AM,8,1,7
12/20/2013 02:00:00 AM,4,2,2
12/20/2013 03:00:00 AM,1,0,1
12/20/2013 04:00:00 AM,2,2,0
12/20/2013 05:00:00 AM,13,11,2
12/20/2013 06:00:00 AM,18,12,6
12/20/2013 07:00:00 AM,36,20,16
12/20/2013 08:00:00 AM,67,44,23
12/20/2013 09:00:00 AM,64,38,26
12/20/2013 10:00:00 AM,43,31,12
12/20/2013 11:00:00 AM,27,20,7
12/20/2013 12:00:00 PM,24,11,13
12/20/2013 01:00:00 PM,27,17,10
12/20/2013 02:00:00 PM,25,10,15
12/20/2013 03:00:00 PM,43,23,20
12/20/2013 04:00:00 PM,73,27,46
12/20/2013 05:00:00 PM,84,30,54
12/20/2013 06:00:00 PM,62,21,41
12/20/2013 07:00:00 PM,35,12,23
12/20/2013 08:00:00 PM,33,14,19
12/20/2013 09:00:00 PM,15,5,10
12/20/2013 10:00:00 PM,15,11,4
12/20/2013 11:00:00 PM,8,2,6
12/21/2013 12:00:00 AM,5,3,2
12/21/2013 01:00:00 AM,2,0,2
12/21/2013 02:00:00 AM,6,4,2
12/21/2013 03:00:00 AM,3,0,3
12/21/2013 04:00:00 AM,4,1,3
12/21/2013 05:00:00 AM,3,3,0
12/21/2013 06:00:00 AM,11,5,6
12/21/2013 07:00:00 AM,19,13,6
12/21/2013 08:00:00 AM,25,15,10
12/21/2013 09:00:00 AM,44,28,16
12/21/2013 10:00:00 AM,37,26,11
12/21/2013 11:00:00 AM,32,22,10
12/21/2013 12:00:00 PM,30,17,13
12/21/2013 01:00:00 PM,48,30,18
12/21/2013 02:00:00 PM,44,31,13
12/21/2013 03:00:00 PM,48,31,17
12/21/2013 04:00:00 PM,38,21,17
12/21/2013 05:00:00 PM,28,17,11
12/21/2013 06:00:00 PM,19,7,12
12/21/2013 07:00:00 PM,25,12,13
12/21/2013 08:00:00 PM,18,6,12
12/21/2013 09:00:00 PM,11,6,5
12/21/2013 10:00:00 PM,9,4,5
12/21/2013 11:00:00 PM,11,8,3
12/22/2013 12:00:00 AM,5,1,4
12/22/2013 01:00:00 AM,10,5,5
12/22/2013 02:00:00 AM,6,3,3
12/22/2013 03:00:00 AM,2,1,1
12/22/2013 04:00:00 AM,3,1,2
12/22/2013 05:00:00 AM,6,5,1
12/22/2013 06:00:00 AM,6,1,5
12/22/2013 07:00:00 AM,9,7,2
12/22/2013 08:00:00 AM,23,18,5
12/22/2013 09:00:00 AM,25,12,13
12/22/2013 10:00:00 AM,29,19,10
12/22/2013 11:00:00 AM,36,18,18
12/22/2013 12:00:00 PM,38,23,15
12/22/2013 01:00:00 PM,32,16,16
12/22/2013 02:00:00 PM,33,21,12
12/22/2013 03:00:00 PM,28,13,15
12/22/2013 04:00:00 PM,16,7,9
12/22/2013 05:00:00 PM,22,10,12
12/22/2013 06:00:00 PM,14,5,9
12/22/2013 07:00:00 PM,10,6,4
12/22/2013 08:00:00 PM,10,3,7
12/22/2013 09:00:00 PM,17,4,13
12/22/2013 10:00:00 PM,8,4,4
12/22/2013 11:00:00 PM,12,5,7
12/23/2013 12:00:00 AM,12,10,2
12/23/2013 01:00:00 AM,3,3,0
12/23/2013 02:00:00 AM,1,0,1
12/23/2013 03:00:00 AM,1,1,0
12/23/2013 04:00:00 AM,4,2,2
12/23/2013 05:00:00 AM,17,12,5
12/23/2013 06:00:00 AM,53,31,22
12/23/2013 07:00:00 AM,98,75,23
12/23/2013 08:00:00 AM,150,103,47
12/23/2013 09:00:00 AM,98,69,29
12/23/2013 10:00:00 AM,64,36,28
12/23/2013 11:00:00 AM,52,24,28
12/23/2013 12:00:00 PM,48,23,25
12/23/2013 01:00:00 PM,53,29,24
12/23/2013 02:00:00 PM,64,31,33
12/23/2013 03:00:00 PM,94,42,52
12/23/2013 04:00:00 PM,148,60,88
12/23/2013 05:00:00 PM,197,55,142
12/23/2013 06:00:00 PM,95,29,66
12/23/2013 07:00:00 PM,63,28,35
12/23/2013 08:00:00 PM,44,18,26
12/23/2013 09:00:00 PM,24,12,12
12/23/2013 10:00:00 PM,23,12,11
12/23/2013 11:00:00 PM,11,4,7
12/24/2013 12:00:00 AM,8,2,6
12/24/2013 01:00:00 AM,5,1,4
12/24/2013 02:00:00 AM,2,0,2
12/24/2013 03:00:00 AM,1,1,0
12/24/2013 04:00:00 AM,6,3,3
12/24/2013 05:00:00 AM,12,9,3
12/24/2013 06:00:00 AM,35,25,10
12/24/2013 07:00:00 AM,82,61,21
12/24/2013 08:00:00 AM,95,62,33
12/24/2013 09:00:00 AM,80,46,34
12/24/2013 10:00:00 AM,60,41,19
12/24/2013 11:00:00 AM,52,32,20
12/24/2013 12:00:00 PM,89,50,39
12/24/2013 01:00:00 PM,87,45,42
12/24/2013 02:00:00 PM,121,64,57
12/24/2013 03:00:00 PM,128,55,73
12/24/2013 04:00:00 PM,91,49,42
12/24/2013 05:00:00 PM,52,21,31
12/24/2013 06:00:00 PM,25,9,16
12/24/2013 07:00:00 PM,19,9,10
12/24/2013 08:00:00 PM,12,5,7
12/24/2013 09:00:00 PM,4,3,1
12/24/2013 10:00:00 PM,14,9,5
12/24/2013 11:00:00 PM,2,1,1
12/25/2013 12:00:00 AM,7,5,2
12/25/2013 01:00:00 AM,4,3,1
12/25/2013 02:00:00 AM,0,0,0
12/25/2013 03:00:00 AM,0,0,0
12/25/2013 04:00:00 AM,1,0,1
12/25/2013 05:00:00 AM,3,2,1
12/25/2013 06:00:00 AM,3,2,1
12/25/2013 07:00:00 AM,2,0,2
12/25/2013 08:00:00 AM,6,2,4
12/25/2013 09:00:00 AM,11,7,4
12/25/2013 10:00:00 AM,13,5,8
12/25/2013 11:00:00 AM,31,21,10
12/25/2013 12:00:00 PM,19,15,4
12/25/2013 01:00:00 PM,48,27,21
12/25/2013 02:00:00 PM,76,47,29
12/25/2013 03:00:00 PM,52,34,18
12/25/2013 04:00:00 PM,33,16,17
12/25/2013 05:00:00 PM,13,8,5
12/25/2013 06:00:00 PM,8,6,2
12/25/2013 07:00:00 PM,17,9,8
12/25/2013 08:00:00 PM,8,3,5
12/25/2013 09:00:00 PM,7,4,3
12/25/2013 10:00:00 PM,4,2,2
12/25/2013 11:00:00 PM,5,3,2
12/26/2013 12:00:00 AM,2,1,1
12/26/2013 01:00:00 AM,0,0,0
12/26/2013 02:00:00 AM,0,0,0
12/26/2013 03:00:00 AM,1,0,1
12/26/2013 04:00:00 AM,2,0,2
12/26/2013 05:00:00 AM,14,12,2
12/26/2013 06:00:00 AM,31,20,11
12/26/2013 07:00:00 AM,77,46,31
12/26/2013 08:00:00 AM,118,78,40
12/26/2013 09:00:00 AM,83,47,36
12/26/2013 10:00:00 AM,63,44,19
12/26/2013 11:00:00 AM,46,29,17
12/26/2013 12:00:00 PM,62,32,30
12/26/2013 01:00:00 PM,61,39,22
12/26/2013 02:00:00 PM,78,36,42
12/26/2013 03:00:00 PM,87,43,44
12/26/2013 04:00:00 PM,111,51,60
12/26/2013 05:00:00 PM,147,59,88
12/26/2013 06:00:00 PM,87,29,58
12/26/2013 07:00:00 PM,51,18,33
12/26/2013 08:00:00 PM,27,9,18
12/26/2013 09:00:00 PM,15,5,10
12/26/2013 10:00:00 PM,20,6,14
12/26/2013 11:00:00 PM,7,3,4
12/27/2013 12:00:00 AM,5,2,3
12/27/2013 01:00:00 AM,7,4,3
12/27/2013 02:00:00 AM,3,2,1
12/27/2013 03:00:00 AM,2,1,1
12/27/2013 04:00:00 AM,3,1,2
12/27/2013 05:00:00 AM,10,8,2
12/27/2013 06:00:00 AM,44,28,16
12/27/2013 07:00:00 AM,75,56,19
12/27/2013 08:00:00 AM,109,82,27
12/27/2013 09:00:00 AM,88,52,36
12/27/2013 10:00:00 AM,81,46,35
12/27/2013 11:00:00 AM,34,21,13
12/27/2013 12:00:00 PM,41,23,18
12/27/2013 01:00:00 PM,49,26,23
12/27/2013 02:00:00 PM,47,25,22
12/27/2013 03:00:00 PM,63,30,33
12/27/2013 04:00:00 PM,101,44,57
12/27/2013 05:00:00 PM,127,40,87
12/27/2013 06:00:00 PM,73,25,48
12/27/2013 07:00:00 PM,38,14,24
12/27/2013 08:00:00 PM,28,12,16
12/27/2013 09:00:00 PM,14,4,10
12/27/2013 10:00:00 PM,13,5,8
12/27/2013 11:00:00 PM,11,5,6
12/28/2013 12:00:00 AM,6,5,1
12/28/2013 01:00:00 AM,4,1,3
12/28/2013 02:00:00 AM,3,2,1
12/28/2013 03:00:00 AM,4,2,2
12/28/2013 04:00:00 AM,1,1,0
12/28/2013 05:00:00 AM,3,1,2
12/28/2013 06:00:00 AM,15,7,8
12/28/2013 07:00:00 AM,11,7,4
12/28/2013 08:00:00 AM,24,15,9
12/28/2013 09:00:00 AM,43,21,22
12/28/2013 10:00:00 AM,49,30,19
12/28/2013 11:00:00 AM,75,42,33
12/28/2013 12:00:00 PM,73,29,44
12/28/2013 01:00:00 PM,86,49,37
12/28/2013 02:00:00 PM,90,47,43
12/28/2013 03:00:00 PM,92,60,32
12/28/2013 04:00:00 PM,119,74,45
12/28/2013 05:00:00 PM,46,26,20
12/28/2013 06:00:00 PM,31,17,14
12/28/2013 07:00:00 PM,28,16,12
12/28/2013 08:00:00 PM,28,11,17
12/28/2013 09:00:00 PM,16,6,10
12/28/2013 10:00:00 PM,11,3,8
12/28/2013 11:00:00 PM,17,11,6
12/29/2013 12:00:00 AM,9,6,3
12/29/2013 01:00:00 AM,4,3,1
12/29/2013 02:00:00 AM,7,3,4
12/29/2013 03:00:00 AM,7,5,2
12/29/2013 04:00:00 AM,3,2,1
12/29/2013 05:00:00 AM,3,2,1
12/29/2013 06:00:00 AM,8,5,3
12/29/2013 07:00:00 AM,10,7,3
12/29/2013 08:00:00 AM,21,10,11
12/29/2013 09:00:00 AM,36,22,14
12/29/2013 10:00:00 AM,48,32,16
12/29/2013 11:00:00 AM,68,42,26
12/29/2013 12:00:00 PM,67,35,32
12/29/2013 01:00:00 PM,66,36,30
12/29/2013 02:00:00 PM,73,43,30
12/29/2013 03:00:00 PM,57,25,32
12/29/2013 04:00:00 PM,44,29,15
12/29/2013 05:00:00 PM,51,24,27
12/29/2013 06:00:00 PM,35,20,15
12/29/2013 07:00:00 PM,16,11,5
12/29/2013 08:00:00 PM,16,8,8
12/29/2013 09:00:00 PM,6,2,4
12/29/2013 10:00:00 PM,14,7,7
12/29/2013 11:00:00 PM,15,9,6
12/30/2013 12:00:00 AM,4,4,0
12/30/2013 01:00:00 AM,8,4,4
12/30/2013 02:00:00 AM,2,0,2
12/30/2013 03:00:00 AM,2,1,1
12/30/2013 04:00:00 AM,4,1,3
12/30/2013 05:00:00 AM,19,17,2
12/30/2013 06:00:00 AM,72,49,23
12/30/2013 07:00:00 AM,137,94,43
12/30/2013 08:00:00 AM,208,142,66
12/30/2013 09:00:00 AM,142,90,52
12/30/2013 10:00:00 AM,62,44,18
12/30/2013 11:00:00 AM,54,31,23
12/30/2013 12:00:00 PM,55,39,16
12/30/2013 01:00:00 PM,74,26,48
12/30/2013 02:00:00 PM,48,22,26
12/30/2013 03:00:00 PM,99,44,55
12/30/2013 04:00:00 PM,150,59,91
12/30/2013 05:00:00 PM,258,68,190
12/30/2013 06:00:00 PM,146,44,102
12/30/2013 07:00:00 PM,64,25,39
12/30/2013 08:00:00 PM,43,26,17
12/30/2013 09:00:00 PM,24,12,12
12/30/2013 10:00:00 PM,23,14,9
12/30/2013 11:00:00 PM,24,9,15
12/31/2013 12:00:00 AM,12,8,4
12/31/2013 01:00:00 AM,6,2,4
12/31/2013 02:00:00 AM,1,1,0
12/31/2013 03:00:00 AM,1,1,0
12/31/2013 04:00:00 AM,4,1,3
12/31/2013 05:00:00 AM,15,12,3
12/31/2013 06:00:00 AM,60,33,27
12/31/2013 07:00:00 AM,107,68,39
12/31/2013 08:00:00 AM,160,111,49
12/31/2013 09:00:00 AM,127,77,50
12/31/2013 10:00:00 AM,57,28,29
12/31/2013 11:00:00 AM,47,25,22
12/31/2013 12:00:00 PM,49,30,19
12/31/2013 01:00:00 PM,54,28,26
12/31/2013 02:00:00 PM,72,27,45
12/31/2013 03:00:00 PM,124,60,64
12/31/2013 04:00:00 PM,166,52,114
12/31/2013 05:00:00 PM,172,55,117
12/31/2013 06:00:00 PM,64,25,39
12/31/2013 07:00:00 PM,38,21,17
12/31/2013 08:00:00 PM,36,13,23
12/31/2013 09:00:00 PM,11,5,6
12/31/2013 10:00:00 PM,14,10,4
12/31/2013 11:00:00 PM,22,17,5
01/01/2014 12:00:00 AM,23,5,18
01/01/2014 01:00:00 AM,27,8,19
01/01/2014 02:00:00 AM,19,7,12
01/01/2014 03:00:00 AM,13,5,8
01/01/2014 04:00:00 AM,6,3,3
01/01/2014 05:00:00 AM,6,4,2
01/01/2014 06:00:00 AM,2,1,1
01/01/2014 07:00:00 AM,9,6,3
01/01/2014 08:00:00 AM,22,14,8
01/01/2014 09:00:00 AM,27,14,13
01/01/2014 10:00:00 AM,47,32,15
01/01/2014 11:00:00 AM,74,37,37
01/01/2014 12:00:00 PM,90,49,41
01/01/2014 01:00:00 PM,103,71,32
01/01/2014 02:00:00 PM,140,82,58
01/01/2014 03:00:00 PM,77,42,35
01/01/2014 04:00:00 PM,105,59,46
01/01/2014 05:00:00 PM,37,15,22
01/01/2014 06:00:00 PM,20,10,10
01/01/2014 07:00:00 PM,20,11,9
01/01/2014 08:00:00 PM,14,7,7
01/01/2014 09:00:00 PM,9,3,6
01/01/2014 10:00:00 PM,15,9,6
01/01/2014 11:00:00 PM,9,4,5
01/02/2014 12:00:00 AM,3,2,1
01/02/2014 01:00:00 AM,3,2,1
01/02/2014 02:00:00 AM,0,0,0
01/02/2014 03:00:00 AM,4,2,2
01/02/2014 04:00:00 AM,2,1,1
01/02/2014 05:00:00 AM,20,17,3
01/02/2014 06:00:00 AM,74,56,18
01/02/2014 07:00:00 AM,165,126,39
01/02/2014 08:00:00 AM,248,166,82
01/02/2014 09:00:00 AM,182,118,64
01/02/2014 10:00:00 AM,75,48,27
01/02/2014 11:00:00 AM,60,29,31
01/02/2014 12:00:00 PM,74,41,33
01/02/2014 01:00:00 PM,51,29,22
01/02/2014 02:00:00 PM,53,21,32
01/02/2014 03:00:00 PM,67,30,37
01/02/2014 04:00:00 PM,145,56,89
01/02/2014 05:00:00 PM,281,70,211
01/02/2014 06:00:00 PM,205,58,147
01/02/2014 07:00:00 PM,76,32,44
01/02/2014 08:00:00 PM,44,12,32
01/02/2014 09:00:00 PM,12,7,5
01/02/2014 10:00:00 PM,8,2,6
01/02/2014 11:00:00 PM,13,6,7
01/03/2014 12:00:00 AM,10,4,6
01/03/2014 01:00:00 AM,5,2,3
01/03/2014 02:00:00 AM,1,1,0
01/03/2014 03:00:00 AM,1,0,1
01/03/2014 04:00:00 AM,6,4,2
01/03/2014 05:00:00 AM,15,11,4
01/03/2014 06:00:00 AM,64,46,18
01/03/2014 07:00:00 AM,169,126,43
01/03/2014 08:00:00 AM,231,174,57
01/03/2014 09:00:00 AM,192,126,66
01/03/2014 10:00:00 AM,85,49,36
01/03/2014 11:00:00 AM,65,33,32
01/03/2014 12:00:00 PM,72,45,27
01/03/2014 01:00:00 PM,86,57,29
01/03/2014 02:00:00 PM,95,59,36
01/03/2014 03:00:00 PM,109,63,46
01/03/2014 04:00:00 PM,193,64,129
01/03/2014 05:00:00 PM,282,80,202
01/03/2014 06:00:00 PM,175,58,117
01/03/2014 07:00:00 PM,77,33,44
01/03/2014 08:00:00 PM,30,10,20
01/03/2014 09:00:00 PM,32,14,18
01/03/2014 10:00:00 PM,20,14,6
01/03/2014 11:00:00 PM,12,6,6
01/04/2014 12:00:00 AM,9,4,5
01/04/2014 01:00:00 AM,8,5,3
01/04/2014 02:00:00 AM,2,0,2
01/04/2014 03:00:00 AM,0,0,0
01/04/2014 04:00:00 AM,5,1,4
01/04/2014 05:00:00 AM,2,2,0
01/04/2014 06:00:00 AM,11,9,2
01/04/2014 07:00:00 AM,8,5,3
01/04/2014 08:00:00 AM,41,19,22
01/04/2014 09:00:00 AM,60,35,25
01/04/2014 10:00:00 AM,63,39,24
01/04/2014 11:00:00 AM,91,56,35
01/04/2014 12:00:00 PM,125,73,52
01/04/2014 01:00:00 PM,151,76,75
01/04/2014 02:00:00 PM,163,102,61
01/04/2014 03:00:00 PM,133,80,53
01/04/2014 04:00:00 PM,92,49,43
01/04/2014 05:00:00 PM,67,32,35
01/04/2014 06:00:00 PM,32,19,13
01/04/2014 07:00:00 PM,36,20,16
01/04/2014 08:00:00 PM,26,12,14
01/04/2014 09:00:00 PM,20,8,12
01/04/2014 10:00:00 PM,11,4,7
01/04/2014 11:00:00 PM,16,7,9
01/05/2014 12:00:00 AM,12,8,4
01/05/2014 01:00:00 AM,4,3,1
01/05/2014 02:00:00 AM,5,1,4
01/05/2014 03:00:00 AM,3,3,0
01/05/2014 04:00:00 AM,7,3,4
01/05/2014 05:00:00 AM,6,6,0
01/05/2014 06:00:00 AM,5,3,2
01/05/2014 07:00:00 AM,10,7,3
01/05/2014 08:00:00 AM,42,21,21
01/05/2014 09:00:00 AM,43,27,16
01/05/2014 10:00:00 AM,69,45,24
01/05/2014 11:00:00 AM,77,41,36
01/05/2014 12:00:00 PM,139,98,41
01/05/2014 01:00:00 PM,129,72,57
01/05/2014 02:00:00 PM,170,93,77
01/05/2014 03:00:00 PM,153,92,61
01/05/2014 04:00:00 PM,104,62,42
01/05/2014 05:00:00 PM,54,30,24
01/05/2014 06:00:00 PM,40,20,20
01/05/2014 07:00:00 PM,26,11,15
01/05/2014 08:00:00 PM,12,7,5
01/05/2014 09:00:00 PM,14,6,8
01/05/2014 10:00:00 PM,14,2,12
01/05/2014 11:00:00 PM,13,4,9
01/06/2014 12:00:00 AM,7,2,5
01/06/2014 01:00:00 AM,3,2,1
01/06/2014 02:00:00 AM,3,3,0
01/06/2014 03:00:00 AM,3,0,3
01/06/2014 04:00:00 AM,2,1,1
01/06/2014 05:00:00 AM,26,20,6
01/06/2014 06:00:00 AM,81,51,30
01/06/2014 07:00:00 AM,201,146,55
01/06/2014 08:00:00 AM,306,220,86
01/06/2014 09:00:00 AM,232,143,89
01/06/2014 10:00:00 AM,92,60,32
01/06/2014 11:00:00 AM,57,35,22
01/06/2014 12:00:00 PM,58,23,35
01/06/2014 01:00:00 PM,53,31,22
01/06/2014 02:00:00 PM,81,41,40
01/06/2014 03:00:00 PM,82,43,39
01/06/2014 04:00:00 PM,172,75,97
01/06/2014 05:00:00 PM,358,100,258
01/06/2014 06:00:00 PM,258,75,183
01/06/2014 07:00:00 PM,105,39,66
01/06/2014 08:00:00 PM,54,17,37
01/06/2014 09:00:00 PM,32,11,21
01/06/2014 10:00:00 PM,22,11,11
01/06/2014 11:00:00 PM,16,6,10
01/07/2014 12:00:00 AM,6,4,2
01/07/2014 01:00:00 AM,3,1,2
01/07/2014 02:00:00 AM,4,3,1
01/07/2014 03:00:00 AM,1,0,1
01/07/2014 04:00:00 AM,5,2,3
01/07/2014 05:00:00 AM,21,16,5
01/07/2014 06:00:00 AM,87,57,30
01/07/2014 07:00:00 AM,195,140,55
01/07/2014 08:00:00 AM,321,228,93
01/07/2014 09:00:00 AM,202,142,60
01/07/2014 10:00:00 AM,79,51,28
01/07/2014 11:00:00 AM,35,18,17
01/07/2014 12:00:00 PM,32,20,12
01/07/2014 01:00:00 PM,41,24,17
01/07/2014 02:00:00 PM,54,29,25
01/07/2014 03:00:00 PM,71,32,39
01/07/2014 04:00:00 PM,134,52,82
01/07/2014 05:00:00 PM,323,90,233
01/07/2014 06:00:00 PM,263,88,175
01/07/2014 07:00:00 PM,99,31,68
01/07/2014 08:00:00 PM,44,17,27
01/07/2014 09:00:00 PM,29,12,17
01/07/2014 10:00:00 PM,21,9,12
01/07/2014 11:00:00 PM,12,5,7
01/08/2014 12:00:00 AM,7,4,3
01/08/2014 01:00:00 AM,3,1,2
01/08/2014 02:00:00 AM,1,1,0
01/08/2014 03:00:00 AM,3,1,2
01/08/2014 04:00:00 AM,5,4,1
01/08/2014 05:00:00 AM,20,15,5
01/08/2014 06:00:00 AM,63,46,17
01/08/2014 07:00:00 AM,192,130,62
01/08/2014 08:00:00 AM,329,241,88
01/08/2014 09:00:00 AM,223,141,82
01/08/2014 10:00:00 AM,75,44,31
01/08/2014 11:00:00 AM,43,23,20
01/08/2014 12:00:00 PM,30,15,15
01/08/2014 01:00:00 PM,36,19,17
01/08/2014 02:00:00 PM,31,19,12
01/08/2014 03:00:00 PM,55,28,27
01/08/2014 04:00:00 PM,111,39,72
01/08/2014 05:00:00 PM,255,73,182
01/08/2014 06:00:00 PM,247,71,176
01/08/2014 07:00:00 PM,91,29,62
01/08/2014 08:00:00 PM,62,27,35
01/08/2014 09:00:00 PM,27,9,18
01/08/2014 10:00:00 PM,21,7,14
01/08/2014 11:00:00 PM,18,11,7
01/09/2014 12:00:00 AM,6,3,3
01/09/2014 01:00:00 AM,4,2,2
01/09/2014 02:00:00 AM,2,1,1
01/09/2014 03:00:00 AM,3,2,1
01/09/2014 04:00:00 AM,3,1,2
01/09/2014 05:00:00 AM,16,11,5
01/09/2014 06:00:00 AM,68,47,21
01/09/2014 07:00:00 AM,183,129,54
01/09/2014 08:00:00 AM,306,208,98
01/09/2014 09:00:00 AM,194,120,74
01/09/2014 10:00:00 AM,89,58,31
01/09/2014 11:00:00 AM,64,31,33
01/09/2014 12:00:00 PM,31,15,16
01/09/2014 01:00:00 PM,27,17,10
01/09/2014 02:00:00 PM,57,32,25
01/09/2014 03:00:00 PM,73,42,31
01/09/2014 04:00:00 PM,140,46,94
01/09/2014 05:00:00 PM,293,84,209
01/09/2014 06:00:00 PM,253,83,170
01/09/2014 07:00:00 PM,126,44,82
01/09/2014 08:00:00 PM,103,18,85
01/09/2014 09:00:00 PM,36,15,21
01/09/2014 10:00:00 PM,27,10,17
01/09/2014 11:00:00 PM,16,8,8
01/10/2014 12:00:00 AM,8,3,5
01/10/2014 01:00:00 AM,10,8,2
01/10/2014 02:00:00 AM,2,1,1
01/10/2014 03:00:00 AM,3,1,2
01/10/2014 04:00:00 AM,5,2,3
01/10/2014 05:00:00 AM,14,9,5
01/10/2014 06:00:00 AM,68,46,22
01/10/2014 07:00:00 AM,147,104,43
01/10/2014 08:00:00 AM,253,197,56
01/10/2014 09:00:00 AM,177,111,66
01/10/2014 10:00:00 AM,86,55,31
01/10/2014 11:00:00 AM,43,23,20
01/10/2014 12:00:00 PM,45,30,15
01/10/2014 01:00:00 PM,52,26,26
01/10/2014 02:00:00 PM,66,40,26
01/10/2014 03:00:00 PM,88,52,36
01/10/2014 04:00:00 PM,130,55,75
01/10/2014 05:00:00 PM,242,79,163
01/10/2014 06:00:00 PM,192,68,124
01/10/2014 07:00:00 PM,64,18,46
01/10/2014 08:00:00 PM,36,14,22
01/10/2014 09:00:00 PM,17,6,11
01/10/2014 10:00:00 PM,14,8,6
01/10/2014 11:00:00 PM,18,8,10
01/11/2014 12:00:00 AM,10,5,5
01/11/2014 01:00:00 AM,4,3,1
01/11/2014 02:00:00 AM,3,1,2
01/11/2014 03:00:00 AM,3,1,2
01/11/2014 04:00:00 AM,0,0,0
01/11/2014 05:00:00 AM,4,3,1
01/11/2014 06:00:00 AM,10,4,6
01/11/2014 07:00:00 AM,14,7,7
01/11/2014 08:00:00 AM,33,21,12
01/11/2014 09:00:00 AM,50,28,22
01/11/2014 10:00:00 AM,57,30,27
01/11/2014 11:00:00 AM,27,19,8
01/11/2014 12:00:00 PM,21,13,8
01/11/2014 01:00:00 PM,29,15,14
01/11/2014 02:00:00 PM,18,12,6
01/11/2014 03:00:00 PM,13,9,4
01/11/2014 04:00:00 PM,21,10,11
01/11/2014 05:00:00 PM,18,9,9
01/11/2014 06:00:00 PM,32,17,15
01/11/2014 07:00:00 PM,17,10,7
01/11/2014 08:00:00 PM,12,7,5
01/11/2014 09:00:00 PM,10,4,6
01/11/2014 10:00:00 PM,11,3,8
01/11/2014 11:00:00 PM,6,4,2
01/12/2014 12:00:00 AM,11,5,6
01/12/2014 01:00:00 AM,5,4,1
01/12/2014 02:00:00 AM,2,2,0
01/12/2014 03:00:00 AM,4,1,3
01/12/2014 04:00:00 AM,3,3,0
01/12/2014 05:00:00 AM,6,4,2
01/12/2014 06:00:00 AM,10,2,8
01/12/2014 07:00:00 AM,2,1,1
01/12/2014 08:00:00 AM,21,11,10
01/12/2014 09:00:00 AM,33,21,12
01/12/2014 10:00:00 AM,41,24,17
01/12/2014 11:00:00 AM,42,20,22
01/12/2014 12:00:00 PM,64,34,30
01/12/2014 01:00:00 PM,56,30,26
01/12/2014 02:00:00 PM,68,40,28
01/12/2014 03:00:00 PM,65,30,35
01/12/2014 04:00:00 PM,62,40,22
01/12/2014 05:00:00 PM,37,22,15
01/12/2014 06:00:00 PM,36,25,11
01/12/2014 07:00:00 PM,35,28,7
01/12/2014 08:00:00 PM,16,9,7
01/12/2014 09:00:00 PM,16,6,10
01/12/2014 10:00:00 PM,9,3,6
01/12/2014 11:00:00 PM,11,5,6
01/13/2014 12:00:00 AM,8,3,5
01/13/2014 01:00:00 AM,4,4,0
01/13/2014 02:00:00 AM,2,1,1
01/13/2014 03:00:00 AM,4,3,1
01/13/2014 04:00:00 AM,4,2,2
01/13/2014 05:00:00 AM,16,12,4
01/13/2014 06:00:00 AM,84,55,29
01/13/2014 07:00:00 AM,202,142,60
01/13/2014 08:00:00 AM,359,274,85
01/13/2014 09:00:00 AM,234,151,83
01/13/2014 10:00:00 AM,95,54,41
01/13/2014 11:00:00 AM,63,33,30
01/13/2014 12:00:00 PM,53,35,18
01/13/2014 01:00:00 PM,68,29,39
01/13/2014 02:00:00 PM,67,37,30
01/13/2014 03:00:00 PM,91,47,44
01/13/2014 04:00:00 PM,165,78,87
01/13/2014 05:00:00 PM,378,103,275
01/13/2014 06:00:00 PM,317,98,219
01/13/2014 07:00:00 PM,125,42,83
01/13/2014 08:00:00 PM,82,31,51
01/13/2014 09:00:00 PM,57,18,39
01/13/2014 10:00:00 PM,27,13,14
01/13/2014 11:00:00 PM,25,14,11
01/14/2014 12:00:00 AM,14,9,5
01/14/2014 01:00:00 AM,1,0,1
01/14/2014 02:00:00 AM,1,0,1
01/14/2014 03:00:00 AM,1,1,0
01/14/2014 04:00:00 AM,11,8,3
01/14/2014 05:00:00 AM,24,13,11
01/14/2014 06:00:00 AM,99,72,27
01/14/2014 07:00:00 AM,254,180,74
01/14/2014 08:00:00 AM,385,275,110
01/14/2014 09:00:00 AM,290,175,115
01/14/2014 10:00:00 AM,105,68,37
01/14/2014 11:00:00 AM,55,29,26
01/14/2014 12:00:00 PM,67,38,29
01/14/2014 01:00:00 PM,75,37,38
01/14/2014 02:00:00 PM,76,40,36
01/14/2014 03:00:00 PM,107,57,50
01/14/2014 04:00:00 PM,199,84,115
01/14/2014 05:00:00 PM,405,102,303
01/14/2014 06:00:00 PM,319,104,215
01/14/2014 07:00:00 PM,142,61,81
01/14/2014 08:00:00 PM,65,28,37
01/14/2014 09:00:00 PM,60,17,43
01/14/2014 10:00:00 PM,36,15,21
01/14/2014 11:00:00 PM,17,6,11
01/15/2014 12:00:00 AM,7,7,0
01/15/2014 01:00:00 AM,4,2,2
01/15/2014 02:00:00 AM,2,2,0
01/15/2014 03:00:00 AM,2,1,1
01/15/2014 04:00:00 AM,8,3,5
01/15/2014 05:00:00 AM,18,10,8
01/15/2014 06:00:00 AM,96,73,23
01/15/2014 07:00:00 AM,226,164,62
01/15/2014 08:00:00 AM,371,261,110
01/15/2014 09:00:00 AM,244,158,86
01/15/2014 10:00:00 AM,96,52,44
01/15/2014 11:00:00 AM,66,40,26
01/15/2014 12:00:00 PM,88,43,45
01/15/2014 01:00:00 PM,76,37,39
01/15/2014 02:00:00 PM,93,52,41
01/15/2014 03:00:00 PM,95,51,44
01/15/2014 04:00:00 PM,192,73,119
01/15/2014 05:00:00 PM,365,111,254
01/15/2014 06:00:00 PM,361,137,224
01/15/2014 07:00:00 PM,153,49,104
01/15/2014 08:00:00 PM,86,26,60
01/15/2014 09:00:00 PM,60,28,32
01/15/2014 10:00:00 PM,49,17,32
01/15/2014 11:00:00 PM,14,3,11
01/16/2014 12:00:00 AM,13,5,8
01/16/2014 01:00:00 AM,7,3,4
01/16/2014 02:00:00 AM,5,3,2
01/16/2014 03:00:00 AM,2,1,1
01/16/2014 04:00:00 AM,2,1,1
01/16/2014 05:00:00 AM,24,17,7
01/16/2014 06:00:00 AM,102,72,30
01/16/2014 07:00:00 AM,226,161,65
01/16/2014 08:00:00 AM,382,269,113
01/16/2014 09:00:00 AM,234,154,80
01/16/2014 10:00:00 AM,116,60,56
01/16/2014 11:00:00 AM,59,30,29
01/16/2014 12:00:00 PM,72,40,32
01/16/2014 01:00:00 PM,60,37,23
01/16/2014 02:00:00 PM,82,41,41
01/16/2014 03:00:00 PM,97,57,40
01/16/2014 04:00:00 PM,170,61,109
01/16/2014 05:00:00 PM,357,113,244
01/16/2014 06:00:00 PM,305,99,206
01/16/2014 07:00:00 PM,147,48,99
01/16/2014 08:00:00 PM,72,28,44
01/16/2014 09:00:00 PM,56,28,28
01/16/2014 10:00:00 PM,35,16,19
01/16/2014 11:00:00 PM,16,7,9
01/17/2014 12:00:00 AM,10,1,9
01/17/2014 01:00:00 AM,6,3,3
01/17/2014 02:00:00 AM,5,2,3
01/17/2014 03:00:00 AM,3,1,2
01/17/2014 04:00:00 AM,3,1,2
01/17/2014 05:00:00 AM,20,13,7
01/17/2014 06:00:00 AM,76,50,26
01/17/2014 07:00:00 AM,194,135,59
01/17/2014 08:00:00 AM,333,249,84
01/17/2014 09:00:00 AM,211,140,71
01/17/2014 10:00:00 AM,103,70,33
01/17/2014 11:00:00 AM,59,37,22
01/17/2014 12:00:00 PM,66,35,31
01/17/2014 01:00:00 PM,70,43,27
01/17/2014 02:00:00 PM,73,37,36
01/17/2014 03:00:00 PM,102,52,50
01/17/2014 04:00:00 PM,199,86,113
01/17/2014 05:00:00 PM,337,106,231
01/17/2014 06:00:00 PM,208,71,137
01/17/2014 07:00:00 PM,106,26,80
01/17/2014 08:00:00 PM,41,17,24
01/17/2014 09:00:00 PM,37,20,17
01/17/2014 10:00:00 PM,26,12,14
01/17/2014 11:00:00 PM,22,11,11
01/18/2014 12:00:00 AM,15,6,9
01/18/2014 01:00:00 AM,11,8,3
01/18/2014 02:00:00 AM,5,4,1
01/18/2014 03:00:00 AM,6,2,4
01/18/2014 04:00:00 AM,5,0,5
01/18/2014 05:00:00 AM,6,5,1
01/18/2014 06:00:00 AM,17,7,10
01/18/2014 07:00:00 AM,18,10,8
01/18/2014 08:00:00 AM,58,37,21
01/18/2014 09:00:00 AM,61,31,30
01/18/2014 10:00:00 AM,77,46,31
01/18/2014 11:00:00 AM,75,44,31
01/18/2014 12:00:00 PM,93,62,31
01/18/2014 01:00:00 PM,116,79,37
01/18/2014 02:00:00 PM,104,60,44
01/18/2014 03:00:00 PM,124,73,51
01/18/2014 04:00:00 PM,117,55,62
01/18/2014 05:00:00 PM,62,30,32
01/18/2014 06:00:00 PM,55,32,23
01/18/2014 07:00:00 PM,31,15,16
01/18/2014 08:00:00 PM,20,7,13
01/18/2014 09:00:00 PM,26,14,12
01/18/2014 10:00:00 PM,14,7,7
01/18/2014 11:00:00 PM,19,10,9
01/19/2014 12:00:00 AM,14,6,8
01/19/2014 01:00:00 AM,8,2,6
01/19/2014 02:00:00 AM,3,2,1
01/19/2014 03:00:00 AM,2,1,1
01/19/2014 04:00:00 AM,0,0,0
01/19/2014 05:00:00 AM,6,4,2
01/19/2014 06:00:00 AM,9,3,6
01/19/2014 07:00:00 AM,9,3,6
01/19/2014 08:00:00 AM,34,21,13
01/19/2014 09:00:00 AM,53,35,18
01/19/2014 10:00:00 AM,69,40,29
01/19/2014 11:00:00 AM,64,33,31
01/19/2014 12:00:00 PM,97,54,43
01/19/2014 01:00:00 PM,93,47,46
01/19/2014 02:00:00 PM,69,52,17
01/19/2014 03:00:00 PM,71,42,29
01/19/2014 04:00:00 PM,35,20,15
01/19/2014 05:00:00 PM,34,13,21
01/19/2014 06:00:00 PM,22,10,12
01/19/2014 07:00:00 PM,35,17,18
01/19/2014 08:00:00 PM,37,16,21
01/19/2014 09:00:00 PM,28,11,17
01/19/2014 10:00:00 PM,13,5,8
01/19/2014 11:00:00 PM,17,7,10
01/20/2014 12:00:00 AM,8,4,4
01/20/2014 01:00:00 AM,5,4,1
01/20/2014 02:00:00 AM,2,1,1
01/20/2014 03:00:00 AM,1,0,1
01/20/2014 04:00:00 AM,2,1,1
01/20/2014 05:00:00 AM,13,10,3
01/20/2014 06:00:00 AM,43,26,17
01/20/2014 07:00:00 AM,134,89,45
01/20/2014 08:00:00 AM,157,107,50
01/20/2014 09:00:00 AM,139,85,54
01/20/2014 10:00:00 AM,77,46,31
01/20/2014 11:00:00 AM,71,32,39
01/20/2014 12:00:00 PM,86,55,31
01/20/2014 01:00:00 PM,110,69,41
01/20/2014 02:00:00 PM,138,65,73
01/20/2014 03:00:00 PM,140,85,55
01/20/2014 04:00:00 PM,167,71,96
01/20/2014 05:00:00 PM,210,68,142
01/20/2014 06:00:00 PM,159,52,107
01/20/2014 07:00:00 PM,98,33,65
01/20/2014 08:00:00 PM,44,20,24
01/20/2014 09:00:00 PM,32,14,18
01/20/2014 10:00:00 PM,24,10,14
01/20/2014 11:00:00 PM,14,2,12
01/21/2014 12:00:00 AM,8,5,3
01/21/2014 01:00:00 AM,4,2,2
01/21/2014 02:00:00 AM,2,1,1
01/21/2014 03:00:00 AM,2,0,2
01/21/2014 04:00:00 AM,5,3,2
01/21/2014 05:00:00 AM,18,13,5
01/21/2014 06:00:00 AM,101,69,32
01/21/2014 07:00:00 AM,218,154,64
01/21/2014 08:00:00 AM,376,272,104
01/21/2014 09:00:00 AM,222,135,87
01/21/2014 10:00:00 AM,114,72,42
01/21/2014 11:00:00 AM,64,33,31
01/21/2014 12:00:00 PM,76,41,35
01/21/2014 01:00:00 PM,50,25,25
01/21/2014 02:00:00 PM,63,29,34
01/21/2014 03:00:00 PM,110,53,57
01/21/2014 04:00:00 PM,192,76,116
01/21/2014 05:00:00 PM,408,139,269
01/21/2014 06:00:00 PM,335,113,222
01/21/2014 07:00:00 PM,162,48,114
01/21/2014 08:00:00 PM,55,31,24
01/21/2014 09:00:00 PM,46,15,31
01/21/2014 10:00:00 PM,33,17,16
01/21/2014 11:00:00 PM,16,6,10
01/22/2014 12:00:00 AM,13,7,6
01/22/2014 01:00:00 AM,6,5,1
01/22/2014 02:00:00 AM,3,1,2
01/22/2014 03:00:00 AM,3,1,2
01/22/2014 04:00:00 AM,6,2,4
01/22/2014 05:00:00 AM,20,15,5
01/22/2014 06:00:00 AM,88,64,24
01/22/2014 07:00:00 AM,233,168,65
01/22/2014 08:00:00 AM,375,268,107
01/22/2014 09:00:00 AM,253,163,90
01/22/2014 10:00:00 AM,105,60,45
01/22/2014 11:00:00 AM,56,32,24
01/22/2014 12:00:00 PM,63,36,27
01/22/2014 01:00:00 PM,73,40,33
01/22/2014 02:00:00 PM,74,43,31
01/22/2014 03:00:00 PM,102,51,51
01/22/2014 04:00:00 PM,188,79,109
01/22/2014 05:00:00 PM,398,132,266
01/22/2014 06:00:00 PM,328,98,230
01/22/2014 07:00:00 PM,143,53,90
01/22/2014 08:00:00 PM,68,25,43
01/22/2014 09:00:00 PM,49,19,30
01/22/2014 10:00:00 PM,32,16,16
01/22/2014 11:00:00 PM,13,3,10
01/23/2014 12:00:00 AM,5,4,1
01/23/2014 01:00:00 AM,4,2,2
01/23/2014 02:00:00 AM,6,2,4
01/23/2014 03:00:00 AM,3,1,2
01/23/2014 04:00:00 AM,3,1,2
01/23/2014 05:00:00 AM,26,24,2
01/23/2014 06:00:00 AM,90,62,28
01/23/2014 07:00:00 AM,223,156,67
01/23/2014 08:00:00 AM,366,244,122
01/23/2014 09:00:00 AM,233,147,86
01/23/2014 10:00:00 AM,103,64,39
01/23/2014 11:00:00 AM,69,35,34
01/23/2014 12:00:00 PM,73,50,23
01/23/2014 01:00:00 PM,69,35,34
01/23/2014 02:00:00 PM,81,39,42
01/23/2014 03:00:00 PM,127,61,66
01/23/2014 04:00:00 PM,191,70,121
01/23/2014 05:00:00 PM,371,113,258
01/23/2014 06:00:00 PM,287,105,182
01/23/2014 07:00:00 PM,131,45,86
01/23/2014 08:00:00 PM,87,39,48
01/23/2014 09:00:00 PM,36,16,20
01/23/2014 10:00:00 PM,44,23,21
01/23/2014 11:00:00 PM,21,9,12
01/24/2014 12:00:00 AM,19,10,9
01/24/2014 01:00:00 AM,8,2,6
01/24/2014 02:00:00 AM,4,2,2
01/24/2014 03:00:00 AM,2,1,1
01/24/2014 04:00:00 AM,8,5,3
01/24/2014 05:00:00 AM,20,17,3
01/24/2014 06:00:00 AM,75,48,27
01/24/2014 07:00:00 AM,192,138,54
01/24/2014 08:00:00 AM,314,227,87
01/24/2014 09:00:00 AM,221,150,71
01/24/2014 10:00:00 AM,126,84,42
01/24/2014 11:00:00 AM,79,53,26
01/24/2014 12:00:00 PM,82,52,30
01/24/2014 01:00:00 PM,91,50,41
01/24/2014 02:00:00 PM,110,61,49
01/24/2014 03:00:00 PM,146,69,77
01/24/2014 04:00:00 PM,201,90,111
01/24/2014 05:00:00 PM,336,94,242
01/24/2014 06:00:00 PM,224,63,161
01/24/2014 07:00:00 PM,90,35,55
01/24/2014 08:00:00 PM,59,22,37
01/24/2014 09:00:00 PM,43,17,26
01/24/2014 10:00:00 PM,37,25,12
01/24/2014 11:00:00 PM,34,18,16
01/25/2014 12:00:00 AM,18,8,10
01/25/2014 01:00:00 AM,10,6,4
01/25/2014 02:00:00 AM,6,4,2
01/25/2014 03:00:00 AM,2,0,2
01/25/2014 04:00:00 AM,3,2,1
01/25/2014 05:00:00 AM,4,1,3
01/25/2014 06:00:00 AM,12,5,7
01/25/2014 07:00:00 AM,21,11,10
01/25/2014 08:00:00 AM,42,21,21
01/25/2014 09:00:00 AM,71,45,26
01/25/2014 10:00:00 AM,62,38,24
01/25/2014 11:00:00 AM,94,54,40
01/25/2014 12:00:00 PM,135,67,68
01/25/2014 01:00:00 PM,137,84,53
01/25/2014 02:00:00 PM,165,94,71
01/25/2014 03:00:00 PM,231,127,104
01/25/2014 04:00:00 PM,164,97,67
01/25/2014 05:00:00 PM,80,41,39
01/25/2014 06:00:00 PM,68,39,29
01/25/2014 07:00:00 PM,30,14,16
01/25/2014 08:00:00 PM,31,10,21
01/25/2014 09:00:00 PM,14,9,5
01/25/2014 10:00:00 PM,24,16,8
01/25/2014 11:00:00 PM,17,7,10
01/26/2014 12:00:00 AM,19,10,9
01/26/2014 01:00:00 AM,8,2,6
01/26/2014 02:00:00 AM,6,3,3
01/26/2014 03:00:00 AM,8,5,3
01/26/2014 04:00:00 AM,3,2,1
01/26/2014 05:00:00 AM,5,4,1
01/26/2014 06:00:00 AM,14,6,8
01/26/2014 07:00:00 AM,8,5,3
01/26/2014 08:00:00 AM,35,26,9
01/26/2014 09:00:00 AM,44,20,24
01/26/2014 10:00:00 AM,73,56,17
01/26/2014 11:00:00 AM,88,49,39
01/26/2014 12:00:00 PM,123,68,55
01/26/2014 01:00:00 PM,161,85,76
01/26/2014 02:00:00 PM,296,116,180
01/26/2014 03:00:00 PM,172,80,92
01/26/2014 04:00:00 PM,131,74,57
01/26/2014 05:00:00 PM,110,63,47
01/26/2014 06:00:00 PM,44,26,18
01/26/2014 07:00:00 PM,24,19,5
01/26/2014 08:00:00 PM,20,11,9
01/26/2014 09:00:00 PM,19,9,10
01/26/2014 10:00:00 PM,9,6,3
01/26/2014 11:00:00 PM,9,3,6
01/27/2014 12:00:00 AM,8,2,6
01/27/2014 01:00:00 AM,4,4,0
01/27/2014 02:00:00 AM,3,2,1
01/27/2014 03:00:00 AM,1,0,1
01/27/2014 04:00:00 AM,1,1,0
01/27/2014 05:00:00 AM,18,11,7
01/27/2014 06:00:00 AM,94,61,33
01/27/2014 07:00:00 AM,218,153,65
01/27/2014 08:00:00 AM,357,254,103
01/27/2014 09:00:00 AM,224,147,77
01/27/2014 10:00:00 AM,83,48,35
01/27/2014 11:00:00 AM,59,41,18
01/27/2014 12:00:00 PM,53,34,19
01/27/2014 01:00:00 PM,63,35,28
01/27/2014 02:00:00 PM,74,35,39
01/27/2014 03:00:00 PM,96,59,37
01/27/2014 04:00:00 PM,180,68,112
01/27/2014 05:00:00 PM,400,114,286
01/27/2014 06:00:00 PM,294,90,204
01/27/2014 07:00:00 PM,122,40,82
01/27/2014 08:00:00 PM,61,19,42
01/27/2014 09:00:00 PM,39,14,25
01/27/2014 10:00:00 PM,27,14,13
01/27/2014 11:00:00 PM,20,9,11
01/28/2014 12:00:00 AM,8,4,4
01/28/2014 01:00:00 AM,3,1,2
01/28/2014 02:00:00 AM,4,2,2
01/28/2014 03:00:00 AM,0,0,0
01/28/2014 04:00:00 AM,4,4,0
01/28/2014 05:00:00 AM,19,14,5
01/28/2014 06:00:00 AM,93,67,26
01/28/2014 07:00:00 AM,226,155,71
01/28/2014 08:00:00 AM,354,246,108
01/28/2014 09:00:00 AM,237,158,79
01/28/2014 10:00:00 AM,80,48,32
01/28/2014 11:00:00 AM,48,33,15
01/28/2014 12:00:00 PM,61,38,23
01/28/2014 01:00:00 PM,48,23,25
01/28/2014 02:00:00 PM,55,27,28
01/28/2014 03:00:00 PM,103,50,53
01/28/2014 04:00:00 PM,162,61,101
01/28/2014 05:00:00 PM,391,113,278
01/28/2014 06:00:00 PM,277,93,184
01/28/2014 07:00:00 PM,147,54,93
01/28/2014 08:00:00 PM,63,27,36
01/28/2014 09:00:00 PM,40,17,23
01/28/2014 10:00:00 PM,31,13,18
01/28/2014 11:00:00 PM,12,6,6
01/29/2014 12:00:00 AM,6,4,2
01/29/2014 01:00:00 AM,3,1,2
01/29/2014 02:00:00 AM,1,1,0
01/29/2014 03:00:00 AM,0,0,0
01/29/2014 04:00:00 AM,3,2,1
01/29/2014 05:00:00 AM,19,15,4
01/29/2014 06:00:00 AM,61,50,11
01/29/2014 07:00:00 AM,177,129,48
01/29/2014 08:00:00 AM,277,206,71
01/29/2014 09:00:00 AM,202,131,71
01/29/2014 10:00:00 AM,71,44,27
01/29/2014 11:00:00 AM,36,24,12
01/29/2014 12:00:00 PM,38,13,25
01/29/2014 01:00:00 PM,33,18,15
01/29/2014 02:00:00 PM,41,12,29
01/29/2014 03:00:00 PM,60,30,30
01/29/2014 04:00:00 PM,126,52,74
01/29/2014 05:00:00 PM,271,84,187
01/29/2014 06:00:00 PM,231,72,159
01/29/2014 07:00:00 PM,121,55,66
01/29/2014 08:00:00 PM,48,14,34
01/29/2014 09:00:00 PM,31,19,12
01/29/2014 10:00:00 PM,26,12,14
01/29/2014 11:00:00 PM,17,10,7
01/30/2014 12:00:00 AM,6,2,4
01/30/2014 01:00:00 AM,3,1,2
01/30/2014 02:00:00 AM,4,2,2
01/30/2014 03:00:00 AM,1,1,0
01/30/2014 04:00:00 AM,7,5,2
01/30/2014 05:00:00 AM,19,18,1
01/30/2014 06:00:00 AM,81,57,24
01/30/2014 07:00:00 AM,182,128,54
01/30/2014 08:00:00 AM,310,215,95
01/30/2014 09:00:00 AM,217,140,77
01/30/2014 10:00:00 AM,95,53,42
01/30/2014 11:00:00 AM,66,34,32
01/30/2014 12:00:00 PM,52,28,24
01/30/2014 01:00:00 PM,46,25,21
01/30/2014 02:00:00 PM,55,31,24
01/30/2014 03:00:00 PM,93,52,41
01/30/2014 04:00:00 PM,161,58,103
01/30/2014 05:00:00 PM,307,84,223
01/30/2014 06:00:00 PM,252,74,178
01/30/2014 07:00:00 PM,124,40,84
01/30/2014 08:00:00 PM,60,22,38
01/30/2014 09:00:00 PM,48,22,26
01/30/2014 10:00:00 PM,30,10,20
01/30/2014 11:00:00 PM,10,2,8
01/31/2014 12:00:00 AM,8,3,5
01/31/2014 01:00:00 AM,10,2,8
01/31/2014 02:00:00 AM,2,2,0
01/31/2014 03:00:00 AM,5,2,3
01/31/2014 04:00:00 AM,3,2,1
01/31/2014 05:00:00 AM,17,15,2
01/31/2014 06:00:00 AM,60,39,21
01/31/2014 07:00:00 AM,159,114,45
01/31/2014 08:00:00 AM,252,179,73
01/31/2014 09:00:00 AM,166,114,52
01/31/2014 10:00:00 AM,93,45,48
01/31/2014 11:00:00 AM,61,33,28
01/31/2014 12:00:00 PM,69,42,27
01/31/2014 01:00:00 PM,62,38,24
01/31/2014 02:00:00 PM,85,46,39
01/31/2014 03:00:00 PM,91,48,43
01/31/2014 04:00:00 PM,157,61,96
01/31/2014 05:00:00 PM,286,97,189
01/31/2014 06:00:00 PM,216,77,139
01/31/2014 07:00:00 PM,93,31,62
01/31/2014 08:00:00 PM,54,17,37
01/31/2014 09:00:00 PM,36,13,23
01/31/2014 10:00:00 PM,30,16,14
01/31/2014 11:00:00 PM,20,12,8
02/01/2014 12:00:00 AM,21,5,16
02/01/2014 01:00:00 AM,14,8,6
02/01/2014 02:00:00 AM,4,1,3
02/01/2014 03:00:00 AM,2,1,1
02/01/2014 04:00:00 AM,1,0,1
02/01/2014 05:00:00 AM,6,5,1
02/01/2014 06:00:00 AM,11,5,6
02/01/2014 07:00:00 AM,26,15,11
02/01/2014 08:00:00 AM,60,42,18
02/01/2014 09:00:00 AM,71,38,33
02/01/2014 10:00:00 AM,91,56,35
02/01/2014 11:00:00 AM,81,40,41
02/01/2014 12:00:00 PM,111,70,41
02/01/2014 01:00:00 PM,86,43,43
02/01/2014 02:00:00 PM,122,69,53
02/01/2014 03:00:00 PM,111,70,41
02/01/2014 04:00:00 PM,110,64,46
02/01/2014 05:00:00 PM,52,26,26
02/01/2014 06:00:00 PM,47,31,16
02/01/2014 07:00:00 PM,35,21,14
02/01/2014 08:00:00 PM,21,9,12
02/01/2014 09:00:00 PM,18,10,8
02/01/2014 10:00:00 PM,16,10,6
02/01/2014 11:00:00 PM,17,11,6
02/02/2014 12:00:00 AM,19,9,10
02/02/2014 01:00:00 AM,8,2,6
02/02/2014 02:00:00 AM,5,0,5
02/02/2014 03:00:00 AM,5,1,4
02/02/2014 04:00:00 AM,6,2,4
02/02/2014 05:00:00 AM,3,2,1
02/02/2014 06:00:00 AM,9,5,4
02/02/2014 07:00:00 AM,11,7,4
02/02/2014 08:00:00 AM,37,20,17
02/02/2014 09:00:00 AM,36,22,14
02/02/2014 10:00:00 AM,93,65,28
02/02/2014 11:00:00 AM,108,61,47
02/02/2014 12:00:00 PM,121,75,46
02/02/2014 01:00:00 PM,156,78,78
02/02/2014 02:00:00 PM,135,72,63
02/02/2014 03:00:00 PM,77,51,26
02/02/2014 04:00:00 PM,47,19,28
02/02/2014 05:00:00 PM,41,22,19
02/02/2014 06:00:00 PM,23,16,7
02/02/2014 07:00:00 PM,41,26,15
02/02/2014 08:00:00 PM,44,24,20
02/02/2014 09:00:00 PM,29,12,17
02/02/2014 10:00:00 PM,24,6,18
02/02/2014 11:00:00 PM,17,3,14
02/03/2014 12:00:00 AM,5,3,2
02/03/2014 01:00:00 AM,1,1,0
02/03/2014 02:00:00 AM,1,1,0
02/03/2014 03:00:00 AM,2,0,2
02/03/2014 04:00:00 AM,6,3,3
02/03/2014 05:00:00 AM,20,13,7
02/03/2014 06:00:00 AM,66,42,24
02/03/2014 07:00:00 AM,196,143,53
02/03/2014 08:00:00 AM,309,235,74
02/03/2014 09:00:00 AM,216,136,80
02/03/2014 10:00:00 AM,91,45,46
02/03/2014 11:00:00 AM,57,33,24
02/03/2014 12:00:00 PM,50,28,22
02/03/2014 01:00:00 PM,52,31,21
02/03/2014 02:00:00 PM,72,43,29
02/03/2014 03:00:00 PM,89,46,43
02/03/2014 04:00:00 PM,186,75,111
02/03/2014 05:00:00 PM,370,100,270
02/03/2014 06:00:00 PM,260,82,178
02/03/2014 07:00:00 PM,113,29,84
02/03/2014 08:00:00 PM,53,20,33
02/03/2014 09:00:00 PM,38,15,23
02/03/2014 10:00:00 PM,24,8,16
02/03/2014 11:00:00 PM,13,6,7
02/04/2014 12:00:00 AM,4,2,2
02/04/2014 01:00:00 AM,2,2,0
02/04/2014 02:00:00 AM,1,1,0
02/04/2014 03:00:00 AM,2,2,0
02/04/2014 04:00:00 AM,4,4,0
02/04/2014 05:00:00 AM,22,15,7
02/04/2014 06:00:00 AM,78,50,28
02/04/2014 07:00:00 AM,200,151,49
02/04/2014 08:00:00 AM,312,218,94
02/04/2014 09:00:00 AM,176,114,62
02/04/2014 10:00:00 AM,74,40,34
02/04/2014 11:00:00 AM,42,18,24
02/04/2014 12:00:00 PM,52,32,20
02/04/2014 01:00:00 PM,46,25,21
02/04/2014 02:00:00 PM,61,34,27
02/04/2014 03:00:00 PM,61,28,33
02/04/2014 04:00:00 PM,143,59,84
02/04/2014 05:00:00 PM,294,76,218
02/04/2014 06:00:00 PM,266,77,189
02/04/2014 07:00:00 PM,130,39,91
02/04/2014 08:00:00 PM,38,16,22
02/04/2014 09:00:00 PM,45,22,23
02/04/2014 10:00:00 PM,23,11,12
02/04/2014 11:00:00 PM,15,6,9
02/05/2014 12:00:00 AM,9,4,5
02/05/2014 01:00:00 AM,2,1,1
02/05/2014 02:00:00 AM,1,0,1
02/05/2014 03:00:00 AM,2,2,0
02/05/2014 04:00:00 AM,3,1,2
02/05/2014 05:00:00 AM,13,11,2
02/05/2014 06:00:00 AM,55,38,17
02/05/2014 07:00:00 AM,183,139,44
02/05/2014 08:00:00 AM,317,229,88
02/05/2014 09:00:00 AM,248,156,92
02/05/2014 10:00:00 AM,245,171,74
02/05/2014 11:00:00 AM,114,81,33
02/05/2014 12:00:00 PM,100,45,55
02/05/2014 01:00:00 PM,157,30,127
02/05/2014 02:00:00 PM,99,27,72
02/05/2014 03:00:00 PM,120,37,83
02/05/2014 04:00:00 PM,161,56,105
02/05/2014 05:00:00 PM,307,70,237
02/05/2014 06:00:00 PM,226,74,152
02/05/2014 07:00:00 PM,109,43,66
02/05/2014 08:00:00 PM,56,17,39
02/05/2014 09:00:00 PM,26,11,15
02/05/2014 10:00:00 PM,16,6,10
02/05/2014 11:00:00 PM,19,8,11
02/06/2014 12:00:00 AM,5,3,2
02/06/2014 01:00:00 AM,3,1,2
02/06/2014 02:00:00 AM,0,0,0
02/06/2014 03:00:00 AM,2,2,0
02/06/2014 04:00:00 AM,2,1,1
02/06/2014 05:00:00 AM,15,12,3
02/06/2014 06:00:00 AM,52,33,19
02/06/2014 07:00:00 AM,117,90,27
02/06/2014 08:00:00 AM,229,163,66
02/06/2014 09:00:00 AM,164,110,54
02/06/2014 10:00:00 AM,69,40,29
02/06/2014 11:00:00 AM,54,28,26
02/06/2014 12:00:00 PM,44,27,17
02/06/2014 01:00:00 PM,40,21,19
02/06/2014 02:00:00 PM,41,24,17
02/06/2014 03:00:00 PM,58,26,32
02/06/2014 04:00:00 PM,102,39,63
02/06/2014 05:00:00 PM,199,58,141
02/06/2014 06:00:00 PM,172,59,113
02/06/2014 07:00:00 PM,84,33,51
02/06/2014 08:00:00 PM,45,15,30
02/06/2014 09:00:00 PM,28,9,19
02/06/2014 10:00:00 PM,16,5,11
02/06/2014 11:00:00 PM,21,8,13
02/07/2014 12:00:00 AM,7,3,4
02/07/2014 01:00:00 AM,6,2,4
02/07/2014 02:00:00 AM,1,0,1
02/07/2014 03:00:00 AM,1,1,0
02/07/2014 04:00:00 AM,4,2,2
02/07/2014 05:00:00 AM,12,8,4
02/07/2014 06:00:00 AM,46,30,16
02/07/2014 07:00:00 AM,110,80,30
02/07/2014 08:00:00 AM,194,142,52
02/07/2014 09:00:00 AM,150,104,46
02/07/2014 10:00:00 AM,71,39,32
02/07/2014 11:00:00 AM,45,22,23
02/07/2014 12:00:00 PM,54,27,27
02/07/2014 01:00:00 PM,35,20,15
02/07/2014 02:00:00 PM,67,39,28
02/07/2014 03:00:00 PM,79,33,46
02/07/2014 04:00:00 PM,124,56,68
02/07/2014 05:00:00 PM,220,88,132
02/07/2014 06:00:00 PM,154,48,106
02/07/2014 07:00:00 PM,74,22,52
02/07/2014 08:00:00 PM,45,15,30
02/07/2014 09:00:00 PM,28,15,13
02/07/2014 10:00:00 PM,21,12,9
02/07/2014 11:00:00 PM,24,14,10
02/08/2014 12:00:00 AM,34,3,31
02/08/2014 01:00:00 AM,7,4,3
02/08/2014 02:00:00 AM,2,0,2
02/08/2014 03:00:00 AM,4,1,3
02/08/2014 04:00:00 AM,0,0,0
02/08/2014 05:00:00 AM,6,2,4
02/08/2014 06:00:00 AM,11,5,6
02/08/2014 07:00:00 AM,11,6,5
02/08/2014 08:00:00 AM,26,13,13
02/08/2014 09:00:00 AM,44,30,14
02/08/2014 10:00:00 AM,67,44,23
02/08/2014 11:00:00 AM,61,38,23
02/08/2014 12:00:00 PM,76,49,27
02/08/2014 01:00:00 PM,75,46,29
02/08/2014 02:00:00 PM,90,60,30
02/08/2014 03:00:00 PM,69,38,31
02/08/2014 04:00:00 PM,73,33,40
02/08/2014 05:00:00 PM,49,26,23
02/08/2014 06:00:00 PM,34,20,14
02/08/2014 07:00:00 PM,13,5,8
02/08/2014 08:00:00 PM,19,5,14
02/08/2014 09:00:00 PM,10,7,3
02/08/2014 10:00:00 PM,8,2,6
02/08/2014 11:00:00 PM,6,3,3
02/09/2014 12:00:00 AM,5,1,4
02/09/2014 01:00:00 AM,0,0,0
02/09/2014 02:00:00 AM,4,2,2
02/09/2014 03:00:00 AM,1,0,1
02/09/2014 04:00:00 AM,0,0,0
02/09/2014 05:00:00 AM,0,0,0
02/09/2014 06:00:00 AM,3,2,1
02/09/2014 07:00:00 AM,4,3,1
02/09/2014 08:00:00 AM,9,5,4
02/09/2014 09:00:00 AM,12,5,7
02/09/2014 10:00:00 AM,21,11,10
02/09/2014 11:00:00 AM,16,6,10
02/09/2014 12:00:00 PM,18,9,9
02/09/2014 01:00:00 PM,16,8,8
02/09/2014 02:00:00 PM,17,10,7
02/09/2014 03:00:00 PM,17,9,8
02/09/2014 04:00:00 PM,19,9,10
02/09/2014 05:00:00 PM,11,4,7
02/09/2014 06:00:00 PM,12,4,8
02/09/2014 07:00:00 PM,8,4,4
02/09/2014 08:00:00 PM,5,5,0
02/09/2014 09:00:00 PM,9,3,6
02/09/2014 10:00:00 PM,7,0,7
02/09/2014 11:00:00 PM,7,5,2
02/10/2014 12:00:00 AM,5,3,2
02/10/2014 01:00:00 AM,0,0,0
02/10/2014 02:00:00 AM,1,0,1
02/10/2014 03:00:00 AM,1,1,0
02/10/2014 04:00:00 AM,3,2,1
02/10/2014 05:00:00 AM,11,7,4
02/10/2014 06:00:00 AM,53,37,16
02/10/2014 07:00:00 AM,101,66,35
02/10/2014 08:00:00 AM,180,133,47
02/10/2014 09:00:00 AM,151,96,55
02/10/2014 10:00:00 AM,53,31,22
02/10/2014 11:00:00 AM,47,33,14
02/10/2014 12:00:00 PM,49,27,22
02/10/2014 01:00:00 PM,42,24,18
02/10/2014 02:00:00 PM,35,15,20
02/10/2014 03:00:00 PM,50,26,24
02/10/2014 04:00:00 PM,100,42,58
02/10/2014 05:00:00 PM,212,65,147
02/10/2014 06:00:00 PM,165,53,112
02/10/2014 07:00:00 PM,72,29,43
02/10/2014 08:00:00 PM,44,14,30
02/10/2014 09:00:00 PM,23,12,11
02/10/2014 10:00:00 PM,14,3,11
02/10/2014 11:00:00 PM,16,8,8
02/11/2014 12:00:00 AM,7,2,5
02/11/2014 01:00:00 AM,1,1,0
02/11/2014 02:00:00 AM,1,1,0
02/11/2014 03:00:00 AM,3,3,0
02/11/2014 04:00:00 AM,2,1,1
02/11/2014 05:00:00 AM,20,14,6
02/11/2014 06:00:00 AM,85,55,30
02/11/2014 07:00:00 AM,196,135,61
02/11/2014 08:00:00 AM,304,225,79
02/11/2014 09:00:00 AM,207,123,84
02/11/2014 10:00:00 AM,89,58,31
02/11/2014 11:00:00 AM,52,32,20
02/11/2014 12:00:00 PM,56,20,36
02/11/2014 01:00:00 PM,63,32,31
02/11/2014 02:00:00 PM,68,36,32
02/11/2014 03:00:00 PM,77,31,46
02/11/2014 04:00:00 PM,119,45,74
02/11/2014 05:00:00 PM,271,74,197
02/11/2014 06:00:00 PM,212,75,137
02/11/2014 07:00:00 PM,89,22,67
02/11/2014 08:00:00 PM,53,24,29
02/11/2014 09:00:00 PM,24,8,16
02/11/2014 10:00:00 PM,16,8,8
02/11/2014 11:00:00 PM,9,6,3
02/12/2014 12:00:00 AM,8,2,6
02/12/2014 01:00:00 AM,3,2,1
02/12/2014 02:00:00 AM,1,1,0
02/12/2014 03:00:00 AM,1,1,0
02/12/2014 04:00:00 AM,7,5,2
02/12/2014 05:00:00 AM,10,7,3
02/12/2014 06:00:00 AM,66,46,20
02/12/2014 07:00:00 AM,137,97,40
02/12/2014 08:00:00 AM,267,182,85
02/12/2014 09:00:00 AM,187,129,58
02/12/2014 10:00:00 AM,85,44,41
02/12/2014 11:00:00 AM,59,36,23
02/12/2014 12:00:00 PM,69,40,29
02/12/2014 01:00:00 PM,71,38,33
02/12/2014 02:00:00 PM,57,28,29
02/12/2014 03:00:00 PM,122,58,64
02/12/2014 04:00:00 PM,156,60,96
02/12/2014 05:00:00 PM,295,92,203
02/12/2014 06:00:00 PM,275,83,192
02/12/2014 07:00:00 PM,119,45,74
02/12/2014 08:00:00 PM,59,25,34
02/12/2014 09:00:00 PM,44,21,23
02/12/2014 10:00:00 PM,22,7,15
02/12/2014 11:00:00 PM,19,7,12
02/13/2014 12:00:00 AM,7,4,3
02/13/2014 01:00:00 AM,5,2,3
02/13/2014 02:00:00 AM,2,0,2
02/13/2014 03:00:00 AM,1,1,0
02/13/2014 04:00:00 AM,2,1,1
02/13/2014 05:00:00 AM,23,19,4
02/13/2014 06:00:00 AM,91,57,34
02/13/2014 07:00:00 AM,191,144,47
02/13/2014 08:00:00 AM,321,227,94
02/13/2014 09:00:00 AM,207,130,77
02/13/2014 10:00:00 AM,90,57,33
02/13/2014 11:00:00 AM,75,45,30
02/13/2014 12:00:00 PM,63,41,22
02/13/2014 01:00:00 PM,68,41,27
02/13/2014 02:00:00 PM,61,25,36
02/13/2014 03:00:00 PM,99,44,55
02/13/2014 04:00:00 PM,174,72,102
02/13/2014 05:00:00 PM,340,110,230
02/13/2014 06:00:00 PM,288,95,193
02/13/2014 07:00:00 PM,112,44,68
02/13/2014 08:00:00 PM,68,24,44
02/13/2014 09:00:00 PM,44,11,33
02/13/2014 10:00:00 PM,33,12,21
02/13/2014 11:00:00 PM,24,5,19
02/14/2014 12:00:00 AM,11,4,7
02/14/2014 01:00:00 AM,6,0,6
02/14/2014 02:00:00 AM,3,1,2
02/14/2014 03:00:00 AM,3,2,1
02/14/2014 04:00:00 AM,5,2,3
02/14/2014 05:00:00 AM,8,5,3
02/14/2014 06:00:00 AM,62,45,17
02/14/2014 07:00:00 AM,155,109,46
02/14/2014 08:00:00 AM,244,169,75
02/14/2014 09:00:00 AM,155,100,55
02/14/2014 10:00:00 AM,55,30,25
02/14/2014 11:00:00 AM,37,21,16
02/14/2014 12:00:00 PM,43,28,15
02/14/2014 01:00:00 PM,48,30,18
02/14/2014 02:00:00 PM,57,26,31
02/14/2014 03:00:00 PM,102,53,49
02/14/2014 04:00:00 PM,138,52,86
02/14/2014 05:00:00 PM,266,84,182
02/14/2014 06:00:00 PM,199,68,131
02/14/2014 07:00:00 PM,79,28,51
02/14/2014 08:00:00 PM,43,16,27
02/14/2014 09:00:00 PM,27,14,13
02/14/2014 10:00:00 PM,24,11,13
02/14/2014 11:00:00 PM,16,8,8
02/15/2014 12:00:00 AM,19,4,15
02/15/2014 01:00:00 AM,5,3,2
02/15/2014 02:00:00 AM,7,3,4
02/15/2014 03:00:00 AM,2,0,2
02/15/2014 04:00:00 AM,6,1,5
02/15/2014 05:00:00 AM,2,1,1
02/15/2014 06:00:00 AM,16,9,7
02/15/2014 07:00:00 AM,13,6,7
02/15/2014 08:00:00 AM,47,29,18
02/15/2014 09:00:00 AM,67,36,31
02/15/2014 10:00:00 AM,62,38,24
02/15/2014 11:00:00 AM,74,41,33
02/15/2014 12:00:00 PM,84,47,37
02/15/2014 01:00:00 PM,68,39,29
02/15/2014 02:00:00 PM,32,19,13
02/15/2014 03:00:00 PM,23,10,13
02/15/2014 04:00:00 PM,36,20,16
02/15/2014 05:00:00 PM,16,10,6
02/15/2014 06:00:00 PM,19,11,8
02/15/2014 07:00:00 PM,17,9,8
02/15/2014 08:00:00 PM,15,11,4
02/15/2014 09:00:00 PM,8,3,5
02/15/2014 10:00:00 PM,9,7,2
02/15/2014 11:00:00 PM,11,7,4
02/16/2014 12:00:00 AM,15,10,5
02/16/2014 01:00:00 AM,2,2,0
02/16/2014 02:00:00 AM,2,2,0
02/16/2014 03:00:00 AM,2,0,2
02/16/2014 04:00:00 AM,3,2,1
02/16/2014 05:00:00 AM,1,0,1
02/16/2014 06:00:00 AM,9,5,4
02/16/2014 07:00:00 AM,3,2,1
02/16/2014 08:00:00 AM,24,12,12
02/16/2014 09:00:00 AM,58,38,20
02/16/2014 10:00:00 AM,62,37,25
02/16/2014 11:00:00 AM,58,31,27
02/16/2014 12:00:00 PM,46,19,27
02/16/2014 01:00:00 PM,40,24,16
02/16/2014 02:00:00 PM,41,27,14
02/16/2014 03:00:00 PM,35,23,12
02/16/2014 04:00:00 PM,24,12,12
02/16/2014 05:00:00 PM,12,6,6
02/16/2014 06:00:00 PM,12,8,4
02/16/2014 07:00:00 PM,11,3,8
02/16/2014 08:00:00 PM,12,6,6
02/16/2014 09:00:00 PM,6,3,3
02/16/2014 10:00:00 PM,2,0,2
02/16/2014 11:00:00 PM,5,2,3
02/17/2014 12:00:00 AM,4,2,2
02/17/2014 01:00:00 AM,0,0,0
02/17/2014 02:00:00 AM,2,1,1
02/17/2014 03:00:00 AM,2,2,0
02/17/2014 04:00:00 AM,2,1,1
02/17/2014 05:00:00 AM,4,3,1
02/17/2014 06:00:00 AM,25,8,17
02/17/2014 07:00:00 AM,52,29,23
02/17/2014 08:00:00 AM,93,68,25
02/17/2014 09:00:00 AM,87,47,40
02/17/2014 10:00:00 AM,40,19,21
02/17/2014 11:00:00 AM,41,29,12
02/17/2014 12:00:00 PM,38,21,17
02/17/2014 01:00:00 PM,45,27,18
02/17/2014 02:00:00 PM,68,34,34
02/17/2014 03:00:00 PM,59,31,28
02/17/2014 04:00:00 PM,104,47,57
02/17/2014 05:00:00 PM,119,33,86
02/17/2014 06:00:00 PM,113,36,77
02/17/2014 07:00:00 PM,54,19,35
02/17/2014 08:00:00 PM,23,14,9
02/17/2014 09:00:00 PM,28,11,17
02/17/2014 10:00:00 PM,15,7,8
02/17/2014 11:00:00 PM,10,6,4
02/18/2014 12:00:00 AM,4,1,3
02/18/2014 01:00:00 AM,0,0,0
02/18/2014 02:00:00 AM,4,2,2
02/18/2014 03:00:00 AM,1,0,1
02/18/2014 04:00:00 AM,4,2,2
02/18/2014 05:00:00 AM,10,8,2
02/18/2014 06:00:00 AM,67,44,23
02/18/2014 07:00:00 AM,140,94,46
02/18/2014 08:00:00 AM,229,166,63
02/18/2014 09:00:00 AM,154,98,56
02/18/2014 10:00:00 AM,46,32,14
02/18/2014 11:00:00 AM,20,9,11
02/18/2014 12:00:00 PM,25,11,14
02/18/2014 01:00:00 PM,19,13,6
02/18/2014 02:00:00 PM,27,14,13
02/18/2014 03:00:00 PM,52,15,37
02/18/2014 04:00:00 PM,91,32,59
02/18/2014 05:00:00 PM,246,80,166
02/18/2014 06:00:00 PM,215,65,150
02/18/2014 07:00:00 PM,74,24,50
02/18/2014 08:00:00 PM,36,14,22
02/18/2014 09:00:00 PM,25,10,15
02/18/2014 10:00:00 PM,25,9,16
02/18/2014 11:00:00 PM,11,6,5
02/19/2014 12:00:00 AM,5,2,3
02/19/2014 01:00:00 AM,1,1,0
02/19/2014 02:00:00 AM,2,1,1
02/19/2014 03:00:00 AM,2,2,0
02/19/2014 04:00:00 AM,2,2,0
02/19/2014 05:00:00 AM,18,11,7
02/19/2014 06:00:00 AM,69,48,21
02/19/2014 07:00:00 AM,170,132,38
02/19/2014 08:00:00 AM,273,189,84
02/19/2014 09:00:00 AM,205,132,73
02/19/2014 10:00:00 AM,90,47,43
02/19/2014 11:00:00 AM,52,33,19
02/19/2014 12:00:00 PM,68,37,31
02/19/2014 01:00:00 PM,81,44,37
02/19/2014 02:00:00 PM,59,29,30
02/19/2014 03:00:00 PM,105,45,60
02/19/2014 04:00:00 PM,157,63,94
02/19/2014 05:00:00 PM,309,89,220
02/19/2014 06:00:00 PM,222,76,146
02/19/2014 07:00:00 PM,129,46,83
02/19/2014 08:00:00 PM,70,29,41
02/19/2014 09:00:00 PM,36,16,20
02/19/2014 10:00:00 PM,32,14,18
02/19/2014 11:00:00 PM,10,4,6
02/20/2014 12:00:00 AM,2,2,0
02/20/2014 01:00:00 AM,4,1,3
02/20/2014 02:00:00 AM,2,2,0
02/20/2014 03:00:00 AM,1,1,0
02/20/2014 04:00:00 AM,5,3,2
02/20/2014 05:00:00 AM,14,11,3
02/20/2014 06:00:00 AM,69,45,24
02/20/2014 07:00:00 AM,184,133,51
02/20/2014 08:00:00 AM,298,188,110
02/20/2014 09:00:00 AM,187,113,74
02/20/2014 10:00:00 AM,85,51,34
02/20/2014 11:00:00 AM,47,24,23
02/20/2014 12:00:00 PM,55,31,24
02/20/2014 01:00:00 PM,79,47,32
02/20/2014 02:00:00 PM,76,43,33
02/20/2014 03:00:00 PM,103,53,50
02/20/2014 04:00:00 PM,177,67,110
02/20/2014 05:00:00 PM,305,100,205
02/20/2014 06:00:00 PM,233,88,145
02/20/2014 07:00:00 PM,132,52,80
02/20/2014 08:00:00 PM,55,21,34
02/20/2014 09:00:00 PM,51,21,30
02/20/2014 10:00:00 PM,28,15,13
02/20/2014 11:00:00 PM,22,8,14
02/21/2014 12:00:00 AM,10,4,6
02/21/2014 01:00:00 AM,5,3,2
02/21/2014 02:00:00 AM,2,1,1
02/21/2014 03:00:00 AM,3,1,2
02/21/2014 04:00:00 AM,5,2,3
02/21/2014 05:00:00 AM,14,9,5
02/21/2014 06:00:00 AM,64,45,19
02/21/2014 07:00:00 AM,175,122,53
02/21/2014 08:00:00 AM,275,190,85
02/21/2014 09:00:00 AM,179,111,68
02/21/2014 10:00:00 AM,84,49,35
02/21/2014 11:00:00 AM,53,27,26
02/21/2014 12:00:00 PM,51,27,24
02/21/2014 01:00:00 PM,61,27,34
02/21/2014 02:00:00 PM,49,22,27
02/21/2014 03:00:00 PM,81,35,46
02/21/2014 04:00:00 PM,133,45,88
02/21/2014 05:00:00 PM,262,84,178
02/21/2014 06:00:00 PM,187,59,128
02/21/2014 07:00:00 PM,103,31,72
02/21/2014 08:00:00 PM,33,9,24
02/21/2014 09:00:00 PM,15,2,13
02/21/2014 10:00:00 PM,24,15,9
02/21/2014 11:00:00 PM,21,9,12
02/22/2014 12:00:00 AM,10,7,3
02/22/2014 01:00:00 AM,13,7,6
02/22/2014 02:00:00 AM,6,4,2
02/22/2014 03:00:00 AM,5,3,2
02/22/2014 04:00:00 AM,1,0,1
02/22/2014 05:00:00 AM,3,2,1
02/22/2014 06:00:00 AM,15,9,6
02/22/2014 07:00:00 AM,17,8,9
02/22/2014 08:00:00 AM,39,24,15
02/22/2014 09:00:00 AM,41,17,24
02/22/2014 10:00:00 AM,32,23,9
02/22/2014 11:00:00 AM,42,29,13
02/22/2014 12:00:00 PM,34,16,18
02/22/2014 01:00:00 PM,41,25,16
02/22/2014 02:00:00 PM,47,29,18
02/22/2014 03:00:00 PM,57,30,27
02/22/2014 04:00:00 PM,59,32,27
02/22/2014 05:00:00 PM,37,18,19
02/22/2014 06:00:00 PM,36,20,16
02/22/2014 07:00:00 PM,18,8,10
02/22/2014 08:00:00 PM,14,3,11
02/22/2014 09:00:00 PM,19,8,11
02/22/2014 10:00:00 PM,22,13,9
02/22/2014 11:00:00 PM,16,8,8
02/23/2014 12:00:00 AM,9,3,6
02/23/2014 01:00:00 AM,5,4,1
02/23/2014 02:00:00 AM,8,2,6
02/23/2014 03:00:00 AM,2,0,2
02/23/2014 04:00:00 AM,2,1,1
02/23/2014 05:00:00 AM,4,2,2
02/23/2014 06:00:00 AM,19,14,5
02/23/2014 07:00:00 AM,44,39,5
02/23/2014 08:00:00 AM,55,42,13
02/23/2014 09:00:00 AM,48,32,16
02/23/2014 10:00:00 AM,67,42,25
02/23/2014 11:00:00 AM,42,24,18
02/23/2014 12:00:00 PM,73,38,35
02/23/2014 01:00:00 PM,65,24,41
02/23/2014 02:00:00 PM,69,29,40
02/23/2014 03:00:00 PM,43,21,22
02/23/2014 04:00:00 PM,31,10,21
02/23/2014 05:00:00 PM,28,16,12
02/23/2014 06:00:00 PM,10,5,5
02/23/2014 07:00:00 PM,13,7,6
02/23/2014 08:00:00 PM,17,8,9
02/23/2014 09:00:00 PM,12,5,7
02/23/2014 10:00:00 PM,12,6,6
02/23/2014 11:00:00 PM,13,7,6
02/24/2014 12:00:00 AM,4,2,2
02/24/2014 01:00:00 AM,0,0,0
02/24/2014 02:00:00 AM,1,0,1
02/24/2014 03:00:00 AM,1,1,0
02/24/2014 04:00:00 AM,3,2,1
02/24/2014 05:00:00 AM,17,14,3
02/24/2014 06:00:00 AM,72,45,27
02/24/2014 07:00:00 AM,160,120,40
02/24/2014 08:00:00 AM,240,183,57
02/24/2014 09:00:00 AM,146,86,60
02/24/2014 10:00:00 AM,44,23,21
02/24/2014 11:00:00 AM,28,19,9
02/24/2014 12:00:00 PM,19,10,9
02/24/2014 01:00:00 PM,25,16,9
02/24/2014 02:00:00 PM,32,15,17
02/24/2014 03:00:00 PM,53,26,27
02/24/2014 04:00:00 PM,95,31,64
02/24/2014 05:00:00 PM,242,72,170
02/24/2014 06:00:00 PM,191,67,124
02/24/2014 07:00:00 PM,90,32,58
02/24/2014 08:00:00 PM,43,15,28
02/24/2014 09:00:00 PM,19,10,9
02/24/2014 10:00:00 PM,22,11,11
02/24/2014 11:00:00 PM,10,4,6
02/25/2014 12:00:00 AM,6,4,2
02/25/2014 01:00:00 AM,0,0,0
02/25/2014 02:00:00 AM,2,2,0
02/25/2014 03:00:00 AM,1,1,0
02/25/2014 04:00:00 AM,2,1,1
02/25/2014 05:00:00 AM,24,19,5
02/25/2014 06:00:00 AM,73,46,27
02/25/2014 07:00:00 AM,229,167,62
02/25/2014 08:00:00 AM,367,256,111
02/25/2014 09:00:00 AM,216,139,77
02/25/2014 10:00:00 AM,87,59,28
02/25/2014 11:00:00 AM,51,19,32
02/25/2014 12:00:00 PM,66,37,29
02/25/2014 01:00:00 PM,62,32,30
02/25/2014 02:00:00 PM,72,32,40
02/25/2014 03:00:00 PM,128,64,64
02/25/2014 04:00:00 PM,176,75,101
02/25/2014 05:00:00 PM,396,134,262
02/25/2014 06:00:00 PM,313,115,198
02/25/2014 07:00:00 PM,135,56,79
02/25/2014 08:00:00 PM,68,27,41
02/25/2014 09:00:00 PM,43,22,21
02/25/2014 10:00:00 PM,30,9,21
02/25/2014 11:00:00 PM,16,5,11
02/26/2014 12:00:00 AM,5,2,3
02/26/2014 01:00:00 AM,1,1,0
02/26/2014 02:00:00 AM,6,2,4
02/26/2014 03:00:00 AM,3,1,2
02/26/2014 04:00:00 AM,4,3,1
02/26/2014 05:00:00 AM,17,11,6
02/26/2014 06:00:00 AM,79,58,21
02/26/2014 07:00:00 AM,250,184,66
02/26/2014 08:00:00 AM,375,251,124
02/26/2014 09:00:00 AM,263,159,104
02/26/2014 10:00:00 AM,90,58,32
02/26/2014 11:00:00 AM,77,43,34
02/26/2014 12:00:00 PM,110,62,48
02/26/2014 01:00:00 PM,100,47,53
02/26/2014 02:00:00 PM,98,51,47
02/26/2014 03:00:00 PM,140,80,60
02/26/2014 04:00:00 PM,223,99,124
02/26/2014 05:00:00 PM,451,157,294
02/26/2014 06:00:00 PM,319,115,204
02/26/2014 07:00:00 PM,153,52,101
02/26/2014 08:00:00 PM,83,26,57
02/26/2014 09:00:00 PM,49,18,31
02/26/2014 10:00:00 PM,40,22,18
02/26/2014 11:00:00 PM,24,8,16
02/27/2014 12:00:00 AM,11,7,4
02/27/2014 01:00:00 AM,5,1,4
02/27/2014 02:00:00 AM,1,0,1
02/27/2014 03:00:00 AM,3,3,0
02/27/2014 04:00:00 AM,3,2,1
02/27/2014 05:00:00 AM,26,21,5
02/27/2014 06:00:00 AM,91,67,24
02/27/2014 07:00:00 AM,231,170,61
02/27/2014 08:00:00 AM,347,246,101
02/27/2014 09:00:00 AM,216,137,79
02/27/2014 10:00:00 AM,113,71,42
02/27/2014 11:00:00 AM,76,39,37
02/27/2014 12:00:00 PM,90,60,30
02/27/2014 01:00:00 PM,91,55,36
02/27/2014 02:00:00 PM,85,41,44
02/27/2014 03:00:00 PM,127,57,70
02/27/2014 04:00:00 PM,200,98,102
02/27/2014 05:00:00 PM,355,118,237
02/27/2014 06:00:00 PM,300,102,198
02/27/2014 07:00:00 PM,144,52,92
02/27/2014 08:00:00 PM,75,28,47
02/27/2014 09:00:00 PM,56,27,29
02/27/2014 10:00:00 PM,31,12,19
02/27/2014 11:00:00 PM,44,30,14
02/28/2014 12:00:00 AM,21,13,8
02/28/2014 01:00:00 AM,5,2,3
02/28/2014 02:00:00 AM,7,4,3
02/28/2014 03:00:00 AM,1,0,1
02/28/2014 04:00:00 AM,7,6,1
02/28/2014 05:00:00 AM,16,15,1
02/28/2014 06:00:00 AM,78,47,31
02/28/2014 07:00:00 AM,187,138,49
02/28/2014 08:00:00 AM,354,258,96
02/28/2014 09:00:00 AM,245,156,89
02/28/2014 10:00:00 AM,113,60,53
02/28/2014 11:00:00 AM,101,62,39
02/28/2014 12:00:00 PM,109,54,55
02/28/2014 01:00:00 PM,101,51,50
02/28/2014 02:00:00 PM,119,60,59
02/28/2014 03:00:00 PM,149,79,70
02/28/2014 04:00:00 PM,237,104,133
02/28/2014 05:00:00 PM,395,143,252
02/28/2014 06:00:00 PM,314,111,203
02/28/2014 07:00:00 PM,108,45,63
02/28/2014 08:00:00 PM,65,18,47
02/28/2014 09:00:00 PM,35,15,20
02/28/2014 10:00:00 PM,34,17,17
02/28/2014 11:00:00 PM,28,10,18
03/01/2014 12:00:00 AM,21,10,11
03/01/2014 01:00:00 AM,6,2,4
03/01/2014 02:00:00 AM,2,0,2
03/01/2014 03:00:00 AM,1,0,1
03/01/2014 04:00:00 AM,1,1,0
03/01/2014 05:00:00 AM,3,3,0
03/01/2014 06:00:00 AM,13,4,9
03/01/2014 07:00:00 AM,16,13,3
03/01/2014 08:00:00 AM,58,34,24
03/01/2014 09:00:00 AM,86,56,30
03/01/2014 10:00:00 AM,111,85,26
03/01/2014 11:00:00 AM,114,83,31
03/01/2014 12:00:00 PM,99,59,40
03/01/2014 01:00:00 PM,57,44,13
03/01/2014 02:00:00 PM,83,43,40
03/01/2014 03:00:00 PM,56,34,22
03/01/2014 04:00:00 PM,72,35,37
03/01/2014 05:00:00 PM,41,26,15
03/01/2014 06:00:00 PM,43,21,22
03/01/2014 07:00:00 PM,32,7,25
03/01/2014 08:00:00 PM,23,3,20
03/01/2014 09:00:00 PM,17,3,14
03/01/2014 10:00:00 PM,19,10,9
03/01/2014 11:00:00 PM,15,12,3
03/02/2014 12:00:00 AM,8,5,3
03/02/2014 01:00:00 AM,2,1,1
03/02/2014 02:00:00 AM,5,1,4
03/02/2014 03:00:00 AM,3,1,2
03/02/2014 04:00:00 AM,1,1,0
03/02/2014 05:00:00 AM,3,2,1
03/02/2014 06:00:00 AM,12,7,5
03/02/2014 07:00:00 AM,8,3,5
03/02/2014 08:00:00 AM,19,9,10
03/02/2014 09:00:00 AM,54,29,25
03/02/2014 10:00:00 AM,57,41,16
03/02/2014 11:00:00 AM,41,27,14
03/02/2014 12:00:00 PM,34,26,8
03/02/2014 01:00:00 PM,28,6,22
03/02/2014 02:00:00 PM,23,19,4
03/02/2014 03:00:00 PM,34,20,14
03/02/2014 04:00:00 PM,33,16,17
03/02/2014 05:00:00 PM,22,11,11
03/02/2014 06:00:00 PM,13,6,7
03/02/2014 07:00:00 PM,9,4,5
03/02/2014 08:00:00 PM,10,5,5
03/02/2014 09:00:00 PM,3,1,2
03/02/2014 10:00:00 PM,5,1,4
03/02/2014 11:00:00 PM,4,2,2
03/03/2014 12:00:00 AM,2,1,1
03/03/2014 01:00:00 AM,0,0,0
03/03/2014 02:00:00 AM,0,0,0
03/03/2014 03:00:00 AM,2,2,0
03/03/2014 04:00:00 AM,2,1,1
03/03/2014 05:00:00 AM,15,13,2
03/03/2014 06:00:00 AM,61,41,20
03/03/2014 07:00:00 AM,152,104,48
03/03/2014 08:00:00 AM,205,139,66
03/03/2014 09:00:00 AM,130,94,36
03/03/2014 10:00:00 AM,55,32,23
03/03/2014 11:00:00 AM,21,12,9
03/03/2014 12:00:00 PM,29,21,8
03/03/2014 01:00:00 PM,50,28,22
03/03/2014 02:00:00 PM,57,25,32
03/03/2014 03:00:00 PM,73,44,29
03/03/2014 04:00:00 PM,137,62,75
03/03/2014 05:00:00 PM,263,99,164
03/03/2014 06:00:00 PM,238,93,145
03/03/2014 07:00:00 PM,105,42,63
03/03/2014 08:00:00 PM,46,17,29
03/03/2014 09:00:00 PM,26,12,14
03/03/2014 10:00:00 PM,35,16,19
03/03/2014 11:00:00 PM,16,5,11
03/04/2014 12:00:00 AM,4,2,2
03/04/2014 01:00:00 AM,2,2,0
03/04/2014 02:00:00 AM,3,2,1
03/04/2014 03:00:00 AM,2,2,0
03/04/2014 04:00:00 AM,2,0,2
03/04/2014 05:00:00 AM,21,16,5
03/04/2014 06:00:00 AM,81,55,26
03/04/2014 07:00:00 AM,191,137,54
03/04/2014 08:00:00 AM,339,240,99
03/04/2014 09:00:00 AM,186,117,69
03/04/2014 10:00:00 AM,60,42,18
03/04/2014 11:00:00 AM,44,28,16
03/04/2014 12:00:00 PM,54,35,19
03/04/2014 01:00:00 PM,39,21,18
03/04/2014 02:00:00 PM,54,30,24
03/04/2014 03:00:00 PM,80,35,45
03/04/2014 04:00:00 PM,139,59,80
03/04/2014 05:00:00 PM,326,91,235
03/04/2014 06:00:00 PM,235,78,157
03/04/2014 07:00:00 PM,91,31,60
03/04/2014 08:00:00 PM,43,11,32
03/04/2014 09:00:00 PM,26,10,16
03/04/2014 10:00:00 PM,14,4,10
03/04/2014 11:00:00 PM,17,7,10
03/05/2014 12:00:00 AM,9,2,7
03/05/2014 01:00:00 AM,3,2,1
03/05/2014 02:00:00 AM,5,3,2
03/05/2014 03:00:00 AM,3,2,1
03/05/2014 04:00:00 AM,4,2,2
03/05/2014 05:00:00 AM,8,6,2
03/05/2014 06:00:00 AM,53,39,14
03/05/2014 07:00:00 AM,141,99,42
03/05/2014 08:00:00 AM,259,182,77
03/05/2014 09:00:00 AM,188,123,65
03/05/2014 10:00:00 AM,63,36,27
03/05/2014 11:00:00 AM,66,36,30
03/05/2014 12:00:00 PM,62,42,20
03/05/2014 01:00:00 PM,71,44,27
03/05/2014 02:00:00 PM,80,41,39
03/05/2014 03:00:00 PM,64,30,34
03/05/2014 04:00:00 PM,117,46,71
03/05/2014 05:00:00 PM,257,84,173
03/05/2014 06:00:00 PM,211,60,151
03/05/2014 07:00:00 PM,87,25,62
03/05/2014 08:00:00 PM,46,15,31
03/05/2014 09:00:00 PM,27,14,13
03/05/2014 10:00:00 PM,29,11,18
03/05/2014 11:00:00 PM,21,10,11
03/06/2014 12:00:00 AM,5,3,2
03/06/2014 01:00:00 AM,2,1,1
03/06/2014 02:00:00 AM,2,1,1
03/06/2014 03:00:00 AM,1,1,0
03/06/2014 04:00:00 AM,5,5,0
03/06/2014 05:00:00 AM,14,12,2
03/06/2014 06:00:00 AM,56,38,18
03/06/2014 07:00:00 AM,142,95,47
03/06/2014 08:00:00 AM,245,178,67
03/06/2014 09:00:00 AM,153,100,53
03/06/2014 10:00:00 AM,87,59,28
03/06/2014 11:00:00 AM,46,27,19
03/06/2014 12:00:00 PM,41,22,19
03/06/2014 01:00:00 PM,39,20,19
03/06/2014 02:00:00 PM,43,18,25
03/06/2014 03:00:00 PM,81,41,40
03/06/2014 04:00:00 PM,126,53,73
03/06/2014 05:00:00 PM,254,75,179
03/06/2014 06:00:00 PM,200,76,124
03/06/2014 07:00:00 PM,117,44,73
03/06/2014 08:00:00 PM,53,17,36
03/06/2014 09:00:00 PM,34,17,17
03/06/2014 10:00:00 PM,28,10,18
03/06/2014 11:00:00 PM,27,8,19
03/07/2014 12:00:00 AM,13,9,4
03/07/2014 01:00:00 AM,7,4,3
03/07/2014 02:00:00 AM,1,0,1
03/07/2014 03:00:00 AM,4,1,3
03/07/2014 04:00:00 AM,4,4,0
03/07/2014 05:00:00 AM,19,13,6
03/07/2014 06:00:00 AM,89,55,34
03/07/2014 07:00:00 AM,173,120,53
03/07/2014 08:00:00 AM,332,244,88
03/07/2014 09:00:00 AM,210,136,74
03/07/2014 10:00:00 AM,89,55,34
03/07/2014 11:00:00 AM,63,38,25
03/07/2014 12:00:00 PM,74,35,39
03/07/2014 01:00:00 PM,101,57,44
03/07/2014 02:00:00 PM,105,47,58
03/07/2014 03:00:00 PM,147,69,78
03/07/2014 04:00:00 PM,220,93,127
03/07/2014 05:00:00 PM,370,114,256
03/07/2014 06:00:00 PM,258,96,162
03/07/2014 07:00:00 PM,112,55,57
03/07/2014 08:00:00 PM,60,23,37
03/07/2014 09:00:00 PM,42,14,28
03/07/2014 10:00:00 PM,36,14,22
03/07/2014 11:00:00 PM,31,15,16
03/08/2014 12:00:00 AM,22,10,12
03/08/2014 01:00:00 AM,17,10,7
03/08/2014 02:00:00 AM,6,1,5
03/08/2014 03:00:00 AM,2,1,1
03/08/2014 04:00:00 AM,3,0,3
03/08/2014 05:00:00 AM,4,3,1
03/08/2014 06:00:00 AM,20,11,9
03/08/2014 07:00:00 AM,31,12,19
03/08/2014 08:00:00 AM,78,37,41
03/08/2014 09:00:00 AM,91,52,39
03/08/2014 10:00:00 AM,99,60,39
03/08/2014 11:00:00 AM,79,49,30
03/08/2014 12:00:00 PM,51,24,27
03/08/2014 01:00:00 PM,35,16,19
03/08/2014 02:00:00 PM,35,14,21
03/08/2014 03:00:00 PM,29,17,12
03/08/2014 04:00:00 PM,26,11,15
03/08/2014 05:00:00 PM,22,14,8
03/08/2014 06:00:00 PM,21,12,9
03/08/2014 07:00:00 PM,12,5,7
03/08/2014 08:00:00 PM,19,7,12
03/08/2014 09:00:00 PM,8,5,3
03/08/2014 10:00:00 PM,6,3,3
03/08/2014 11:00:00 PM,10,6,4
03/09/2014 12:00:00 AM,6,1,5
03/09/2014 01:00:00 AM,0,0,0
03/09/2014 02:00:00 AM,,,
03/09/2014 03:00:00 AM,0,0,0
03/09/2014 04:00:00 AM,4,2,2
03/09/2014 05:00:00 AM,3,1,2
03/09/2014 06:00:00 AM,4,3,1
03/09/2014 07:00:00 AM,7,4,3
03/09/2014 08:00:00 AM,15,9,6
03/09/2014 09:00:00 AM,31,20,11
03/09/2014 10:00:00 AM,37,29,8
03/09/2014 11:00:00 AM,51,18,33
03/09/2014 12:00:00 PM,68,40,28
03/09/2014 01:00:00 PM,101,60,41
03/09/2014 02:00:00 PM,145,83,62
03/09/2014 03:00:00 PM,186,106,80
03/09/2014 04:00:00 PM,171,97,74
03/09/2014 05:00:00 PM,136,73,63
03/09/2014 06:00:00 PM,78,50,28
03/09/2014 07:00:00 PM,36,24,12
03/09/2014 08:00:00 PM,31,15,16
03/09/2014 09:00:00 PM,15,9,6
03/09/2014 10:00:00 PM,12,1,11
03/09/2014 11:00:00 PM,5,3,2
03/10/2014 12:00:00 AM,7,3,4
03/10/2014 01:00:00 AM,2,1,1
03/10/2014 02:00:00 AM,0,0,0
03/10/2014 03:00:00 AM,2,1,1
03/10/2014 04:00:00 AM,1,0,1
03/10/2014 05:00:00 AM,13,10,3
03/10/2014 06:00:00 AM,68,48,20
03/10/2014 07:00:00 AM,193,137,56
03/10/2014 08:00:00 AM,279,195,84
03/10/2014 09:00:00 AM,220,137,83
03/10/2014 10:00:00 AM,103,63,40
03/10/2014 11:00:00 AM,45,26,19
03/10/2014 12:00:00 PM,50,26,24
03/10/2014 01:00:00 PM,37,21,16
03/10/2014 02:00:00 PM,52,24,28
03/10/2014 03:00:00 PM,73,32,41
03/10/2014 04:00:00 PM,143,58,85
03/10/2014 05:00:00 PM,325,90,235
03/10/2014 06:00:00 PM,285,101,184
03/10/2014 07:00:00 PM,116,36,80
03/10/2014 08:00:00 PM,55,25,30
03/10/2014 09:00:00 PM,38,19,19
03/10/2014 10:00:00 PM,21,8,13
03/10/2014 11:00:00 PM,17,6,11
03/11/2014 12:00:00 AM,5,3,2
03/11/2014 01:00:00 AM,3,1,2
03/11/2014 02:00:00 AM,1,1,0
03/11/2014 03:00:00 AM,0,0,0
03/11/2014 04:00:00 AM,3,2,1
03/11/2014 05:00:00 AM,20,16,4
03/11/2014 06:00:00 AM,99,68,31
03/11/2014 07:00:00 AM,266,193,73
03/11/2014 08:00:00 AM,417,298,119
03/11/2014 09:00:00 AM,309,201,108
03/11/2014 10:00:00 AM,109,72,37
03/11/2014 11:00:00 AM,59,35,24
03/11/2014 12:00:00 PM,107,66,41
03/11/2014 01:00:00 PM,92,52,40
03/11/2014 02:00:00 PM,100,60,40
03/11/2014 03:00:00 PM,159,82,77
03/11/2014 04:00:00 PM,254,98,156
03/11/2014 05:00:00 PM,507,159,348
03/11/2014 06:00:00 PM,474,164,310
03/11/2014 07:00:00 PM,213,96,117
03/11/2014 08:00:00 PM,107,47,60
03/11/2014 09:00:00 PM,56,21,35
03/11/2014 10:00:00 PM,38,16,22
03/11/2014 11:00:00 PM,18,8,10
03/12/2014 12:00:00 AM,8,4,4
03/12/2014 01:00:00 AM,3,1,2
03/12/2014 02:00:00 AM,4,3,1
03/12/2014 03:00:00 AM,1,0,1
03/12/2014 04:00:00 AM,3,0,3
03/12/2014 05:00:00 AM,23,16,7
03/12/2014 06:00:00 AM,95,66,29
03/12/2014 07:00:00 AM,254,193,61
03/12/2014 08:00:00 AM,425,303,122
03/12/2014 09:00:00 AM,338,222,116
03/12/2014 10:00:00 AM,131,70,61
03/12/2014 11:00:00 AM,88,56,32
03/12/2014 12:00:00 PM,96,58,38
03/12/2014 01:00:00 PM,116,63,53
03/12/2014 02:00:00 PM,127,67,60
03/12/2014 03:00:00 PM,157,80,77
03/12/2014 04:00:00 PM,251,114,137
03/12/2014 05:00:00 PM,562,179,383
03/12/2014 06:00:00 PM,476,184,292
03/12/2014 07:00:00 PM,244,109,135
03/12/2014 08:00:00 PM,128,58,70
03/12/2014 09:00:00 PM,63,27,36
03/12/2014 10:00:00 PM,56,29,27
03/12/2014 11:00:00 PM,16,10,6
03/13/2014 12:00:00 AM,10,7,3
03/13/2014 01:00:00 AM,2,0,2
03/13/2014 02:00:00 AM,6,3,3
03/13/2014 03:00:00 AM,1,1,0
03/13/2014 04:00:00 AM,9,6,3
03/13/2014 05:00:00 AM,25,20,5
03/13/2014 06:00:00 AM,94,63,31
03/13/2014 07:00:00 AM,253,178,75
03/13/2014 08:00:00 AM,423,303,120
03/13/2014 09:00:00 AM,287,182,105
03/13/2014 10:00:00 AM,105,50,55
03/13/2014 11:00:00 AM,85,50,35
03/13/2014 12:00:00 PM,104,69,35
03/13/2014 01:00:00 PM,101,48,53
03/13/2014 02:00:00 PM,98,52,46
03/13/2014 03:00:00 PM,157,81,76
03/13/2014 04:00:00 PM,255,96,159
03/13/2014 05:00:00 PM,431,144,287
03/13/2014 06:00:00 PM,479,173,306
03/13/2014 07:00:00 PM,184,92,92
03/13/2014 08:00:00 PM,85,30,55
03/13/2014 09:00:00 PM,65,23,42
03/13/2014 10:00:00 PM,33,14,19
03/13/2014 11:00:00 PM,21,9,12
03/14/2014 12:00:00 AM,5,1,4
03/14/2014 01:00:00 AM,10,2,8
03/14/2014 02:00:00 AM,3,1,2
03/14/2014 03:00:00 AM,4,2,2
03/14/2014 04:00:00 AM,4,2,2
03/14/2014 05:00:00 AM,21,16,5
03/14/2014 06:00:00 AM,74,49,25
03/14/2014 07:00:00 AM,129,88,41
03/14/2014 08:00:00 AM,270,191,79
03/14/2014 09:00:00 AM,189,125,64
03/14/2014 10:00:00 AM,83,50,33
03/14/2014 11:00:00 AM,55,40,15
03/14/2014 12:00:00 PM,59,33,26
03/14/2014 01:00:00 PM,80,40,40
03/14/2014 02:00:00 PM,89,48,41
03/14/2014 03:00:00 PM,117,63,54
03/14/2014 04:00:00 PM,167,70,97
03/14/2014 05:00:00 PM,331,113,218
03/14/2014 06:00:00 PM,232,88,144
03/14/2014 07:00:00 PM,150,56,94
03/14/2014 08:00:00 PM,60,15,45
03/14/2014 09:00:00 PM,31,13,18
03/14/2014 10:00:00 PM,25,11,14
03/14/2014 11:00:00 PM,28,12,16
03/15/2014 12:00:00 AM,11,5,6
03/15/2014 01:00:00 AM,11,5,6
03/15/2014 02:00:00 AM,9,4,5
03/15/2014 03:00:00 AM,4,1,3
03/15/2014 04:00:00 AM,2,1,1
03/15/2014 05:00:00 AM,5,3,2
03/15/2014 06:00:00 AM,16,7,9
03/15/2014 07:00:00 AM,29,14,15
03/15/2014 08:00:00 AM,49,29,20
03/15/2014 09:00:00 AM,80,47,33
03/15/2014 10:00:00 AM,96,57,39
03/15/2014 11:00:00 AM,91,53,38
03/15/2014 12:00:00 PM,86,47,39
03/15/2014 01:00:00 PM,90,53,37
03/15/2014 02:00:00 PM,129,72,57
03/15/2014 03:00:00 PM,97,42,55
03/15/2014 04:00:00 PM,126,64,62
03/15/2014 05:00:00 PM,93,54,39
03/15/2014 06:00:00 PM,57,30,27
03/15/2014 07:00:00 PM,28,15,13
03/15/2014 08:00:00 PM,27,10,17
03/15/2014 09:00:00 PM,12,5,7
03/15/2014 10:00:00 PM,13,7,6
03/15/2014 11:00:00 PM,16,9,7
03/16/2014 12:00:00 AM,14,5,9
03/16/2014 01:00:00 AM,8,4,4
03/16/2014 02:00:00 AM,5,2,3
03/16/2014 03:00:00 AM,2,1,1
03/16/2014 04:00:00 AM,1,1,0
03/16/2014 05:00:00 AM,6,4,2
03/16/2014 06:00:00 AM,8,4,4
03/16/2014 07:00:00 AM,12,6,6
03/16/2014 08:00:00 AM,14,8,6
03/16/2014 09:00:00 AM,24,16,8
03/16/2014 10:00:00 AM,28,17,11
03/16/2014 11:00:00 AM,26,16,10
03/16/2014 12:00:00 PM,27,17,10
03/16/2014 01:00:00 PM,31,17,14
03/16/2014 02:00:00 PM,14,11,3
03/16/2014 03:00:00 PM,30,17,13
03/16/2014 04:00:00 PM,45,28,17
03/16/2014 05:00:00 PM,27,13,14
03/16/2014 06:00:00 PM,14,10,4
03/16/2014 07:00:00 PM,7,4,3
03/16/2014 08:00:00 PM,16,4,12
03/16/2014 09:00:00 PM,7,7,0
03/16/2014 10:00:00 PM,6,1,5
03/16/2014 11:00:00 PM,3,2,1
03/17/2014 12:00:00 AM,4,0,4
03/17/2014 01:00:00 AM,5,3,2
03/17/2014 02:00:00 AM,1,1,0
03/17/2014 03:00:00 AM,3,3,0
03/17/2014 04:00:00 AM,3,2,1
03/17/2014 05:00:00 AM,17,14,3
03/17/2014 06:00:00 AM,84,52,32
03/17/2014 07:00:00 AM,198,150,48
03/17/2014 08:00:00 AM,377,267,110
03/17/2014 09:00:00 AM,269,181,88
03/17/2014 10:00:00 AM,112,66,46
03/17/2014 11:00:00 AM,94,52,42
03/17/2014 12:00:00 PM,92,51,41
03/17/2014 01:00:00 PM,99,47,52
03/17/2014 02:00:00 PM,80,39,41
03/17/2014 03:00:00 PM,116,54,62
03/17/2014 04:00:00 PM,171,55,116
03/17/2014 05:00:00 PM,404,116,288
03/17/2014 06:00:00 PM,380,127,253
03/17/2014 07:00:00 PM,136,48,88
03/17/2014 08:00:00 PM,72,30,42
03/17/2014 09:00:00 PM,40,15,25
03/17/2014 10:00:00 PM,30,12,18
03/17/2014 11:00:00 PM,22,10,12
03/18/2014 12:00:00 AM,6,2,4
03/18/2014 01:00:00 AM,8,6,2
03/18/2014 02:00:00 AM,2,1,1
03/18/2014 03:00:00 AM,1,0,1
03/18/2014 04:00:00 AM,5,4,1
03/18/2014 05:00:00 AM,19,15,4
03/18/2014 06:00:00 AM,112,81,31
03/18/2014 07:00:00 AM,232,160,72
03/18/2014 08:00:00 AM,391,273,118
03/18/2014 09:00:00 AM,245,155,90
03/18/2014 10:00:00 AM,128,85,43
03/18/2014 11:00:00 AM,50,27,23
03/18/2014 12:00:00 PM,63,34,29
03/18/2014 01:00:00 PM,57,33,24
03/18/2014 02:00:00 PM,80,48,32
03/18/2014 03:00:00 PM,114,45,69
03/18/2014 04:00:00 PM,172,80,92
03/18/2014 05:00:00 PM,383,113,270
03/18/2014 06:00:00 PM,388,122,266
03/18/2014 07:00:00 PM,178,61,117
03/18/2014 08:00:00 PM,71,23,48
03/18/2014 09:00:00 PM,43,26,17
03/18/2014 10:00:00 PM,36,16,20
03/18/2014 11:00:00 PM,18,9,9
03/19/2014 12:00:00 AM,6,5,1
03/19/2014 01:00:00 AM,6,0,6
03/19/2014 02:00:00 AM,2,2,0
03/19/2014 03:00:00 AM,2,1,1
03/19/2014 04:00:00 AM,4,3,1
03/19/2014 05:00:00 AM,14,12,2
03/19/2014 06:00:00 AM,81,57,24
03/19/2014 07:00:00 AM,171,122,49
03/19/2014 08:00:00 AM,293,205,88
03/19/2014 09:00:00 AM,226,137,89
03/19/2014 10:00:00 AM,98,59,39
03/19/2014 11:00:00 AM,55,35,20
03/19/2014 12:00:00 PM,57,31,26
03/19/2014 01:00:00 PM,46,26,20
03/19/2014 02:00:00 PM,55,29,26
03/19/2014 03:00:00 PM,72,34,38
03/19/2014 04:00:00 PM,134,54,80
03/19/2014 05:00:00 PM,310,108,202
03/19/2014 06:00:00 PM,302,85,217
03/19/2014 07:00:00 PM,126,50,76
03/19/2014 08:00:00 PM,56,19,37
03/19/2014 09:00:00 PM,38,18,20
03/19/2014 10:00:00 PM,21,7,14
03/19/2014 11:00:00 PM,17,10,7
03/20/2014 12:00:00 AM,1,0,1
03/20/2014 01:00:00 AM,3,2,1
03/20/2014 02:00:00 AM,0,0,0
03/20/2014 03:00:00 AM,2,2,0
03/20/2014 04:00:00 AM,5,3,2
03/20/2014 05:00:00 AM,19,12,7
03/20/2014 06:00:00 AM,80,56,24
03/20/2014 07:00:00 AM,205,150,55
03/20/2014 08:00:00 AM,306,225,81
03/20/2014 09:00:00 AM,241,160,81
03/20/2014 10:00:00 AM,101,68,33
03/20/2014 11:00:00 AM,70,42,28
03/20/2014 12:00:00 PM,57,33,24
03/20/2014 01:00:00 PM,66,39,27
03/20/2014 02:00:00 PM,104,63,41
03/20/2014 03:00:00 PM,137,73,64
03/20/2014 04:00:00 PM,190,104,86
03/20/2014 05:00:00 PM,400,133,267
03/20/2014 06:00:00 PM,339,127,212
03/20/2014 07:00:00 PM,165,60,105
03/20/2014 08:00:00 PM,82,38,44
03/20/2014 09:00:00 PM,51,19,32
03/20/2014 10:00:00 PM,40,15,25
03/20/2014 11:00:00 PM,27,13,14
03/21/2014 12:00:00 AM,16,11,5
03/21/2014 01:00:00 AM,7,3,4
03/21/2014 02:00:00 AM,4,1,3
03/21/2014 03:00:00 AM,4,2,2
03/21/2014 04:00:00 AM,6,3,3
03/21/2014 05:00:00 AM,15,10,5
03/21/2014 06:00:00 AM,70,47,23
03/21/2014 07:00:00 AM,202,138,64
03/21/2014 08:00:00 AM,340,253,87
03/21/2014 09:00:00 AM,229,142,87
03/21/2014 10:00:00 AM,110,64,46
03/21/2014 11:00:00 AM,62,39,23
03/21/2014 12:00:00 PM,71,48,23
03/21/2014 01:00:00 PM,98,45,53
03/21/2014 02:00:00 PM,116,64,52
03/21/2014 03:00:00 PM,139,62,77
03/21/2014 04:00:00 PM,207,79,128
03/21/2014 05:00:00 PM,389,128,261
03/21/2014 06:00:00 PM,283,103,180
03/21/2014 07:00:00 PM,134,47,87
03/21/2014 08:00:00 PM,70,27,43
03/21/2014 09:00:00 PM,25,10,15
03/21/2014 10:00:00 PM,24,9,15
03/21/2014 11:00:00 PM,31,10,21
03/22/2014 12:00:00 AM,16,5,11
03/22/2014 01:00:00 AM,9,5,4
03/22/2014 02:00:00 AM,4,3,1
03/22/2014 03:00:00 AM,3,2,1
03/22/2014 04:00:00 AM,1,1,0
03/22/2014 05:00:00 AM,7,2,5
03/22/2014 06:00:00 AM,14,9,5
03/22/2014 07:00:00 AM,45,23,22
03/22/2014 08:00:00 AM,59,21,38
03/22/2014 09:00:00 AM,89,44,45
03/22/2014 10:00:00 AM,112,77,35
03/22/2014 11:00:00 AM,147,90,57
03/22/2014 12:00:00 PM,156,78,78
03/22/2014 01:00:00 PM,125,73,52
03/22/2014 02:00:00 PM,137,78,59
03/22/2014 03:00:00 PM,126,67,59
03/22/2014 04:00:00 PM,133,64,69
03/22/2014 05:00:00 PM,100,43,57
03/22/2014 06:00:00 PM,83,46,37
03/22/2014 07:00:00 PM,53,28,25
03/22/2014 08:00:00 PM,34,13,21
03/22/2014 09:00:00 PM,19,5,14
03/22/2014 10:00:00 PM,18,7,11
03/22/2014 11:00:00 PM,14,10,4
03/23/2014 12:00:00 AM,13,6,7
03/23/2014 01:00:00 AM,6,2,4
03/23/2014 02:00:00 AM,5,1,4
03/23/2014 03:00:00 AM,4,1,3
03/23/2014 04:00:00 AM,2,0,2
03/23/2014 05:00:00 AM,5,2,3
03/23/2014 06:00:00 AM,8,2,6
03/23/2014 07:00:00 AM,23,14,9
03/23/2014 08:00:00 AM,54,28,26
03/23/2014 09:00:00 AM,72,43,29
03/23/2014 10:00:00 AM,90,47,43
03/23/2014 11:00:00 AM,147,88,59
03/23/2014 12:00:00 PM,220,123,97
03/23/2014 01:00:00 PM,204,123,81
03/23/2014 02:00:00 PM,191,107,84
03/23/2014 03:00:00 PM,259,140,119
03/23/2014 04:00:00 PM,232,132,100
03/23/2014 05:00:00 PM,178,83,95
03/23/2014 06:00:00 PM,106,61,45
03/23/2014 07:00:00 PM,61,37,24
03/23/2014 08:00:00 PM,31,12,19
03/23/2014 09:00:00 PM,19,8,11
03/23/2014 10:00:00 PM,19,9,10
03/23/2014 11:00:00 PM,14,6,8
03/24/2014 12:00:00 AM,15,3,12
03/24/2014 01:00:00 AM,3,2,1
03/24/2014 02:00:00 AM,0,0,0
03/24/2014 03:00:00 AM,1,1,0
03/24/2014 04:00:00 AM,6,3,3
03/24/2014 05:00:00 AM,23,14,9
03/24/2014 06:00:00 AM,104,64,40
03/24/2014 07:00:00 AM,258,199,59
03/24/2014 08:00:00 AM,485,333,152
03/24/2014 09:00:00 AM,299,188,111
03/24/2014 10:00:00 AM,121,75,46
03/24/2014 11:00:00 AM,91,48,43
03/24/2014 12:00:00 PM,106,64,42
03/24/2014 01:00:00 PM,112,66,46
03/24/2014 02:00:00 PM,108,56,52
03/24/2014 03:00:00 PM,148,79,69
03/24/2014 04:00:00 PM,261,115,146
03/24/2014 05:00:00 PM,585,186,399
03/24/2014 06:00:00 PM,476,166,310
03/24/2014 07:00:00 PM,227,91,136
03/24/2014 08:00:00 PM,75,38,37
03/24/2014 09:00:00 PM,55,19,36
03/24/2014 10:00:00 PM,43,18,25
03/24/2014 11:00:00 PM,34,15,19
03/25/2014 12:00:00 AM,10,5,5
03/25/2014 01:00:00 AM,11,3,8
03/25/2014 02:00:00 AM,6,3,3
03/25/2014 03:00:00 AM,1,0,1
03/25/2014 04:00:00 AM,6,3,3
03/25/2014 05:00:00 AM,21,15,6
03/25/2014 06:00:00 AM,89,57,32
03/25/2014 07:00:00 AM,222,155,67
03/25/2014 08:00:00 AM,298,207,91
03/25/2014 09:00:00 AM,190,122,68
03/25/2014 10:00:00 AM,80,49,31
03/25/2014 11:00:00 AM,37,17,20
03/25/2014 12:00:00 PM,34,14,20
03/25/2014 01:00:00 PM,34,18,16
03/25/2014 02:00:00 PM,42,15,27
03/25/2014 03:00:00 PM,71,27,44
03/25/2014 04:00:00 PM,116,41,75
03/25/2014 05:00:00 PM,327,103,224
03/25/2014 06:00:00 PM,263,91,172
03/25/2014 07:00:00 PM,93,31,62
03/25/2014 08:00:00 PM,60,21,39
03/25/2014 09:00:00 PM,34,14,20
03/25/2014 10:00:00 PM,21,11,10
03/25/2014 11:00:00 PM,21,9,12
03/26/2014 12:00:00 AM,9,2,7
03/26/2014 01:00:00 AM,7,5,2
03/26/2014 02:00:00 AM,3,1,2
03/26/2014 03:00:00 AM,3,1,2
03/26/2014 04:00:00 AM,2,1,1
03/26/2014 05:00:00 AM,17,11,6
03/26/2014 06:00:00 AM,75,57,18
03/26/2014 07:00:00 AM,214,153,61
03/26/2014 08:00:00 AM,358,249,109
03/26/2014 09:00:00 AM,239,150,89
03/26/2014 10:00:00 AM,80,51,29
03/26/2014 11:00:00 AM,47,27,20
03/26/2014 12:00:00 PM,45,17,28
03/26/2014 01:00:00 PM,60,37,23
03/26/2014 02:00:00 PM,65,32,33
03/26/2014 03:00:00 PM,88,40,48
03/26/2014 04:00:00 PM,138,60,78
03/26/2014 05:00:00 PM,332,77,255
03/26/2014 06:00:00 PM,291,86,205
03/26/2014 07:00:00 PM,128,48,80
03/26/2014 08:00:00 PM,58,18,40
03/26/2014 09:00:00 PM,27,13,14
03/26/2014 10:00:00 PM,28,11,17
03/26/2014 11:00:00 PM,32,20,12
03/27/2014 12:00:00 AM,9,4,5
03/27/2014 01:00:00 AM,8,1,7
03/27/2014 02:00:00 AM,3,2,1
03/27/2014 03:00:00 AM,4,2,2
03/27/2014 04:00:00 AM,5,3,2
03/27/2014 05:00:00 AM,24,20,4
03/27/2014 06:00:00 AM,73,54,19
03/27/2014 07:00:00 AM,180,142,38
03/27/2014 08:00:00 AM,314,240,74
03/27/2014 09:00:00 AM,180,111,69
03/27/2014 10:00:00 AM,75,48,27
03/27/2014 11:00:00 AM,53,31,22
03/27/2014 12:00:00 PM,44,21,23
03/27/2014 01:00:00 PM,57,32,25
03/27/2014 02:00:00 PM,81,44,37
03/27/2014 03:00:00 PM,60,35,25
03/27/2014 04:00:00 PM,179,66,113
03/27/2014 05:00:00 PM,366,138,228
03/27/2014 06:00:00 PM,282,99,183
03/27/2014 07:00:00 PM,152,57,95
03/27/2014 08:00:00 PM,85,39,46
03/27/2014 09:00:00 PM,49,23,26
03/27/2014 10:00:00 PM,46,16,30
03/27/2014 11:00:00 PM,28,11,17
03/28/2014 12:00:00 AM,11,3,8
03/28/2014 01:00:00 AM,12,4,8
03/28/2014 02:00:00 AM,5,1,4
03/28/2014 03:00:00 AM,5,2,3
03/28/2014 04:00:00 AM,6,2,4
03/28/2014 05:00:00 AM,20,13,7
03/28/2014 06:00:00 AM,70,47,23
03/28/2014 07:00:00 AM,129,96,33
03/28/2014 08:00:00 AM,170,123,47
03/28/2014 09:00:00 AM,159,95,64
03/28/2014 10:00:00 AM,51,37,14
03/28/2014 11:00:00 AM,38,24,14
03/28/2014 12:00:00 PM,29,15,14
03/28/2014 01:00:00 PM,37,22,15
03/28/2014 02:00:00 PM,39,17,22
03/28/2014 03:00:00 PM,53,23,30
03/28/2014 04:00:00 PM,114,45,69
03/28/2014 05:00:00 PM,222,75,147
03/28/2014 06:00:00 PM,163,54,109
03/28/2014 07:00:00 PM,85,34,51
03/28/2014 08:00:00 PM,48,22,26
03/28/2014 09:00:00 PM,20,8,12
03/28/2014 10:00:00 PM,23,10,13
03/28/2014 11:00:00 PM,16,7,9
03/29/2014 12:00:00 AM,11,7,4
03/29/2014 01:00:00 AM,7,1,6
03/29/2014 02:00:00 AM,2,1,1
03/29/2014 03:00:00 AM,2,1,1
03/29/2014 04:00:00 AM,2,0,2
03/29/2014 05:00:00 AM,7,3,4
03/29/2014 06:00:00 AM,16,10,6
03/29/2014 07:00:00 AM,9,6,3
03/29/2014 08:00:00 AM,25,14,11
03/29/2014 09:00:00 AM,31,17,14
03/29/2014 10:00:00 AM,31,19,12
03/29/2014 11:00:00 AM,44,23,21
03/29/2014 12:00:00 PM,56,35,21
03/29/2014 01:00:00 PM,50,18,32
03/29/2014 02:00:00 PM,46,26,20
03/29/2014 03:00:00 PM,51,29,22
03/29/2014 04:00:00 PM,46,24,22
03/29/2014 05:00:00 PM,34,25,9
03/29/2014 06:00:00 PM,24,12,12
03/29/2014 07:00:00 PM,19,12,7
03/29/2014 08:00:00 PM,18,7,11
03/29/2014 09:00:00 PM,14,4,10
03/29/2014 10:00:00 PM,11,7,4
03/29/2014 11:00:00 PM,15,12,3
03/30/2014 12:00:00 AM,7,6,1
03/30/2014 01:00:00 AM,5,1,4
03/30/2014 02:00:00 AM,3,2,1
03/30/2014 03:00:00 AM,1,0,1
03/30/2014 04:00:00 AM,4,2,2
03/30/2014 05:00:00 AM,5,2,3
03/30/2014 06:00:00 AM,7,5,2
03/30/2014 07:00:00 AM,18,9,9
03/30/2014 08:00:00 AM,41,25,16
03/30/2014 09:00:00 AM,52,31,21
03/30/2014 10:00:00 AM,65,45,20
03/30/2014 11:00:00 AM,81,49,32
03/30/2014 12:00:00 PM,102,73,29
03/30/2014 01:00:00 PM,128,83,45
03/30/2014 02:00:00 PM,149,84,65
03/30/2014 03:00:00 PM,164,97,67
03/30/2014 04:00:00 PM,198,102,96
03/30/2014 05:00:00 PM,107,67,40
03/30/2014 06:00:00 PM,77,40,37
03/30/2014 07:00:00 PM,35,23,12
03/30/2014 08:00:00 PM,29,14,15
03/30/2014 09:00:00 PM,14,7,7
03/30/2014 10:00:00 PM,17,7,10
03/30/2014 11:00:00 PM,11,4,7
03/31/2014 12:00:00 AM,5,2,3
03/31/2014 01:00:00 AM,3,1,2
03/31/2014 02:00:00 AM,3,2,1
03/31/2014 03:00:00 AM,2,1,1
03/31/2014 04:00:00 AM,4,2,2
03/31/2014 05:00:00 AM,20,15,5
03/31/2014 06:00:00 AM,99,65,34
03/31/2014 07:00:00 AM,276,197,79
03/31/2014 08:00:00 AM,469,319,150
03/31/2014 09:00:00 AM,296,193,103
03/31/2014 10:00:00 AM,97,57,40
03/31/2014 11:00:00 AM,76,45,31
03/31/2014 12:00:00 PM,99,47,52
03/31/2014 01:00:00 PM,100,53,47
03/31/2014 02:00:00 PM,100,39,61
03/31/2014 03:00:00 PM,129,52,77
03/31/2014 04:00:00 PM,246,94,152
03/31/2014 05:00:00 PM,559,200,359
03/31/2014 06:00:00 PM,427,145,282
03/31/2014 07:00:00 PM,229,98,131
03/31/2014 08:00:00 PM,96,38,58
03/31/2014 09:00:00 PM,50,25,25
03/31/2014 10:00:00 PM,29,12,17
03/31/2014 11:00:00 PM,22,10,12
04/01/2014 12:00:00 AM,18,5,13
04/01/2014 01:00:00 AM,3,0,3
04/01/2014 02:00:00 AM,8,0,8
04/01/2014 03:00:00 AM,1,1,0
04/01/2014 04:00:00 AM,2,1,1
04/01/2014 05:00:00 AM,23,14,9
04/01/2014 06:00:00 AM,122,92,30
04/01/2014 07:00:00 AM,330,245,85
04/01/2014 08:00:00 AM,478,344,134
04/01/2014 09:00:00 AM,294,194,100
04/01/2014 10:00:00 AM,118,62,56
04/01/2014 11:00:00 AM,80,48,32
04/01/2014 12:00:00 PM,68,41,27
04/01/2014 01:00:00 PM,89,48,41
04/01/2014 02:00:00 PM,105,54,51
04/01/2014 03:00:00 PM,170,80,90
04/01/2014 04:00:00 PM,261,93,168
04/01/2014 05:00:00 PM,601,206,395
04/01/2014 06:00:00 PM,509,179,330
04/01/2014 07:00:00 PM,241,99,142
04/01/2014 08:00:00 PM,124,59,65
04/01/2014 09:00:00 PM,70,35,35
04/01/2014 10:00:00 PM,42,18,24
04/01/2014 11:00:00 PM,34,18,16
04/02/2014 12:00:00 AM,8,5,3
04/02/2014 01:00:00 AM,11,8,3
04/02/2014 02:00:00 AM,3,1,2
04/02/2014 03:00:00 AM,2,2,0
04/02/2014 04:00:00 AM,7,5,2
04/02/2014 05:00:00 AM,25,18,7
04/02/2014 06:00:00 AM,112,86,26
04/02/2014 07:00:00 AM,306,223,83
04/02/2014 08:00:00 AM,474,342,132
04/02/2014 09:00:00 AM,295,199,96
04/02/2014 10:00:00 AM,128,75,53
04/02/2014 11:00:00 AM,66,40,26
04/02/2014 12:00:00 PM,91,43,48
04/02/2014 01:00:00 PM,100,57,43
04/02/2014 02:00:00 PM,113,60,53
04/02/2014 03:00:00 PM,138,70,68
04/02/2014 04:00:00 PM,259,100,159
04/02/2014 05:00:00 PM,576,203,373
04/02/2014 06:00:00 PM,474,187,287
04/02/2014 07:00:00 PM,202,85,117
04/02/2014 08:00:00 PM,133,67,66
04/02/2014 09:00:00 PM,81,38,43
04/02/2014 10:00:00 PM,51,20,31
04/02/2014 11:00:00 PM,17,13,4
04/03/2014 12:00:00 AM,22,8,14
04/03/2014 01:00:00 AM,7,3,4
04/03/2014 02:00:00 AM,2,1,1
04/03/2014 03:00:00 AM,2,1,1
04/03/2014 04:00:00 AM,2,1,1
04/03/2014 05:00:00 AM,18,10,8
04/03/2014 06:00:00 AM,87,66,21
04/03/2014 07:00:00 AM,263,189,74
04/03/2014 08:00:00 AM,344,233,111
04/03/2014 09:00:00 AM,260,166,94
04/03/2014 10:00:00 AM,118,64,54
04/03/2014 11:00:00 AM,87,50,37
04/03/2014 12:00:00 PM,76,43,33
04/03/2014 01:00:00 PM,71,39,32
04/03/2014 02:00:00 PM,77,43,34
04/03/2014 03:00:00 PM,78,44,34
04/03/2014 04:00:00 PM,185,66,119
04/03/2014 05:00:00 PM,295,81,214
04/03/2014 06:00:00 PM,304,87,217
04/03/2014 07:00:00 PM,153,58,95
04/03/2014 08:00:00 PM,67,30,37
04/03/2014 09:00:00 PM,54,21,33
04/03/2014 10:00:00 PM,30,11,19
04/03/2014 11:00:00 PM,21,11,10
04/04/2014 12:00:00 AM,8,3,5
04/04/2014 01:00:00 AM,4,2,2
04/04/2014 02:00:00 AM,3,2,1
04/04/2014 03:00:00 AM,3,2,1
04/04/2014 04:00:00 AM,5,1,4
04/04/2014 05:00:00 AM,18,11,7
04/04/2014 06:00:00 AM,73,51,22
04/04/2014 07:00:00 AM,199,143,56
04/04/2014 08:00:00 AM,356,257,99
04/04/2014 09:00:00 AM,258,159,99
04/04/2014 10:00:00 AM,104,55,49
04/04/2014 11:00:00 AM,81,47,34
04/04/2014 12:00:00 PM,73,35,38
04/04/2014 01:00:00 PM,76,40,36
04/04/2014 02:00:00 PM,108,54,54
04/04/2014 03:00:00 PM,139,61,78
04/04/2014 04:00:00 PM,210,91,119
04/04/2014 05:00:00 PM,414,128,286
04/04/2014 06:00:00 PM,307,117,190
04/04/2014 07:00:00 PM,176,73,103
04/04/2014 08:00:00 PM,78,32,46
04/04/2014 09:00:00 PM,50,23,27
04/04/2014 10:00:00 PM,42,15,27
04/04/2014 11:00:00 PM,32,13,19
04/05/2014 12:00:00 AM,19,11,8
04/05/2014 01:00:00 AM,11,7,4
04/05/2014 02:00:00 AM,14,7,7
04/05/2014 03:00:00 AM,6,1,5
04/05/2014 04:00:00 AM,1,1,0
04/05/2014 05:00:00 AM,8,6,2
04/05/2014 06:00:00 AM,21,13,8
04/05/2014 07:00:00 AM,18,8,10
04/05/2014 08:00:00 AM,58,34,24
04/05/2014 09:00:00 AM,95,44,51
04/05/2014 10:00:00 AM,140,84,56
04/05/2014 11:00:00 AM,85,46,39
04/05/2014 12:00:00 PM,83,46,37
04/05/2014 01:00:00 PM,82,47,35
04/05/2014 02:00:00 PM,81,45,36
04/05/2014 03:00:00 PM,76,44,32
04/05/2014 04:00:00 PM,56,26,30
04/05/2014 05:00:00 PM,44,19,25
04/05/2014 06:00:00 PM,37,20,17
04/05/2014 07:00:00 PM,41,23,18
04/05/2014 08:00:00 PM,24,14,10
04/05/2014 09:00:00 PM,15,8,7
04/05/2014 10:00:00 PM,13,6,7
04/05/2014 11:00:00 PM,16,9,7
04/06/2014 12:00:00 AM,7,4,3
04/06/2014 01:00:00 AM,8,4,4
04/06/2014 02:00:00 AM,2,1,1
04/06/2014 03:00:00 AM,5,1,4
04/06/2014 04:00:00 AM,4,3,1
04/06/2014 05:00:00 AM,8,4,4
04/06/2014 06:00:00 AM,12,7,5
04/06/2014 07:00:00 AM,26,19,7
04/06/2014 08:00:00 AM,51,36,15
04/06/2014 09:00:00 AM,73,38,35
04/06/2014 10:00:00 AM,100,65,35
04/06/2014 11:00:00 AM,113,60,53
04/06/2014 12:00:00 PM,158,86,72
04/06/2014 01:00:00 PM,167,87,80
04/06/2014 02:00:00 PM,194,129,65
04/06/2014 03:00:00 PM,171,112,59
04/06/2014 04:00:00 PM,128,68,60
04/06/2014 05:00:00 PM,104,56,48
04/06/2014 06:00:00 PM,93,53,40
04/06/2014 07:00:00 PM,50,24,26
04/06/2014 08:00:00 PM,27,18,9
04/06/2014 09:00:00 PM,22,8,14
04/06/2014 10:00:00 PM,13,7,6
04/06/2014 11:00:00 PM,7,6,1
04/07/2014 12:00:00 AM,11,3,8
04/07/2014 01:00:00 AM,3,1,2
04/07/2014 02:00:00 AM,1,1,0
04/07/2014 03:00:00 AM,4,2,2
04/07/2014 04:00:00 AM,3,3,0
04/07/2014 05:00:00 AM,32,22,10
04/07/2014 06:00:00 AM,109,73,36
04/07/2014 07:00:00 AM,330,251,79
04/07/2014 08:00:00 AM,506,342,164
04/07/2014 09:00:00 AM,351,235,116
04/07/2014 10:00:00 AM,129,75,54
04/07/2014 11:00:00 AM,120,71,49
04/07/2014 12:00:00 PM,111,73,38
04/07/2014 01:00:00 PM,122,62,60
04/07/2014 02:00:00 PM,145,71,74
04/07/2014 03:00:00 PM,199,95,104
04/07/2014 04:00:00 PM,345,140,205
04/07/2014 05:00:00 PM,705,232,473
04/07/2014 06:00:00 PM,591,211,380
04/07/2014 07:00:00 PM,234,105,129
04/07/2014 08:00:00 PM,125,64,61
04/07/2014 09:00:00 PM,82,45,37
04/07/2014 10:00:00 PM,40,16,24
04/07/2014 11:00:00 PM,21,15,6
04/08/2014 12:00:00 AM,15,7,8
04/08/2014 01:00:00 AM,7,2,5
04/08/2014 02:00:00 AM,2,1,1
04/08/2014 03:00:00 AM,4,3,1
04/08/2014 04:00:00 AM,2,1,1
04/08/2014 05:00:00 AM,27,19,8
04/08/2014 06:00:00 AM,87,61,26
04/08/2014 07:00:00 AM,306,212,94
04/08/2014 08:00:00 AM,451,323,128
04/08/2014 09:00:00 AM,305,188,117
04/08/2014 10:00:00 AM,112,62,50
04/08/2014 11:00:00 AM,68,49,19
04/08/2014 12:00:00 PM,70,42,28
04/08/2014 01:00:00 PM,73,38,35
04/08/2014 02:00:00 PM,67,31,36
04/08/2014 03:00:00 PM,101,48,53
04/08/2014 04:00:00 PM,157,54,103
04/08/2014 05:00:00 PM,341,97,244
04/08/2014 06:00:00 PM,296,83,213
04/08/2014 07:00:00 PM,136,45,91
04/08/2014 08:00:00 PM,71,31,40
04/08/2014 09:00:00 PM,65,23,42
04/08/2014 10:00:00 PM,26,11,15
04/08/2014 11:00:00 PM,17,10,7
04/09/2014 12:00:00 AM,7,1,6
04/09/2014 01:00:00 AM,8,3,5
04/09/2014 02:00:00 AM,1,1,0
04/09/2014 03:00:00 AM,3,2,1
04/09/2014 04:00:00 AM,6,4,2
04/09/2014 05:00:00 AM,26,18,8
04/09/2014 06:00:00 AM,113,87,26
04/09/2014 07:00:00 AM,289,206,83
04/09/2014 08:00:00 AM,472,328,144
04/09/2014 09:00:00 AM,303,193,110
04/09/2014 10:00:00 AM,163,102,61
04/09/2014 11:00:00 AM,97,56,41
04/09/2014 12:00:00 PM,96,57,39
04/09/2014 01:00:00 PM,113,60,53
04/09/2014 02:00:00 PM,91,56,35
04/09/2014 03:00:00 PM,162,72,90
04/09/2014 04:00:00 PM,270,111,159
04/09/2014 05:00:00 PM,583,164,419
04/09/2014 06:00:00 PM,512,178,334
04/09/2014 07:00:00 PM,266,101,165
04/09/2014 08:00:00 PM,116,52,64
04/09/2014 09:00:00 PM,69,38,31
04/09/2014 10:00:00 PM,41,19,22
04/09/2014 11:00:00 PM,21,5,16
04/10/2014 12:00:00 AM,18,8,10
04/10/2014 01:00:00 AM,11,3,8
04/10/2014 02:00:00 AM,5,2,3
04/10/2014 03:00:00 AM,2,1,1
04/10/2014 04:00:00 AM,2,1,1
04/10/2014 05:00:00 AM,29,18,11
04/10/2014 06:00:00 AM,102,69,33
04/10/2014 07:00:00 AM,301,232,69
04/10/2014 08:00:00 AM,502,352,150
04/10/2014 09:00:00 AM,349,220,129
04/10/2014 10:00:00 AM,150,96,54
04/10/2014 11:00:00 AM,113,71,42
04/10/2014 12:00:00 PM,151,73,78
04/10/2014 01:00:00 PM,109,58,51
04/10/2014 02:00:00 PM,127,66,61
04/10/2014 03:00:00 PM,162,80,82
04/10/2014 04:00:00 PM,261,101,160
04/10/2014 05:00:00 PM,502,163,339
04/10/2014 06:00:00 PM,517,200,317
04/10/2014 07:00:00 PM,253,103,150
04/10/2014 08:00:00 PM,118,56,62
04/10/2014 09:00:00 PM,75,31,44
04/10/2014 10:00:00 PM,43,14,29
04/10/2014 11:00:00 PM,38,15,23
04/11/2014 12:00:00 AM,18,5,13
04/11/2014 01:00:00 AM,10,4,6
04/11/2014 02:00:00 AM,8,3,5
04/11/2014 03:00:00 AM,5,2,3
04/11/2014 04:00:00 AM,5,4,1
04/11/2014 05:00:00 AM,30,19,11
04/11/2014 06:00:00 AM,84,56,28
04/11/2014 07:00:00 AM,262,194,68
04/11/2014 08:00:00 AM,438,319,119
04/11/2014 09:00:00 AM,274,177,97
04/11/2014 10:00:00 AM,133,70,63
04/11/2014 11:00:00 AM,102,58,44
04/11/2014 12:00:00 PM,94,54,40
04/11/2014 01:00:00 PM,103,58,45
04/11/2014 02:00:00 PM,120,58,62
04/11/2014 03:00:00 PM,172,84,88
04/11/2014 04:00:00 PM,297,111,186
04/11/2014 05:00:00 PM,524,188,336
04/11/2014 06:00:00 PM,395,145,250
04/11/2014 07:00:00 PM,187,73,114
04/11/2014 08:00:00 PM,73,31,42
04/11/2014 09:00:00 PM,38,17,21
04/11/2014 10:00:00 PM,38,14,24
04/11/2014 11:00:00 PM,25,11,14
04/12/2014 12:00:00 AM,15,6,9
04/12/2014 01:00:00 AM,13,8,5
04/12/2014 02:00:00 AM,13,6,7
04/12/2014 03:00:00 AM,4,2,2
04/12/2014 04:00:00 AM,1,0,1
04/12/2014 05:00:00 AM,6,5,1
04/12/2014 06:00:00 AM,15,4,11
04/12/2014 07:00:00 AM,45,27,18
04/12/2014 08:00:00 AM,89,52,37
04/12/2014 09:00:00 AM,121,54,67
04/12/2014 10:00:00 AM,163,91,72
04/12/2014 11:00:00 AM,121,62,59
04/12/2014 12:00:00 PM,160,100,60
04/12/2014 01:00:00 PM,205,121,84
04/12/2014 02:00:00 PM,183,93,90
04/12/2014 03:00:00 PM,204,104,100
04/12/2014 04:00:00 PM,186,98,88
04/12/2014 05:00:00 PM,189,103,86
04/12/2014 06:00:00 PM,146,69,77
04/12/2014 07:00:00 PM,119,63,56
04/12/2014 08:00:00 PM,48,29,19
04/12/2014 09:00:00 PM,42,21,21
04/12/2014 10:00:00 PM,60,32,28
04/12/2014 11:00:00 PM,37,20,17
04/13/2014 12:00:00 AM,19,11,8
04/13/2014 01:00:00 AM,14,5,9
04/13/2014 02:00:00 AM,14,8,6
04/13/2014 03:00:00 AM,7,4,3
04/13/2014 04:00:00 AM,2,0,2
04/13/2014 05:00:00 AM,5,3,2
04/13/2014 06:00:00 AM,13,5,8
04/13/2014 07:00:00 AM,24,14,10
04/13/2014 08:00:00 AM,66,36,30
04/13/2014 09:00:00 AM,123,63,60
04/13/2014 10:00:00 AM,157,100,57
04/13/2014 11:00:00 AM,180,113,67
04/13/2014 12:00:00 PM,223,128,95
04/13/2014 01:00:00 PM,263,131,132
04/13/2014 02:00:00 PM,304,165,139
04/13/2014 03:00:00 PM,321,198,123
04/13/2014 04:00:00 PM,279,156,123
04/13/2014 05:00:00 PM,221,130,91
04/13/2014 06:00:00 PM,164,82,82
04/13/2014 07:00:00 PM,101,55,46
04/13/2014 08:00:00 PM,66,36,30
04/13/2014 09:00:00 PM,42,26,16
04/13/2014 10:00:00 PM,23,6,17
04/13/2014 11:00:00 PM,16,11,5
04/14/2014 12:00:00 AM,11,2,9
04/14/2014 01:00:00 AM,5,3,2
04/14/2014 02:00:00 AM,3,0,3
04/14/2014 03:00:00 AM,2,2,0
04/14/2014 04:00:00 AM,3,3,0
04/14/2014 05:00:00 AM,33,22,11
04/14/2014 06:00:00 AM,109,73,36
04/14/2014 07:00:00 AM,326,257,69
04/14/2014 08:00:00 AM,518,358,160
04/14/2014 09:00:00 AM,305,197,108
04/14/2014 10:00:00 AM,138,82,56
04/14/2014 11:00:00 AM,112,72,40
04/14/2014 12:00:00 PM,114,57,57
04/14/2014 01:00:00 PM,112,54,58
04/14/2014 02:00:00 PM,135,73,62
04/14/2014 03:00:00 PM,173,84,89
04/14/2014 04:00:00 PM,289,106,183
04/14/2014 05:00:00 PM,601,190,411
04/14/2014 06:00:00 PM,547,209,338
04/14/2014 07:00:00 PM,248,115,133
04/14/2014 08:00:00 PM,96,44,52
04/14/2014 09:00:00 PM,75,27,48
04/14/2014 10:00:00 PM,29,8,21
04/14/2014 11:00:00 PM,22,11,11
04/15/2014 12:00:00 AM,14,6,8
04/15/2014 01:00:00 AM,3,2,1
04/15/2014 02:00:00 AM,5,5,0
04/15/2014 03:00:00 AM,4,2,2
04/15/2014 04:00:00 AM,4,4,0
04/15/2014 05:00:00 AM,29,14,15
04/15/2014 06:00:00 AM,90,64,26
04/15/2014 07:00:00 AM,269,211,58
04/15/2014 08:00:00 AM,430,302,128
04/15/2014 09:00:00 AM,293,196,97
04/15/2014 10:00:00 AM,117,56,61
04/15/2014 11:00:00 AM,91,39,52
04/15/2014 12:00:00 PM,88,51,37
04/15/2014 01:00:00 PM,88,52,36
04/15/2014 02:00:00 PM,94,52,42
04/15/2014 03:00:00 PM,126,62,64
04/15/2014 04:00:00 PM,193,78,115
04/15/2014 05:00:00 PM,455,137,318
04/15/2014 06:00:00 PM,393,136,257
04/15/2014 07:00:00 PM,196,82,114
04/15/2014 08:00:00 PM,100,41,59
04/15/2014 09:00:00 PM,66,39,27
04/15/2014 10:00:00 PM,31,12,19
04/15/2014 11:00:00 PM,27,14,13
04/16/2014 12:00:00 AM,13,8,5
04/16/2014 01:00:00 AM,3,2,1
04/16/2014 02:00:00 AM,7,4,3
04/16/2014 03:00:00 AM,2,2,0
04/16/2014 04:00:00 AM,3,0,3
04/16/2014 05:00:00 AM,21,13,8
04/16/2014 06:00:00 AM,67,46,21
04/16/2014 07:00:00 AM,218,152,66
04/16/2014 08:00:00 AM,289,206,83
04/16/2014 09:00:00 AM,204,125,79
04/16/2014 10:00:00 AM,78,49,29
04/16/2014 11:00:00 AM,48,21,27
04/16/2014 12:00:00 PM,47,25,22
04/16/2014 01:00:00 PM,57,35,22
04/16/2014 02:00:00 PM,58,27,31
04/16/2014 03:00:00 PM,66,28,38
04/16/2014 04:00:00 PM,110,44,66
04/16/2014 05:00:00 PM,321,98,223
04/16/2014 06:00:00 PM,260,78,182
04/16/2014 07:00:00 PM,124,63,61
04/16/2014 08:00:00 PM,51,5,46
04/16/2014 09:00:00 PM,50,18,32
04/16/2014 10:00:00 PM,22,12,10
04/16/2014 11:00:00 PM,14,7,7
04/17/2014 12:00:00 AM,4,2,2
04/17/2014 01:00:00 AM,5,3,2
04/17/2014 02:00:00 AM,0,0,0
04/17/2014 03:00:00 AM,1,1,0
04/17/2014 04:00:00 AM,1,1,0
04/17/2014 05:00:00 AM,17,11,6
04/17/2014 06:00:00 AM,64,42,22
04/17/2014 07:00:00 AM,194,135,59
04/17/2014 08:00:00 AM,244,178,66
04/17/2014 09:00:00 AM,162,98,64
04/17/2014 10:00:00 AM,70,46,24
04/17/2014 11:00:00 AM,30,18,12
04/17/2014 12:00:00 PM,44,22,22
04/17/2014 01:00:00 PM,35,16,19
04/17/2014 02:00:00 PM,44,18,26
04/17/2014 03:00:00 PM,56,29,27
04/17/2014 04:00:00 PM,95,39,56
04/17/2014 05:00:00 PM,237,71,166
04/17/2014 06:00:00 PM,211,60,151
04/17/2014 07:00:00 PM,113,43,70
04/17/2014 08:00:00 PM,58,18,40
04/17/2014 09:00:00 PM,31,12,19
04/17/2014 10:00:00 PM,21,14,7
04/17/2014 11:00:00 PM,13,6,7
04/18/2014 12:00:00 AM,4,1,3
04/18/2014 01:00:00 AM,3,1,2
04/18/2014 02:00:00 AM,2,1,1
04/18/2014 03:00:00 AM,2,0,2
04/18/2014 04:00:00 AM,3,1,2
04/18/2014 05:00:00 AM,20,12,8
04/18/2014 06:00:00 AM,67,41,26
04/18/2014 07:00:00 AM,205,148,57
04/18/2014 08:00:00 AM,353,241,112
04/18/2014 09:00:00 AM,247,142,105
04/18/2014 10:00:00 AM,115,69,46
04/18/2014 11:00:00 AM,105,66,39
04/18/2014 12:00:00 PM,99,49,50
04/18/2014 01:00:00 PM,107,61,46
04/18/2014 02:00:00 PM,126,54,72
04/18/2014 03:00:00 PM,126,57,69
04/18/2014 04:00:00 PM,223,88,135
04/18/2014 05:00:00 PM,393,123,270
04/18/2014 06:00:00 PM,350,129,221
04/18/2014 07:00:00 PM,188,91,97
04/18/2014 08:00:00 PM,98,53,45
04/18/2014 09:00:00 PM,39,12,27
04/18/2014 10:00:00 PM,32,16,16
04/18/2014 11:00:00 PM,23,6,17
04/19/2014 12:00:00 AM,18,12,6
04/19/2014 01:00:00 AM,16,11,5
04/19/2014 02:00:00 AM,6,3,3
04/19/2014 03:00:00 AM,5,2,3
04/19/2014 04:00:00 AM,1,1,0
04/19/2014 05:00:00 AM,6,3,3
04/19/2014 06:00:00 AM,15,5,10
04/19/2014 07:00:00 AM,48,23,25
04/19/2014 08:00:00 AM,58,36,22
04/19/2014 09:00:00 AM,106,54,52
04/19/2014 10:00:00 AM,116,77,39
04/19/2014 11:00:00 AM,102,61,41
04/19/2014 12:00:00 PM,52,33,19
04/19/2014 01:00:00 PM,47,15,32
04/19/2014 02:00:00 PM,32,11,21
04/19/2014 03:00:00 PM,29,14,15
04/19/2014 04:00:00 PM,47,20,27
04/19/2014 05:00:00 PM,29,17,12
04/19/2014 06:00:00 PM,50,31,19
04/19/2014 07:00:00 PM,32,12,20
04/19/2014 08:00:00 PM,36,19,17
04/19/2014 09:00:00 PM,25,14,11
04/19/2014 10:00:00 PM,17,6,11
04/19/2014 11:00:00 PM,13,9,4
04/20/2014 12:00:00 AM,15,7,8
04/20/2014 01:00:00 AM,6,1,5
04/20/2014 02:00:00 AM,4,2,2
04/20/2014 03:00:00 AM,6,0,6
04/20/2014 04:00:00 AM,4,3,1
04/20/2014 05:00:00 AM,6,5,1
04/20/2014 06:00:00 AM,20,12,8
04/20/2014 07:00:00 AM,21,11,10
04/20/2014 08:00:00 AM,38,19,19
04/20/2014 09:00:00 AM,70,41,29
04/20/2014 10:00:00 AM,81,41,40
04/20/2014 11:00:00 AM,129,60,69
04/20/2014 12:00:00 PM,142,82,60
04/20/2014 01:00:00 PM,201,94,107
04/20/2014 02:00:00 PM,186,97,89
04/20/2014 03:00:00 PM,194,102,92
04/20/2014 04:00:00 PM,183,104,79
04/20/2014 05:00:00 PM,127,71,56
04/20/2014 06:00:00 PM,111,63,48
04/20/2014 07:00:00 PM,84,47,37
04/20/2014 08:00:00 PM,44,20,24
04/20/2014 09:00:00 PM,24,9,15
04/20/2014 10:00:00 PM,18,5,13
04/20/2014 11:00:00 PM,20,12,8
04/21/2014 12:00:00 AM,6,4,2
04/21/2014 01:00:00 AM,6,5,1
04/21/2014 02:00:00 AM,4,1,3
04/21/2014 03:00:00 AM,2,2,0
04/21/2014 04:00:00 AM,4,3,1
04/21/2014 05:00:00 AM,33,17,16
04/21/2014 06:00:00 AM,96,60,36
04/21/2014 07:00:00 AM,285,215,70
04/21/2014 08:00:00 AM,455,341,114
04/21/2014 09:00:00 AM,309,188,121
04/21/2014 10:00:00 AM,118,73,45
04/21/2014 11:00:00 AM,87,57,30
04/21/2014 12:00:00 PM,95,55,40
04/21/2014 01:00:00 PM,99,51,48
04/21/2014 02:00:00 PM,101,51,50
04/21/2014 03:00:00 PM,138,60,78
04/21/2014 04:00:00 PM,254,107,147
04/21/2014 05:00:00 PM,531,165,366
04/21/2014 06:00:00 PM,440,146,294
04/21/2014 07:00:00 PM,178,71,107
04/21/2014 08:00:00 PM,68,24,44
04/21/2014 09:00:00 PM,44,22,22
04/21/2014 10:00:00 PM,31,17,14
04/21/2014 11:00:00 PM,17,5,12
04/22/2014 12:00:00 AM,3,1,2
04/22/2014 01:00:00 AM,2,0,2
04/22/2014 02:00:00 AM,3,3,0
04/22/2014 03:00:00 AM,1,1,0
04/22/2014 04:00:00 AM,2,1,1
04/22/2014 05:00:00 AM,17,11,6
04/22/2014 06:00:00 AM,71,32,39
04/22/2014 07:00:00 AM,156,128,28
04/22/2014 08:00:00 AM,220,194,26
04/22/2014 09:00:00 AM,201,128,73
04/22/2014 10:00:00 AM,106,61,45
04/22/2014 11:00:00 AM,105,25,80
04/22/2014 12:00:00 PM,117,89,28
04/22/2014 01:00:00 PM,79,42,37
04/22/2014 02:00:00 PM,78,35,43
04/22/2014 03:00:00 PM,104,53,51
04/22/2014 04:00:00 PM,159,66,93
04/22/2014 05:00:00 PM,343,119,224
04/22/2014 06:00:00 PM,338,125,213
04/22/2014 07:00:00 PM,160,69,91
04/22/2014 08:00:00 PM,73,28,45
04/22/2014 09:00:00 PM,40,17,23
04/22/2014 10:00:00 PM,23,10,13
04/22/2014 11:00:00 PM,22,12,10
04/23/2014 12:00:00 AM,2,1,1
04/23/2014 01:00:00 AM,52,2,50
04/23/2014 02:00:00 AM,22,0,22
04/23/2014 03:00:00 AM,21,1,20
04/23/2014 04:00:00 AM,21,2,19
04/23/2014 05:00:00 AM,52,17,35
04/23/2014 06:00:00 AM,80,48,32
04/23/2014 07:00:00 AM,213,191,22
04/23/2014 08:00:00 AM,352,327,25
04/23/2014 09:00:00 AM,279,178,101
04/23/2014 10:00:00 AM,126,72,54
04/23/2014 11:00:00 AM,87,47,40
04/23/2014 12:00:00 PM,66,47,19
04/23/2014 01:00:00 PM,77,46,31
04/23/2014 02:00:00 PM,72,40,32
04/23/2014 03:00:00 PM,113,59,54
04/23/2014 04:00:00 PM,178,64,114
04/23/2014 05:00:00 PM,415,121,294
04/23/2014 06:00:00 PM,310,107,203
04/23/2014 07:00:00 PM,157,46,111
04/23/2014 08:00:00 PM,60,17,43
04/23/2014 09:00:00 PM,35,13,22
04/23/2014 10:00:00 PM,31,15,16
04/23/2014 11:00:00 PM,11,4,7
04/24/2014 12:00:00 AM,6,3,3
04/24/2014 01:00:00 AM,3,2,1
04/24/2014 02:00:00 AM,2,2,0
04/24/2014 03:00:00 AM,1,1,0
04/24/2014 04:00:00 AM,5,3,2
04/24/2014 05:00:00 AM,18,10,8
04/24/2014 06:00:00 AM,72,45,27
04/24/2014 07:00:00 AM,212,151,61
04/24/2014 08:00:00 AM,334,237,97
04/24/2014 09:00:00 AM,225,156,69
04/24/2014 10:00:00 AM,104,66,38
04/24/2014 11:00:00 AM,59,31,28
04/24/2014 12:00:00 PM,49,27,22
04/24/2014 01:00:00 PM,35,14,21
04/24/2014 02:00:00 PM,57,30,27
04/24/2014 03:00:00 PM,80,42,38
04/24/2014 04:00:00 PM,152,67,85
04/24/2014 05:00:00 PM,377,107,270
04/24/2014 06:00:00 PM,321,119,202
04/24/2014 07:00:00 PM,196,72,124
04/24/2014 08:00:00 PM,82,34,48
04/24/2014 09:00:00 PM,52,18,34
04/24/2014 10:00:00 PM,48,22,26
04/24/2014 11:00:00 PM,21,11,10
04/25/2014 12:00:00 AM,7,1,6
04/25/2014 01:00:00 AM,6,3,3
04/25/2014 02:00:00 AM,3,1,2
04/25/2014 03:00:00 AM,1,1,0
04/25/2014 04:00:00 AM,39,1,38
04/25/2014 05:00:00 AM,54,15,39
04/25/2014 06:00:00 AM,79,64,15
04/25/2014 07:00:00 AM,182,162,20
04/25/2014 08:00:00 AM,355,294,61
04/25/2014 09:00:00 AM,268,167,101
04/25/2014 10:00:00 AM,137,84,53
04/25/2014 11:00:00 AM,97,70,27
04/25/2014 12:00:00 PM,127,65,62
04/25/2014 01:00:00 PM,113,52,61
04/25/2014 02:00:00 PM,116,60,56
04/25/2014 03:00:00 PM,155,71,84
04/25/2014 04:00:00 PM,263,113,150
04/25/2014 05:00:00 PM,460,163,297
04/25/2014 06:00:00 PM,363,135,228
04/25/2014 07:00:00 PM,159,67,92
04/25/2014 08:00:00 PM,86,39,47
04/25/2014 09:00:00 PM,56,26,30
04/25/2014 10:00:00 PM,30,13,17
04/25/2014 11:00:00 PM,38,21,17
04/26/2014 12:00:00 AM,17,7,10
04/26/2014 01:00:00 AM,10,4,6
04/26/2014 02:00:00 AM,8,4,4
04/26/2014 03:00:00 AM,3,1,2
04/26/2014 04:00:00 AM,4,2,2
04/26/2014 05:00:00 AM,50,3,47
04/26/2014 06:00:00 AM,57,10,47
04/26/2014 07:00:00 AM,74,21,53
04/26/2014 08:00:00 AM,109,42,67
04/26/2014 09:00:00 AM,117,72,45
04/26/2014 10:00:00 AM,169,95,74
04/26/2014 11:00:00 AM,155,87,68
04/26/2014 12:00:00 PM,207,119,88
04/26/2014 01:00:00 PM,146,79,67
04/26/2014 02:00:00 PM,149,82,67
04/26/2014 03:00:00 PM,172,84,88
04/26/2014 04:00:00 PM,193,104,89
04/26/2014 05:00:00 PM,156,88,68
04/26/2014 06:00:00 PM,118,66,52
04/26/2014 07:00:00 PM,51,29,22
04/26/2014 08:00:00 PM,34,21,13
04/26/2014 09:00:00 PM,23,13,10
04/26/2014 10:00:00 PM,18,7,11
04/26/2014 11:00:00 PM,9,8,1
04/27/2014 12:00:00 AM,11,4,7
04/27/2014 01:00:00 AM,9,4,5
04/27/2014 02:00:00 AM,2,1,1
04/27/2014 03:00:00 AM,0,0,0
04/27/2014 04:00:00 AM,58,0,58
04/27/2014 05:00:00 AM,37,3,34
04/27/2014 06:00:00 AM,34,7,27
04/27/2014 07:00:00 AM,63,2,61
04/27/2014 08:00:00 AM,62,25,37
04/27/2014 09:00:00 AM,81,49,32
04/27/2014 10:00:00 AM,77,42,35
04/27/2014 11:00:00 AM,85,46,39
04/27/2014 12:00:00 PM,100,51,49
04/27/2014 01:00:00 PM,104,57,47
04/27/2014 02:00:00 PM,119,69,50
04/27/2014 03:00:00 PM,118,58,60
04/27/2014 04:00:00 PM,130,81,49
04/27/2014 05:00:00 PM,112,63,49
04/27/2014 06:00:00 PM,78,47,31
04/27/2014 07:00:00 PM,40,24,16
04/27/2014 08:00:00 PM,34,17,17
04/27/2014 09:00:00 PM,21,11,10
04/27/2014 10:00:00 PM,20,8,12
04/27/2014 11:00:00 PM,7,7,0
04/28/2014 12:00:00 AM,6,1,5
04/28/2014 01:00:00 AM,3,2,1
04/28/2014 02:00:00 AM,0,0,0
04/28/2014 03:00:00 AM,2,2,0
04/28/2014 04:00:00 AM,73,3,70
04/28/2014 05:00:00 AM,54,19,35
04/28/2014 06:00:00 AM,94,71,23
04/28/2014 07:00:00 AM,271,255,16
04/28/2014 08:00:00 AM,403,356,47
04/28/2014 09:00:00 AM,294,191,103
04/28/2014 10:00:00 AM,97,58,39
04/28/2014 11:00:00 AM,86,57,29
04/28/2014 12:00:00 PM,76,38,38
04/28/2014 01:00:00 PM,96,49,47
04/28/2014 02:00:00 PM,118,52,66
04/28/2014 03:00:00 PM,163,77,86
04/28/2014 04:00:00 PM,268,107,161
04/28/2014 05:00:00 PM,581,168,413
04/28/2014 06:00:00 PM,544,205,339
04/28/2014 07:00:00 PM,281,119,162
04/28/2014 08:00:00 PM,129,59,70
04/28/2014 09:00:00 PM,53,23,30
04/28/2014 10:00:00 PM,45,26,19
04/28/2014 11:00:00 PM,21,12,9
04/29/2014 12:00:00 AM,16,3,13
04/29/2014 01:00:00 AM,3,1,2
04/29/2014 02:00:00 AM,4,3,1
04/29/2014 03:00:00 AM,0,0,0
04/29/2014 04:00:00 AM,6,4,2
04/29/2014 05:00:00 AM,42,28,14
04/29/2014 06:00:00 AM,141,103,38
04/29/2014 07:00:00 AM,409,296,113
04/29/2014 08:00:00 AM,595,421,174
04/29/2014 09:00:00 AM,345,222,123
04/29/2014 10:00:00 AM,150,89,61
04/29/2014 11:00:00 AM,109,58,51
04/29/2014 12:00:00 PM,117,66,51
04/29/2014 01:00:00 PM,124,81,43
04/29/2014 02:00:00 PM,154,81,73
04/29/2014 03:00:00 PM,180,85,95
04/29/2014 04:00:00 PM,326,123,203
04/29/2014 05:00:00 PM,703,207,496
04/29/2014 06:00:00 PM,669,261,408
04/29/2014 07:00:00 PM,340,153,187
04/29/2014 08:00:00 PM,197,94,103
04/29/2014 09:00:00 PM,90,47,43
04/29/2014 10:00:00 PM,46,25,21
04/29/2014 11:00:00 PM,37,21,16
04/30/2014 12:00:00 AM,18,7,11
04/30/2014 01:00:00 AM,9,5,4
04/30/2014 02:00:00 AM,6,4,2
04/30/2014 03:00:00 AM,2,2,0
04/30/2014 04:00:00 AM,7,3,4
04/30/2014 05:00:00 AM,36,24,12
04/30/2014 06:00:00 AM,138,91,47
04/30/2014 07:00:00 AM,418,312,106
04/30/2014 08:00:00 AM,644,470,174
04/30/2014 09:00:00 AM,391,248,143
04/30/2014 10:00:00 AM,158,104,54
04/30/2014 11:00:00 AM,133,77,56
04/30/2014 12:00:00 PM,138,72,66
04/30/2014 01:00:00 PM,151,80,71
04/30/2014 02:00:00 PM,147,92,55
04/30/2014 03:00:00 PM,215,100,115
04/30/2014 04:00:00 PM,396,152,244
04/30/2014 05:00:00 PM,742,215,527
04/30/2014 06:00:00 PM,652,256,396
04/30/2014 07:00:00 PM,332,151,181
04/30/2014 08:00:00 PM,215,118,97
04/30/2014 09:00:00 PM,103,51,52
04/30/2014 10:00:00 PM,80,35,45
04/30/2014 11:00:00 PM,36,19,17
05/01/2014 12:00:00 AM,19,16,3
05/01/2014 01:00:00 AM,9,4,5
05/01/2014 02:00:00 AM,7,5,2
05/01/2014 03:00:00 AM,5,3,2
05/01/2014 04:00:00 AM,9,7,2
05/01/2014 05:00:00 AM,42,29,13
05/01/2014 06:00:00 AM,184,131,53
05/01/2014 07:00:00 AM,570,420,150
05/01/2014 08:00:00 AM,722,513,209
05/01/2014 09:00:00 AM,421,294,127
05/01/2014 10:00:00 AM,189,115,74
05/01/2014 11:00:00 AM,123,76,47
05/01/2014 12:00:00 PM,164,91,73
05/01/2014 01:00:00 PM,172,81,91
05/01/2014 02:00:00 PM,194,90,104
05/01/2014 03:00:00 PM,256,106,150
05/01/2014 04:00:00 PM,478,180,298
05/01/2014 05:00:00 PM,830,250,580
05/01/2014 06:00:00 PM,661,246,415
05/01/2014 07:00:00 PM,386,160,226
05/01/2014 08:00:00 PM,214,103,111
05/01/2014 09:00:00 PM,138,67,71
05/01/2014 10:00:00 PM,96,50,46
05/01/2014 11:00:00 PM,48,26,22
05/02/2014 12:00:00 AM,21,8,13
05/02/2014 01:00:00 AM,13,7,6
05/02/2014 02:00:00 AM,10,6,4
05/02/2014 03:00:00 AM,5,4,1
05/02/2014 04:00:00 AM,8,3,5
05/02/2014 05:00:00 AM,36,19,17
05/02/2014 06:00:00 AM,157,112,45
05/02/2014 07:00:00 AM,450,318,132
05/02/2014 08:00:00 AM,621,460,161
05/02/2014 09:00:00 AM,407,268,139
05/02/2014 10:00:00 AM,170,107,63
05/02/2014 11:00:00 AM,153,89,64
05/02/2014 12:00:00 PM,121,66,55
05/02/2014 01:00:00 PM,145,72,73
05/02/2014 02:00:00 PM,192,111,81
05/02/2014 03:00:00 PM,237,96,141
05/02/2014 04:00:00 PM,427,153,274
05/02/2014 05:00:00 PM,681,190,491
05/02/2014 06:00:00 PM,376,136,240
05/02/2014 07:00:00 PM,161,67,94
05/02/2014 08:00:00 PM,83,31,52
05/02/2014 09:00:00 PM,55,31,24
05/02/2014 10:00:00 PM,37,20,17
05/02/2014 11:00:00 PM,42,28,14
05/03/2014 12:00:00 AM,19,7,12
05/03/2014 01:00:00 AM,14,8,6
05/03/2014 02:00:00 AM,5,2,3
05/03/2014 03:00:00 AM,2,2,0
05/03/2014 04:00:00 AM,0,0,0
05/03/2014 05:00:00 AM,12,7,5
05/03/2014 06:00:00 AM,23,11,12
05/03/2014 07:00:00 AM,57,42,15
05/03/2014 08:00:00 AM,99,52,47
05/03/2014 09:00:00 AM,114,65,49
05/03/2014 10:00:00 AM,113,58,55
05/03/2014 11:00:00 AM,118,58,60
05/03/2014 12:00:00 PM,120,70,50
05/03/2014 01:00:00 PM,95,49,46
05/03/2014 02:00:00 PM,69,51,18
05/03/2014 03:00:00 PM,72,37,35
05/03/2014 04:00:00 PM,84,44,40
05/03/2014 05:00:00 PM,38,17,21
05/03/2014 06:00:00 PM,27,10,17
05/03/2014 07:00:00 PM,15,6,9
05/03/2014 08:00:00 PM,22,8,14
05/03/2014 09:00:00 PM,12,5,7
05/03/2014 10:00:00 PM,16,11,5
05/03/2014 11:00:00 PM,11,6,5
05/04/2014 12:00:00 AM,2,1,1
05/04/2014 01:00:00 AM,8,4,4
05/04/2014 02:00:00 AM,3,0,3
05/04/2014 03:00:00 AM,0,0,0
05/04/2014 04:00:00 AM,2,1,1
05/04/2014 05:00:00 AM,5,3,2
05/04/2014 06:00:00 AM,11,6,5
05/04/2014 07:00:00 AM,23,15,8
05/04/2014 08:00:00 AM,34,25,9
05/04/2014 09:00:00 AM,34,21,13
05/04/2014 10:00:00 AM,30,13,17
05/04/2014 11:00:00 AM,44,29,15
05/04/2014 12:00:00 PM,75,27,48
05/04/2014 01:00:00 PM,52,30,22
05/04/2014 02:00:00 PM,51,26,25
05/04/2014 03:00:00 PM,68,36,32
05/04/2014 04:00:00 PM,41,28,13
05/04/2014 05:00:00 PM,33,16,17
05/04/2014 06:00:00 PM,28,10,18
05/04/2014 07:00:00 PM,18,10,8
05/04/2014 08:00:00 PM,27,13,14
05/04/2014 09:00:00 PM,15,6,9
05/04/2014 10:00:00 PM,11,8,3
05/04/2014 11:00:00 PM,5,3,2
05/05/2014 12:00:00 AM,7,4,3
05/05/2014 01:00:00 AM,2,1,1
05/05/2014 02:00:00 AM,1,1,0
05/05/2014 03:00:00 AM,2,1,1
05/05/2014 04:00:00 AM,5,4,1
05/05/2014 05:00:00 AM,37,26,11
05/05/2014 06:00:00 AM,139,98,41
05/05/2014 07:00:00 AM,386,298,88
05/05/2014 08:00:00 AM,453,326,127
05/05/2014 09:00:00 AM,232,148,84
05/05/2014 10:00:00 AM,91,59,32
05/05/2014 11:00:00 AM,47,32,15
05/05/2014 12:00:00 PM,54,32,22
05/05/2014 01:00:00 PM,74,40,34
05/05/2014 02:00:00 PM,70,39,31
05/05/2014 03:00:00 PM,106,51,55
05/05/2014 04:00:00 PM,239,79,160
05/05/2014 05:00:00 PM,554,160,394
05/05/2014 06:00:00 PM,399,134,265
05/05/2014 07:00:00 PM,171,66,105
05/05/2014 08:00:00 PM,113,55,58
05/05/2014 09:00:00 PM,53,26,27
05/05/2014 10:00:00 PM,49,26,23
05/05/2014 11:00:00 PM,17,12,5
05/06/2014 12:00:00 AM,10,4,6
05/06/2014 01:00:00 AM,4,3,1
05/06/2014 02:00:00 AM,5,3,2
05/06/2014 03:00:00 AM,3,3,0
05/06/2014 04:00:00 AM,9,5,4
05/06/2014 05:00:00 AM,56,36,20
05/06/2014 06:00:00 AM,310,228,82
05/06/2014 07:00:00 AM,531,419,112
05/06/2014 08:00:00 AM,580,405,175
05/06/2014 09:00:00 AM,211,169,42
05/06/2014 10:00:00 AM,149,81,68
05/06/2014 11:00:00 AM,102,47,55
05/06/2014 12:00:00 PM,98,48,50
05/06/2014 01:00:00 PM,104,52,52
05/06/2014 02:00:00 PM,114,68,46
05/06/2014 03:00:00 PM,142,73,69
05/06/2014 04:00:00 PM,354,129,225
05/06/2014 05:00:00 PM,799,242,557
05/06/2014 06:00:00 PM,539,192,347
05/06/2014 07:00:00 PM,220,89,131
05/06/2014 08:00:00 PM,134,58,76
05/06/2014 09:00:00 PM,94,40,54
05/06/2014 10:00:00 PM,38,15,23
05/06/2014 11:00:00 PM,30,12,18
05/07/2014 12:00:00 AM,10,2,8
05/07/2014 01:00:00 AM,7,4,3
05/07/2014 02:00:00 AM,5,4,1
05/07/2014 03:00:00 AM,4,4,0
05/07/2014 04:00:00 AM,10,6,4
05/07/2014 05:00:00 AM,55,36,19
05/07/2014 06:00:00 AM,209,153,56
05/07/2014 07:00:00 AM,593,452,141
05/07/2014 08:00:00 AM,716,511,205
05/07/2014 09:00:00 AM,362,222,140
05/07/2014 10:00:00 AM,150,102,48
05/07/2014 11:00:00 AM,109,56,53
05/07/2014 12:00:00 PM,126,73,53
05/07/2014 01:00:00 PM,148,71,77
05/07/2014 02:00:00 PM,142,72,70
05/07/2014 03:00:00 PM,195,100,95
05/07/2014 04:00:00 PM,434,184,250
05/07/2014 05:00:00 PM,858,285,573
05/07/2014 06:00:00 PM,636,252,384
05/07/2014 07:00:00 PM,272,104,168
05/07/2014 08:00:00 PM,161,71,90
05/07/2014 09:00:00 PM,141,53,88
05/07/2014 10:00:00 PM,75,37,38
05/07/2014 11:00:00 PM,37,14,23
05/08/2014 12:00:00 AM,16,5,11
05/08/2014 01:00:00 AM,5,1,4
05/08/2014 02:00:00 AM,5,2,3
05/08/2014 03:00:00 AM,4,3,1
05/08/2014 04:00:00 AM,7,3,4
05/08/2014 05:00:00 AM,33,22,11
05/08/2014 06:00:00 AM,192,147,45
05/08/2014 07:00:00 AM,427,325,102
05/08/2014 08:00:00 AM,489,325,164
05/08/2014 09:00:00 AM,294,186,108
05/08/2014 10:00:00 AM,114,72,42
05/08/2014 11:00:00 AM,91,42,49
05/08/2014 12:00:00 PM,68,36,32
05/08/2014 01:00:00 PM,67,28,39
05/08/2014 02:00:00 PM,50,21,29
05/08/2014 03:00:00 PM,100,48,52
05/08/2014 04:00:00 PM,201,57,144
05/08/2014 05:00:00 PM,425,123,302
05/08/2014 06:00:00 PM,323,95,228
05/08/2014 07:00:00 PM,160,47,113
05/08/2014 08:00:00 PM,79,23,56
05/08/2014 09:00:00 PM,33,16,17
05/08/2014 10:00:00 PM,28,16,12
05/08/2014 11:00:00 PM,19,10,9
05/09/2014 12:00:00 AM,8,4,4
05/09/2014 01:00:00 AM,5,3,2
05/09/2014 02:00:00 AM,4,4,0
05/09/2014 03:00:00 AM,2,2,0
05/09/2014 04:00:00 AM,7,3,4
05/09/2014 05:00:00 AM,29,17,12
05/09/2014 06:00:00 AM,124,96,28
05/09/2014 07:00:00 AM,337,253,84
05/09/2014 08:00:00 AM,427,313,114
05/09/2014 09:00:00 AM,211,134,77
05/09/2014 10:00:00 AM,103,64,39
05/09/2014 11:00:00 AM,91,58,33
05/09/2014 12:00:00 PM,67,43,24
05/09/2014 01:00:00 PM,62,18,44
05/09/2014 02:00:00 PM,86,33,53
05/09/2014 03:00:00 PM,141,59,82
05/09/2014 04:00:00 PM,282,88,194
05/09/2014 05:00:00 PM,474,142,332
05/09/2014 06:00:00 PM,277,101,176
05/09/2014 07:00:00 PM,128,57,71
05/09/2014 08:00:00 PM,68,16,52
05/09/2014 09:00:00 PM,31,15,16
05/09/2014 10:00:00 PM,36,15,21
05/09/2014 11:00:00 PM,36,18,18
05/10/2014 12:00:00 AM,22,12,10
05/10/2014 01:00:00 AM,15,6,9
05/10/2014 02:00:00 AM,15,3,12
05/10/2014 03:00:00 AM,1,1,0
05/10/2014 04:00:00 AM,4,1,3
05/10/2014 05:00:00 AM,9,3,6
05/10/2014 06:00:00 AM,19,9,10
05/10/2014 07:00:00 AM,44,26,18
05/10/2014 08:00:00 AM,75,42,33
05/10/2014 09:00:00 AM,144,101,43
05/10/2014 10:00:00 AM,109,66,43
05/10/2014 11:00:00 AM,129,65,64
05/10/2014 12:00:00 PM,175,109,66
05/10/2014 01:00:00 PM,153,86,67
05/10/2014 02:00:00 PM,125,61,64
05/10/2014 03:00:00 PM,118,61,57
05/10/2014 04:00:00 PM,131,67,64
05/10/2014 05:00:00 PM,106,72,34
05/10/2014 06:00:00 PM,90,50,40
05/10/2014 07:00:00 PM,91,48,43
05/10/2014 08:00:00 PM,50,34,16
05/10/2014 09:00:00 PM,33,18,15
05/10/2014 10:00:00 PM,39,15,24
05/10/2014 11:00:00 PM,28,11,17
05/11/2014 12:00:00 AM,24,11,13
05/11/2014 01:00:00 AM,8,1,7
05/11/2014 02:00:00 AM,7,3,4
05/11/2014 03:00:00 AM,0,0,0
05/11/2014 04:00:00 AM,2,1,1
05/11/2014 05:00:00 AM,9,5,4
05/11/2014 06:00:00 AM,27,15,12
05/11/2014 07:00:00 AM,38,23,15
05/11/2014 08:00:00 AM,94,52,42
05/11/2014 09:00:00 AM,113,59,54
05/11/2014 10:00:00 AM,156,88,68
05/11/2014 11:00:00 AM,162,100,62
05/11/2014 12:00:00 PM,197,128,69
05/11/2014 01:00:00 PM,219,131,88
05/11/2014 02:00:00 PM,231,103,128
05/11/2014 03:00:00 PM,238,129,109
05/11/2014 04:00:00 PM,215,113,102
05/11/2014 05:00:00 PM,194,105,89
05/11/2014 06:00:00 PM,166,89,77
05/11/2014 07:00:00 PM,118,71,47
05/11/2014 08:00:00 PM,52,31,21
05/11/2014 09:00:00 PM,55,24,31
05/11/2014 10:00:00 PM,37,13,24
05/11/2014 11:00:00 PM,14,5,9
05/12/2014 12:00:00 AM,8,4,4
05/12/2014 01:00:00 AM,2,2,0
05/12/2014 02:00:00 AM,4,4,0
05/12/2014 03:00:00 AM,4,4,0
05/12/2014 04:00:00 AM,4,1,3
05/12/2014 05:00:00 AM,65,44,21
05/12/2014 06:00:00 AM,228,164,64
05/12/2014 07:00:00 AM,581,442,139
05/12/2014 08:00:00 AM,677,485,192
05/12/2014 09:00:00 AM,319,192,127
05/12/2014 10:00:00 AM,131,74,57
05/12/2014 11:00:00 AM,138,77,61
05/12/2014 12:00:00 PM,139,76,63
05/12/2014 01:00:00 PM,149,78,71
05/12/2014 02:00:00 PM,147,56,91
05/12/2014 03:00:00 PM,188,85,103
05/12/2014 04:00:00 PM,475,160,315
05/12/2014 05:00:00 PM,876,289,587
05/12/2014 06:00:00 PM,674,244,430
05/12/2014 07:00:00 PM,306,115,191
05/12/2014 08:00:00 PM,157,69,88
05/12/2014 09:00:00 PM,93,36,57
05/12/2014 10:00:00 PM,44,17,27
05/12/2014 11:00:00 PM,23,9,14
05/13/2014 12:00:00 AM,25,11,14
05/13/2014 01:00:00 AM,6,1,5
05/13/2014 02:00:00 AM,5,4,1
05/13/2014 03:00:00 AM,3,2,1
05/13/2014 04:00:00 AM,9,6,3
05/13/2014 05:00:00 AM,58,37,21
05/13/2014 06:00:00 AM,282,198,84
05/13/2014 07:00:00 AM,698,526,172
05/13/2014 08:00:00 AM,719,499,220
05/13/2014 09:00:00 AM,373,216,157
05/13/2014 10:00:00 AM,143,96,47
05/13/2014 11:00:00 AM,136,81,55
05/13/2014 12:00:00 PM,127,68,59
05/13/2014 01:00:00 PM,136,71,65
05/13/2014 02:00:00 PM,185,112,73
05/13/2014 03:00:00 PM,228,100,128
05/13/2014 04:00:00 PM,480,170,310
05/13/2014 05:00:00 PM,925,271,654
05/13/2014 06:00:00 PM,735,250,485
05/13/2014 07:00:00 PM,337,132,205
05/13/2014 08:00:00 PM,246,121,125
05/13/2014 09:00:00 PM,120,57,63
05/13/2014 10:00:00 PM,68,26,42
05/13/2014 11:00:00 PM,44,25,19
05/14/2014 12:00:00 AM,17,9,8
05/14/2014 01:00:00 AM,7,5,2
05/14/2014 02:00:00 AM,3,2,1
05/14/2014 03:00:00 AM,4,2,2
05/14/2014 04:00:00 AM,9,4,5
05/14/2014 05:00:00 AM,67,48,19
05/14/2014 06:00:00 AM,272,192,80
05/14/2014 07:00:00 AM,619,474,145
05/14/2014 08:00:00 AM,692,491,201
05/14/2014 09:00:00 AM,340,196,144
05/14/2014 10:00:00 AM,164,90,74
05/14/2014 11:00:00 AM,131,81,50
05/14/2014 12:00:00 PM,134,81,53
05/14/2014 01:00:00 PM,142,71,71
05/14/2014 02:00:00 PM,161,92,69
05/14/2014 03:00:00 PM,220,102,118
05/14/2014 04:00:00 PM,510,190,320
05/14/2014 05:00:00 PM,923,288,635
05/14/2014 06:00:00 PM,683,271,412
05/14/2014 07:00:00 PM,330,138,192
05/14/2014 08:00:00 PM,222,106,116
05/14/2014 09:00:00 PM,153,64,89
05/14/2014 10:00:00 PM,57,25,32
05/14/2014 11:00:00 PM,27,13,14
05/15/2014 12:00:00 AM,18,11,7
05/15/2014 01:00:00 AM,7,3,4
05/15/2014 02:00:00 AM,9,2,7
05/15/2014 03:00:00 AM,9,7,2
05/15/2014 04:00:00 AM,7,5,2
05/15/2014 05:00:00 AM,53,34,19
05/15/2014 06:00:00 AM,241,176,65
05/15/2014 07:00:00 AM,600,463,137
05/15/2014 08:00:00 AM,681,457,224
05/15/2014 09:00:00 AM,338,215,123
05/15/2014 10:00:00 AM,152,93,59
05/15/2014 11:00:00 AM,133,73,60
05/15/2014 12:00:00 PM,120,56,64
05/15/2014 01:00:00 PM,115,58,57
05/15/2014 02:00:00 PM,140,84,56
05/15/2014 03:00:00 PM,253,100,153
05/15/2014 04:00:00 PM,383,127,256
05/15/2014 05:00:00 PM,784,210,574
05/15/2014 06:00:00 PM,601,195,406
05/15/2014 07:00:00 PM,270,100,170
05/15/2014 08:00:00 PM,190,86,104
05/15/2014 09:00:00 PM,117,56,61
05/15/2014 10:00:00 PM,47,29,18
05/15/2014 11:00:00 PM,32,17,15
05/16/2014 12:00:00 AM,24,15,9
05/16/2014 01:00:00 AM,13,6,7
05/16/2014 02:00:00 AM,8,7,1
05/16/2014 03:00:00 AM,3,2,1
05/16/2014 04:00:00 AM,11,3,8
05/16/2014 05:00:00 AM,70,51,19
05/16/2014 06:00:00 AM,333,262,71
05/16/2014 07:00:00 AM,841,698,143
05/16/2014 08:00:00 AM,879,690,189
05/16/2014 09:00:00 AM,389,234,155
05/16/2014 10:00:00 AM,150,92,58
05/16/2014 11:00:00 AM,101,48,53
05/16/2014 12:00:00 PM,122,64,58
05/16/2014 01:00:00 PM,150,63,87
05/16/2014 02:00:00 PM,162,74,88
05/16/2014 03:00:00 PM,245,105,140
05/16/2014 04:00:00 PM,457,149,308
05/16/2014 05:00:00 PM,795,231,564
05/16/2014 06:00:00 PM,513,155,358
05/16/2014 07:00:00 PM,214,89,125
05/16/2014 08:00:00 PM,107,39,68
05/16/2014 09:00:00 PM,71,30,41
05/16/2014 10:00:00 PM,49,22,27
05/16/2014 11:00:00 PM,35,14,21
05/17/2014 12:00:00 AM,19,10,9
05/17/2014 01:00:00 AM,8,3,5
05/17/2014 02:00:00 AM,11,2,9
05/17/2014 03:00:00 AM,7,3,4
05/17/2014 04:00:00 AM,3,2,1
05/17/2014 05:00:00 AM,12,5,7
05/17/2014 06:00:00 AM,24,12,12
05/17/2014 07:00:00 AM,66,41,25
05/17/2014 08:00:00 AM,73,36,37
05/17/2014 09:00:00 AM,100,45,55
05/17/2014 10:00:00 AM,138,82,56
05/17/2014 11:00:00 AM,181,100,81
05/17/2014 12:00:00 PM,167,105,62
05/17/2014 01:00:00 PM,182,100,82
05/17/2014 02:00:00 PM,179,89,90
05/17/2014 03:00:00 PM,163,84,79
05/17/2014 04:00:00 PM,161,86,75
05/17/2014 05:00:00 PM,146,83,63
05/17/2014 06:00:00 PM,107,69,38
05/17/2014 07:00:00 PM,94,59,35
05/17/2014 08:00:00 PM,72,45,27
05/17/2014 09:00:00 PM,57,24,33
05/17/2014 10:00:00 PM,41,18,23
05/17/2014 11:00:00 PM,30,13,17
05/18/2014 12:00:00 AM,17,4,13
05/18/2014 01:00:00 AM,20,7,13
05/18/2014 02:00:00 AM,11,4,7
05/18/2014 03:00:00 AM,2,1,1
05/18/2014 04:00:00 AM,2,0,2
05/18/2014 05:00:00 AM,13,9,4
05/18/2014 06:00:00 AM,16,8,8
05/18/2014 07:00:00 AM,44,28,16
05/18/2014 08:00:00 AM,72,51,21
05/18/2014 09:00:00 AM,101,57,44
05/18/2014 10:00:00 AM,128,75,53
05/18/2014 11:00:00 AM,155,88,67
05/18/2014 12:00:00 PM,169,89,80
05/18/2014 01:00:00 PM,201,119,82
05/18/2014 02:00:00 PM,224,113,111
05/18/2014 03:00:00 PM,243,148,95
05/18/2014 04:00:00 PM,161,91,70
05/18/2014 05:00:00 PM,121,69,52
05/18/2014 06:00:00 PM,106,62,44
05/18/2014 07:00:00 PM,46,25,21
05/18/2014 08:00:00 PM,27,13,14
05/18/2014 09:00:00 PM,26,12,14
05/18/2014 10:00:00 PM,17,7,10
05/18/2014 11:00:00 PM,15,9,6
05/19/2014 12:00:00 AM,7,4,3
05/19/2014 01:00:00 AM,4,3,1
05/19/2014 02:00:00 AM,8,4,4
05/19/2014 03:00:00 AM,1,1,0
05/19/2014 04:00:00 AM,12,9,3
05/19/2014 05:00:00 AM,57,35,22
05/19/2014 06:00:00 AM,197,140,57
05/19/2014 07:00:00 AM,483,373,110
05/19/2014 08:00:00 AM,606,432,174
05/19/2014 09:00:00 AM,292,171,121
05/19/2014 10:00:00 AM,131,83,48
05/19/2014 11:00:00 AM,119,61,58
05/19/2014 12:00:00 PM,95,54,41
05/19/2014 01:00:00 PM,119,62,57
05/19/2014 02:00:00 PM,113,55,58
05/19/2014 03:00:00 PM,174,80,94
05/19/2014 04:00:00 PM,373,144,229
05/19/2014 05:00:00 PM,745,221,524
05/19/2014 06:00:00 PM,601,219,382
05/19/2014 07:00:00 PM,257,96,161
05/19/2014 08:00:00 PM,151,68,83
05/19/2014 09:00:00 PM,87,38,49
05/19/2014 10:00:00 PM,39,16,23
05/19/2014 11:00:00 PM,31,11,20
05/20/2014 12:00:00 AM,17,8,9
05/20/2014 01:00:00 AM,5,1,4
05/20/2014 02:00:00 AM,6,4,2
05/20/2014 03:00:00 AM,6,4,2
05/20/2014 04:00:00 AM,10,8,2
05/20/2014 05:00:00 AM,77,57,20
05/20/2014 06:00:00 AM,246,174,72
05/20/2014 07:00:00 AM,641,488,153
05/20/2014 08:00:00 AM,696,472,224
05/20/2014 09:00:00 AM,368,214,154
05/20/2014 10:00:00 AM,150,95,55
05/20/2014 11:00:00 AM,136,72,64
05/20/2014 12:00:00 PM,129,60,69
05/20/2014 01:00:00 PM,153,85,68
05/20/2014 02:00:00 PM,164,79,85
05/20/2014 03:00:00 PM,209,96,113
05/20/2014 04:00:00 PM,425,147,278
05/20/2014 05:00:00 PM,946,279,667
05/20/2014 06:00:00 PM,587,208,379
05/20/2014 07:00:00 PM,310,127,183
05/20/2014 08:00:00 PM,181,67,114
05/20/2014 09:00:00 PM,109,47,62
05/20/2014 10:00:00 PM,72,34,38
05/20/2014 11:00:00 PM,35,17,18
05/21/2014 12:00:00 AM,16,6,10
05/21/2014 01:00:00 AM,11,6,5
05/21/2014 02:00:00 AM,0,0,0
05/21/2014 03:00:00 AM,4,3,1
05/21/2014 04:00:00 AM,10,4,6
05/21/2014 05:00:00 AM,63,47,16
05/21/2014 06:00:00 AM,254,177,77
05/21/2014 07:00:00 AM,599,453,146
05/21/2014 08:00:00 AM,630,432,198
05/21/2014 09:00:00 AM,339,199,140
05/21/2014 10:00:00 AM,122,61,61
05/21/2014 11:00:00 AM,83,50,33
05/21/2014 12:00:00 PM,106,57,49
05/21/2014 01:00:00 PM,131,82,49
05/21/2014 02:00:00 PM,120,58,62
05/21/2014 03:00:00 PM,206,96,110
05/21/2014 04:00:00 PM,408,141,267
05/21/2014 05:00:00 PM,836,251,585
05/21/2014 06:00:00 PM,583,205,378
05/21/2014 07:00:00 PM,318,140,178
05/21/2014 08:00:00 PM,171,79,92
05/21/2014 09:00:00 PM,116,60,56
05/21/2014 10:00:00 PM,63,41,22
05/21/2014 11:00:00 PM,40,18,22
05/22/2014 12:00:00 AM,17,9,8
05/22/2014 01:00:00 AM,5,3,2
05/22/2014 02:00:00 AM,4,3,1
05/22/2014 03:00:00 AM,2,0,2
05/22/2014 04:00:00 AM,9,6,3
05/22/2014 05:00:00 AM,53,35,18
05/22/2014 06:00:00 AM,225,171,54
05/22/2014 07:00:00 AM,559,419,140
05/22/2014 08:00:00 AM,640,451,189
05/22/2014 09:00:00 AM,301,178,123
05/22/2014 10:00:00 AM,119,75,44
05/22/2014 11:00:00 AM,106,53,53
05/22/2014 12:00:00 PM,144,64,80
05/22/2014 01:00:00 PM,142,84,58
05/22/2014 02:00:00 PM,152,83,69
05/22/2014 03:00:00 PM,206,76,130
05/22/2014 04:00:00 PM,396,160,236
05/22/2014 05:00:00 PM,716,200,516
05/22/2014 06:00:00 PM,535,188,347
05/22/2014 07:00:00 PM,255,90,165
05/22/2014 08:00:00 PM,144,57,87
05/22/2014 09:00:00 PM,108,44,64
05/22/2014 10:00:00 PM,44,19,25
05/22/2014 11:00:00 PM,28,5,23
05/23/2014 12:00:00 AM,10,3,7
05/23/2014 01:00:00 AM,8,2,6
05/23/2014 02:00:00 AM,0,0,0
05/23/2014 03:00:00 AM,1,0,1
05/23/2014 04:00:00 AM,6,3,3
05/23/2014 05:00:00 AM,39,24,15
05/23/2014 06:00:00 AM,148,106,42
05/23/2014 07:00:00 AM,265,206,59
05/23/2014 08:00:00 AM,294,210,84
05/23/2014 09:00:00 AM,152,88,64
05/23/2014 10:00:00 AM,69,48,21
05/23/2014 11:00:00 AM,46,23,23
05/23/2014 12:00:00 PM,59,36,23
05/23/2014 01:00:00 PM,61,23,38
05/23/2014 02:00:00 PM,110,44,66
05/23/2014 03:00:00 PM,143,57,86
05/23/2014 04:00:00 PM,227,79,148
05/23/2014 05:00:00 PM,366,113,253
05/23/2014 06:00:00 PM,247,102,145
05/23/2014 07:00:00 PM,119,56,63
05/23/2014 08:00:00 PM,75,27,48
05/23/2014 09:00:00 PM,46,29,17
05/23/2014 10:00:00 PM,45,23,22
05/23/2014 11:00:00 PM,20,6,14
05/24/2014 12:00:00 AM,17,10,7
05/24/2014 01:00:00 AM,13,7,6
05/24/2014 02:00:00 AM,4,2,2
05/24/2014 03:00:00 AM,1,1,0
05/24/2014 04:00:00 AM,4,3,1
05/24/2014 05:00:00 AM,6,3,3
05/24/2014 06:00:00 AM,30,19,11
05/24/2014 07:00:00 AM,50,30,20
05/24/2014 08:00:00 AM,88,50,38
05/24/2014 09:00:00 AM,116,49,67
05/24/2014 10:00:00 AM,105,64,41
05/24/2014 11:00:00 AM,185,81,104
05/24/2014 12:00:00 PM,172,95,77
05/24/2014 01:00:00 PM,207,108,99
05/24/2014 02:00:00 PM,177,105,72
05/24/2014 03:00:00 PM,201,97,104
05/24/2014 04:00:00 PM,205,113,92
05/24/2014 05:00:00 PM,164,97,67
05/24/2014 06:00:00 PM,115,72,43
05/24/2014 07:00:00 PM,87,37,50
05/24/2014 08:00:00 PM,79,37,42
05/24/2014 09:00:00 PM,55,19,36
05/24/2014 10:00:00 PM,47,15,32
05/24/2014 11:00:00 PM,27,10,17
05/25/2014 12:00:00 AM,22,11,11
05/25/2014 01:00:00 AM,8,5,3
05/25/2014 02:00:00 AM,10,5,5
05/25/2014 03:00:00 AM,3,2,1
05/25/2014 04:00:00 AM,8,5,3
05/25/2014 05:00:00 AM,7,4,3
05/25/2014 06:00:00 AM,13,8,5
05/25/2014 07:00:00 AM,38,21,17
05/25/2014 08:00:00 AM,67,38,29
05/25/2014 09:00:00 AM,85,44,41
05/25/2014 10:00:00 AM,103,66,37
05/25/2014 11:00:00 AM,167,93,74
05/25/2014 12:00:00 PM,150,91,59
05/25/2014 01:00:00 PM,98,51,47
05/25/2014 02:00:00 PM,96,62,34
05/25/2014 03:00:00 PM,98,49,49
05/25/2014 04:00:00 PM,71,36,35
05/25/2014 05:00:00 PM,55,27,28
05/25/2014 06:00:00 PM,31,17,14
05/25/2014 07:00:00 PM,41,14,27
05/25/2014 08:00:00 PM,26,9,17
05/25/2014 09:00:00 PM,21,7,14
05/25/2014 10:00:00 PM,8,3,5
05/25/2014 11:00:00 PM,8,2,6
05/26/2014 12:00:00 AM,7,5,2
05/26/2014 01:00:00 AM,5,1,4
05/26/2014 02:00:00 AM,2,0,2
05/26/2014 03:00:00 AM,1,1,0
05/26/2014 04:00:00 AM,4,2,2
05/26/2014 05:00:00 AM,13,3,10
05/26/2014 06:00:00 AM,14,5,9
05/26/2014 07:00:00 AM,34,23,11
05/26/2014 08:00:00 AM,56,31,25
05/26/2014 09:00:00 AM,82,44,38
05/26/2014 10:00:00 AM,97,53,44
05/26/2014 11:00:00 AM,194,124,70
05/26/2014 12:00:00 PM,251,149,102
05/26/2014 01:00:00 PM,235,140,95
05/26/2014 02:00:00 PM,269,158,111
05/26/2014 03:00:00 PM,196,113,83
05/26/2014 04:00:00 PM,215,101,114
05/26/2014 05:00:00 PM,179,102,77
05/26/2014 06:00:00 PM,137,72,65
05/26/2014 07:00:00 PM,93,43,50
05/26/2014 08:00:00 PM,84,42,42
05/26/2014 09:00:00 PM,78,25,53
05/26/2014 10:00:00 PM,26,15,11
05/26/2014 11:00:00 PM,17,8,9
05/27/2014 12:00:00 AM,9,6,3
05/27/2014 01:00:00 AM,6,5,1
05/27/2014 02:00:00 AM,2,1,1
05/27/2014 03:00:00 AM,3,2,1
05/27/2014 04:00:00 AM,13,9,4
05/27/2014 05:00:00 AM,61,42,19
05/27/2014 06:00:00 AM,215,158,57
05/27/2014 07:00:00 AM,535,406,129
05/27/2014 08:00:00 AM,657,471,186
05/27/2014 09:00:00 AM,330,190,140
05/27/2014 10:00:00 AM,153,90,63
05/27/2014 11:00:00 AM,102,63,39
05/27/2014 12:00:00 PM,117,63,54
05/27/2014 01:00:00 PM,112,51,61
05/27/2014 02:00:00 PM,144,76,68
05/27/2014 03:00:00 PM,174,90,84
05/27/2014 04:00:00 PM,387,151,236
05/27/2014 05:00:00 PM,799,232,567
05/27/2014 06:00:00 PM,588,203,385
05/27/2014 07:00:00 PM,307,135,172
05/27/2014 08:00:00 PM,159,57,102
05/27/2014 09:00:00 PM,81,35,46
05/27/2014 10:00:00 PM,56,17,39
05/27/2014 11:00:00 PM,22,9,13
05/28/2014 12:00:00 AM,9,3,6
05/28/2014 01:00:00 AM,5,2,3
05/28/2014 02:00:00 AM,4,2,2
05/28/2014 03:00:00 AM,2,1,1
05/28/2014 04:00:00 AM,5,4,1
05/28/2014 05:00:00 AM,42,29,13
05/28/2014 06:00:00 AM,183,123,60
05/28/2014 07:00:00 AM,436,335,101
05/28/2014 08:00:00 AM,553,383,170
05/28/2014 09:00:00 AM,291,189,102
05/28/2014 10:00:00 AM,137,85,52
05/28/2014 11:00:00 AM,94,56,38
05/28/2014 12:00:00 PM,96,51,45
05/28/2014 01:00:00 PM,104,64,40
05/28/2014 02:00:00 PM,147,77,70
05/28/2014 03:00:00 PM,131,58,73
05/28/2014 04:00:00 PM,328,117,211
05/28/2014 05:00:00 PM,597,169,428
05/28/2014 06:00:00 PM,414,145,269
05/28/2014 07:00:00 PM,206,78,128
05/28/2014 08:00:00 PM,105,52,53
05/28/2014 09:00:00 PM,62,32,30
05/28/2014 10:00:00 PM,37,18,19
05/28/2014 11:00:00 PM,20,5,15
05/29/2014 12:00:00 AM,2,1,1
05/29/2014 01:00:00 AM,4,1,3
05/29/2014 02:00:00 AM,3,1,2
05/29/2014 03:00:00 AM,4,4,0
05/29/2014 04:00:00 AM,9,5,4
05/29/2014 05:00:00 AM,48,31,17
05/29/2014 06:00:00 AM,194,144,50
05/29/2014 07:00:00 AM,478,360,118
05/29/2014 08:00:00 AM,573,407,166
05/29/2014 09:00:00 AM,341,198,143
05/29/2014 10:00:00 AM,128,79,49
05/29/2014 11:00:00 AM,100,60,40
05/29/2014 12:00:00 PM,113,58,55
05/29/2014 01:00:00 PM,104,53,51
05/29/2014 02:00:00 PM,114,52,62
05/29/2014 03:00:00 PM,161,78,83
05/29/2014 04:00:00 PM,366,135,231
05/29/2014 05:00:00 PM,720,186,534
05/29/2014 06:00:00 PM,546,192,354
05/29/2014 07:00:00 PM,257,110,147
05/29/2014 08:00:00 PM,161,80,81
05/29/2014 09:00:00 PM,79,33,46
05/29/2014 10:00:00 PM,51,21,30
05/29/2014 11:00:00 PM,31,11,20
05/30/2014 12:00:00 AM,35,19,16
05/30/2014 01:00:00 AM,7,4,3
05/30/2014 02:00:00 AM,6,5,1
05/30/2014 03:00:00 AM,9,5,4
05/30/2014 04:00:00 AM,12,5,7
05/30/2014 05:00:00 AM,52,38,14
05/30/2014 06:00:00 AM,198,126,72
05/30/2014 07:00:00 AM,504,377,127
05/30/2014 08:00:00 AM,622,434,188
05/30/2014 09:00:00 AM,300,178,122
05/30/2014 10:00:00 AM,125,73,52
05/30/2014 11:00:00 AM,115,63,52
05/30/2014 12:00:00 PM,125,67,58
05/30/2014 01:00:00 PM,138,71,67
05/30/2014 02:00:00 PM,184,91,93
05/30/2014 03:00:00 PM,257,106,151
05/30/2014 04:00:00 PM,416,137,279
05/30/2014 05:00:00 PM,705,223,482
05/30/2014 06:00:00 PM,484,170,314
05/30/2014 07:00:00 PM,242,88,154
05/30/2014 08:00:00 PM,126,59,67
05/30/2014 09:00:00 PM,95,55,40
05/30/2014 10:00:00 PM,66,24,42
05/30/2014 11:00:00 PM,46,19,27
05/31/2014 12:00:00 AM,27,9,18
05/31/2014 01:00:00 AM,11,6,5
05/31/2014 02:00:00 AM,10,8,2
05/31/2014 03:00:00 AM,4,3,1
05/31/2014 04:00:00 AM,4,3,1
05/31/2014 05:00:00 AM,9,7,2
05/31/2014 06:00:00 AM,31,19,12
05/31/2014 07:00:00 AM,93,55,38
05/31/2014 08:00:00 AM,109,60,49
05/31/2014 09:00:00 AM,146,75,71
05/31/2014 10:00:00 AM,203,124,79
05/31/2014 11:00:00 AM,206,142,64
05/31/2014 12:00:00 PM,258,150,108
05/31/2014 01:00:00 PM,230,138,92
05/31/2014 02:00:00 PM,252,126,126
05/31/2014 03:00:00 PM,266,138,128
05/31/2014 04:00:00 PM,267,147,120
05/31/2014 05:00:00 PM,196,96,100
05/31/2014 06:00:00 PM,180,99,81
05/31/2014 07:00:00 PM,134,65,69
05/31/2014 08:00:00 PM,104,61,43
05/31/2014 09:00:00 PM,54,27,27
05/31/2014 10:00:00 PM,40,25,15
05/31/2014 11:00:00 PM,53,26,27
06/01/2014 12:00:00 AM,22,5,17
06/01/2014 01:00:00 AM,16,7,9
06/01/2014 02:00:00 AM,19,14,5
06/01/2014 03:00:00 AM,3,3,0
06/01/2014 04:00:00 AM,4,1,3
06/01/2014 05:00:00 AM,7,4,3
06/01/2014 06:00:00 AM,26,18,8
06/01/2014 07:00:00 AM,47,28,19
06/01/2014 08:00:00 AM,78,45,33
06/01/2014 09:00:00 AM,129,79,50
06/01/2014 10:00:00 AM,142,76,66
06/01/2014 11:00:00 AM,191,110,81
06/01/2014 12:00:00 PM,217,116,101
06/01/2014 01:00:00 PM,228,115,113
06/01/2014 02:00:00 PM,259,161,98
06/01/2014 03:00:00 PM,248,144,104
06/01/2014 04:00:00 PM,281,145,136
06/01/2014 05:00:00 PM,169,88,81
06/01/2014 06:00:00 PM,183,94,89
06/01/2014 07:00:00 PM,141,92,49
06/01/2014 08:00:00 PM,94,50,44
06/01/2014 09:00:00 PM,53,24,29
06/01/2014 10:00:00 PM,29,10,19
06/01/2014 11:00:00 PM,15,9,6
06/02/2014 12:00:00 AM,6,0,6
06/02/2014 01:00:00 AM,5,1,4
06/02/2014 02:00:00 AM,1,1,0
06/02/2014 03:00:00 AM,5,3,2
06/02/2014 04:00:00 AM,10,5,5
06/02/2014 05:00:00 AM,61,38,23
06/02/2014 06:00:00 AM,200,145,55
06/02/2014 07:00:00 AM,461,352,109
06/02/2014 08:00:00 AM,643,454,189
06/02/2014 09:00:00 AM,334,197,137
06/02/2014 10:00:00 AM,123,79,44
06/02/2014 11:00:00 AM,109,55,54
06/02/2014 12:00:00 PM,108,52,56
06/02/2014 01:00:00 PM,139,67,72
06/02/2014 02:00:00 PM,155,72,83
06/02/2014 03:00:00 PM,179,87,92
06/02/2014 04:00:00 PM,381,130,251
06/02/2014 05:00:00 PM,774,231,543
06/02/2014 06:00:00 PM,592,212,380
06/02/2014 07:00:00 PM,292,103,189
06/02/2014 08:00:00 PM,168,74,94
06/02/2014 09:00:00 PM,85,33,52
06/02/2014 10:00:00 PM,48,22,26
06/02/2014 11:00:00 PM,35,14,21
06/03/2014 12:00:00 AM,14,7,7
06/03/2014 01:00:00 AM,7,4,3
06/03/2014 02:00:00 AM,1,1,0
06/03/2014 03:00:00 AM,3,2,1
06/03/2014 04:00:00 AM,11,5,6
06/03/2014 05:00:00 AM,55,39,16
06/03/2014 06:00:00 AM,208,140,68
06/03/2014 07:00:00 AM,486,376,110
06/03/2014 08:00:00 AM,606,423,183
06/03/2014 09:00:00 AM,329,193,136
06/03/2014 10:00:00 AM,112,65,47
06/03/2014 11:00:00 AM,109,54,55
06/03/2014 12:00:00 PM,122,74,48
06/03/2014 01:00:00 PM,92,46,46
06/03/2014 02:00:00 PM,123,64,59
06/03/2014 03:00:00 PM,156,73,83
06/03/2014 04:00:00 PM,345,134,211
06/03/2014 05:00:00 PM,701,198,503
06/03/2014 06:00:00 PM,580,199,381
06/03/2014 07:00:00 PM,269,117,152
06/03/2014 08:00:00 PM,144,59,85
06/03/2014 09:00:00 PM,102,51,51
06/03/2014 10:00:00 PM,64,35,29
06/03/2014 11:00:00 PM,31,12,19
06/04/2014 12:00:00 AM,21,12,9
06/04/2014 01:00:00 AM,7,1,6
06/04/2014 02:00:00 AM,5,3,2
06/04/2014 03:00:00 AM,5,3,2
06/04/2014 04:00:00 AM,12,6,6
06/04/2014 05:00:00 AM,50,37,13
06/04/2014 06:00:00 AM,195,127,68
06/04/2014 07:00:00 AM,482,379,103
06/04/2014 08:00:00 AM,625,435,190
06/04/2014 09:00:00 AM,313,193,120
06/04/2014 10:00:00 AM,124,70,54
06/04/2014 11:00:00 AM,104,54,50
06/04/2014 12:00:00 PM,128,66,62
06/04/2014 01:00:00 PM,139,70,69
06/04/2014 02:00:00 PM,113,53,60
06/04/2014 03:00:00 PM,193,87,106
06/04/2014 04:00:00 PM,380,129,251
06/04/2014 05:00:00 PM,743,242,501
06/04/2014 06:00:00 PM,555,193,362
06/04/2014 07:00:00 PM,302,123,179
06/04/2014 08:00:00 PM,171,68,103
06/04/2014 09:00:00 PM,99,59,40
06/04/2014 10:00:00 PM,66,39,27
06/04/2014 11:00:00 PM,31,14,17
06/05/2014 12:00:00 AM,19,11,8
06/05/2014 01:00:00 AM,7,3,4
06/05/2014 02:00:00 AM,10,9,1
06/05/2014 03:00:00 AM,4,3,1
06/05/2014 04:00:00 AM,13,7,6
06/05/2014 05:00:00 AM,49,35,14
06/05/2014 06:00:00 AM,188,131,57
06/05/2014 07:00:00 AM,494,386,108
06/05/2014 08:00:00 AM,608,409,199
06/05/2014 09:00:00 AM,299,176,123
06/05/2014 10:00:00 AM,139,76,63
06/05/2014 11:00:00 AM,94,57,37
06/05/2014 12:00:00 PM,119,58,61
06/05/2014 01:00:00 PM,146,80,66
06/05/2014 02:00:00 PM,145,77,68
06/05/2014 03:00:00 PM,196,87,109
06/05/2014 04:00:00 PM,308,109,199
06/05/2014 05:00:00 PM,649,170,479
06/05/2014 06:00:00 PM,519,167,352
06/05/2014 07:00:00 PM,278,108,170
06/05/2014 08:00:00 PM,170,74,96
06/05/2014 09:00:00 PM,116,48,68
06/05/2014 10:00:00 PM,69,30,39
06/05/2014 11:00:00 PM,36,11,25
06/06/2014 12:00:00 AM,22,12,10
06/06/2014 01:00:00 AM,17,8,9
06/06/2014 02:00:00 AM,6,1,5
06/06/2014 03:00:00 AM,7,5,2
06/06/2014 04:00:00 AM,13,9,4
06/06/2014 05:00:00 AM,40,26,14
06/06/2014 06:00:00 AM,167,118,49
06/06/2014 07:00:00 AM,383,273,110
06/06/2014 08:00:00 AM,532,388,144
06/06/2014 09:00:00 AM,286,178,108
06/06/2014 10:00:00 AM,132,74,58
06/06/2014 11:00:00 AM,126,68,58
06/06/2014 12:00:00 PM,143,75,68
06/06/2014 01:00:00 PM,160,78,82
06/06/2014 02:00:00 PM,186,96,90
06/06/2014 03:00:00 PM,223,102,121
06/06/2014 04:00:00 PM,370,124,246
06/06/2014 05:00:00 PM,625,173,452
06/06/2014 06:00:00 PM,385,150,235
06/06/2014 07:00:00 PM,252,100,152
06/06/2014 08:00:00 PM,125,60,65
06/06/2014 09:00:00 PM,84,38,46
06/06/2014 10:00:00 PM,65,28,37
06/06/2014 11:00:00 PM,33,16,17
06/07/2014 12:00:00 AM,20,7,13
06/07/2014 01:00:00 AM,19,10,9
06/07/2014 02:00:00 AM,14,6,8
06/07/2014 03:00:00 AM,4,2,2
06/07/2014 04:00:00 AM,2,2,0
06/07/2014 05:00:00 AM,12,7,5
06/07/2014 06:00:00 AM,34,17,17
06/07/2014 07:00:00 AM,98,59,39
06/07/2014 08:00:00 AM,110,52,58
06/07/2014 09:00:00 AM,150,79,71
06/07/2014 10:00:00 AM,169,95,74
06/07/2014 11:00:00 AM,230,127,103
06/07/2014 12:00:00 PM,202,121,81
06/07/2014 01:00:00 PM,288,161,127
06/07/2014 02:00:00 PM,252,154,98
06/07/2014 03:00:00 PM,247,123,124
06/07/2014 04:00:00 PM,243,121,122
06/07/2014 05:00:00 PM,187,108,79
06/07/2014 06:00:00 PM,160,87,73
06/07/2014 07:00:00 PM,121,68,53
06/07/2014 08:00:00 PM,89,51,38
06/07/2014 09:00:00 PM,82,33,49
06/07/2014 10:00:00 PM,37,20,17
06/07/2014 11:00:00 PM,37,19,18
06/08/2014 12:00:00 AM,36,8,28
06/08/2014 01:00:00 AM,12,4,8
06/08/2014 02:00:00 AM,15,4,11
06/08/2014 03:00:00 AM,3,2,1
06/08/2014 04:00:00 AM,5,2,3
06/08/2014 05:00:00 AM,13,10,3
06/08/2014 06:00:00 AM,29,18,11
06/08/2014 07:00:00 AM,51,29,22
06/08/2014 08:00:00 AM,110,63,47
06/08/2014 09:00:00 AM,413,83,330
06/08/2014 10:00:00 AM,358,89,269
06/08/2014 11:00:00 AM,201,124,77
06/08/2014 12:00:00 PM,396,305,91
06/08/2014 01:00:00 PM,432,312,120
06/08/2014 02:00:00 PM,296,174,122
06/08/2014 03:00:00 PM,276,160,116
06/08/2014 04:00:00 PM,256,149,107
06/08/2014 05:00:00 PM,198,102,96
06/08/2014 06:00:00 PM,168,104,64
06/08/2014 07:00:00 PM,100,58,42
06/08/2014 08:00:00 PM,80,43,37
06/08/2014 09:00:00 PM,46,32,14
06/08/2014 10:00:00 PM,31,17,14
06/08/2014 11:00:00 PM,22,8,14
06/09/2014 12:00:00 AM,15,5,10
06/09/2014 01:00:00 AM,9,4,5
06/09/2014 02:00:00 AM,4,2,2
06/09/2014 03:00:00 AM,4,3,1
06/09/2014 04:00:00 AM,13,8,5
06/09/2014 05:00:00 AM,36,22,14
06/09/2014 06:00:00 AM,175,127,48
06/09/2014 07:00:00 AM,407,301,106
06/09/2014 08:00:00 AM,592,400,192
06/09/2014 09:00:00 AM,293,192,101
06/09/2014 10:00:00 AM,109,60,49
06/09/2014 11:00:00 AM,97,52,45
06/09/2014 12:00:00 PM,83,43,40
06/09/2014 01:00:00 PM,101,49,52
06/09/2014 02:00:00 PM,106,50,56
06/09/2014 03:00:00 PM,155,75,80
06/09/2014 04:00:00 PM,307,123,184
06/09/2014 05:00:00 PM,663,180,483
06/09/2014 06:00:00 PM,500,151,349
06/09/2014 07:00:00 PM,215,89,126
06/09/2014 08:00:00 PM,110,46,64
06/09/2014 09:00:00 PM,56,28,28
06/09/2014 10:00:00 PM,46,20,26
06/09/2014 11:00:00 PM,32,10,22
06/10/2014 12:00:00 AM,12,5,7
06/10/2014 01:00:00 AM,7,2,5
06/10/2014 02:00:00 AM,8,5,3
06/10/2014 03:00:00 AM,3,3,0
06/10/2014 04:00:00 AM,14,8,6
06/10/2014 05:00:00 AM,47,31,16
06/10/2014 06:00:00 AM,201,142,59
06/10/2014 07:00:00 AM,453,337,116
06/10/2014 08:00:00 AM,600,425,175
06/10/2014 09:00:00 AM,319,176,143
06/10/2014 10:00:00 AM,125,70,55
06/10/2014 11:00:00 AM,96,47,49
06/10/2014 12:00:00 PM,107,56,51
06/10/2014 01:00:00 PM,99,59,40
06/10/2014 02:00:00 PM,140,65,75
06/10/2014 03:00:00 PM,164,77,87
06/10/2014 04:00:00 PM,347,120,227
06/10/2014 05:00:00 PM,645,199,446
06/10/2014 06:00:00 PM,525,167,358
06/10/2014 07:00:00 PM,271,115,156
06/10/2014 08:00:00 PM,157,65,92
06/10/2014 09:00:00 PM,86,37,49
06/10/2014 10:00:00 PM,70,29,41
06/10/2014 11:00:00 PM,34,13,21
06/11/2014 12:00:00 AM,26,10,16
06/11/2014 01:00:00 AM,6,2,4
06/11/2014 02:00:00 AM,3,1,2
06/11/2014 03:00:00 AM,5,3,2
06/11/2014 04:00:00 AM,13,8,5
06/11/2014 05:00:00 AM,55,31,24
06/11/2014 06:00:00 AM,222,162,60
06/11/2014 07:00:00 AM,506,373,133
06/11/2014 08:00:00 AM,631,446,185
06/11/2014 09:00:00 AM,335,205,130
06/11/2014 10:00:00 AM,147,79,68
06/11/2014 11:00:00 AM,121,61,60
06/11/2014 12:00:00 PM,123,63,60
06/11/2014 01:00:00 PM,147,78,69
06/11/2014 02:00:00 PM,167,90,77
06/11/2014 03:00:00 PM,227,112,115
06/11/2014 04:00:00 PM,385,154,231
06/11/2014 05:00:00 PM,803,238,565
06/11/2014 06:00:00 PM,619,222,397
06/11/2014 07:00:00 PM,297,142,155
06/11/2014 08:00:00 PM,173,85,88
06/11/2014 09:00:00 PM,89,48,41
06/11/2014 10:00:00 PM,70,32,38
06/11/2014 11:00:00 PM,26,9,17
06/12/2014 12:00:00 AM,26,13,13
06/12/2014 01:00:00 AM,9,4,5
06/12/2014 02:00:00 AM,5,4,1
06/12/2014 03:00:00 AM,5,2,3
06/12/2014 04:00:00 AM,17,9,8
06/12/2014 05:00:00 AM,49,25,24
06/12/2014 06:00:00 AM,178,125,53
06/12/2014 07:00:00 AM,423,320,103
06/12/2014 08:00:00 AM,515,372,143
06/12/2014 09:00:00 AM,284,193,91
06/12/2014 10:00:00 AM,122,69,53
06/12/2014 11:00:00 AM,87,48,39
06/12/2014 12:00:00 PM,112,62,50
06/12/2014 01:00:00 PM,114,68,46
06/12/2014 02:00:00 PM,127,59,68
06/12/2014 03:00:00 PM,166,81,85
06/12/2014 04:00:00 PM,290,109,181
06/12/2014 05:00:00 PM,634,197,437
06/12/2014 06:00:00 PM,444,146,298
06/12/2014 07:00:00 PM,215,82,133
06/12/2014 08:00:00 PM,118,54,64
06/12/2014 09:00:00 PM,72,35,37
06/12/2014 10:00:00 PM,32,11,21
06/12/2014 11:00:00 PM,33,10,23
06/13/2014 12:00:00 AM,15,4,11
06/13/2014 01:00:00 AM,7,5,2
06/13/2014 02:00:00 AM,6,2,4
06/13/2014 03:00:00 AM,7,2,5
06/13/2014 04:00:00 AM,12,6,6
06/13/2014 05:00:00 AM,27,19,8
06/13/2014 06:00:00 AM,85,62,23
06/13/2014 07:00:00 AM,205,150,55
06/13/2014 08:00:00 AM,297,216,81
06/13/2014 09:00:00 AM,171,109,62
06/13/2014 10:00:00 AM,82,43,39
06/13/2014 11:00:00 AM,59,37,22
06/13/2014 12:00:00 PM,53,25,28
06/13/2014 01:00:00 PM,63,31,32
06/13/2014 02:00:00 PM,75,30,45
06/13/2014 03:00:00 PM,116,55,61
06/13/2014 04:00:00 PM,195,69,126
06/13/2014 05:00:00 PM,324,101,223
06/13/2014 06:00:00 PM,194,56,138
06/13/2014 07:00:00 PM,107,36,71
06/13/2014 08:00:00 PM,69,28,41
06/13/2014 09:00:00 PM,39,15,24
06/13/2014 10:00:00 PM,26,14,12
06/13/2014 11:00:00 PM,32,16,16
06/14/2014 12:00:00 AM,23,8,15
06/14/2014 01:00:00 AM,20,12,8
06/14/2014 02:00:00 AM,6,2,4
06/14/2014 03:00:00 AM,6,4,2
06/14/2014 04:00:00 AM,10,8,2
06/14/2014 05:00:00 AM,7,4,3
06/14/2014 06:00:00 AM,28,13,15
06/14/2014 07:00:00 AM,58,30,28
06/14/2014 08:00:00 AM,76,42,34
06/14/2014 09:00:00 AM,126,65,61
06/14/2014 10:00:00 AM,106,55,51
06/14/2014 11:00:00 AM,125,86,39
06/14/2014 12:00:00 PM,136,61,75
06/14/2014 01:00:00 PM,124,72,52
06/14/2014 02:00:00 PM,162,83,79
06/14/2014 03:00:00 PM,127,74,53
06/14/2014 04:00:00 PM,140,78,62
06/14/2014 05:00:00 PM,135,83,52
06/14/2014 06:00:00 PM,120,64,56
06/14/2014 07:00:00 PM,79,46,33
06/14/2014 08:00:00 PM,61,24,37
06/14/2014 09:00:00 PM,28,12,16
06/14/2014 10:00:00 PM,43,16,27
06/14/2014 11:00:00 PM,27,13,14
06/15/2014 12:00:00 AM,11,4,7
06/15/2014 01:00:00 AM,9,3,6
06/15/2014 02:00:00 AM,5,1,4
06/15/2014 03:00:00 AM,3,2,1
06/15/2014 04:00:00 AM,3,1,2
06/15/2014 05:00:00 AM,5,2,3
06/15/2014 06:00:00 AM,12,6,6
06/15/2014 07:00:00 AM,19,12,7
06/15/2014 08:00:00 AM,42,28,14
06/15/2014 09:00:00 AM,70,52,18
06/15/2014 10:00:00 AM,87,42,45
06/15/2014 11:00:00 AM,118,75,43
06/15/2014 12:00:00 PM,133,82,51
06/15/2014 01:00:00 PM,129,80,49
06/15/2014 02:00:00 PM,136,81,55
06/15/2014 03:00:00 PM,119,66,53
06/15/2014 04:00:00 PM,124,55,69
06/15/2014 05:00:00 PM,90,49,41
06/15/2014 06:00:00 PM,62,42,20
06/15/2014 07:00:00 PM,34,13,21
06/15/2014 08:00:00 PM,17,9,8
06/15/2014 09:00:00 PM,15,5,10
06/15/2014 10:00:00 PM,15,5,10
06/15/2014 11:00:00 PM,9,5,4
06/16/2014 12:00:00 AM,4,3,1
06/16/2014 01:00:00 AM,7,2,5
06/16/2014 02:00:00 AM,2,2,0
06/16/2014 03:00:00 AM,4,2,2
06/16/2014 04:00:00 AM,12,6,6
06/16/2014 05:00:00 AM,40,25,15
06/16/2014 06:00:00 AM,145,90,55
06/16/2014 07:00:00 AM,333,248,85
06/16/2014 08:00:00 AM,448,308,140
06/16/2014 09:00:00 AM,161,92,69
06/16/2014 10:00:00 AM,59,33,26
06/16/2014 11:00:00 AM,86,61,25
06/16/2014 12:00:00 PM,62,32,30
06/16/2014 01:00:00 PM,81,39,42
06/16/2014 02:00:00 PM,110,56,54
06/16/2014 03:00:00 PM,133,58,75
06/16/2014 04:00:00 PM,221,87,134
06/16/2014 05:00:00 PM,538,184,354
06/16/2014 06:00:00 PM,377,130,247
06/16/2014 07:00:00 PM,243,95,148
06/16/2014 08:00:00 PM,128,60,68
06/16/2014 09:00:00 PM,85,36,49
06/16/2014 10:00:00 PM,56,34,22
06/16/2014 11:00:00 PM,26,6,20
06/17/2014 12:00:00 AM,16,2,14
06/17/2014 01:00:00 AM,6,5,1
06/17/2014 02:00:00 AM,1,0,1
06/17/2014 03:00:00 AM,5,4,1
06/17/2014 04:00:00 AM,6,2,4
06/17/2014 05:00:00 AM,42,30,12
06/17/2014 06:00:00 AM,170,114,56
06/17/2014 07:00:00 AM,438,336,102
06/17/2014 08:00:00 AM,551,390,161
06/17/2014 09:00:00 AM,285,166,119
06/17/2014 10:00:00 AM,124,67,57
06/17/2014 11:00:00 AM,100,53,47
06/17/2014 12:00:00 PM,70,42,28
06/17/2014 01:00:00 PM,97,46,51
06/17/2014 02:00:00 PM,106,53,53
06/17/2014 03:00:00 PM,140,71,69
06/17/2014 04:00:00 PM,286,101,185
06/17/2014 05:00:00 PM,639,191,448
06/17/2014 06:00:00 PM,448,154,294
06/17/2014 07:00:00 PM,272,118,154
06/17/2014 08:00:00 PM,153,63,90
06/17/2014 09:00:00 PM,72,30,42
06/17/2014 10:00:00 PM,48,22,26
06/17/2014 11:00:00 PM,32,15,17
06/18/2014 12:00:00 AM,15,10,5
06/18/2014 01:00:00 AM,5,1,4
06/18/2014 02:00:00 AM,5,5,0
06/18/2014 03:00:00 AM,5,3,2
06/18/2014 04:00:00 AM,8,3,5
06/18/2014 05:00:00 AM,58,41,17
06/18/2014 06:00:00 AM,198,141,57
06/18/2014 07:00:00 AM,442,322,120
06/18/2014 08:00:00 AM,619,434,185
06/18/2014 09:00:00 AM,284,173,111
06/18/2014 10:00:00 AM,115,67,48
06/18/2014 11:00:00 AM,104,65,39
06/18/2014 12:00:00 PM,108,55,53
06/18/2014 01:00:00 PM,101,55,46
06/18/2014 02:00:00 PM,110,61,49
06/18/2014 03:00:00 PM,171,79,92
06/18/2014 04:00:00 PM,389,152,237
06/18/2014 05:00:00 PM,717,217,500
06/18/2014 06:00:00 PM,535,186,349
06/18/2014 07:00:00 PM,291,117,174
06/18/2014 08:00:00 PM,155,78,77
06/18/2014 09:00:00 PM,121,68,53
06/18/2014 10:00:00 PM,61,29,32
06/18/2014 11:00:00 PM,33,18,15
06/19/2014 12:00:00 AM,10,5,5
06/19/2014 01:00:00 AM,12,2,10
06/19/2014 02:00:00 AM,6,5,1
06/19/2014 03:00:00 AM,5,4,1
06/19/2014 04:00:00 AM,11,8,3
06/19/2014 05:00:00 AM,42,25,17
06/19/2014 06:00:00 AM,192,136,56
06/19/2014 07:00:00 AM,452,341,111
06/19/2014 08:00:00 AM,534,374,160
06/19/2014 09:00:00 AM,282,172,110
06/19/2014 10:00:00 AM,127,80,47
06/19/2014 11:00:00 AM,119,73,46
06/19/2014 12:00:00 PM,105,52,53
06/19/2014 01:00:00 PM,129,60,69
06/19/2014 02:00:00 PM,134,70,64
06/19/2014 03:00:00 PM,196,98,98
06/19/2014 04:00:00 PM,348,149,199
06/19/2014 05:00:00 PM,691,204,487
06/19/2014 06:00:00 PM,482,170,312
06/19/2014 07:00:00 PM,247,96,151
06/19/2014 08:00:00 PM,142,61,81
06/19/2014 09:00:00 PM,69,26,43
06/19/2014 10:00:00 PM,55,27,28
06/19/2014 11:00:00 PM,22,10,12
06/20/2014 12:00:00 AM,13,3,10
06/20/2014 01:00:00 AM,7,3,4
06/20/2014 02:00:00 AM,3,3,0
06/20/2014 03:00:00 AM,1,0,1
06/20/2014 04:00:00 AM,8,5,3
06/20/2014 05:00:00 AM,27,22,5
06/20/2014 06:00:00 AM,151,108,43
06/20/2014 07:00:00 AM,359,247,112
06/20/2014 08:00:00 AM,430,297,133
06/20/2014 09:00:00 AM,252,149,103
06/20/2014 10:00:00 AM,108,68,40
06/20/2014 11:00:00 AM,96,56,40
06/20/2014 12:00:00 PM,103,68,35
06/20/2014 01:00:00 PM,134,62,72
06/20/2014 02:00:00 PM,129,69,60
06/20/2014 03:00:00 PM,174,81,93
06/20/2014 04:00:00 PM,322,118,204
06/20/2014 05:00:00 PM,560,178,382
06/20/2014 06:00:00 PM,342,99,243
06/20/2014 07:00:00 PM,223,85,138
06/20/2014 08:00:00 PM,138,61,77
06/20/2014 09:00:00 PM,77,41,36
06/20/2014 10:00:00 PM,66,38,28
06/20/2014 11:00:00 PM,67,41,26
06/21/2014 12:00:00 AM,27,10,17
06/21/2014 01:00:00 AM,23,6,17
06/21/2014 02:00:00 AM,15,10,5
06/21/2014 03:00:00 AM,3,1,2
06/21/2014 04:00:00 AM,11,4,7
06/21/2014 05:00:00 AM,20,16,4
06/21/2014 06:00:00 AM,53,34,19
06/21/2014 07:00:00 AM,70,41,29
06/21/2014 08:00:00 AM,145,94,51
06/21/2014 09:00:00 AM,178,96,82
06/21/2014 10:00:00 AM,225,126,99
06/21/2014 11:00:00 AM,267,125,142
06/21/2014 12:00:00 PM,290,103,187
06/21/2014 01:00:00 PM,259,85,174
06/21/2014 02:00:00 PM,223,84,139
06/21/2014 03:00:00 PM,81,35,46
06/21/2014 04:00:00 PM,92,30,62
06/21/2014 05:00:00 PM,187,78,109
06/21/2014 06:00:00 PM,277,152,125
06/21/2014 07:00:00 PM,237,120,117
06/21/2014 08:00:00 PM,177,75,102
06/21/2014 09:00:00 PM,151,84,67
06/21/2014 10:00:00 PM,105,53,52
06/21/2014 11:00:00 PM,88,48,40
06/22/2014 12:00:00 AM,30,24,6
06/22/2014 01:00:00 AM,25,19,6
06/22/2014 02:00:00 AM,9,8,1
06/22/2014 03:00:00 AM,7,4,3
06/22/2014 04:00:00 AM,4,1,3
06/22/2014 05:00:00 AM,17,12,5
06/22/2014 06:00:00 AM,24,11,13
06/22/2014 07:00:00 AM,76,50,26
06/22/2014 08:00:00 AM,87,45,42
06/22/2014 09:00:00 AM,157,93,64
06/22/2014 10:00:00 AM,116,59,57
06/22/2014 11:00:00 AM,206,115,91
06/22/2014 12:00:00 PM,271,133,138
06/22/2014 01:00:00 PM,301,130,171
06/22/2014 02:00:00 PM,271,127,144
06/22/2014 03:00:00 PM,212,113,99
06/22/2014 04:00:00 PM,194,117,77
06/22/2014 05:00:00 PM,188,105,83
06/22/2014 06:00:00 PM,179,97,82
06/22/2014 07:00:00 PM,141,52,89
06/22/2014 08:00:00 PM,85,34,51
06/22/2014 09:00:00 PM,75,47,28
06/22/2014 10:00:00 PM,24,10,14
06/22/2014 11:00:00 PM,15,5,10
06/23/2014 12:00:00 AM,10,4,6
06/23/2014 01:00:00 AM,7,3,4
06/23/2014 02:00:00 AM,6,4,2
06/23/2014 03:00:00 AM,6,3,3
06/23/2014 04:00:00 AM,10,7,3
06/23/2014 05:00:00 AM,47,30,17
06/23/2014 06:00:00 AM,174,120,54
06/23/2014 07:00:00 AM,433,321,112
06/23/2014 08:00:00 AM,592,404,188
06/23/2014 09:00:00 AM,344,184,160
06/23/2014 10:00:00 AM,144,76,68
06/23/2014 11:00:00 AM,125,62,63
06/23/2014 12:00:00 PM,123,71,52
06/23/2014 01:00:00 PM,117,67,50
06/23/2014 02:00:00 PM,128,67,61
06/23/2014 03:00:00 PM,175,89,86
06/23/2014 04:00:00 PM,356,138,218
06/23/2014 05:00:00 PM,716,206,510
06/23/2014 06:00:00 PM,490,149,341
06/23/2014 07:00:00 PM,228,109,119
06/23/2014 08:00:00 PM,108,45,63
06/23/2014 09:00:00 PM,71,25,46
06/23/2014 10:00:00 PM,43,17,26
06/23/2014 11:00:00 PM,24,10,14
06/24/2014 12:00:00 AM,18,4,14
06/24/2014 01:00:00 AM,5,1,4
06/24/2014 02:00:00 AM,3,3,0
06/24/2014 03:00:00 AM,4,1,3
06/24/2014 04:00:00 AM,10,7,3
06/24/2014 05:00:00 AM,48,27,21
06/24/2014 06:00:00 AM,159,110,49
06/24/2014 07:00:00 AM,407,306,101
06/24/2014 08:00:00 AM,525,362,163
06/24/2014 09:00:00 AM,280,156,124
06/24/2014 10:00:00 AM,107,64,43
06/24/2014 11:00:00 AM,96,58,38
06/24/2014 12:00:00 PM,94,48,46
06/24/2014 01:00:00 PM,114,54,60
06/24/2014 02:00:00 PM,116,64,52
06/24/2014 03:00:00 PM,169,85,84
06/24/2014 04:00:00 PM,342,137,205
06/24/2014 05:00:00 PM,642,201,441
06/24/2014 06:00:00 PM,523,210,313
06/24/2014 07:00:00 PM,294,123,171
06/24/2014 08:00:00 PM,181,88,93
06/24/2014 09:00:00 PM,90,49,41
06/24/2014 10:00:00 PM,76,34,42
06/24/2014 11:00:00 PM,39,14,25
06/25/2014 12:00:00 AM,19,9,10
06/25/2014 01:00:00 AM,11,4,7
06/25/2014 02:00:00 AM,7,3,4
06/25/2014 03:00:00 AM,9,3,6
06/25/2014 04:00:00 AM,8,1,7
06/25/2014 05:00:00 AM,45,28,17
06/25/2014 06:00:00 AM,178,119,59
06/25/2014 07:00:00 AM,457,332,125
06/25/2014 08:00:00 AM,552,378,174
06/25/2014 09:00:00 AM,282,159,123
06/25/2014 10:00:00 AM,141,87,54
06/25/2014 11:00:00 AM,84,48,36
06/25/2014 12:00:00 PM,126,59,67
06/25/2014 01:00:00 PM,111,57,54
06/25/2014 02:00:00 PM,125,57,68
06/25/2014 03:00:00 PM,167,70,97
06/25/2014 04:00:00 PM,352,127,225
06/25/2014 05:00:00 PM,707,200,507
06/25/2014 06:00:00 PM,529,180,349
06/25/2014 07:00:00 PM,264,101,163
06/25/2014 08:00:00 PM,152,70,82
06/25/2014 09:00:00 PM,100,48,52
06/25/2014 10:00:00 PM,67,28,39
06/25/2014 11:00:00 PM,39,20,19
06/26/2014 12:00:00 AM,26,13,13
06/26/2014 01:00:00 AM,8,2,6
06/26/2014 02:00:00 AM,10,3,7
06/26/2014 03:00:00 AM,5,3,2
06/26/2014 04:00:00 AM,8,6,2
06/26/2014 05:00:00 AM,51,35,16
06/26/2014 06:00:00 AM,162,116,46
06/26/2014 07:00:00 AM,354,264,90
06/26/2014 08:00:00 AM,515,340,175
06/26/2014 09:00:00 AM,217,135,82
06/26/2014 10:00:00 AM,110,63,47
06/26/2014 11:00:00 AM,136,74,62
06/26/2014 12:00:00 PM,126,68,58
06/26/2014 01:00:00 PM,109,62,47
06/26/2014 02:00:00 PM,116,50,66
06/26/2014 03:00:00 PM,157,76,81
06/26/2014 04:00:00 PM,285,126,159
06/26/2014 05:00:00 PM,524,151,373
06/26/2014 06:00:00 PM,437,144,293
06/26/2014 07:00:00 PM,221,99,122
06/26/2014 08:00:00 PM,115,38,77
06/26/2014 09:00:00 PM,98,49,49
06/26/2014 10:00:00 PM,42,22,20
06/26/2014 11:00:00 PM,25,9,16
06/27/2014 12:00:00 AM,20,7,13
06/27/2014 01:00:00 AM,14,4,10
06/27/2014 02:00:00 AM,5,2,3
06/27/2014 03:00:00 AM,5,0,5
06/27/2014 04:00:00 AM,8,3,5
06/27/2014 05:00:00 AM,31,23,8
06/27/2014 06:00:00 AM,119,79,40
06/27/2014 07:00:00 AM,245,180,65
06/27/2014 08:00:00 AM,364,255,109
06/27/2014 09:00:00 AM,197,118,79
06/27/2014 10:00:00 AM,95,56,39
06/27/2014 11:00:00 AM,71,46,25
06/27/2014 12:00:00 PM,59,31,28
06/27/2014 01:00:00 PM,65,38,27
06/27/2014 02:00:00 PM,96,50,46
06/27/2014 03:00:00 PM,126,58,68
06/27/2014 04:00:00 PM,272,109,163
06/27/2014 05:00:00 PM,425,151,274
06/27/2014 06:00:00 PM,280,90,190
06/27/2014 07:00:00 PM,161,60,101
06/27/2014 08:00:00 PM,72,30,42
06/27/2014 09:00:00 PM,60,30,30
06/27/2014 10:00:00 PM,48,21,27
06/27/2014 11:00:00 PM,33,15,18
06/28/2014 12:00:00 AM,10,4,6
06/28/2014 01:00:00 AM,16,10,6
06/28/2014 02:00:00 AM,9,3,6
06/28/2014 03:00:00 AM,2,2,0
06/28/2014 04:00:00 AM,4,3,1
06/28/2014 05:00:00 AM,9,5,4
06/28/2014 06:00:00 AM,40,18,22
06/28/2014 07:00:00 AM,62,35,27
06/28/2014 08:00:00 AM,77,44,33
06/28/2014 09:00:00 AM,108,59,49
06/28/2014 10:00:00 AM,138,61,77
06/28/2014 11:00:00 AM,106,50,56
06/28/2014 12:00:00 PM,154,88,66
06/28/2014 01:00:00 PM,131,70,61
06/28/2014 02:00:00 PM,116,56,60
06/28/2014 03:00:00 PM,126,73,53
06/28/2014 04:00:00 PM,123,70,53
06/28/2014 05:00:00 PM,149,70,79
06/28/2014 06:00:00 PM,123,62,61
06/28/2014 07:00:00 PM,90,52,38
06/28/2014 08:00:00 PM,73,34,39
06/28/2014 09:00:00 PM,56,22,34
06/28/2014 10:00:00 PM,26,15,11
06/28/2014 11:00:00 PM,32,17,15
06/29/2014 12:00:00 AM,24,12,12
06/29/2014 01:00:00 AM,6,4,2
06/29/2014 02:00:00 AM,15,12,3
06/29/2014 03:00:00 AM,3,3,0
06/29/2014 04:00:00 AM,6,4,2
06/29/2014 05:00:00 AM,10,6,4
06/29/2014 06:00:00 AM,23,10,13
06/29/2014 07:00:00 AM,56,32,24
06/29/2014 08:00:00 AM,89,49,40
06/29/2014 09:00:00 AM,94,54,40
06/29/2014 10:00:00 AM,157,95,62
06/29/2014 11:00:00 AM,198,120,78
06/29/2014 12:00:00 PM,192,118,74
06/29/2014 01:00:00 PM,197,111,86
06/29/2014 02:00:00 PM,191,108,83
06/29/2014 03:00:00 PM,227,103,124
06/29/2014 04:00:00 PM,197,104,93
06/29/2014 05:00:00 PM,203,110,93
06/29/2014 06:00:00 PM,165,80,85
06/29/2014 07:00:00 PM,100,44,56
06/29/2014 08:00:00 PM,72,43,29
06/29/2014 09:00:00 PM,44,16,28
06/29/2014 10:00:00 PM,26,17,9
06/29/2014 11:00:00 PM,17,7,10
06/30/2014 12:00:00 AM,12,6,6
06/30/2014 01:00:00 AM,4,2,2
06/30/2014 02:00:00 AM,4,0,4
06/30/2014 03:00:00 AM,6,2,4
06/30/2014 04:00:00 AM,15,7,8
06/30/2014 05:00:00 AM,56,39,17
06/30/2014 06:00:00 AM,183,125,58
06/30/2014 07:00:00 AM,417,309,108
06/30/2014 08:00:00 AM,609,421,188
06/30/2014 09:00:00 AM,295,171,124
06/30/2014 10:00:00 AM,125,75,50
06/30/2014 11:00:00 AM,112,69,43
06/30/2014 12:00:00 PM,113,67,46
06/30/2014 01:00:00 PM,131,65,66
06/30/2014 02:00:00 PM,137,73,64
06/30/2014 03:00:00 PM,195,80,115
06/30/2014 04:00:00 PM,378,145,233
06/30/2014 05:00:00 PM,744,217,527
06/30/2014 06:00:00 PM,590,230,360
06/30/2014 07:00:00 PM,333,142,191
06/30/2014 08:00:00 PM,165,73,92
06/30/2014 09:00:00 PM,92,44,48
06/30/2014 10:00:00 PM,58,28,30
06/30/2014 11:00:00 PM,28,13,15
07/01/2014 12:00:00 AM,17,5,12
07/01/2014 01:00:00 AM,7,4,3
07/01/2014 02:00:00 AM,4,1,3
07/01/2014 03:00:00 AM,4,2,2
07/01/2014 04:00:00 AM,14,11,3
07/01/2014 05:00:00 AM,61,38,23
07/01/2014 06:00:00 AM,227,158,69
07/01/2014 07:00:00 AM,525,394,131
07/01/2014 08:00:00 AM,608,421,187
07/01/2014 09:00:00 AM,303,188,115
07/01/2014 10:00:00 AM,148,84,64
07/01/2014 11:00:00 AM,119,58,61
07/01/2014 12:00:00 PM,147,72,75
07/01/2014 01:00:00 PM,145,81,64
07/01/2014 02:00:00 PM,112,46,66
07/01/2014 03:00:00 PM,182,91,91
07/01/2014 04:00:00 PM,402,160,242
07/01/2014 05:00:00 PM,736,247,489
07/01/2014 06:00:00 PM,593,200,393
07/01/2014 07:00:00 PM,341,150,191
07/01/2014 08:00:00 PM,179,87,92
07/01/2014 09:00:00 PM,145,87,58
07/01/2014 10:00:00 PM,86,41,45
07/01/2014 11:00:00 PM,42,20,22
07/02/2014 12:00:00 AM,24,10,14
07/02/2014 01:00:00 AM,17,6,11
07/02/2014 02:00:00 AM,5,2,3
07/02/2014 03:00:00 AM,4,2,2
07/02/2014 04:00:00 AM,6,5,1
07/02/2014 05:00:00 AM,62,37,25
07/02/2014 06:00:00 AM,191,140,51
07/02/2014 07:00:00 AM,424,302,122
07/02/2014 08:00:00 AM,618,422,196
07/02/2014 09:00:00 AM,316,178,138
07/02/2014 10:00:00 AM,148,90,58
07/02/2014 11:00:00 AM,79,42,37
07/02/2014 12:00:00 PM,110,63,47
07/02/2014 01:00:00 PM,123,62,61
07/02/2014 02:00:00 PM,134,56,78
07/02/2014 03:00:00 PM,166,84,82
07/02/2014 04:00:00 PM,375,145,230
07/02/2014 05:00:00 PM,691,196,495
07/02/2014 06:00:00 PM,560,187,373
07/02/2014 07:00:00 PM,269,103,166
07/02/2014 08:00:00 PM,200,79,121
07/02/2014 09:00:00 PM,122,61,61
07/02/2014 10:00:00 PM,53,22,31
07/02/2014 11:00:00 PM,45,19,26
07/03/2014 12:00:00 AM,27,11,16
07/03/2014 01:00:00 AM,8,3,5
07/03/2014 02:00:00 AM,2,0,2
07/03/2014 03:00:00 AM,5,2,3
07/03/2014 04:00:00 AM,4,3,1
07/03/2014 05:00:00 AM,48,27,21
07/03/2014 06:00:00 AM,135,93,42
07/03/2014 07:00:00 AM,357,247,110
07/03/2014 08:00:00 AM,455,313,142
07/03/2014 09:00:00 AM,233,142,91
07/03/2014 10:00:00 AM,138,71,67
07/03/2014 11:00:00 AM,86,40,46
07/03/2014 12:00:00 PM,127,66,61
07/03/2014 01:00:00 PM,132,78,54
07/03/2014 02:00:00 PM,148,51,97
07/03/2014 03:00:00 PM,214,110,104
07/03/2014 04:00:00 PM,382,127,255
07/03/2014 05:00:00 PM,491,158,333
07/03/2014 06:00:00 PM,321,130,191
07/03/2014 07:00:00 PM,153,72,81
07/03/2014 08:00:00 PM,140,62,78
07/03/2014 09:00:00 PM,62,24,38
07/03/2014 10:00:00 PM,52,23,29
07/03/2014 11:00:00 PM,39,11,28
07/04/2014 12:00:00 AM,20,5,15
07/04/2014 01:00:00 AM,15,7,8
07/04/2014 02:00:00 AM,6,4,2
07/04/2014 03:00:00 AM,6,1,5
07/04/2014 04:00:00 AM,9,5,4
07/04/2014 05:00:00 AM,20,13,7
07/04/2014 06:00:00 AM,27,15,12
07/04/2014 07:00:00 AM,61,38,23
07/04/2014 08:00:00 AM,126,66,60
07/04/2014 09:00:00 AM,155,79,76
07/04/2014 10:00:00 AM,177,83,94
07/04/2014 11:00:00 AM,208,111,97
07/04/2014 12:00:00 PM,240,115,125
07/04/2014 01:00:00 PM,244,106,138
07/04/2014 02:00:00 PM,214,110,104
07/04/2014 03:00:00 PM,282,130,152
07/04/2014 04:00:00 PM,290,147,143
07/04/2014 05:00:00 PM,236,107,129
07/04/2014 06:00:00 PM,191,96,95
07/04/2014 07:00:00 PM,149,72,77
07/04/2014 08:00:00 PM,131,59,72
07/04/2014 09:00:00 PM,127,57,70
07/04/2014 10:00:00 PM,75,43,32
07/04/2014 11:00:00 PM,275,76,199
07/05/2014 12:00:00 AM,73,24,49
07/05/2014 01:00:00 AM,34,14,20
07/05/2014 02:00:00 AM,12,9,3
07/05/2014 03:00:00 AM,2,0,2
07/05/2014 04:00:00 AM,7,4,3
07/05/2014 05:00:00 AM,9,6,3
07/05/2014 06:00:00 AM,19,12,7
07/05/2014 07:00:00 AM,59,38,21
07/05/2014 08:00:00 AM,76,42,34
07/05/2014 09:00:00 AM,98,49,49
07/05/2014 10:00:00 AM,142,77,65
07/05/2014 11:00:00 AM,155,94,61
07/05/2014 12:00:00 PM,169,82,87
07/05/2014 01:00:00 PM,167,85,82
07/05/2014 02:00:00 PM,126,67,59
07/05/2014 03:00:00 PM,120,69,51
07/05/2014 04:00:00 PM,149,82,67
07/05/2014 05:00:00 PM,151,79,72
07/05/2014 06:00:00 PM,138,59,79
07/05/2014 07:00:00 PM,95,40,55
07/05/2014 08:00:00 PM,72,31,41
07/05/2014 09:00:00 PM,44,12,32
07/05/2014 10:00:00 PM,34,22,12
07/05/2014 11:00:00 PM,25,7,18
07/06/2014 12:00:00 AM,19,10,9
07/06/2014 01:00:00 AM,11,7,4
07/06/2014 02:00:00 AM,4,1,3
07/06/2014 03:00:00 AM,5,3,2
07/06/2014 04:00:00 AM,2,1,1
07/06/2014 05:00:00 AM,7,4,3
07/06/2014 06:00:00 AM,15,5,10
07/06/2014 07:00:00 AM,33,19,14
07/06/2014 08:00:00 AM,113,84,29
07/06/2014 09:00:00 AM,125,71,54
07/06/2014 10:00:00 AM,151,68,83
07/06/2014 11:00:00 AM,215,129,86
07/06/2014 12:00:00 PM,249,133,116
07/06/2014 01:00:00 PM,302,148,154
07/06/2014 02:00:00 PM,306,170,136
07/06/2014 03:00:00 PM,291,173,118
07/06/2014 04:00:00 PM,233,142,91
07/06/2014 05:00:00 PM,228,120,108
07/06/2014 06:00:00 PM,170,83,87
07/06/2014 07:00:00 PM,153,64,89
07/06/2014 08:00:00 PM,115,73,42
07/06/2014 09:00:00 PM,66,33,33
07/06/2014 10:00:00 PM,48,25,23
07/06/2014 11:00:00 PM,21,11,10
07/07/2014 12:00:00 AM,13,4,9
07/07/2014 01:00:00 AM,6,2,4
07/07/2014 02:00:00 AM,6,4,2
07/07/2014 03:00:00 AM,6,3,3
07/07/2014 04:00:00 AM,16,8,8
07/07/2014 05:00:00 AM,44,28,16
07/07/2014 06:00:00 AM,161,104,57
07/07/2014 07:00:00 AM,464,355,109
07/07/2014 08:00:00 AM,531,367,164
07/07/2014 09:00:00 AM,285,176,109
07/07/2014 10:00:00 AM,128,73,55
07/07/2014 11:00:00 AM,95,55,40
07/07/2014 12:00:00 PM,107,56,51
07/07/2014 01:00:00 PM,134,67,67
07/07/2014 02:00:00 PM,136,74,62
07/07/2014 03:00:00 PM,197,89,108
07/07/2014 04:00:00 PM,315,128,187
07/07/2014 05:00:00 PM,668,191,477
07/07/2014 06:00:00 PM,494,177,317
07/07/2014 07:00:00 PM,299,122,177
07/07/2014 08:00:00 PM,152,63,89
07/07/2014 09:00:00 PM,104,68,36
07/07/2014 10:00:00 PM,64,25,39
07/07/2014 11:00:00 PM,31,15,16
07/08/2014 12:00:00 AM,27,11,16
07/08/2014 01:00:00 AM,7,4,3
07/08/2014 02:00:00 AM,8,3,5
07/08/2014 03:00:00 AM,3,2,1
07/08/2014 04:00:00 AM,13,8,5
07/08/2014 05:00:00 AM,58,37,21
07/08/2014 06:00:00 AM,233,160,73
07/08/2014 07:00:00 AM,506,375,131
07/08/2014 08:00:00 AM,594,429,165
07/08/2014 09:00:00 AM,295,171,124
07/08/2014 10:00:00 AM,181,105,76
07/08/2014 11:00:00 AM,131,81,50
07/08/2014 12:00:00 PM,155,85,70
07/08/2014 01:00:00 PM,129,70,59
07/08/2014 02:00:00 PM,114,49,65
07/08/2014 03:00:00 PM,220,96,124
07/08/2014 04:00:00 PM,391,160,231
07/08/2014 05:00:00 PM,795,242,553
07/08/2014 06:00:00 PM,574,179,395
07/08/2014 07:00:00 PM,300,121,179
07/08/2014 08:00:00 PM,209,85,124
07/08/2014 09:00:00 PM,163,85,78
07/08/2014 10:00:00 PM,71,28,43
07/08/2014 11:00:00 PM,38,23,15
07/09/2014 12:00:00 AM,17,5,12
07/09/2014 01:00:00 AM,14,5,9
07/09/2014 02:00:00 AM,5,4,1
07/09/2014 03:00:00 AM,5,3,2
07/09/2014 04:00:00 AM,13,5,8
07/09/2014 05:00:00 AM,56,32,24
07/09/2014 06:00:00 AM,228,160,68
07/09/2014 07:00:00 AM,504,373,131
07/09/2014 08:00:00 AM,633,452,181
07/09/2014 09:00:00 AM,320,202,118
07/09/2014 10:00:00 AM,145,88,57
07/09/2014 11:00:00 AM,141,88,53
07/09/2014 12:00:00 PM,130,69,61
07/09/2014 01:00:00 PM,129,56,73
07/09/2014 02:00:00 PM,118,60,58
07/09/2014 03:00:00 PM,183,92,91
07/09/2014 04:00:00 PM,410,152,258
07/09/2014 05:00:00 PM,738,219,519
07/09/2014 06:00:00 PM,608,200,408
07/09/2014 07:00:00 PM,312,131,181
07/09/2014 08:00:00 PM,192,81,111
07/09/2014 09:00:00 PM,137,68,69
07/09/2014 10:00:00 PM,62,33,29
07/09/2014 11:00:00 PM,35,13,22
07/10/2014 12:00:00 AM,19,11,8
07/10/2014 01:00:00 AM,9,1,8
07/10/2014 02:00:00 AM,6,5,1
07/10/2014 03:00:00 AM,6,3,3
07/10/2014 04:00:00 AM,9,8,1
07/10/2014 05:00:00 AM,49,32,17
07/10/2014 06:00:00 AM,200,144,56
07/10/2014 07:00:00 AM,455,343,112
07/10/2014 08:00:00 AM,621,426,195
07/10/2014 09:00:00 AM,286,186,100
07/10/2014 10:00:00 AM,123,63,60
07/10/2014 11:00:00 AM,116,74,42
07/10/2014 12:00:00 PM,124,64,60
07/10/2014 01:00:00 PM,104,54,50
07/10/2014 02:00:00 PM,137,68,69
07/10/2014 03:00:00 PM,182,90,92
07/10/2014 04:00:00 PM,346,134,212
07/10/2014 05:00:00 PM,701,248,453
07/10/2014 06:00:00 PM,514,187,327
07/10/2014 07:00:00 PM,338,133,205
07/10/2014 08:00:00 PM,203,94,109
07/10/2014 09:00:00 PM,143,66,77
07/10/2014 10:00:00 PM,65,29,36
07/10/2014 11:00:00 PM,44,15,29
07/11/2014 12:00:00 AM,31,19,12
07/11/2014 01:00:00 AM,26,22,4
07/11/2014 02:00:00 AM,12,5,7
07/11/2014 03:00:00 AM,2,1,1
07/11/2014 04:00:00 AM,15,7,8
07/11/2014 05:00:00 AM,35,23,12
07/11/2014 06:00:00 AM,143,104,39
07/11/2014 07:00:00 AM,376,281,95
07/11/2014 08:00:00 AM,514,342,172
07/11/2014 09:00:00 AM,308,203,105
07/11/2014 10:00:00 AM,150,84,66
07/11/2014 11:00:00 AM,148,84,64
07/11/2014 12:00:00 PM,115,69,46
07/11/2014 01:00:00 PM,119,72,47
07/11/2014 02:00:00 PM,142,70,72
07/11/2014 03:00:00 PM,193,85,108
07/11/2014 04:00:00 PM,371,130,241
07/11/2014 05:00:00 PM,612,198,414
07/11/2014 06:00:00 PM,346,126,220
07/11/2014 07:00:00 PM,178,74,104
07/11/2014 08:00:00 PM,112,60,52
07/11/2014 09:00:00 PM,107,66,41
07/11/2014 10:00:00 PM,73,35,38
07/11/2014 11:00:00 PM,40,26,14
07/12/2014 12:00:00 AM,24,9,15
07/12/2014 01:00:00 AM,21,8,13
07/12/2014 02:00:00 AM,11,5,6
07/12/2014 03:00:00 AM,6,1,5
07/12/2014 04:00:00 AM,50,14,36
07/12/2014 05:00:00 AM,57,17,40
07/12/2014 06:00:00 AM,57,21,36
07/12/2014 07:00:00 AM,94,57,37
07/12/2014 08:00:00 AM,114,67,47
07/12/2014 09:00:00 AM,152,74,78
07/12/2014 10:00:00 AM,198,116,82
07/12/2014 11:00:00 AM,162,93,69
07/12/2014 12:00:00 PM,169,80,89
07/12/2014 01:00:00 PM,170,94,76
07/12/2014 02:00:00 PM,142,89,53
07/12/2014 03:00:00 PM,215,98,117
07/12/2014 04:00:00 PM,142,68,74
07/12/2014 05:00:00 PM,146,66,80
07/12/2014 06:00:00 PM,109,54,55
07/12/2014 07:00:00 PM,113,42,71
07/12/2014 08:00:00 PM,139,65,74
07/12/2014 09:00:00 PM,76,40,36
07/12/2014 10:00:00 PM,46,31,15
07/12/2014 11:00:00 PM,67,35,32
07/13/2014 12:00:00 AM,29,16,13
07/13/2014 01:00:00 AM,23,12,11
07/13/2014 02:00:00 AM,11,9,2
07/13/2014 03:00:00 AM,4,3,1
07/13/2014 04:00:00 AM,4,2,2
07/13/2014 05:00:00 AM,9,5,4
07/13/2014 06:00:00 AM,28,14,14
07/13/2014 07:00:00 AM,64,41,23
07/13/2014 08:00:00 AM,114,71,43
07/13/2014 09:00:00 AM,146,80,66
07/13/2014 10:00:00 AM,177,98,79
07/13/2014 11:00:00 AM,197,104,93
07/13/2014 12:00:00 PM,192,119,73
07/13/2014 01:00:00 PM,112,63,49
07/13/2014 02:00:00 PM,136,74,62
07/13/2014 03:00:00 PM,194,113,81
07/13/2014 04:00:00 PM,169,80,89
07/13/2014 05:00:00 PM,161,84,77
07/13/2014 06:00:00 PM,126,64,62
07/13/2014 07:00:00 PM,146,95,51
07/13/2014 08:00:00 PM,84,47,37
07/13/2014 09:00:00 PM,58,28,30
07/13/2014 10:00:00 PM,86,25,61
07/13/2014 11:00:00 PM,28,17,11
07/14/2014 12:00:00 AM,11,4,7
07/14/2014 01:00:00 AM,7,3,4
07/14/2014 02:00:00 AM,1,1,0
07/14/2014 03:00:00 AM,7,4,3
07/14/2014 04:00:00 AM,7,2,5
07/14/2014 05:00:00 AM,49,30,19
07/14/2014 06:00:00 AM,162,112,50
07/14/2014 07:00:00 AM,435,315,120
07/14/2014 08:00:00 AM,550,393,157
07/14/2014 09:00:00 AM,312,195,117
07/14/2014 10:00:00 AM,134,75,59
07/14/2014 11:00:00 AM,104,59,45
07/14/2014 12:00:00 PM,82,43,39
07/14/2014 01:00:00 PM,109,76,33
07/14/2014 02:00:00 PM,128,57,71
07/14/2014 03:00:00 PM,149,73,76
07/14/2014 04:00:00 PM,343,119,224
07/14/2014 05:00:00 PM,658,198,460
07/14/2014 06:00:00 PM,562,205,357
07/14/2014 07:00:00 PM,244,91,153
07/14/2014 08:00:00 PM,200,94,106
07/14/2014 09:00:00 PM,96,41,55
07/14/2014 10:00:00 PM,45,20,25
07/14/2014 11:00:00 PM,16,6,10
07/15/2014 12:00:00 AM,16,4,12
07/15/2014 01:00:00 AM,7,4,3
07/15/2014 02:00:00 AM,4,3,1
07/15/2014 03:00:00 AM,4,3,1
07/15/2014 04:00:00 AM,9,7,2
07/15/2014 05:00:00 AM,53,36,17
07/15/2014 06:00:00 AM,199,137,62
07/15/2014 07:00:00 AM,501,378,123
07/15/2014 08:00:00 AM,624,416,208
07/15/2014 09:00:00 AM,316,204,112
07/15/2014 10:00:00 AM,146,73,73
07/15/2014 11:00:00 AM,97,57,40
07/15/2014 12:00:00 PM,144,95,49
07/15/2014 01:00:00 PM,97,48,49
07/15/2014 02:00:00 PM,92,42,50
07/15/2014 03:00:00 PM,151,77,74
07/15/2014 04:00:00 PM,379,136,243
07/15/2014 05:00:00 PM,732,219,513
07/15/2014 06:00:00 PM,598,193,405
07/15/2014 07:00:00 PM,339,139,200
07/15/2014 08:00:00 PM,203,90,113
07/15/2014 09:00:00 PM,118,60,58
07/15/2014 10:00:00 PM,83,44,39
07/15/2014 11:00:00 PM,29,11,18
07/16/2014 12:00:00 AM,12,7,5
07/16/2014 01:00:00 AM,17,10,7
07/16/2014 02:00:00 AM,3,2,1
07/16/2014 03:00:00 AM,4,3,1
07/16/2014 04:00:00 AM,10,7,3
07/16/2014 05:00:00 AM,58,42,16
07/16/2014 06:00:00 AM,214,143,71
07/16/2014 07:00:00 AM,507,372,135
07/16/2014 08:00:00 AM,589,408,181
07/16/2014 09:00:00 AM,302,188,114
07/16/2014 10:00:00 AM,176,109,67
07/16/2014 11:00:00 AM,109,65,44
07/16/2014 12:00:00 PM,145,66,79
07/16/2014 01:00:00 PM,142,78,64
07/16/2014 02:00:00 PM,141,60,81
07/16/2014 03:00:00 PM,192,74,118
07/16/2014 04:00:00 PM,359,133,226
07/16/2014 05:00:00 PM,706,191,515
07/16/2014 06:00:00 PM,580,213,367
07/16/2014 07:00:00 PM,285,119,166
07/16/2014 08:00:00 PM,239,97,142
07/16/2014 09:00:00 PM,133,58,75
07/16/2014 10:00:00 PM,50,22,28
07/16/2014 11:00:00 PM,36,15,21
07/17/2014 12:00:00 AM,32,18,14
07/17/2014 01:00:00 AM,9,6,3
07/17/2014 02:00:00 AM,6,5,1
07/17/2014 03:00:00 AM,2,1,1
07/17/2014 04:00:00 AM,9,7,2
07/17/2014 05:00:00 AM,45,28,17
07/17/2014 06:00:00 AM,144,102,42
07/17/2014 07:00:00 AM,424,318,106
07/17/2014 08:00:00 AM,543,365,178
07/17/2014 09:00:00 AM,298,193,105
07/17/2014 10:00:00 AM,130,80,50
07/17/2014 11:00:00 AM,122,71,51
07/17/2014 12:00:00 PM,111,59,52
07/17/2014 01:00:00 PM,110,51,59
07/17/2014 02:00:00 PM,132,71,61
07/17/2014 03:00:00 PM,143,62,81
07/17/2014 04:00:00 PM,347,122,225
07/17/2014 05:00:00 PM,682,205,477
07/17/2014 06:00:00 PM,454,177,277
07/17/2014 07:00:00 PM,320,144,176
07/17/2014 08:00:00 PM,197,103,94
07/17/2014 09:00:00 PM,140,59,81
07/17/2014 10:00:00 PM,81,45,36
07/17/2014 11:00:00 PM,54,18,36
07/18/2014 12:00:00 AM,22,14,8
07/18/2014 01:00:00 AM,8,4,4
07/18/2014 02:00:00 AM,5,2,3
07/18/2014 03:00:00 AM,4,3,1
07/18/2014 04:00:00 AM,13,8,5
07/18/2014 05:00:00 AM,35,22,13
07/18/2014 06:00:00 AM,152,97,55
07/18/2014 07:00:00 AM,349,262,87
07/18/2014 08:00:00 AM,475,328,147
07/18/2014 09:00:00 AM,273,180,93
07/18/2014 10:00:00 AM,136,88,48
07/18/2014 11:00:00 AM,108,48,60
07/18/2014 12:00:00 PM,145,83,62
07/18/2014 01:00:00 PM,126,55,71
07/18/2014 02:00:00 PM,142,80,62
07/18/2014 03:00:00 PM,220,102,118
07/18/2014 04:00:00 PM,383,133,250
07/18/2014 05:00:00 PM,635,212,423
07/18/2014 06:00:00 PM,439,176,263
07/18/2014 07:00:00 PM,202,78,124
07/18/2014 08:00:00 PM,112,42,70
07/18/2014 09:00:00 PM,70,44,26
07/18/2014 10:00:00 PM,52,25,27
07/18/2014 11:00:00 PM,29,13,16
07/19/2014 12:00:00 AM,34,17,17
07/19/2014 01:00:00 AM,19,6,13
07/19/2014 02:00:00 AM,9,4,5
07/19/2014 03:00:00 AM,0,0,0
07/19/2014 04:00:00 AM,3,1,2
07/19/2014 05:00:00 AM,10,6,4
07/19/2014 06:00:00 AM,25,13,12
07/19/2014 07:00:00 AM,56,32,24
07/19/2014 08:00:00 AM,95,50,45
07/19/2014 09:00:00 AM,129,60,69
07/19/2014 10:00:00 AM,127,63,64
07/19/2014 11:00:00 AM,129,79,50
07/19/2014 12:00:00 PM,193,109,84
07/19/2014 01:00:00 PM,181,78,103
07/19/2014 02:00:00 PM,164,87,77
07/19/2014 03:00:00 PM,206,87,119
07/19/2014 04:00:00 PM,181,91,90
07/19/2014 05:00:00 PM,145,75,70
07/19/2014 06:00:00 PM,150,78,72
07/19/2014 07:00:00 PM,89,36,53
07/19/2014 08:00:00 PM,55,23,32
07/19/2014 09:00:00 PM,53,26,27
07/19/2014 10:00:00 PM,33,21,12
07/19/2014 11:00:00 PM,34,17,17
07/20/2014 12:00:00 AM,21,8,13
07/20/2014 01:00:00 AM,14,7,7
07/20/2014 02:00:00 AM,7,4,3
07/20/2014 03:00:00 AM,5,4,1
07/20/2014 04:00:00 AM,5,3,2
07/20/2014 05:00:00 AM,4,3,1
07/20/2014 06:00:00 AM,12,8,4
07/20/2014 07:00:00 AM,30,19,11
07/20/2014 08:00:00 AM,53,34,19
07/20/2014 09:00:00 AM,68,34,34
07/20/2014 10:00:00 AM,96,60,36
07/20/2014 11:00:00 AM,102,63,39
07/20/2014 12:00:00 PM,108,61,47
07/20/2014 01:00:00 PM,172,105,67
07/20/2014 02:00:00 PM,153,92,61
07/20/2014 03:00:00 PM,174,77,97
07/20/2014 04:00:00 PM,171,84,87
07/20/2014 05:00:00 PM,79,39,40
07/20/2014 06:00:00 PM,74,38,36
07/20/2014 07:00:00 PM,71,24,47
07/20/2014 08:00:00 PM,40,16,24
07/20/2014 09:00:00 PM,39,17,22
07/20/2014 10:00:00 PM,19,7,12
07/20/2014 11:00:00 PM,18,2,16
07/21/2014 12:00:00 AM,10,4,6
07/21/2014 01:00:00 AM,1,1,0
07/21/2014 02:00:00 AM,3,2,1
07/21/2014 03:00:00 AM,7,5,2
07/21/2014 04:00:00 AM,13,9,4
07/21/2014 05:00:00 AM,45,34,11
07/21/2014 06:00:00 AM,164,110,54
07/21/2014 07:00:00 AM,422,303,119
07/21/2014 08:00:00 AM,528,354,174
07/21/2014 09:00:00 AM,303,192,111
07/21/2014 10:00:00 AM,136,85,51
07/21/2014 11:00:00 AM,97,48,49
07/21/2014 12:00:00 PM,142,83,59
07/21/2014 01:00:00 PM,93,42,51
07/21/2014 02:00:00 PM,143,65,78
07/21/2014 03:00:00 PM,176,84,92
07/21/2014 04:00:00 PM,372,164,208
07/21/2014 05:00:00 PM,715,225,490
07/21/2014 06:00:00 PM,492,195,297
07/21/2014 07:00:00 PM,303,124,179
07/21/2014 08:00:00 PM,200,91,109
07/21/2014 09:00:00 PM,78,28,50
07/21/2014 10:00:00 PM,57,26,31
07/21/2014 11:00:00 PM,25,11,14
07/22/2014 12:00:00 AM,8,2,6
07/22/2014 01:00:00 AM,4,4,0
07/22/2014 02:00:00 AM,9,6,3
07/22/2014 03:00:00 AM,3,1,2
07/22/2014 04:00:00 AM,11,4,7
07/22/2014 05:00:00 AM,62,47,15
07/22/2014 06:00:00 AM,218,150,68
07/22/2014 07:00:00 AM,542,405,137
07/22/2014 08:00:00 AM,594,400,194
07/22/2014 09:00:00 AM,313,200,113
07/22/2014 10:00:00 AM,135,87,48
07/22/2014 11:00:00 AM,107,55,52
07/22/2014 12:00:00 PM,110,62,48
07/22/2014 01:00:00 PM,108,49,59
07/22/2014 02:00:00 PM,97,50,47
07/22/2014 03:00:00 PM,186,86,100
07/22/2014 04:00:00 PM,344,117,227
07/22/2014 05:00:00 PM,702,211,491
07/22/2014 06:00:00 PM,562,213,349
07/22/2014 07:00:00 PM,299,120,179
07/22/2014 08:00:00 PM,183,67,116
07/22/2014 09:00:00 PM,86,41,45
07/22/2014 10:00:00 PM,67,29,38
07/22/2014 11:00:00 PM,28,10,18
07/23/2014 12:00:00 AM,18,8,10
07/23/2014 01:00:00 AM,5,3,2
07/23/2014 02:00:00 AM,4,2,2
07/23/2014 03:00:00 AM,3,1,2
07/23/2014 04:00:00 AM,4,3,1
07/23/2014 05:00:00 AM,38,30,8
07/23/2014 06:00:00 AM,96,64,32
07/23/2014 07:00:00 AM,197,144,53
07/23/2014 08:00:00 AM,275,191,84
07/23/2014 09:00:00 AM,140,86,54
07/23/2014 10:00:00 AM,60,32,28
07/23/2014 11:00:00 AM,38,19,19
07/23/2014 12:00:00 PM,22,8,14
07/23/2014 01:00:00 PM,38,22,16
07/23/2014 02:00:00 PM,39,20,19
07/23/2014 03:00:00 PM,42,16,26
07/23/2014 04:00:00 PM,141,46,95
07/23/2014 05:00:00 PM,280,88,192
07/23/2014 06:00:00 PM,249,89,160
07/23/2014 07:00:00 PM,122,43,79
07/23/2014 08:00:00 PM,84,35,49
07/23/2014 09:00:00 PM,45,20,25
07/23/2014 10:00:00 PM,32,17,15
07/23/2014 11:00:00 PM,17,6,11
07/24/2014 12:00:00 AM,14,9,5
07/24/2014 01:00:00 AM,8,7,1
07/24/2014 02:00:00 AM,4,1,3
07/24/2014 03:00:00 AM,2,1,1
07/24/2014 04:00:00 AM,7,4,3
07/24/2014 05:00:00 AM,38,29,9
07/24/2014 06:00:00 AM,112,80,32
07/24/2014 07:00:00 AM,282,214,68
07/24/2014 08:00:00 AM,374,253,121
07/24/2014 09:00:00 AM,231,151,80
07/24/2014 10:00:00 AM,83,48,35
07/24/2014 11:00:00 AM,70,36,34
07/24/2014 12:00:00 PM,90,48,42
07/24/2014 01:00:00 PM,80,41,39
07/24/2014 02:00:00 PM,74,37,37
07/24/2014 03:00:00 PM,116,42,74
07/24/2014 04:00:00 PM,192,74,118
07/24/2014 05:00:00 PM,461,134,327
07/24/2014 06:00:00 PM,346,134,212
07/24/2014 07:00:00 PM,207,81,126
07/24/2014 08:00:00 PM,99,49,50
07/24/2014 09:00:00 PM,52,14,38
07/24/2014 10:00:00 PM,39,20,19
07/24/2014 11:00:00 PM,21,9,12
07/25/2014 12:00:00 AM,15,7,8
07/25/2014 01:00:00 AM,6,4,2
07/25/2014 02:00:00 AM,11,7,4
07/25/2014 03:00:00 AM,2,1,1
07/25/2014 04:00:00 AM,10,4,6
07/25/2014 05:00:00 AM,43,28,15
07/25/2014 06:00:00 AM,113,81,32
07/25/2014 07:00:00 AM,308,218,90
07/25/2014 08:00:00 AM,501,354,147
07/25/2014 09:00:00 AM,261,170,91
07/25/2014 10:00:00 AM,138,88,50
07/25/2014 11:00:00 AM,116,73,43
07/25/2014 12:00:00 PM,186,110,76
07/25/2014 01:00:00 PM,165,84,81
07/25/2014 02:00:00 PM,168,80,88
07/25/2014 03:00:00 PM,168,79,89
07/25/2014 04:00:00 PM,367,154,213
07/25/2014 05:00:00 PM,562,178,384
07/25/2014 06:00:00 PM,405,154,251
07/25/2014 07:00:00 PM,200,76,124
07/25/2014 08:00:00 PM,130,42,88
07/25/2014 09:00:00 PM,96,60,36
07/25/2014 10:00:00 PM,50,30,20
07/25/2014 11:00:00 PM,51,18,33
07/26/2014 12:00:00 AM,27,12,15
07/26/2014 01:00:00 AM,18,10,8
07/26/2014 02:00:00 AM,16,9,7
07/26/2014 03:00:00 AM,5,5,0
07/26/2014 04:00:00 AM,5,2,3
07/26/2014 05:00:00 AM,15,12,3
07/26/2014 06:00:00 AM,37,19,18
07/26/2014 07:00:00 AM,74,34,40
07/26/2014 08:00:00 AM,119,65,54
07/26/2014 09:00:00 AM,150,70,80
07/26/2014 10:00:00 AM,142,77,65
07/26/2014 11:00:00 AM,235,124,111
07/26/2014 12:00:00 PM,247,152,95
07/26/2014 01:00:00 PM,192,136,56
07/26/2014 02:00:00 PM,239,130,109
07/26/2014 03:00:00 PM,252,139,113
07/26/2014 04:00:00 PM,192,105,87
07/26/2014 05:00:00 PM,219,118,101
07/26/2014 06:00:00 PM,154,86,68
07/26/2014 07:00:00 PM,141,79,62
07/26/2014 08:00:00 PM,89,48,41
07/26/2014 09:00:00 PM,58,26,32
07/26/2014 10:00:00 PM,44,12,32
07/26/2014 11:00:00 PM,40,18,22
07/27/2014 12:00:00 AM,35,13,22
07/27/2014 01:00:00 AM,17,10,7
07/27/2014 02:00:00 AM,10,4,6
07/27/2014 03:00:00 AM,6,4,2
07/27/2014 04:00:00 AM,7,4,3
07/27/2014 05:00:00 AM,7,6,1
07/27/2014 06:00:00 AM,18,7,11
07/27/2014 07:00:00 AM,41,20,21
07/27/2014 08:00:00 AM,96,57,39
07/27/2014 09:00:00 AM,130,63,67
07/27/2014 10:00:00 AM,177,75,102
07/27/2014 11:00:00 AM,211,114,97
07/27/2014 12:00:00 PM,233,138,95
07/27/2014 01:00:00 PM,231,127,104
07/27/2014 02:00:00 PM,262,145,117
07/27/2014 03:00:00 PM,238,138,100
07/27/2014 04:00:00 PM,228,109,119
07/27/2014 05:00:00 PM,194,115,79
07/27/2014 06:00:00 PM,157,89,68
07/27/2014 07:00:00 PM,130,77,53
07/27/2014 08:00:00 PM,81,44,37
07/27/2014 09:00:00 PM,73,41,32
07/27/2014 10:00:00 PM,31,16,15
07/27/2014 11:00:00 PM,14,3,11
07/28/2014 12:00:00 AM,9,3,6
07/28/2014 01:00:00 AM,14,9,5
07/28/2014 02:00:00 AM,6,5,1
07/28/2014 03:00:00 AM,5,4,1
07/28/2014 04:00:00 AM,13,9,4
07/28/2014 05:00:00 AM,65,42,23
07/28/2014 06:00:00 AM,170,105,65
07/28/2014 07:00:00 AM,455,334,121
07/28/2014 08:00:00 AM,629,431,198
07/28/2014 09:00:00 AM,284,184,100
07/28/2014 10:00:00 AM,171,92,79
07/28/2014 11:00:00 AM,138,77,61
07/28/2014 12:00:00 PM,105,64,41
07/28/2014 01:00:00 PM,104,42,62
07/28/2014 02:00:00 PM,135,75,60
07/28/2014 03:00:00 PM,176,90,86
07/28/2014 04:00:00 PM,346,143,203
07/28/2014 05:00:00 PM,679,210,469
07/28/2014 06:00:00 PM,577,228,349
07/28/2014 07:00:00 PM,293,109,184
07/28/2014 08:00:00 PM,203,91,112
07/28/2014 09:00:00 PM,119,43,76
07/28/2014 10:00:00 PM,69,26,43
07/28/2014 11:00:00 PM,31,15,16
07/29/2014 12:00:00 AM,17,7,10
07/29/2014 01:00:00 AM,9,3,6
07/29/2014 02:00:00 AM,4,4,0
07/29/2014 03:00:00 AM,2,0,2
07/29/2014 04:00:00 AM,11,7,4
07/29/2014 05:00:00 AM,58,39,19
07/29/2014 06:00:00 AM,214,143,71
07/29/2014 07:00:00 AM,532,382,150
07/29/2014 08:00:00 AM,670,470,200
07/29/2014 09:00:00 AM,338,202,136
07/29/2014 10:00:00 AM,158,96,62
07/29/2014 11:00:00 AM,117,60,57
07/29/2014 12:00:00 PM,143,77,66
07/29/2014 01:00:00 PM,134,60,74
07/29/2014 02:00:00 PM,118,47,71
07/29/2014 03:00:00 PM,168,65,103
07/29/2014 04:00:00 PM,370,138,232
07/29/2014 05:00:00 PM,801,230,571
07/29/2014 06:00:00 PM,586,209,377
07/29/2014 07:00:00 PM,333,156,177
07/29/2014 08:00:00 PM,191,75,116
07/29/2014 09:00:00 PM,155,78,77
07/29/2014 10:00:00 PM,74,37,37
07/29/2014 11:00:00 PM,45,21,24
07/30/2014 12:00:00 AM,13,2,11
07/30/2014 01:00:00 AM,10,8,2
07/30/2014 02:00:00 AM,9,2,7
07/30/2014 03:00:00 AM,3,1,2
07/30/2014 04:00:00 AM,6,5,1
07/30/2014 05:00:00 AM,54,38,16
07/30/2014 06:00:00 AM,211,145,66
07/30/2014 07:00:00 AM,482,350,132
07/30/2014 08:00:00 AM,632,419,213
07/30/2014 09:00:00 AM,337,205,132
07/30/2014 10:00:00 AM,166,109,57
07/30/2014 11:00:00 AM,118,68,50
07/30/2014 12:00:00 PM,106,46,60
07/30/2014 01:00:00 PM,137,54,83
07/30/2014 02:00:00 PM,129,53,76
07/30/2014 03:00:00 PM,199,88,111
07/30/2014 04:00:00 PM,382,149,233
07/30/2014 05:00:00 PM,755,227,528
07/30/2014 06:00:00 PM,583,205,378
07/30/2014 07:00:00 PM,279,105,174
07/30/2014 08:00:00 PM,209,91,118
07/30/2014 09:00:00 PM,126,68,58
07/30/2014 10:00:00 PM,73,32,41
07/30/2014 11:00:00 PM,40,15,25
07/31/2014 12:00:00 AM,15,8,7
07/31/2014 01:00:00 AM,10,7,3
07/31/2014 02:00:00 AM,6,2,4
07/31/2014 03:00:00 AM,4,1,3
07/31/2014 04:00:00 AM,12,9,3
07/31/2014 05:00:00 AM,42,29,13
07/31/2014 06:00:00 AM,174,106,68
07/31/2014 07:00:00 AM,483,369,114
07/31/2014 08:00:00 AM,612,415,197
07/31/2014 09:00:00 AM,314,192,122
07/31/2014 10:00:00 AM,170,94,76
07/31/2014 11:00:00 AM,116,70,46
07/31/2014 12:00:00 PM,133,64,69
07/31/2014 01:00:00 PM,121,55,66
07/31/2014 02:00:00 PM,133,63,70
07/31/2014 03:00:00 PM,180,84,96
07/31/2014 04:00:00 PM,353,130,223
07/31/2014 05:00:00 PM,670,204,466
07/31/2014 06:00:00 PM,544,167,377
07/31/2014 07:00:00 PM,289,105,184
07/31/2014 08:00:00 PM,189,81,108
07/31/2014 09:00:00 PM,123,72,51
07/31/2014 10:00:00 PM,102,63,39
07/31/2014 11:00:00 PM,40,15,25
08/01/2014 12:00:00 AM,25,11,14
08/01/2014 01:00:00 AM,8,3,5
08/01/2014 02:00:00 AM,8,1,7
08/01/2014 03:00:00 AM,3,2,1
08/01/2014 04:00:00 AM,11,6,5
08/01/2014 05:00:00 AM,41,24,17
08/01/2014 06:00:00 AM,144,101,43
08/01/2014 07:00:00 AM,338,241,97
08/01/2014 08:00:00 AM,511,355,156
08/01/2014 09:00:00 AM,306,192,114
08/01/2014 10:00:00 AM,147,86,61
08/01/2014 11:00:00 AM,138,69,69
08/01/2014 12:00:00 PM,122,56,66
08/01/2014 01:00:00 PM,131,58,73
08/01/2014 02:00:00 PM,146,66,80
08/01/2014 03:00:00 PM,190,89,101
08/01/2014 04:00:00 PM,373,125,248
08/01/2014 05:00:00 PM,537,201,336
08/01/2014 06:00:00 PM,373,139,234
08/01/2014 07:00:00 PM,202,93,109
08/01/2014 08:00:00 PM,143,62,81
08/01/2014 09:00:00 PM,87,37,50
08/01/2014 10:00:00 PM,77,26,51
08/01/2014 11:00:00 PM,45,9,36
08/02/2014 12:00:00 AM,23,7,16
08/02/2014 01:00:00 AM,47,6,41
08/02/2014 02:00:00 AM,12,7,5
08/02/2014 03:00:00 AM,6,3,3
08/02/2014 04:00:00 AM,3,1,2
08/02/2014 05:00:00 AM,12,5,7
08/02/2014 06:00:00 AM,42,18,24
08/02/2014 07:00:00 AM,71,44,27
08/02/2014 08:00:00 AM,142,72,70
08/02/2014 09:00:00 AM,138,81,57
08/02/2014 10:00:00 AM,98,60,38
08/02/2014 11:00:00 AM,129,76,53
08/02/2014 12:00:00 PM,156,90,66
08/02/2014 01:00:00 PM,151,85,66
08/02/2014 02:00:00 PM,156,95,61
08/02/2014 03:00:00 PM,166,87,79
08/02/2014 04:00:00 PM,166,87,79
08/02/2014 05:00:00 PM,112,60,52
08/02/2014 06:00:00 PM,148,76,72
08/02/2014 07:00:00 PM,120,63,57
08/02/2014 08:00:00 PM,84,41,43
08/02/2014 09:00:00 PM,41,26,15
08/02/2014 10:00:00 PM,49,24,25
08/02/2014 11:00:00 PM,38,22,16
08/03/2014 12:00:00 AM,20,8,12
08/03/2014 01:00:00 AM,8,2,6
08/03/2014 02:00:00 AM,8,2,6
08/03/2014 03:00:00 AM,4,3,1
08/03/2014 04:00:00 AM,7,3,4
08/03/2014 05:00:00 AM,7,2,5
08/03/2014 06:00:00 AM,24,11,13
08/03/2014 07:00:00 AM,53,28,25
08/03/2014 08:00:00 AM,100,53,47
08/03/2014 09:00:00 AM,147,81,66
08/03/2014 10:00:00 AM,197,95,102
08/03/2014 11:00:00 AM,197,121,76
08/03/2014 12:00:00 PM,249,127,122
08/03/2014 01:00:00 PM,212,128,84
08/03/2014 02:00:00 PM,218,127,91
08/03/2014 03:00:00 PM,223,117,106
08/03/2014 04:00:00 PM,210,99,111
08/03/2014 05:00:00 PM,193,101,92
08/03/2014 06:00:00 PM,159,83,76
08/03/2014 07:00:00 PM,100,47,53
08/03/2014 08:00:00 PM,70,42,28
08/03/2014 09:00:00 PM,52,22,30
08/03/2014 10:00:00 PM,42,22,20
08/03/2014 11:00:00 PM,17,6,11
08/04/2014 12:00:00 AM,17,7,10
08/04/2014 01:00:00 AM,9,4,5
08/04/2014 02:00:00 AM,4,1,3
08/04/2014 03:00:00 AM,6,3,3
08/04/2014 04:00:00 AM,10,7,3
08/04/2014 05:00:00 AM,52,28,24
08/04/2014 06:00:00 AM,165,111,54
08/04/2014 07:00:00 AM,439,315,124
08/04/2014 08:00:00 AM,606,421,185
08/04/2014 09:00:00 AM,326,204,122
08/04/2014 10:00:00 AM,139,79,60
08/04/2014 11:00:00 AM,88,47,41
08/04/2014 12:00:00 PM,96,54,42
08/04/2014 01:00:00 PM,107,61,46
08/04/2014 02:00:00 PM,146,90,56
08/04/2014 03:00:00 PM,178,80,98
08/04/2014 04:00:00 PM,357,131,226
08/04/2014 05:00:00 PM,748,209,539
08/04/2014 06:00:00 PM,531,181,350
08/04/2014 07:00:00 PM,303,121,182
08/04/2014 08:00:00 PM,156,59,97
08/04/2014 09:00:00 PM,99,49,50
08/04/2014 10:00:00 PM,67,26,41
08/04/2014 11:00:00 PM,41,11,30
08/05/2014 12:00:00 AM,24,8,16
08/05/2014 01:00:00 AM,7,4,3
08/05/2014 02:00:00 AM,3,2,1
08/05/2014 03:00:00 AM,6,2,4
08/05/2014 04:00:00 AM,6,1,5
08/05/2014 05:00:00 AM,55,38,17
08/05/2014 06:00:00 AM,186,125,61
08/05/2014 07:00:00 AM,463,344,119
08/05/2014 08:00:00 AM,637,440,197
08/05/2014 09:00:00 AM,308,179,129
08/05/2014 10:00:00 AM,120,57,63
08/05/2014 11:00:00 AM,138,69,69
08/05/2014 12:00:00 PM,121,60,61
08/05/2014 01:00:00 PM,124,65,59
08/05/2014 02:00:00 PM,130,72,58
08/05/2014 03:00:00 PM,170,81,89
08/05/2014 04:00:00 PM,378,141,237
08/05/2014 05:00:00 PM,743,210,533
08/05/2014 06:00:00 PM,493,196,297
08/05/2014 07:00:00 PM,332,112,220
08/05/2014 08:00:00 PM,177,86,91
08/05/2014 09:00:00 PM,95,50,45
08/05/2014 10:00:00 PM,57,27,30
08/05/2014 11:00:00 PM,46,23,23
08/06/2014 12:00:00 AM,33,15,18
08/06/2014 01:00:00 AM,11,4,7
08/06/2014 02:00:00 AM,3,0,3
08/06/2014 03:00:00 AM,5,2,3
08/06/2014 04:00:00 AM,14,7,7
08/06/2014 05:00:00 AM,41,24,17
08/06/2014 06:00:00 AM,177,116,61
08/06/2014 07:00:00 AM,418,302,116
08/06/2014 08:00:00 AM,579,392,187
08/06/2014 09:00:00 AM,320,204,116
08/06/2014 10:00:00 AM,131,79,52
08/06/2014 11:00:00 AM,125,64,61
08/06/2014 12:00:00 PM,127,77,50
08/06/2014 01:00:00 PM,134,57,77
08/06/2014 02:00:00 PM,140,62,78
08/06/2014 03:00:00 PM,188,85,103
08/06/2014 04:00:00 PM,382,159,223
08/06/2014 05:00:00 PM,727,228,499
08/06/2014 06:00:00 PM,545,184,361
08/06/2014 07:00:00 PM,295,132,163
08/06/2014 08:00:00 PM,160,64,96
08/06/2014 09:00:00 PM,117,63,54
08/06/2014 10:00:00 PM,67,29,38
08/06/2014 11:00:00 PM,39,18,21
08/07/2014 12:00:00 AM,21,11,10
08/07/2014 01:00:00 AM,4,3,1
08/07/2014 02:00:00 AM,5,2,3
08/07/2014 03:00:00 AM,6,2,4
08/07/2014 04:00:00 AM,11,5,6
08/07/2014 05:00:00 AM,53,37,16
08/07/2014 06:00:00 AM,156,101,55
08/07/2014 07:00:00 AM,415,305,110
08/07/2014 08:00:00 AM,593,410,183
08/07/2014 09:00:00 AM,323,199,124
08/07/2014 10:00:00 AM,132,76,56
08/07/2014 11:00:00 AM,74,30,44
08/07/2014 12:00:00 PM,108,47,61
08/07/2014 01:00:00 PM,97,41,56
08/07/2014 02:00:00 PM,118,53,65
08/07/2014 03:00:00 PM,194,93,101
08/07/2014 04:00:00 PM,337,124,213
08/07/2014 05:00:00 PM,697,225,472
08/07/2014 06:00:00 PM,539,219,320
08/07/2014 07:00:00 PM,275,108,167
08/07/2014 08:00:00 PM,183,88,95
08/07/2014 09:00:00 PM,100,37,63
08/07/2014 10:00:00 PM,63,31,32
08/07/2014 11:00:00 PM,49,14,35
08/08/2014 12:00:00 AM,25,9,16
08/08/2014 01:00:00 AM,11,5,6
08/08/2014 02:00:00 AM,4,3,1
08/08/2014 03:00:00 AM,6,0,6
08/08/2014 04:00:00 AM,8,3,5
08/08/2014 05:00:00 AM,43,27,16
08/08/2014 06:00:00 AM,137,85,52
08/08/2014 07:00:00 AM,295,193,102
08/08/2014 08:00:00 AM,400,255,145
08/08/2014 09:00:00 AM,259,154,105
08/08/2014 10:00:00 AM,107,44,63
08/08/2014 11:00:00 AM,106,43,63
08/08/2014 12:00:00 PM,133,69,64
08/08/2014 01:00:00 PM,159,84,75
08/08/2014 02:00:00 PM,156,61,95
08/08/2014 03:00:00 PM,201,100,101
08/08/2014 04:00:00 PM,358,148,210
08/08/2014 05:00:00 PM,586,189,397
08/08/2014 06:00:00 PM,406,174,232
08/08/2014 07:00:00 PM,209,100,109
08/08/2014 08:00:00 PM,133,67,66
08/08/2014 09:00:00 PM,93,48,45
08/08/2014 10:00:00 PM,67,21,46
08/08/2014 11:00:00 PM,54,19,35
08/09/2014 12:00:00 AM,25,6,19
08/09/2014 01:00:00 AM,18,10,8
08/09/2014 02:00:00 AM,10,2,8
08/09/2014 03:00:00 AM,6,5,1
08/09/2014 04:00:00 AM,4,0,4
08/09/2014 05:00:00 AM,11,5,6
08/09/2014 06:00:00 AM,29,15,14
08/09/2014 07:00:00 AM,57,29,28
08/09/2014 08:00:00 AM,123,71,52
08/09/2014 09:00:00 AM,174,114,60
08/09/2014 10:00:00 AM,166,97,69
08/09/2014 11:00:00 AM,180,101,79
08/09/2014 12:00:00 PM,195,97,98
08/09/2014 01:00:00 PM,214,111,103
08/09/2014 02:00:00 PM,210,102,108
08/09/2014 03:00:00 PM,199,114,85
08/09/2014 04:00:00 PM,185,93,92
08/09/2014 05:00:00 PM,139,80,59
08/09/2014 06:00:00 PM,155,83,72
08/09/2014 07:00:00 PM,117,46,71
08/09/2014 08:00:00 PM,86,43,43
08/09/2014 09:00:00 PM,54,33,21
08/09/2014 10:00:00 PM,43,18,25
08/09/2014 11:00:00 PM,29,14,15
08/10/2014 12:00:00 AM,25,7,18
08/10/2014 01:00:00 AM,18,10,8
08/10/2014 02:00:00 AM,6,1,5
08/10/2014 03:00:00 AM,6,5,1
08/10/2014 04:00:00 AM,5,2,3
08/10/2014 05:00:00 AM,6,2,4
08/10/2014 06:00:00 AM,31,16,15
08/10/2014 07:00:00 AM,67,40,27
08/10/2014 08:00:00 AM,109,50,59
08/10/2014 09:00:00 AM,139,64,75
08/10/2014 10:00:00 AM,174,102,72
08/10/2014 11:00:00 AM,175,103,72
08/10/2014 12:00:00 PM,184,100,84
08/10/2014 01:00:00 PM,232,134,98
08/10/2014 02:00:00 PM,215,123,92
08/10/2014 03:00:00 PM,208,107,101
08/10/2014 04:00:00 PM,194,99,95
08/10/2014 05:00:00 PM,154,76,78
08/10/2014 06:00:00 PM,149,90,59
08/10/2014 07:00:00 PM,152,67,85
08/10/2014 08:00:00 PM,135,93,42
08/10/2014 09:00:00 PM,81,47,34
08/10/2014 10:00:00 PM,55,25,30
08/10/2014 11:00:00 PM,30,17,13
08/11/2014 12:00:00 AM,14,5,9
08/11/2014 01:00:00 AM,16,8,8
08/11/2014 02:00:00 AM,1,1,0
08/11/2014 03:00:00 AM,6,2,4
08/11/2014 04:00:00 AM,9,5,4
08/11/2014 05:00:00 AM,52,33,19
08/11/2014 06:00:00 AM,160,107,53
08/11/2014 07:00:00 AM,415,312,103
08/11/2014 08:00:00 AM,602,414,188
08/11/2014 09:00:00 AM,276,179,97
08/11/2014 10:00:00 AM,139,80,59
08/11/2014 11:00:00 AM,104,59,45
08/11/2014 12:00:00 PM,103,50,53
08/11/2014 01:00:00 PM,106,49,57
08/11/2014 02:00:00 PM,127,66,61
08/11/2014 03:00:00 PM,165,57,108
08/11/2014 04:00:00 PM,312,99,213
08/11/2014 05:00:00 PM,621,158,463
08/11/2014 06:00:00 PM,510,190,320
08/11/2014 07:00:00 PM,233,100,133
08/11/2014 08:00:00 PM,200,73,127
08/11/2014 09:00:00 PM,68,32,36
08/11/2014 10:00:00 PM,51,14,37
08/11/2014 11:00:00 PM,35,17,18
08/12/2014 12:00:00 AM,13,5,8
08/12/2014 01:00:00 AM,4,2,2
08/12/2014 02:00:00 AM,7,5,2
08/12/2014 03:00:00 AM,4,1,3
08/12/2014 04:00:00 AM,10,6,4
08/12/2014 05:00:00 AM,39,30,9
08/12/2014 06:00:00 AM,154,105,49
08/12/2014 07:00:00 AM,414,316,98
08/12/2014 08:00:00 AM,480,327,153
08/12/2014 09:00:00 AM,257,150,107
08/12/2014 10:00:00 AM,92,51,41
08/12/2014 11:00:00 AM,80,46,34
08/12/2014 12:00:00 PM,63,33,30
08/12/2014 01:00:00 PM,89,48,41
08/12/2014 02:00:00 PM,95,46,49
08/12/2014 03:00:00 PM,134,64,70
08/12/2014 04:00:00 PM,322,111,211
08/12/2014 05:00:00 PM,580,186,394
08/12/2014 06:00:00 PM,460,159,301
08/12/2014 07:00:00 PM,229,97,132
08/12/2014 08:00:00 PM,116,47,69
08/12/2014 09:00:00 PM,57,25,32
08/12/2014 10:00:00 PM,40,15,25
08/12/2014 11:00:00 PM,28,14,14
08/13/2014 12:00:00 AM,14,6,8
08/13/2014 01:00:00 AM,5,2,3
08/13/2014 02:00:00 AM,1,0,1
08/13/2014 03:00:00 AM,8,5,3
08/13/2014 04:00:00 AM,1,0,1
08/13/2014 05:00:00 AM,26,21,5
08/13/2014 06:00:00 AM,103,65,38
08/13/2014 07:00:00 AM,277,192,85
08/13/2014 08:00:00 AM,434,299,135
08/13/2014 09:00:00 AM,225,135,90
08/13/2014 10:00:00 AM,99,52,47
08/13/2014 11:00:00 AM,75,48,27
08/13/2014 12:00:00 PM,71,41,30
08/13/2014 01:00:00 PM,82,49,33
08/13/2014 02:00:00 PM,85,39,46
08/13/2014 03:00:00 PM,133,60,73
08/13/2014 04:00:00 PM,258,103,155
08/13/2014 05:00:00 PM,499,147,352
08/13/2014 06:00:00 PM,430,153,277
08/13/2014 07:00:00 PM,190,76,114
08/13/2014 08:00:00 PM,129,52,77
08/13/2014 09:00:00 PM,69,33,36
08/13/2014 10:00:00 PM,56,30,26
08/13/2014 11:00:00 PM,16,5,11
08/14/2014 12:00:00 AM,15,7,8
08/14/2014 01:00:00 AM,9,3,6
08/14/2014 02:00:00 AM,6,3,3
08/14/2014 03:00:00 AM,4,1,3
08/14/2014 04:00:00 AM,8,6,2
08/14/2014 05:00:00 AM,36,23,13
08/14/2014 06:00:00 AM,158,105,53
08/14/2014 07:00:00 AM,381,273,108
08/14/2014 08:00:00 AM,516,359,157
08/14/2014 09:00:00 AM,310,196,114
08/14/2014 10:00:00 AM,127,67,60
08/14/2014 11:00:00 AM,82,45,37
08/14/2014 12:00:00 PM,120,56,64
08/14/2014 01:00:00 PM,113,56,57
08/14/2014 02:00:00 PM,114,54,60
08/14/2014 03:00:00 PM,149,65,84
08/14/2014 04:00:00 PM,251,99,152
08/14/2014 05:00:00 PM,597,177,420
08/14/2014 06:00:00 PM,479,176,303
08/14/2014 07:00:00 PM,229,89,140
08/14/2014 08:00:00 PM,146,64,82
08/14/2014 09:00:00 PM,84,36,48
08/14/2014 10:00:00 PM,64,33,31
08/14/2014 11:00:00 PM,31,16,15
08/15/2014 12:00:00 AM,16,4,12
08/15/2014 01:00:00 AM,11,4,7
08/15/2014 02:00:00 AM,6,2,4
08/15/2014 03:00:00 AM,3,0,3
08/15/2014 04:00:00 AM,13,5,8
08/15/2014 05:00:00 AM,52,31,21
08/15/2014 06:00:00 AM,141,87,54
08/15/2014 07:00:00 AM,290,202,88
08/15/2014 08:00:00 AM,372,254,118
08/15/2014 09:00:00 AM,183,105,78
08/15/2014 10:00:00 AM,89,53,36
08/15/2014 11:00:00 AM,70,45,25
08/15/2014 12:00:00 PM,87,40,47
08/15/2014 01:00:00 PM,93,41,52
08/15/2014 02:00:00 PM,102,50,52
08/15/2014 03:00:00 PM,166,71,95
08/15/2014 04:00:00 PM,276,93,183
08/15/2014 05:00:00 PM,480,154,326
08/15/2014 06:00:00 PM,318,109,209
08/15/2014 07:00:00 PM,138,58,80
08/15/2014 08:00:00 PM,86,30,56
08/15/2014 09:00:00 PM,49,17,32
08/15/2014 10:00:00 PM,43,23,20
08/15/2014 11:00:00 PM,38,12,26
08/16/2014 12:00:00 AM,20,10,10
08/16/2014 01:00:00 AM,10,3,7
08/16/2014 02:00:00 AM,14,8,6
08/16/2014 03:00:00 AM,11,9,2
08/16/2014 04:00:00 AM,5,1,4
08/16/2014 05:00:00 AM,13,6,7
08/16/2014 06:00:00 AM,41,14,27
08/16/2014 07:00:00 AM,61,30,31
08/16/2014 08:00:00 AM,96,45,51
08/16/2014 09:00:00 AM,148,82,66
08/16/2014 10:00:00 AM,150,90,60
08/16/2014 11:00:00 AM,190,94,96
08/16/2014 12:00:00 PM,172,100,72
08/16/2014 01:00:00 PM,197,113,84
08/16/2014 02:00:00 PM,210,112,98
08/16/2014 03:00:00 PM,221,123,98
08/16/2014 04:00:00 PM,206,113,93
08/16/2014 05:00:00 PM,172,77,95
08/16/2014 06:00:00 PM,154,58,96
08/16/2014 07:00:00 PM,118,52,66
08/16/2014 08:00:00 PM,82,39,43
08/16/2014 09:00:00 PM,36,12,24
08/16/2014 10:00:00 PM,39,18,21
08/16/2014 11:00:00 PM,18,9,9
08/17/2014 12:00:00 AM,27,8,19
08/17/2014 01:00:00 AM,12,3,9
08/17/2014 02:00:00 AM,8,1,7
08/17/2014 03:00:00 AM,4,3,1
08/17/2014 04:00:00 AM,7,1,6
08/17/2014 05:00:00 AM,7,4,3
08/17/2014 06:00:00 AM,18,12,6
08/17/2014 07:00:00 AM,46,20,26
08/17/2014 08:00:00 AM,77,37,40
08/17/2014 09:00:00 AM,113,49,64
08/17/2014 10:00:00 AM,126,74,52
08/17/2014 11:00:00 AM,196,111,85
08/17/2014 12:00:00 PM,229,123,106
08/17/2014 01:00:00 PM,216,129,87
08/17/2014 02:00:00 PM,254,131,123
08/17/2014 03:00:00 PM,236,143,93
08/17/2014 04:00:00 PM,217,97,120
08/17/2014 05:00:00 PM,207,116,91
08/17/2014 06:00:00 PM,139,82,57
08/17/2014 07:00:00 PM,99,42,57
08/17/2014 08:00:00 PM,107,61,46
08/17/2014 09:00:00 PM,49,20,29
08/17/2014 10:00:00 PM,26,12,14
08/17/2014 11:00:00 PM,26,14,12
08/18/2014 12:00:00 AM,12,3,9
08/18/2014 01:00:00 AM,5,4,1
08/18/2014 02:00:00 AM,4,0,4
08/18/2014 03:00:00 AM,5,2,3
08/18/2014 04:00:00 AM,9,7,2
08/18/2014 05:00:00 AM,40,25,15
08/18/2014 06:00:00 AM,170,113,57
08/18/2014 07:00:00 AM,461,331,130
08/18/2014 08:00:00 AM,587,407,180
08/18/2014 09:00:00 AM,449,201,248
08/18/2014 10:00:00 AM,128,75,53
08/18/2014 11:00:00 AM,105,46,59
08/18/2014 12:00:00 PM,100,63,37
08/18/2014 01:00:00 PM,136,60,76
08/18/2014 02:00:00 PM,147,68,79
08/18/2014 03:00:00 PM,172,80,92
08/18/2014 04:00:00 PM,306,115,191
08/18/2014 05:00:00 PM,716,201,515
08/18/2014 06:00:00 PM,536,193,343
08/18/2014 07:00:00 PM,257,97,160
08/18/2014 08:00:00 PM,150,64,86
08/18/2014 09:00:00 PM,71,32,39
08/18/2014 10:00:00 PM,46,18,28
08/18/2014 11:00:00 PM,24,9,15
08/19/2014 12:00:00 AM,26,13,13
08/19/2014 01:00:00 AM,7,4,3
08/19/2014 02:00:00 AM,4,2,2
08/19/2014 03:00:00 AM,7,4,3
08/19/2014 04:00:00 AM,8,5,3
08/19/2014 05:00:00 AM,44,32,12
08/19/2014 06:00:00 AM,247,185,62
08/19/2014 07:00:00 AM,472,341,131
08/19/2014 08:00:00 AM,612,412,200
08/19/2014 09:00:00 AM,343,200,143
08/19/2014 10:00:00 AM,150,80,70
08/19/2014 11:00:00 AM,143,82,61
08/19/2014 12:00:00 PM,128,60,68
08/19/2014 01:00:00 PM,124,62,62
08/19/2014 02:00:00 PM,122,50,72
08/19/2014 03:00:00 PM,194,87,107
08/19/2014 04:00:00 PM,357,132,225
08/19/2014 05:00:00 PM,749,229,520
08/19/2014 06:00:00 PM,565,200,365
08/19/2014 07:00:00 PM,294,122,172
08/19/2014 08:00:00 PM,150,52,98
08/19/2014 09:00:00 PM,102,47,55
08/19/2014 10:00:00 PM,51,23,28
08/19/2014 11:00:00 PM,35,11,24
08/20/2014 12:00:00 AM,17,11,6
08/20/2014 01:00:00 AM,11,3,8
08/20/2014 02:00:00 AM,6,4,2
08/20/2014 03:00:00 AM,5,2,3
08/20/2014 04:00:00 AM,10,6,4
08/20/2014 05:00:00 AM,39,27,12
08/20/2014 06:00:00 AM,170,111,59
08/20/2014 07:00:00 AM,463,329,134
08/20/2014 08:00:00 AM,512,350,162
08/20/2014 09:00:00 AM,311,177,134
08/20/2014 10:00:00 AM,115,60,55
08/20/2014 11:00:00 AM,102,63,39
08/20/2014 12:00:00 PM,94,44,50
08/20/2014 01:00:00 PM,90,42,48
08/20/2014 02:00:00 PM,118,57,61
08/20/2014 03:00:00 PM,182,80,102
08/20/2014 04:00:00 PM,354,134,220
08/20/2014 05:00:00 PM,646,190,456
08/20/2014 06:00:00 PM,320,120,200
08/20/2014 07:00:00 PM,241,106,135
08/20/2014 08:00:00 PM,164,63,101
08/20/2014 09:00:00 PM,125,48,77
08/20/2014 10:00:00 PM,66,22,44
08/20/2014 11:00:00 PM,28,12,16
08/21/2014 12:00:00 AM,10,5,5
08/21/2014 01:00:00 AM,2,2,0
08/21/2014 02:00:00 AM,8,6,2
08/21/2014 03:00:00 AM,5,3,2
08/21/2014 04:00:00 AM,12,8,4
08/21/2014 05:00:00 AM,30,18,12
08/21/2014 06:00:00 AM,152,102,50
08/21/2014 07:00:00 AM,418,303,115
08/21/2014 08:00:00 AM,529,359,170
08/21/2014 09:00:00 AM,293,177,116
08/21/2014 10:00:00 AM,137,77,60
08/21/2014 11:00:00 AM,97,52,45
08/21/2014 12:00:00 PM,81,49,32
08/21/2014 01:00:00 PM,111,49,62
08/21/2014 02:00:00 PM,135,61,74
08/21/2014 03:00:00 PM,182,74,108
08/21/2014 04:00:00 PM,310,119,191
08/21/2014 05:00:00 PM,617,197,420
08/21/2014 06:00:00 PM,560,223,337
08/21/2014 07:00:00 PM,286,131,155
08/21/2014 08:00:00 PM,184,85,99
08/21/2014 09:00:00 PM,78,32,46
08/21/2014 10:00:00 PM,55,28,27
08/21/2014 11:00:00 PM,32,16,16
08/22/2014 12:00:00 AM,15,7,8
08/22/2014 01:00:00 AM,7,4,3
08/22/2014 02:00:00 AM,13,2,11
08/22/2014 03:00:00 AM,3,0,3
08/22/2014 04:00:00 AM,10,8,2
08/22/2014 05:00:00 AM,33,18,15
08/22/2014 06:00:00 AM,132,91,41
08/22/2014 07:00:00 AM,355,256,99
08/22/2014 08:00:00 AM,463,308,155
08/22/2014 09:00:00 AM,301,168,133
08/22/2014 10:00:00 AM,129,71,58
08/22/2014 11:00:00 AM,101,50,51
08/22/2014 12:00:00 PM,133,70,63
08/22/2014 01:00:00 PM,144,67,77
08/22/2014 02:00:00 PM,138,67,71
08/22/2014 03:00:00 PM,185,93,92
08/22/2014 04:00:00 PM,337,117,220
08/22/2014 05:00:00 PM,534,171,363
08/22/2014 06:00:00 PM,380,140,240
08/22/2014 07:00:00 PM,164,70,94
08/22/2014 08:00:00 PM,105,32,73
08/22/2014 09:00:00 PM,57,23,34
08/22/2014 10:00:00 PM,64,27,37
08/22/2014 11:00:00 PM,32,13,19
08/23/2014 12:00:00 AM,31,9,22
08/23/2014 01:00:00 AM,21,8,13
08/23/2014 02:00:00 AM,13,9,4
08/23/2014 03:00:00 AM,3,1,2
08/23/2014 04:00:00 AM,4,2,2
08/23/2014 05:00:00 AM,15,8,7
08/23/2014 06:00:00 AM,26,13,13
08/23/2014 07:00:00 AM,61,36,25
08/23/2014 08:00:00 AM,107,63,44
08/23/2014 09:00:00 AM,132,79,53
08/23/2014 10:00:00 AM,239,178,61
08/23/2014 11:00:00 AM,143,77,66
08/23/2014 12:00:00 PM,201,123,78
08/23/2014 01:00:00 PM,197,86,111
08/23/2014 02:00:00 PM,185,84,101
08/23/2014 03:00:00 PM,202,94,108
08/23/2014 04:00:00 PM,220,109,111
08/23/2014 05:00:00 PM,166,103,63
08/23/2014 06:00:00 PM,173,83,90
08/23/2014 07:00:00 PM,107,57,50
08/23/2014 08:00:00 PM,76,36,40
08/23/2014 09:00:00 PM,56,20,36
08/23/2014 10:00:00 PM,20,10,10
08/23/2014 11:00:00 PM,32,15,17
08/24/2014 12:00:00 AM,18,4,14
08/24/2014 01:00:00 AM,20,10,10
08/24/2014 02:00:00 AM,10,8,2
08/24/2014 03:00:00 AM,8,6,2
08/24/2014 04:00:00 AM,5,4,1
08/24/2014 05:00:00 AM,14,10,4
08/24/2014 06:00:00 AM,21,9,12
08/24/2014 07:00:00 AM,42,24,18
08/24/2014 08:00:00 AM,84,47,37
08/24/2014 09:00:00 AM,109,61,48
08/24/2014 10:00:00 AM,190,104,86
08/24/2014 11:00:00 AM,188,110,78
08/24/2014 12:00:00 PM,192,92,100
08/24/2014 01:00:00 PM,211,115,96
08/24/2014 02:00:00 PM,197,105,92
08/24/2014 03:00:00 PM,196,103,93
08/24/2014 04:00:00 PM,252,129,123
08/24/2014 05:00:00 PM,176,88,88
08/24/2014 06:00:00 PM,177,89,88
08/24/2014 07:00:00 PM,128,71,57
08/24/2014 08:00:00 PM,77,38,39
08/24/2014 09:00:00 PM,53,34,19
08/24/2014 10:00:00 PM,37,14,23
08/24/2014 11:00:00 PM,14,6,8
08/25/2014 12:00:00 AM,9,3,6
08/25/2014 01:00:00 AM,7,2,5
08/25/2014 02:00:00 AM,6,1,5
08/25/2014 03:00:00 AM,4,2,2
08/25/2014 04:00:00 AM,7,5,2
08/25/2014 05:00:00 AM,56,35,21
08/25/2014 06:00:00 AM,187,124,63
08/25/2014 07:00:00 AM,490,377,113
08/25/2014 08:00:00 AM,686,519,167
08/25/2014 09:00:00 AM,366,229,137
08/25/2014 10:00:00 AM,121,63,58
08/25/2014 11:00:00 AM,114,73,41
08/25/2014 12:00:00 PM,99,55,44
08/25/2014 01:00:00 PM,131,61,70
08/25/2014 02:00:00 PM,127,54,73
08/25/2014 03:00:00 PM,179,78,101
08/25/2014 04:00:00 PM,356,130,226
08/25/2014 05:00:00 PM,769,192,577
08/25/2014 06:00:00 PM,637,214,423
08/25/2014 07:00:00 PM,324,129,195
08/25/2014 08:00:00 PM,146,60,86
08/25/2014 09:00:00 PM,73,34,39
08/25/2014 10:00:00 PM,58,25,33
08/25/2014 11:00:00 PM,31,14,17
08/26/2014 12:00:00 AM,18,4,14
08/26/2014 01:00:00 AM,6,2,4
08/26/2014 02:00:00 AM,10,5,5
08/26/2014 03:00:00 AM,3,2,1
08/26/2014 04:00:00 AM,13,8,5
08/26/2014 05:00:00 AM,46,33,13
08/26/2014 06:00:00 AM,210,152,58
08/26/2014 07:00:00 AM,595,471,124
08/26/2014 08:00:00 AM,758,532,226
08/26/2014 09:00:00 AM,363,230,133
08/26/2014 10:00:00 AM,163,82,81
08/26/2014 11:00:00 AM,108,59,49
08/26/2014 12:00:00 PM,143,71,72
08/26/2014 01:00:00 PM,126,54,72
08/26/2014 02:00:00 PM,111,56,55
08/26/2014 03:00:00 PM,194,78,116
08/26/2014 04:00:00 PM,408,135,273
08/26/2014 05:00:00 PM,877,238,639
08/26/2014 06:00:00 PM,629,202,427
08/26/2014 07:00:00 PM,369,127,242
08/26/2014 08:00:00 PM,193,92,101
08/26/2014 09:00:00 PM,95,41,54
08/26/2014 10:00:00 PM,72,39,33
08/26/2014 11:00:00 PM,41,14,27
08/27/2014 12:00:00 AM,22,8,14
08/27/2014 01:00:00 AM,9,6,3
08/27/2014 02:00:00 AM,5,2,3
08/27/2014 03:00:00 AM,8,3,5
08/27/2014 04:00:00 AM,16,14,2
08/27/2014 05:00:00 AM,40,25,15
08/27/2014 06:00:00 AM,178,125,53
08/27/2014 07:00:00 AM,511,384,127
08/27/2014 08:00:00 AM,677,477,200
08/27/2014 09:00:00 AM,326,198,128
08/27/2014 10:00:00 AM,118,63,55
08/27/2014 11:00:00 AM,147,79,68
08/27/2014 12:00:00 PM,110,53,57
08/27/2014 01:00:00 PM,93,47,46
08/27/2014 02:00:00 PM,148,57,91
08/27/2014 03:00:00 PM,173,75,98
08/27/2014 04:00:00 PM,394,150,244
08/27/2014 05:00:00 PM,743,212,531
08/27/2014 06:00:00 PM,610,229,381
08/27/2014 07:00:00 PM,326,124,202
08/27/2014 08:00:00 PM,183,69,114
08/27/2014 09:00:00 PM,105,57,48
08/27/2014 10:00:00 PM,62,26,36
08/27/2014 11:00:00 PM,42,18,24
08/28/2014 12:00:00 AM,20,10,10
08/28/2014 01:00:00 AM,10,7,3
08/28/2014 02:00:00 AM,3,1,2
08/28/2014 03:00:00 AM,7,4,3
08/28/2014 04:00:00 AM,13,8,5
08/28/2014 05:00:00 AM,40,29,11
08/28/2014 06:00:00 AM,172,109,63
08/28/2014 07:00:00 AM,426,314,112
08/28/2014 08:00:00 AM,561,403,158
08/28/2014 09:00:00 AM,339,211,128
08/28/2014 10:00:00 AM,112,60,52
08/28/2014 11:00:00 AM,122,62,60
08/28/2014 12:00:00 PM,110,55,55
08/28/2014 01:00:00 PM,97,49,48
08/28/2014 02:00:00 PM,113,55,58
08/28/2014 03:00:00 PM,158,83,75
08/28/2014 04:00:00 PM,346,125,221
08/28/2014 05:00:00 PM,661,208,453
08/28/2014 06:00:00 PM,509,184,325
08/28/2014 07:00:00 PM,252,86,166
08/28/2014 08:00:00 PM,153,62,91
08/28/2014 09:00:00 PM,98,38,60
08/28/2014 10:00:00 PM,49,23,26
08/28/2014 11:00:00 PM,38,22,16
08/29/2014 12:00:00 AM,12,4,8
08/29/2014 01:00:00 AM,7,2,5
08/29/2014 02:00:00 AM,4,3,1
08/29/2014 03:00:00 AM,5,1,4
08/29/2014 04:00:00 AM,12,6,6
08/29/2014 05:00:00 AM,30,15,15
08/29/2014 06:00:00 AM,105,70,35
08/29/2014 07:00:00 AM,288,203,85
08/29/2014 08:00:00 AM,414,285,129
08/29/2014 09:00:00 AM,239,146,93
08/29/2014 10:00:00 AM,119,73,46
08/29/2014 11:00:00 AM,93,39,54
08/29/2014 12:00:00 PM,83,48,35
08/29/2014 01:00:00 PM,107,49,58
08/29/2014 02:00:00 PM,114,55,59
08/29/2014 03:00:00 PM,156,62,94
08/29/2014 04:00:00 PM,305,103,202
08/29/2014 05:00:00 PM,414,130,284
08/29/2014 06:00:00 PM,316,102,214
08/29/2014 07:00:00 PM,154,72,82
08/29/2014 08:00:00 PM,94,36,58
08/29/2014 09:00:00 PM,46,22,24
08/29/2014 10:00:00 PM,38,11,27
08/29/2014 11:00:00 PM,33,9,24
08/30/2014 12:00:00 AM,16,9,7
08/30/2014 01:00:00 AM,11,4,7
08/30/2014 02:00:00 AM,5,4,1
08/30/2014 03:00:00 AM,6,4,2
08/30/2014 04:00:00 AM,2,1,1
08/30/2014 05:00:00 AM,6,2,4
08/30/2014 06:00:00 AM,20,12,8
08/30/2014 07:00:00 AM,35,20,15
08/30/2014 08:00:00 AM,46,26,20
08/30/2014 09:00:00 AM,54,33,21
08/30/2014 10:00:00 AM,33,16,17
08/30/2014 11:00:00 AM,39,19,20
08/30/2014 12:00:00 PM,58,38,20
08/30/2014 01:00:00 PM,53,28,25
08/30/2014 02:00:00 PM,54,33,21
08/30/2014 03:00:00 PM,52,26,26
08/30/2014 04:00:00 PM,77,40,37
08/30/2014 05:00:00 PM,73,42,31
08/30/2014 06:00:00 PM,63,24,39
08/30/2014 07:00:00 PM,44,27,17
08/30/2014 08:00:00 PM,28,11,17
08/30/2014 09:00:00 PM,32,17,15
08/30/2014 10:00:00 PM,31,15,16
08/30/2014 11:00:00 PM,21,5,16
08/31/2014 12:00:00 AM,6,2,4
08/31/2014 01:00:00 AM,5,2,3
08/31/2014 02:00:00 AM,3,0,3
08/31/2014 03:00:00 AM,2,2,0
08/31/2014 04:00:00 AM,7,4,3
08/31/2014 05:00:00 AM,10,6,4
08/31/2014 06:00:00 AM,10,7,3
08/31/2014 07:00:00 AM,23,8,15
08/31/2014 08:00:00 AM,44,28,16
08/31/2014 09:00:00 AM,80,45,35
08/31/2014 10:00:00 AM,95,56,39
08/31/2014 11:00:00 AM,117,66,51
08/31/2014 12:00:00 PM,179,99,80
08/31/2014 01:00:00 PM,155,81,74
08/31/2014 02:00:00 PM,167,99,68
08/31/2014 03:00:00 PM,202,104,98
08/31/2014 04:00:00 PM,161,93,68
08/31/2014 05:00:00 PM,150,79,71
08/31/2014 06:00:00 PM,117,53,64
08/31/2014 07:00:00 PM,104,47,57
08/31/2014 08:00:00 PM,55,32,23
08/31/2014 09:00:00 PM,43,13,30
08/31/2014 10:00:00 PM,44,14,30
08/31/2014 11:00:00 PM,41,11,30
09/01/2014 12:00:00 AM,26,4,22
09/01/2014 01:00:00 AM,4,2,2
09/01/2014 02:00:00 AM,9,5,4
09/01/2014 03:00:00 AM,2,1,1
09/01/2014 04:00:00 AM,5,2,3
09/01/2014 05:00:00 AM,8,4,4
09/01/2014 06:00:00 AM,14,7,7
09/01/2014 07:00:00 AM,36,22,14
09/01/2014 08:00:00 AM,66,35,31
09/01/2014 09:00:00 AM,114,60,54
09/01/2014 10:00:00 AM,85,53,32
09/01/2014 11:00:00 AM,160,89,71
09/01/2014 12:00:00 PM,197,115,82
09/01/2014 01:00:00 PM,251,139,112
09/01/2014 02:00:00 PM,229,131,98
09/01/2014 03:00:00 PM,259,142,117
09/01/2014 04:00:00 PM,242,133,109
09/01/2014 05:00:00 PM,223,116,107
09/01/2014 06:00:00 PM,133,66,67
09/01/2014 07:00:00 PM,101,55,46
09/01/2014 08:00:00 PM,75,33,42
09/01/2014 09:00:00 PM,49,22,27
09/01/2014 10:00:00 PM,39,13,26
09/01/2014 11:00:00 PM,29,7,22
09/02/2014 12:00:00 AM,18,7,11
09/02/2014 01:00:00 AM,7,1,6
09/02/2014 02:00:00 AM,2,2,0
09/02/2014 03:00:00 AM,4,4,0
09/02/2014 04:00:00 AM,12,6,6
09/02/2014 05:00:00 AM,41,28,13
09/02/2014 06:00:00 AM,133,91,42
09/02/2014 07:00:00 AM,366,282,84
09/02/2014 08:00:00 AM,512,376,136
09/02/2014 09:00:00 AM,258,162,96
09/02/2014 10:00:00 AM,113,65,48
09/02/2014 11:00:00 AM,87,46,41
09/02/2014 12:00:00 PM,82,47,35
09/02/2014 01:00:00 PM,87,40,47
09/02/2014 02:00:00 PM,103,35,68
09/02/2014 03:00:00 PM,130,56,74
09/02/2014 04:00:00 PM,271,110,161
09/02/2014 05:00:00 PM,533,163,370
09/02/2014 06:00:00 PM,415,165,250
09/02/2014 07:00:00 PM,161,57,104
09/02/2014 08:00:00 PM,92,35,57
09/02/2014 09:00:00 PM,30,11,19
09/02/2014 10:00:00 PM,25,12,13
09/02/2014 11:00:00 PM,11,3,8
09/03/2014 12:00:00 AM,7,5,2
09/03/2014 01:00:00 AM,3,1,2
09/03/2014 02:00:00 AM,2,1,1
09/03/2014 03:00:00 AM,6,1,5
09/03/2014 04:00:00 AM,9,5,4
09/03/2014 05:00:00 AM,32,25,7
09/03/2014 06:00:00 AM,153,105,48
09/03/2014 07:00:00 AM,406,307,99
09/03/2014 08:00:00 AM,535,389,146
09/03/2014 09:00:00 AM,251,232,19
09/03/2014 10:00:00 AM,137,128,9
09/03/2014 11:00:00 AM,78,0,78
09/03/2014 12:00:00 PM,72,3,69
09/03/2014 01:00:00 PM,96,52,44
09/03/2014 02:00:00 PM,128,66,62
09/03/2014 03:00:00 PM,168,84,84
09/03/2014 04:00:00 PM,300,116,184
09/03/2014 05:00:00 PM,635,176,459
09/03/2014 06:00:00 PM,554,211,343
09/03/2014 07:00:00 PM,276,115,161
09/03/2014 08:00:00 PM,143,74,69
09/03/2014 09:00:00 PM,66,30,36
09/03/2014 10:00:00 PM,52,35,17
09/03/2014 11:00:00 PM,12,3,9
09/04/2014 12:00:00 AM,24,7,17
09/04/2014 01:00:00 AM,10,4,6
09/04/2014 02:00:00 AM,10,4,6
09/04/2014 03:00:00 AM,4,1,3
09/04/2014 04:00:00 AM,12,10,2
09/04/2014 05:00:00 AM,49,34,15
09/04/2014 06:00:00 AM,160,120,40
09/04/2014 07:00:00 AM,548,414,134
09/04/2014 08:00:00 AM,645,475,170
09/04/2014 09:00:00 AM,335,205,130
09/04/2014 10:00:00 AM,126,76,50
09/04/2014 11:00:00 AM,115,60,55
09/04/2014 12:00:00 PM,135,72,63
09/04/2014 01:00:00 PM,138,68,70
09/04/2014 02:00:00 PM,164,77,87
09/04/2014 03:00:00 PM,225,100,125
09/04/2014 04:00:00 PM,438,152,286
09/04/2014 05:00:00 PM,778,240,538
09/04/2014 06:00:00 PM,470,146,324
09/04/2014 07:00:00 PM,227,81,146
09/04/2014 08:00:00 PM,123,63,60
09/04/2014 09:00:00 PM,99,31,68
09/04/2014 10:00:00 PM,74,25,49
09/04/2014 11:00:00 PM,31,13,18
09/05/2014 12:00:00 AM,23,10,13
09/05/2014 01:00:00 AM,5,3,2
09/05/2014 02:00:00 AM,6,5,1
09/05/2014 03:00:00 AM,6,4,2
09/05/2014 04:00:00 AM,18,13,5
09/05/2014 05:00:00 AM,27,19,8
09/05/2014 06:00:00 AM,143,91,52
09/05/2014 07:00:00 AM,361,266,95
09/05/2014 08:00:00 AM,559,410,149
09/05/2014 09:00:00 AM,271,152,119
09/05/2014 10:00:00 AM,141,71,70
09/05/2014 11:00:00 AM,111,68,43
09/05/2014 12:00:00 PM,108,58,50
09/05/2014 01:00:00 PM,129,59,70
09/05/2014 02:00:00 PM,164,76,88
09/05/2014 03:00:00 PM,240,108,132
09/05/2014 04:00:00 PM,372,147,225
09/05/2014 05:00:00 PM,592,187,405
09/05/2014 06:00:00 PM,432,173,259
09/05/2014 07:00:00 PM,239,98,141
09/05/2014 08:00:00 PM,112,39,73
09/05/2014 09:00:00 PM,53,34,19
09/05/2014 10:00:00 PM,48,20,28
09/05/2014 11:00:00 PM,27,11,16
09/06/2014 12:00:00 AM,8,4,4
09/06/2014 01:00:00 AM,14,0,14
09/06/2014 02:00:00 AM,2,1,1
09/06/2014 03:00:00 AM,0,0,0
09/06/2014 04:00:00 AM,0,0,0
09/06/2014 05:00:00 AM,17,2,15
09/06/2014 06:00:00 AM,20,7,13
09/06/2014 07:00:00 AM,73,37,36
09/06/2014 08:00:00 AM,99,62,37
09/06/2014 09:00:00 AM,124,78,46
09/06/2014 10:00:00 AM,149,72,77
09/06/2014 11:00:00 AM,203,91,112
09/06/2014 12:00:00 PM,194,115,79
09/06/2014 01:00:00 PM,197,102,95
09/06/2014 02:00:00 PM,190,104,86
09/06/2014 03:00:00 PM,211,115,96
09/06/2014 04:00:00 PM,229,113,116
09/06/2014 05:00:00 PM,191,121,70
09/06/2014 06:00:00 PM,139,72,67
09/06/2014 07:00:00 PM,125,56,69
09/06/2014 08:00:00 PM,51,27,24
09/06/2014 09:00:00 PM,67,39,28
09/06/2014 10:00:00 PM,57,43,14
09/06/2014 11:00:00 PM,40,6,34
09/07/2014 12:00:00 AM,10,7,3
09/07/2014 01:00:00 AM,0,0,0
09/07/2014 02:00:00 AM,3,0,3
09/07/2014 03:00:00 AM,3,2,1
09/07/2014 04:00:00 AM,0,0,0
09/07/2014 05:00:00 AM,4,3,1
09/07/2014 06:00:00 AM,15,8,7
09/07/2014 07:00:00 AM,43,18,25
09/07/2014 08:00:00 AM,77,43,34
09/07/2014 09:00:00 AM,132,68,64
09/07/2014 10:00:00 AM,131,59,72
09/07/2014 11:00:00 AM,167,114,53
09/07/2014 12:00:00 PM,205,119,86
09/07/2014 01:00:00 PM,226,109,117
09/07/2014 02:00:00 PM,203,119,84
09/07/2014 03:00:00 PM,189,104,85
09/07/2014 04:00:00 PM,205,107,98
09/07/2014 05:00:00 PM,172,94,78
09/07/2014 06:00:00 PM,129,68,61
09/07/2014 07:00:00 PM,117,73,44
09/07/2014 08:00:00 PM,91,48,43
09/07/2014 09:00:00 PM,37,17,20
09/07/2014 10:00:00 PM,30,13,17
09/07/2014 11:00:00 PM,25,11,14
09/08/2014 12:00:00 AM,11,2,9
09/08/2014 01:00:00 AM,5,4,1
09/08/2014 02:00:00 AM,1,1,0
09/08/2014 03:00:00 AM,6,4,2
09/08/2014 04:00:00 AM,14,10,4
09/08/2014 05:00:00 AM,47,35,12
09/08/2014 06:00:00 AM,150,96,54
09/08/2014 07:00:00 AM,423,310,113
09/08/2014 08:00:00 AM,569,386,183
09/08/2014 09:00:00 AM,262,238,24
09/08/2014 10:00:00 AM,102,102,0
09/08/2014 11:00:00 AM,86,86,0
09/08/2014 12:00:00 PM,62,62,0
09/08/2014 01:00:00 PM,58,58,0
09/08/2014 02:00:00 PM,90,80,10
09/08/2014 03:00:00 PM,125,54,71
09/08/2014 04:00:00 PM,313,121,192
09/08/2014 05:00:00 PM,665,201,464
09/08/2014 06:00:00 PM,446,145,301
09/08/2014 07:00:00 PM,183,67,116
09/08/2014 08:00:00 PM,83,38,45
09/08/2014 09:00:00 PM,51,26,25
09/08/2014 10:00:00 PM,40,17,23
09/08/2014 11:00:00 PM,17,8,9
09/09/2014 12:00:00 AM,8,4,4
09/09/2014 01:00:00 AM,8,4,4
09/09/2014 02:00:00 AM,5,4,1
09/09/2014 03:00:00 AM,6,3,3
09/09/2014 04:00:00 AM,11,9,2
09/09/2014 05:00:00 AM,44,27,17
09/09/2014 06:00:00 AM,143,100,43
09/09/2014 07:00:00 AM,426,311,115
09/09/2014 08:00:00 AM,572,409,163
09/09/2014 09:00:00 AM,238,225,13
09/09/2014 10:00:00 AM,94,94,0
09/09/2014 11:00:00 AM,72,72,0
09/09/2014 12:00:00 PM,55,54,1
09/09/2014 01:00:00 PM,66,66,0
09/09/2014 02:00:00 PM,85,85,0
09/09/2014 03:00:00 PM,169,97,72
09/09/2014 04:00:00 PM,314,115,199
09/09/2014 05:00:00 PM,641,196,445
09/09/2014 06:00:00 PM,513,199,314
09/09/2014 07:00:00 PM,237,92,145
09/09/2014 08:00:00 PM,119,53,66
09/09/2014 09:00:00 PM,78,30,48
09/09/2014 10:00:00 PM,53,24,29
09/09/2014 11:00:00 PM,31,9,22
09/10/2014 12:00:00 AM,16,8,8
09/10/2014 01:00:00 AM,9,3,6
09/10/2014 02:00:00 AM,15,12,3
09/10/2014 03:00:00 AM,7,5,2
09/10/2014 04:00:00 AM,9,4,5
09/10/2014 05:00:00 AM,42,30,12
09/10/2014 06:00:00 AM,141,90,51
09/10/2014 07:00:00 AM,405,292,113
09/10/2014 08:00:00 AM,588,411,177
09/10/2014 09:00:00 AM,202,32,170
09/10/2014 10:00:00 AM,104,4,100
09/10/2014 11:00:00 AM,62,0,62
09/10/2014 12:00:00 PM,83,0,83
09/10/2014 01:00:00 PM,69,1,68
09/10/2014 02:00:00 PM,88,2,86
09/10/2014 03:00:00 PM,184,84,100
09/10/2014 04:00:00 PM,308,120,188
09/10/2014 05:00:00 PM,658,204,454
09/10/2014 06:00:00 PM,510,204,306
09/10/2014 07:00:00 PM,261,85,176
09/10/2014 08:00:00 PM,102,45,57
09/10/2014 09:00:00 PM,62,26,36
09/10/2014 10:00:00 PM,61,21,40
09/10/2014 11:00:00 PM,29,12,17
09/11/2014 12:00:00 AM,15,5,10
09/11/2014 01:00:00 AM,5,3,2
09/11/2014 02:00:00 AM,3,3,0
09/11/2014 03:00:00 AM,6,2,4
09/11/2014 04:00:00 AM,7,5,2
09/11/2014 05:00:00 AM,38,23,15
09/11/2014 06:00:00 AM,137,89,48
09/11/2014 07:00:00 AM,386,267,119
09/11/2014 08:00:00 AM,596,427,169
09/11/2014 09:00:00 AM,232,36,196
09/11/2014 10:00:00 AM,88,1,87
09/11/2014 11:00:00 AM,72,6,66
09/11/2014 12:00:00 PM,95,52,43
09/11/2014 01:00:00 PM,98,91,7
09/11/2014 02:00:00 PM,100,100,0
09/11/2014 03:00:00 PM,156,86,70
09/11/2014 04:00:00 PM,339,129,210
09/11/2014 05:00:00 PM,663,198,465
09/11/2014 06:00:00 PM,495,163,332
09/11/2014 07:00:00 PM,218,96,122
09/11/2014 08:00:00 PM,131,63,68
09/11/2014 09:00:00 PM,75,28,47
09/11/2014 10:00:00 PM,54,25,29
09/11/2014 11:00:00 PM,33,18,15
09/12/2014 12:00:00 AM,10,6,4
09/12/2014 01:00:00 AM,9,4,5
09/12/2014 02:00:00 AM,7,3,4
09/12/2014 03:00:00 AM,4,1,3
09/12/2014 04:00:00 AM,10,6,4
09/12/2014 05:00:00 AM,40,21,19
09/12/2014 06:00:00 AM,110,78,32
09/12/2014 07:00:00 AM,371,269,102
09/12/2014 08:00:00 AM,520,359,161
09/12/2014 09:00:00 AM,299,182,117
09/12/2014 10:00:00 AM,138,77,61
09/12/2014 11:00:00 AM,109,61,48
09/12/2014 12:00:00 PM,108,60,48
09/12/2014 01:00:00 PM,143,82,61
09/12/2014 02:00:00 PM,124,69,55
09/12/2014 03:00:00 PM,162,72,90
09/12/2014 04:00:00 PM,349,136,213
09/12/2014 05:00:00 PM,557,169,388
09/12/2014 06:00:00 PM,379,159,220
09/12/2014 07:00:00 PM,178,71,107
09/12/2014 08:00:00 PM,89,36,53
09/12/2014 09:00:00 PM,52,18,34
09/12/2014 10:00:00 PM,76,29,47
09/12/2014 11:00:00 PM,59,18,41
09/13/2014 12:00:00 AM,18,3,15
09/13/2014 01:00:00 AM,86,0,86
09/13/2014 02:00:00 AM,7,0,7
09/13/2014 03:00:00 AM,1,0,1
09/13/2014 04:00:00 AM,5,0,5
09/13/2014 05:00:00 AM,15,0,15
09/13/2014 06:00:00 AM,14,5,9
09/13/2014 07:00:00 AM,57,28,29
09/13/2014 08:00:00 AM,95,38,57
09/13/2014 09:00:00 AM,132,77,55
09/13/2014 10:00:00 AM,151,78,73
09/13/2014 11:00:00 AM,163,78,85
09/13/2014 12:00:00 PM,218,128,90
09/13/2014 01:00:00 PM,174,96,78
09/13/2014 02:00:00 PM,156,83,73
09/13/2014 03:00:00 PM,227,135,92
09/13/2014 04:00:00 PM,219,124,95
09/13/2014 05:00:00 PM,247,115,132
09/13/2014 06:00:00 PM,138,81,57
09/13/2014 07:00:00 PM,73,39,34
09/13/2014 08:00:00 PM,65,40,25
09/13/2014 09:00:00 PM,34,16,18
09/13/2014 10:00:00 PM,44,15,29
09/13/2014 11:00:00 PM,28,11,17
09/14/2014 12:00:00 AM,28,6,22
09/14/2014 01:00:00 AM,12,0,12
09/14/2014 02:00:00 AM,8,0,8
09/14/2014 03:00:00 AM,4,0,4
09/14/2014 04:00:00 AM,3,0,3
09/14/2014 05:00:00 AM,0,0,0
09/14/2014 06:00:00 AM,19,9,10
09/14/2014 07:00:00 AM,40,22,18
09/14/2014 08:00:00 AM,68,47,21
09/14/2014 09:00:00 AM,117,61,56
09/14/2014 10:00:00 AM,129,64,65
09/14/2014 11:00:00 AM,179,99,80
09/14/2014 12:00:00 PM,203,107,96
09/14/2014 01:00:00 PM,228,102,126
09/14/2014 02:00:00 PM,160,80,80
09/14/2014 03:00:00 PM,203,131,72
09/14/2014 04:00:00 PM,217,101,116
09/14/2014 05:00:00 PM,175,96,79
09/14/2014 06:00:00 PM,144,89,55
09/14/2014 07:00:00 PM,108,61,47
09/14/2014 08:00:00 PM,57,29,28
09/14/2014 09:00:00 PM,37,18,19
09/14/2014 10:00:00 PM,24,12,12
09/14/2014 11:00:00 PM,18,8,10
09/15/2014 12:00:00 AM,9,5,4
09/15/2014 01:00:00 AM,3,2,1
09/15/2014 02:00:00 AM,3,3,0
09/15/2014 03:00:00 AM,7,2,5
09/15/2014 04:00:00 AM,8,6,2
09/15/2014 05:00:00 AM,41,32,9
09/15/2014 06:00:00 AM,132,89,43
09/15/2014 07:00:00 AM,466,342,124
09/15/2014 08:00:00 AM,634,450,184
09/15/2014 09:00:00 AM,314,302,12
09/15/2014 10:00:00 AM,120,120,0
09/15/2014 11:00:00 AM,107,107,0
09/15/2014 12:00:00 PM,87,87,0
09/15/2014 01:00:00 PM,99,99,0
09/15/2014 02:00:00 PM,96,81,15
09/15/2014 03:00:00 PM,186,97,89
09/15/2014 04:00:00 PM,353,142,211
09/15/2014 05:00:00 PM,727,238,489
09/15/2014 06:00:00 PM,563,204,359
09/15/2014 07:00:00 PM,250,109,141
09/15/2014 08:00:00 PM,95,30,65
09/15/2014 09:00:00 PM,79,37,42
09/15/2014 10:00:00 PM,43,16,27
09/15/2014 11:00:00 PM,28,14,14
09/16/2014 12:00:00 AM,14,9,5
09/16/2014 01:00:00 AM,10,3,7
09/16/2014 02:00:00 AM,8,6,2
09/16/2014 03:00:00 AM,4,2,2
09/16/2014 04:00:00 AM,9,7,2
09/16/2014 05:00:00 AM,38,24,14
09/16/2014 06:00:00 AM,160,115,45
09/16/2014 07:00:00 AM,463,340,123
09/16/2014 08:00:00 AM,587,413,174
09/16/2014 09:00:00 AM,290,287,3
09/16/2014 10:00:00 AM,111,111,0
09/16/2014 11:00:00 AM,102,95,7
09/16/2014 12:00:00 PM,75,3,72
09/16/2014 01:00:00 PM,86,0,86
09/16/2014 02:00:00 PM,132,20,112
09/16/2014 03:00:00 PM,157,66,91
09/16/2014 04:00:00 PM,355,146,209
09/16/2014 05:00:00 PM,678,204,474
09/16/2014 06:00:00 PM,546,176,370
09/16/2014 07:00:00 PM,251,106,145
09/16/2014 08:00:00 PM,120,49,71
09/16/2014 09:00:00 PM,81,39,42
09/16/2014 10:00:00 PM,39,18,21
09/16/2014 11:00:00 PM,22,8,14
09/17/2014 12:00:00 AM,12,7,5
09/17/2014 01:00:00 AM,4,1,3
09/17/2014 02:00:00 AM,2,2,0
09/17/2014 03:00:00 AM,7,3,4
09/17/2014 04:00:00 AM,7,4,3
09/17/2014 05:00:00 AM,38,29,9
09/17/2014 06:00:00 AM,147,95,52
09/17/2014 07:00:00 AM,419,302,117
09/17/2014 08:00:00 AM,556,414,142
09/17/2014 09:00:00 AM,235,222,13
09/17/2014 10:00:00 AM,83,82,1
09/17/2014 11:00:00 AM,70,21,49
09/17/2014 12:00:00 PM,61,0,61
09/17/2014 01:00:00 PM,60,0,60
09/17/2014 02:00:00 PM,121,32,89
09/17/2014 03:00:00 PM,138,61,77
09/17/2014 04:00:00 PM,293,106,187
09/17/2014 05:00:00 PM,619,178,441
09/17/2014 06:00:00 PM,442,154,288
09/17/2014 07:00:00 PM,181,60,121
09/17/2014 08:00:00 PM,93,30,63
09/17/2014 09:00:00 PM,67,26,41
09/17/2014 10:00:00 PM,48,23,25
09/17/2014 11:00:00 PM,22,9,13
09/18/2014 12:00:00 AM,5,0,5
09/18/2014 01:00:00 AM,9,6,3
09/18/2014 02:00:00 AM,5,5,0
09/18/2014 03:00:00 AM,6,2,4
09/18/2014 04:00:00 AM,9,5,4
09/18/2014 05:00:00 AM,29,18,11
09/18/2014 06:00:00 AM,123,84,39
09/18/2014 07:00:00 AM,313,225,88
09/18/2014 08:00:00 AM,435,308,127
09/18/2014 09:00:00 AM,240,164,76
09/18/2014 10:00:00 AM,97,55,42
09/18/2014 11:00:00 AM,63,32,31
09/18/2014 12:00:00 PM,74,41,33
09/18/2014 01:00:00 PM,94,50,44
09/18/2014 02:00:00 PM,94,41,53
09/18/2014 03:00:00 PM,130,61,69
09/18/2014 04:00:00 PM,242,79,163
09/18/2014 05:00:00 PM,546,169,377
09/18/2014 06:00:00 PM,382,138,244
09/18/2014 07:00:00 PM,161,57,104
09/18/2014 08:00:00 PM,88,33,55
09/18/2014 09:00:00 PM,62,19,43
09/18/2014 10:00:00 PM,42,16,26
09/18/2014 11:00:00 PM,23,8,15
09/19/2014 12:00:00 AM,21,10,11
09/19/2014 01:00:00 AM,8,4,4
09/19/2014 02:00:00 AM,3,2,1
09/19/2014 03:00:00 AM,8,6,2
09/19/2014 04:00:00 AM,11,5,6
09/19/2014 05:00:00 AM,35,24,11
09/19/2014 06:00:00 AM,111,73,38
09/19/2014 07:00:00 AM,360,253,107
09/19/2014 08:00:00 AM,477,322,155
09/19/2014 09:00:00 AM,252,169,83
09/19/2014 10:00:00 AM,137,88,49
09/19/2014 11:00:00 AM,93,58,35
09/19/2014 12:00:00 PM,98,48,50
09/19/2014 01:00:00 PM,107,53,54
09/19/2014 02:00:00 PM,148,75,73
09/19/2014 03:00:00 PM,194,87,107
09/19/2014 04:00:00 PM,346,134,212
09/19/2014 05:00:00 PM,545,178,367
09/19/2014 06:00:00 PM,350,126,224
09/19/2014 07:00:00 PM,217,87,130
09/19/2014 08:00:00 PM,78,32,46
09/19/2014 09:00:00 PM,48,19,29
09/19/2014 10:00:00 PM,58,28,30
09/19/2014 11:00:00 PM,29,12,17
09/20/2014 12:00:00 AM,29,16,13
09/20/2014 01:00:00 AM,10,3,7
09/20/2014 02:00:00 AM,11,4,7
09/20/2014 03:00:00 AM,5,4,1
09/20/2014 04:00:00 AM,0,0,0
09/20/2014 05:00:00 AM,14,8,6
09/20/2014 06:00:00 AM,15,7,8
09/20/2014 07:00:00 AM,49,26,23
09/20/2014 08:00:00 AM,82,43,39
09/20/2014 09:00:00 AM,99,61,38
09/20/2014 10:00:00 AM,106,56,50
09/20/2014 11:00:00 AM,142,83,59
09/20/2014 12:00:00 PM,188,99,89
09/20/2014 01:00:00 PM,190,91,99
09/20/2014 02:00:00 PM,177,78,99
09/20/2014 03:00:00 PM,196,98,98
09/20/2014 04:00:00 PM,190,104,86
09/20/2014 05:00:00 PM,226,129,97
09/20/2014 06:00:00 PM,185,93,92
09/20/2014 07:00:00 PM,109,54,55
09/20/2014 08:00:00 PM,70,28,42
09/20/2014 09:00:00 PM,55,30,25
09/20/2014 10:00:00 PM,53,26,27
09/20/2014 11:00:00 PM,24,13,11
09/21/2014 12:00:00 AM,25,11,14
09/21/2014 01:00:00 AM,12,4,8
09/21/2014 02:00:00 AM,13,7,6
09/21/2014 03:00:00 AM,5,3,2
09/21/2014 04:00:00 AM,1,0,1
09/21/2014 05:00:00 AM,4,3,1
09/21/2014 06:00:00 AM,16,6,10
09/21/2014 07:00:00 AM,44,25,19
09/21/2014 08:00:00 AM,83,49,34
09/21/2014 09:00:00 AM,119,60,59
09/21/2014 10:00:00 AM,141,73,68
09/21/2014 11:00:00 AM,214,114,100
09/21/2014 12:00:00 PM,229,137,92
09/21/2014 01:00:00 PM,193,109,84
09/21/2014 02:00:00 PM,199,103,96
09/21/2014 03:00:00 PM,163,94,69
09/21/2014 04:00:00 PM,189,98,91
09/21/2014 05:00:00 PM,185,91,94
09/21/2014 06:00:00 PM,160,75,85
09/21/2014 07:00:00 PM,79,42,37
09/21/2014 08:00:00 PM,52,19,33
09/21/2014 09:00:00 PM,45,19,26
09/21/2014 10:00:00 PM,32,17,15
09/21/2014 11:00:00 PM,14,6,8
09/22/2014 12:00:00 AM,10,2,8
09/22/2014 01:00:00 AM,1,1,0
09/22/2014 02:00:00 AM,4,1,3
09/22/2014 03:00:00 AM,5,2,3
09/22/2014 04:00:00 AM,12,7,5
09/22/2014 05:00:00 AM,44,28,16
09/22/2014 06:00:00 AM,128,85,43
09/22/2014 07:00:00 AM,399,281,118
09/22/2014 08:00:00 AM,537,361,176
09/22/2014 09:00:00 AM,261,238,23
09/22/2014 10:00:00 AM,93,89,4
09/22/2014 11:00:00 AM,94,88,6
09/22/2014 12:00:00 PM,53,52,1
09/22/2014 01:00:00 PM,71,69,2
09/22/2014 02:00:00 PM,93,72,21
09/22/2014 03:00:00 PM,142,75,67
09/22/2014 04:00:00 PM,287,113,174
09/22/2014 05:00:00 PM,659,201,458
09/22/2014 06:00:00 PM,480,175,305
09/22/2014 07:00:00 PM,195,72,123
09/22/2014 08:00:00 PM,101,43,58
09/22/2014 09:00:00 PM,56,27,29
09/22/2014 10:00:00 PM,34,22,12
09/22/2014 11:00:00 PM,27,12,15
09/23/2014 12:00:00 AM,21,13,8
09/23/2014 01:00:00 AM,6,3,3
09/23/2014 02:00:00 AM,4,3,1
09/23/2014 03:00:00 AM,4,1,3
09/23/2014 04:00:00 AM,6,4,2
09/23/2014 05:00:00 AM,32,24,8
09/23/2014 06:00:00 AM,150,109,41
09/23/2014 07:00:00 AM,398,285,113
09/23/2014 08:00:00 AM,545,375,170
09/23/2014 09:00:00 AM,264,237,27
09/23/2014 10:00:00 AM,98,96,2
09/23/2014 11:00:00 AM,75,75,0
09/23/2014 12:00:00 PM,60,57,3
09/23/2014 01:00:00 PM,70,49,21
09/23/2014 02:00:00 PM,68,26,42
09/23/2014 03:00:00 PM,126,54,72
09/23/2014 04:00:00 PM,239,89,150
09/23/2014 05:00:00 PM,551,140,411
09/23/2014 06:00:00 PM,382,121,261
09/23/2014 07:00:00 PM,149,57,92
09/23/2014 08:00:00 PM,54,17,37
09/23/2014 09:00:00 PM,41,14,27
09/23/2014 10:00:00 PM,58,43,15
09/23/2014 11:00:00 PM,15,9,6
09/24/2014 12:00:00 AM,9,4,5
09/24/2014 01:00:00 AM,2,1,1
09/24/2014 02:00:00 AM,1,1,0
09/24/2014 03:00:00 AM,2,1,1
09/24/2014 04:00:00 AM,3,2,1
09/24/2014 05:00:00 AM,19,12,7
09/24/2014 06:00:00 AM,86,57,29
09/24/2014 07:00:00 AM,209,154,55
09/24/2014 08:00:00 AM,278,193,85
09/24/2014 09:00:00 AM,149,102,47
09/24/2014 10:00:00 AM,56,35,21
09/24/2014 11:00:00 AM,34,21,13
09/24/2014 12:00:00 PM,38,20,18
09/24/2014 01:00:00 PM,61,32,29
09/24/2014 02:00:00 PM,57,34,23
09/24/2014 03:00:00 PM,99,48,51
09/24/2014 04:00:00 PM,152,65,87
09/24/2014 05:00:00 PM,362,116,246
09/24/2014 06:00:00 PM,268,98,170
09/24/2014 07:00:00 PM,119,49,70
09/24/2014 08:00:00 PM,64,24,40
09/24/2014 09:00:00 PM,40,24,16
09/24/2014 10:00:00 PM,32,11,21
09/24/2014 11:00:00 PM,26,13,13
09/25/2014 12:00:00 AM,5,5,0
09/25/2014 01:00:00 AM,8,2,6
09/25/2014 02:00:00 AM,4,2,2
09/25/2014 03:00:00 AM,9,6,3
09/25/2014 04:00:00 AM,9,5,4
09/25/2014 05:00:00 AM,23,18,5
09/25/2014 06:00:00 AM,94,63,31
09/25/2014 07:00:00 AM,268,195,73
09/25/2014 08:00:00 AM,419,279,140
09/25/2014 09:00:00 AM,217,139,78
09/25/2014 10:00:00 AM,96,64,32
09/25/2014 11:00:00 AM,43,20,23
09/25/2014 12:00:00 PM,45,24,21
09/25/2014 01:00:00 PM,67,30,37
09/25/2014 02:00:00 PM,91,52,39
09/25/2014 03:00:00 PM,135,67,68
09/25/2014 04:00:00 PM,268,108,160
09/25/2014 05:00:00 PM,479,156,323
09/25/2014 06:00:00 PM,354,133,221
09/25/2014 07:00:00 PM,149,57,92
09/25/2014 08:00:00 PM,73,32,41
09/25/2014 09:00:00 PM,47,24,23
09/25/2014 10:00:00 PM,34,13,21
09/25/2014 11:00:00 PM,25,10,15
09/26/2014 12:00:00 AM,10,3,7
09/26/2014 01:00:00 AM,7,3,4
09/26/2014 02:00:00 AM,5,1,4
09/26/2014 03:00:00 AM,1,0,1
09/26/2014 04:00:00 AM,7,4,3
09/26/2014 05:00:00 AM,27,20,7
09/26/2014 06:00:00 AM,58,39,19
09/26/2014 07:00:00 AM,189,141,48
09/26/2014 08:00:00 AM,377,287,90
09/26/2014 09:00:00 AM,168,112,56
09/26/2014 10:00:00 AM,75,39,36
09/26/2014 11:00:00 AM,59,32,27
09/26/2014 12:00:00 PM,67,37,30
09/26/2014 01:00:00 PM,69,38,31
09/26/2014 02:00:00 PM,114,58,56
09/26/2014 03:00:00 PM,141,71,70
09/26/2014 04:00:00 PM,242,92,150
09/26/2014 05:00:00 PM,366,127,239
09/26/2014 06:00:00 PM,269,126,143
09/26/2014 07:00:00 PM,108,44,64
09/26/2014 08:00:00 PM,60,21,39
09/26/2014 09:00:00 PM,35,14,21
09/26/2014 10:00:00 PM,28,18,10
09/26/2014 11:00:00 PM,29,9,20
09/27/2014 12:00:00 AM,22,11,11
09/27/2014 01:00:00 AM,15,8,7
09/27/2014 02:00:00 AM,12,6,6
09/27/2014 03:00:00 AM,5,2,3
09/27/2014 04:00:00 AM,2,1,1
09/27/2014 05:00:00 AM,8,5,3
09/27/2014 06:00:00 AM,23,11,12
09/27/2014 07:00:00 AM,44,25,19
09/27/2014 08:00:00 AM,78,50,28
09/27/2014 09:00:00 AM,132,84,48
09/27/2014 10:00:00 AM,150,88,62
09/27/2014 11:00:00 AM,184,103,81
09/27/2014 12:00:00 PM,233,134,99
09/27/2014 01:00:00 PM,199,97,102
09/27/2014 02:00:00 PM,184,103,81
09/27/2014 03:00:00 PM,217,110,107
09/27/2014 04:00:00 PM,216,106,110
09/27/2014 05:00:00 PM,221,117,104
09/27/2014 06:00:00 PM,150,85,65
09/27/2014 07:00:00 PM,87,45,42
09/27/2014 08:00:00 PM,53,29,24
09/27/2014 09:00:00 PM,33,17,16
09/27/2014 10:00:00 PM,33,13,20
09/27/2014 11:00:00 PM,24,9,15
09/28/2014 12:00:00 AM,18,8,10
09/28/2014 01:00:00 AM,10,5,5
09/28/2014 02:00:00 AM,13,7,6
09/28/2014 03:00:00 AM,7,6,1
09/28/2014 04:00:00 AM,4,3,1
09/28/2014 05:00:00 AM,4,2,2
09/28/2014 06:00:00 AM,18,9,9
09/28/2014 07:00:00 AM,38,25,13
09/28/2014 08:00:00 AM,65,35,30
09/28/2014 09:00:00 AM,91,44,47
09/28/2014 10:00:00 AM,123,79,44
09/28/2014 11:00:00 AM,125,69,56
09/28/2014 12:00:00 PM,178,85,93
09/28/2014 01:00:00 PM,143,82,61
09/28/2014 02:00:00 PM,148,99,49
09/28/2014 03:00:00 PM,163,97,66
09/28/2014 04:00:00 PM,178,90,88
09/28/2014 05:00:00 PM,184,101,83
09/28/2014 06:00:00 PM,128,69,59
09/28/2014 07:00:00 PM,71,32,39
09/28/2014 08:00:00 PM,41,18,23
09/28/2014 09:00:00 PM,25,12,13
09/28/2014 10:00:00 PM,24,8,16
09/28/2014 11:00:00 PM,19,8,11
09/29/2014 12:00:00 AM,4,1,3
09/29/2014 01:00:00 AM,3,2,1
09/29/2014 02:00:00 AM,3,2,1
09/29/2014 03:00:00 AM,5,3,2
09/29/2014 04:00:00 AM,11,7,4
09/29/2014 05:00:00 AM,32,24,8
09/29/2014 06:00:00 AM,119,80,39
09/29/2014 07:00:00 AM,324,239,85
09/29/2014 08:00:00 AM,489,337,152
09/29/2014 09:00:00 AM,240,154,86
09/29/2014 10:00:00 AM,100,61,39
09/29/2014 11:00:00 AM,60,29,31
09/29/2014 12:00:00 PM,58,29,29
09/29/2014 01:00:00 PM,79,39,40
09/29/2014 02:00:00 PM,79,44,35
09/29/2014 03:00:00 PM,106,55,51
09/29/2014 04:00:00 PM,244,102,142
09/29/2014 05:00:00 PM,509,158,351
09/29/2014 06:00:00 PM,300,97,203
09/29/2014 07:00:00 PM,144,51,93
09/29/2014 08:00:00 PM,56,18,38
09/29/2014 09:00:00 PM,39,13,26
09/29/2014 10:00:00 PM,17,8,9
09/29/2014 11:00:00 PM,14,8,6
09/30/2014 12:00:00 AM,4,2,2
09/30/2014 01:00:00 AM,4,2,2
09/30/2014 02:00:00 AM,5,5,0
09/30/2014 03:00:00 AM,2,1,1
09/30/2014 04:00:00 AM,5,3,2
09/30/2014 05:00:00 AM,30,20,10
09/30/2014 06:00:00 AM,109,74,35
09/30/2014 07:00:00 AM,356,250,106
09/30/2014 08:00:00 AM,515,354,161
09/30/2014 09:00:00 AM,242,221,21
09/30/2014 10:00:00 AM,115,115,0
09/30/2014 11:00:00 AM,79,79,0
09/30/2014 12:00:00 PM,75,75,0
09/30/2014 01:00:00 PM,86,86,0
09/30/2014 02:00:00 PM,89,75,14
09/30/2014 03:00:00 PM,158,85,73
09/30/2014 04:00:00 PM,255,90,165
09/30/2014 05:00:00 PM,570,191,379
09/30/2014 06:00:00 PM,443,151,292
09/30/2014 07:00:00 PM,202,96,106
09/30/2014 08:00:00 PM,95,31,64
09/30/2014 09:00:00 PM,69,21,48
09/30/2014 10:00:00 PM,34,13,21
09/30/2014 11:00:00 PM,20,9,11
10/01/2014 12:00:00 AM,11,5,6
10/01/2014 01:00:00 AM,6,4,2
10/01/2014 02:00:00 AM,4,0,4
10/01/2014 03:00:00 AM,4,1,3
10/01/2014 04:00:00 AM,10,7,3
10/01/2014 05:00:00 AM,37,23,14
10/01/2014 06:00:00 AM,132,93,39
10/01/2014 07:00:00 AM,391,283,108
10/01/2014 08:00:00 AM,550,380,170
10/01/2014 09:00:00 AM,235,218,17
10/01/2014 10:00:00 AM,109,109,0
10/01/2014 11:00:00 AM,77,77,0
10/01/2014 12:00:00 PM,71,70,1
10/01/2014 01:00:00 PM,71,71,0
10/01/2014 02:00:00 PM,110,75,35
10/01/2014 03:00:00 PM,166,82,84
10/01/2014 04:00:00 PM,326,123,203
10/01/2014 05:00:00 PM,639,200,439
10/01/2014 06:00:00 PM,478,169,309
10/01/2014 07:00:00 PM,185,78,107
10/01/2014 08:00:00 PM,94,45,49
10/01/2014 09:00:00 PM,60,24,36
10/01/2014 10:00:00 PM,49,27,22
10/01/2014 11:00:00 PM,22,10,12
10/02/2014 12:00:00 AM,21,13,8
10/02/2014 01:00:00 AM,1,0,1
10/02/2014 02:00:00 AM,5,2,3
10/02/2014 03:00:00 AM,3,3,0
10/02/2014 04:00:00 AM,8,5,3
10/02/2014 05:00:00 AM,33,23,10
10/02/2014 06:00:00 AM,108,71,37
10/02/2014 07:00:00 AM,394,284,110
10/02/2014 08:00:00 AM,577,397,180
10/02/2014 09:00:00 AM,259,236,23
10/02/2014 10:00:00 AM,112,112,0
10/02/2014 11:00:00 AM,94,93,1
10/02/2014 12:00:00 PM,101,101,0
10/02/2014 01:00:00 PM,77,77,0
10/02/2014 02:00:00 PM,101,92,9
10/02/2014 03:00:00 PM,164,73,91
10/02/2014 04:00:00 PM,300,119,181
10/02/2014 05:00:00 PM,611,188,423
10/02/2014 06:00:00 PM,457,170,287
10/02/2014 07:00:00 PM,217,79,138
10/02/2014 08:00:00 PM,106,37,69
10/02/2014 09:00:00 PM,75,25,50
10/02/2014 10:00:00 PM,39,19,20
10/02/2014 11:00:00 PM,33,13,20
10/03/2014 12:00:00 AM,12,9,3
10/03/2014 01:00:00 AM,16,7,9
10/03/2014 02:00:00 AM,8,2,6
10/03/2014 03:00:00 AM,3,3,0
10/03/2014 04:00:00 AM,7,5,2
10/03/2014 05:00:00 AM,31,23,8
10/03/2014 06:00:00 AM,120,78,42
10/03/2014 07:00:00 AM,336,249,87
10/03/2014 08:00:00 AM,480,334,146
10/03/2014 09:00:00 AM,253,230,23
10/03/2014 10:00:00 AM,114,114,0
10/03/2014 11:00:00 AM,84,83,1
10/03/2014 12:00:00 PM,97,96,1
10/03/2014 01:00:00 PM,94,94,0
10/03/2014 02:00:00 PM,148,134,14
10/03/2014 03:00:00 PM,191,92,99
10/03/2014 04:00:00 PM,356,144,212
10/03/2014 05:00:00 PM,565,184,381
10/03/2014 06:00:00 PM,409,151,258
10/03/2014 07:00:00 PM,166,75,91
10/03/2014 08:00:00 PM,86,43,43
10/03/2014 09:00:00 PM,48,18,30
10/03/2014 10:00:00 PM,54,29,25
10/03/2014 11:00:00 PM,31,21,10
10/04/2014 12:00:00 AM,28,14,14
10/04/2014 01:00:00 AM,12,7,5
10/04/2014 02:00:00 AM,6,2,4
10/04/2014 03:00:00 AM,5,3,2
10/04/2014 04:00:00 AM,5,3,2
10/04/2014 05:00:00 AM,6,4,2
10/04/2014 06:00:00 AM,20,10,10
10/04/2014 07:00:00 AM,49,26,23
10/04/2014 08:00:00 AM,83,44,39
10/04/2014 09:00:00 AM,128,82,46
10/04/2014 10:00:00 AM,119,70,49
10/04/2014 11:00:00 AM,163,94,69
10/04/2014 12:00:00 PM,163,110,53
10/04/2014 01:00:00 PM,192,107,85
10/04/2014 02:00:00 PM,178,88,90
10/04/2014 03:00:00 PM,161,87,74
10/04/2014 04:00:00 PM,163,84,79
10/04/2014 05:00:00 PM,153,88,65
10/04/2014 06:00:00 PM,109,49,60
10/04/2014 07:00:00 PM,64,33,31
10/04/2014 08:00:00 PM,49,18,31
10/04/2014 09:00:00 PM,31,12,19
10/04/2014 10:00:00 PM,27,12,15
10/04/2014 11:00:00 PM,26,13,13
10/05/2014 12:00:00 AM,19,7,12
10/05/2014 01:00:00 AM,10,3,7
10/05/2014 02:00:00 AM,8,3,5
10/05/2014 03:00:00 AM,0,0,0
10/05/2014 04:00:00 AM,5,1,4
10/05/2014 05:00:00 AM,10,5,5
10/05/2014 06:00:00 AM,14,7,7
10/05/2014 07:00:00 AM,35,18,17
10/05/2014 08:00:00 AM,90,52,38
10/05/2014 09:00:00 AM,117,73,44
10/05/2014 10:00:00 AM,146,75,71
10/05/2014 11:00:00 AM,168,96,72
10/05/2014 12:00:00 PM,214,116,98
10/05/2014 01:00:00 PM,201,118,83
10/05/2014 02:00:00 PM,206,121,85
10/05/2014 03:00:00 PM,228,124,104
10/05/2014 04:00:00 PM,245,156,89
10/05/2014 05:00:00 PM,172,83,89
10/05/2014 06:00:00 PM,110,69,41
10/05/2014 07:00:00 PM,59,29,30
10/05/2014 08:00:00 PM,43,22,21
10/05/2014 09:00:00 PM,27,13,14
10/05/2014 10:00:00 PM,24,14,10
10/05/2014 11:00:00 PM,11,7,4
10/06/2014 12:00:00 AM,9,4,5
10/06/2014 01:00:00 AM,5,4,1
10/06/2014 02:00:00 AM,0,0,0
10/06/2014 03:00:00 AM,7,5,2
10/06/2014 04:00:00 AM,10,4,6
10/06/2014 05:00:00 AM,37,24,13
10/06/2014 06:00:00 AM,134,88,46
10/06/2014 07:00:00 AM,400,292,108
10/06/2014 08:00:00 AM,593,392,201
10/06/2014 09:00:00 AM,267,257,10
10/06/2014 10:00:00 AM,105,105,0
10/06/2014 11:00:00 AM,94,94,0
10/06/2014 12:00:00 PM,78,78,0
10/06/2014 01:00:00 PM,80,80,0
10/06/2014 02:00:00 PM,103,80,23
10/06/2014 03:00:00 PM,170,74,96
10/06/2014 04:00:00 PM,361,144,217
10/06/2014 05:00:00 PM,733,221,512
10/06/2014 06:00:00 PM,427,153,274
10/06/2014 07:00:00 PM,202,79,123
10/06/2014 08:00:00 PM,93,34,59
10/06/2014 09:00:00 PM,96,36,60
10/06/2014 10:00:00 PM,36,18,18
10/06/2014 11:00:00 PM,34,15,19
10/07/2014 12:00:00 AM,15,7,8
10/07/2014 01:00:00 AM,7,4,3
10/07/2014 02:00:00 AM,4,4,0
10/07/2014 03:00:00 AM,3,1,2
10/07/2014 04:00:00 AM,7,4,3
10/07/2014 05:00:00 AM,44,25,19
10/07/2014 06:00:00 AM,136,96,40
10/07/2014 07:00:00 AM,416,315,101
10/07/2014 08:00:00 AM,580,408,172
10/07/2014 09:00:00 AM,237,216,21
10/07/2014 10:00:00 AM,110,108,2
10/07/2014 11:00:00 AM,84,83,1
10/07/2014 12:00:00 PM,80,77,3
10/07/2014 01:00:00 PM,73,71,2
10/07/2014 02:00:00 PM,99,80,19
10/07/2014 03:00:00 PM,142,64,78
10/07/2014 04:00:00 PM,289,113,176
10/07/2014 05:00:00 PM,639,213,426
10/07/2014 06:00:00 PM,462,143,319
10/07/2014 07:00:00 PM,229,87,142
10/07/2014 08:00:00 PM,80,32,48
10/07/2014 09:00:00 PM,65,30,35
10/07/2014 10:00:00 PM,36,18,18
10/07/2014 11:00:00 PM,27,12,15
10/08/2014 12:00:00 AM,8,7,1
10/08/2014 01:00:00 AM,5,1,4
10/08/2014 02:00:00 AM,10,7,3
10/08/2014 03:00:00 AM,4,3,1
10/08/2014 04:00:00 AM,12,5,7
10/08/2014 05:00:00 AM,33,22,11
10/08/2014 06:00:00 AM,139,95,44
10/08/2014 07:00:00 AM,386,292,94
10/08/2014 08:00:00 AM,584,420,164
10/08/2014 09:00:00 AM,247,219,28
10/08/2014 10:00:00 AM,82,82,0
10/08/2014 11:00:00 AM,61,57,4
10/08/2014 12:00:00 PM,68,63,5
10/08/2014 01:00:00 PM,77,75,2
10/08/2014 02:00:00 PM,111,96,15
10/08/2014 03:00:00 PM,147,68,79
10/08/2014 04:00:00 PM,307,126,181
10/08/2014 05:00:00 PM,626,195,431
10/08/2014 06:00:00 PM,490,184,306
10/08/2014 07:00:00 PM,167,62,105
10/08/2014 08:00:00 PM,87,21,66
10/08/2014 09:00:00 PM,71,23,48
10/08/2014 10:00:00 PM,38,24,14
10/08/2014 11:00:00 PM,20,11,9
10/09/2014 12:00:00 AM,15,9,6
10/09/2014 01:00:00 AM,8,1,7
10/09/2014 02:00:00 AM,3,3,0
10/09/2014 03:00:00 AM,0,0,0
10/09/2014 04:00:00 AM,11,9,2
10/09/2014 05:00:00 AM,39,24,15
10/09/2014 06:00:00 AM,126,77,49
10/09/2014 07:00:00 AM,377,273,104
10/09/2014 08:00:00 AM,526,361,165
10/09/2014 09:00:00 AM,256,239,17
10/09/2014 10:00:00 AM,90,89,1
10/09/2014 11:00:00 AM,86,85,1
10/09/2014 12:00:00 PM,82,79,3
10/09/2014 01:00:00 PM,91,91,0
10/09/2014 02:00:00 PM,75,72,3
10/09/2014 03:00:00 PM,142,68,74
10/09/2014 04:00:00 PM,277,113,164
10/09/2014 05:00:00 PM,576,188,388
10/09/2014 06:00:00 PM,470,167,303
10/09/2014 07:00:00 PM,169,60,109
10/09/2014 08:00:00 PM,107,34,73
10/09/2014 09:00:00 PM,58,27,31
10/09/2014 10:00:00 PM,52,23,29
10/09/2014 11:00:00 PM,27,14,13
10/10/2014 12:00:00 AM,32,18,14
10/10/2014 01:00:00 AM,7,6,1
10/10/2014 02:00:00 AM,11,6,5
10/10/2014 03:00:00 AM,4,2,2
10/10/2014 04:00:00 AM,6,5,1
10/10/2014 05:00:00 AM,30,19,11
10/10/2014 06:00:00 AM,91,60,31
10/10/2014 07:00:00 AM,278,197,81
10/10/2014 08:00:00 AM,441,320,121
10/10/2014 09:00:00 AM,196,172,24
10/10/2014 10:00:00 AM,88,84,4
10/10/2014 11:00:00 AM,74,72,2
10/10/2014 12:00:00 PM,59,56,3
10/10/2014 01:00:00 PM,76,73,3
10/10/2014 02:00:00 PM,89,82,7
10/10/2014 03:00:00 PM,134,67,67
10/10/2014 04:00:00 PM,265,106,159
10/10/2014 05:00:00 PM,466,164,302
10/10/2014 06:00:00 PM,294,123,171
10/10/2014 07:00:00 PM,129,40,89
10/10/2014 08:00:00 PM,59,21,38
10/10/2014 09:00:00 PM,40,14,26
10/10/2014 10:00:00 PM,53,14,39
10/10/2014 11:00:00 PM,35,21,14
10/11/2014 12:00:00 AM,14,3,11
10/11/2014 01:00:00 AM,15,5,10
10/11/2014 02:00:00 AM,7,5,2
10/11/2014 03:00:00 AM,3,3,0
10/11/2014 04:00:00 AM,5,4,1
10/11/2014 05:00:00 AM,12,9,3
10/11/2014 06:00:00 AM,18,10,8
10/11/2014 07:00:00 AM,26,18,8
10/11/2014 08:00:00 AM,81,53,28
10/11/2014 09:00:00 AM,91,63,28
10/11/2014 10:00:00 AM,68,34,34
10/11/2014 11:00:00 AM,84,53,31
10/11/2014 12:00:00 PM,78,51,27
10/11/2014 01:00:00 PM,62,27,35
10/11/2014 02:00:00 PM,82,47,35
10/11/2014 03:00:00 PM,99,52,47
10/11/2014 04:00:00 PM,92,59,33
10/11/2014 05:00:00 PM,102,58,44
10/11/2014 06:00:00 PM,58,35,23
10/11/2014 07:00:00 PM,41,18,23
10/11/2014 08:00:00 PM,26,10,16
10/11/2014 09:00:00 PM,30,16,14
10/11/2014 10:00:00 PM,20,9,11
10/11/2014 11:00:00 PM,17,6,11
10/12/2014 12:00:00 AM,22,7,15
10/12/2014 01:00:00 AM,5,0,5
10/12/2014 02:00:00 AM,11,8,3
10/12/2014 03:00:00 AM,4,4,0
10/12/2014 04:00:00 AM,7,4,3
10/12/2014 05:00:00 AM,3,2,1
10/12/2014 06:00:00 AM,8,4,4
10/12/2014 07:00:00 AM,22,16,6
10/12/2014 08:00:00 AM,67,34,33
10/12/2014 09:00:00 AM,137,78,59
10/12/2014 10:00:00 AM,134,78,56
10/12/2014 11:00:00 AM,140,95,45
10/12/2014 12:00:00 PM,152,80,72
10/12/2014 01:00:00 PM,132,86,46
10/12/2014 02:00:00 PM,136,65,71
10/12/2014 03:00:00 PM,134,67,67
10/12/2014 04:00:00 PM,127,65,62
10/12/2014 05:00:00 PM,117,65,52
10/12/2014 06:00:00 PM,71,39,32
10/12/2014 07:00:00 PM,44,15,29
10/12/2014 08:00:00 PM,30,7,23
10/12/2014 09:00:00 PM,14,6,8
10/12/2014 10:00:00 PM,26,9,17
10/12/2014 11:00:00 PM,16,5,11
10/13/2014 12:00:00 AM,13,8,5
10/13/2014 01:00:00 AM,3,2,1
10/13/2014 02:00:00 AM,4,0,4
10/13/2014 03:00:00 AM,4,3,1
10/13/2014 04:00:00 AM,9,5,4
10/13/2014 05:00:00 AM,37,23,14
10/13/2014 06:00:00 AM,115,72,43
10/13/2014 07:00:00 AM,327,246,81
10/13/2014 08:00:00 AM,498,344,154
10/13/2014 09:00:00 AM,255,234,21
10/13/2014 10:00:00 AM,108,108,0
10/13/2014 11:00:00 AM,82,79,3
10/13/2014 12:00:00 PM,91,91,0
10/13/2014 01:00:00 PM,81,77,4
10/13/2014 02:00:00 PM,117,110,7
10/13/2014 03:00:00 PM,126,69,57
10/13/2014 04:00:00 PM,303,115,188
10/13/2014 05:00:00 PM,536,156,380
10/13/2014 06:00:00 PM,364,116,248
10/13/2014 07:00:00 PM,135,52,83
10/13/2014 08:00:00 PM,69,22,47
10/13/2014 09:00:00 PM,39,15,24
10/13/2014 10:00:00 PM,26,13,13
10/13/2014 11:00:00 PM,13,7,6
10/14/2014 12:00:00 AM,6,2,4
10/14/2014 01:00:00 AM,3,3,0
10/14/2014 02:00:00 AM,2,1,1
10/14/2014 03:00:00 AM,2,1,1
10/14/2014 04:00:00 AM,6,5,1
10/14/2014 05:00:00 AM,26,19,7
10/14/2014 06:00:00 AM,114,77,37
10/14/2014 07:00:00 AM,313,231,82
10/14/2014 08:00:00 AM,482,328,154
10/14/2014 09:00:00 AM,235,158,77
10/14/2014 10:00:00 AM,87,62,25
10/14/2014 11:00:00 AM,67,44,23
10/14/2014 12:00:00 PM,63,40,23
10/14/2014 01:00:00 PM,78,44,34
10/14/2014 02:00:00 PM,80,46,34
10/14/2014 03:00:00 PM,130,56,74
10/14/2014 04:00:00 PM,231,93,138
10/14/2014 05:00:00 PM,521,156,365
10/14/2014 06:00:00 PM,414,157,257
10/14/2014 07:00:00 PM,159,52,107
10/14/2014 08:00:00 PM,61,23,38
10/14/2014 09:00:00 PM,65,27,38
10/14/2014 10:00:00 PM,30,16,14
10/14/2014 11:00:00 PM,22,6,16
10/15/2014 12:00:00 AM,9,5,4
10/15/2014 01:00:00 AM,8,3,5
10/15/2014 02:00:00 AM,5,2,3
10/15/2014 03:00:00 AM,4,2,2
10/15/2014 04:00:00 AM,8,6,2
10/15/2014 05:00:00 AM,34,23,11
10/15/2014 06:00:00 AM,97,69,28
10/15/2014 07:00:00 AM,295,208,87
10/15/2014 08:00:00 AM,336,237,99
10/15/2014 09:00:00 AM,165,139,26
10/15/2014 10:00:00 AM,76,76,0
10/15/2014 11:00:00 AM,52,50,2
10/15/2014 12:00:00 PM,33,33,0
10/15/2014 01:00:00 PM,43,41,2
10/15/2014 02:00:00 PM,58,33,25
10/15/2014 03:00:00 PM,81,35,46
10/15/2014 04:00:00 PM,200,75,125
10/15/2014 05:00:00 PM,426,126,300
10/15/2014 06:00:00 PM,319,128,191
10/15/2014 07:00:00 PM,130,42,88
10/15/2014 08:00:00 PM,63,18,45
10/15/2014 09:00:00 PM,60,31,29
10/15/2014 10:00:00 PM,35,25,10
10/15/2014 11:00:00 PM,18,8,10
10/16/2014 12:00:00 AM,14,5,9
10/16/2014 01:00:00 AM,4,1,3
10/16/2014 02:00:00 AM,3,3,0
10/16/2014 03:00:00 AM,1,1,0
10/16/2014 04:00:00 AM,7,6,1
10/16/2014 05:00:00 AM,32,20,12
10/16/2014 06:00:00 AM,123,82,41
10/16/2014 07:00:00 AM,312,233,79
10/16/2014 08:00:00 AM,510,358,152
10/16/2014 09:00:00 AM,279,260,19
10/16/2014 10:00:00 AM,99,98,1
10/16/2014 11:00:00 AM,69,67,2
10/16/2014 12:00:00 PM,65,64,1
10/16/2014 01:00:00 PM,71,70,1
10/16/2014 02:00:00 PM,113,103,10
10/16/2014 03:00:00 PM,183,80,103
10/16/2014 04:00:00 PM,299,119,180
10/16/2014 05:00:00 PM,585,199,386
10/16/2014 06:00:00 PM,463,184,279
10/16/2014 07:00:00 PM,171,70,101
10/16/2014 08:00:00 PM,92,37,55
10/16/2014 09:00:00 PM,72,32,40
10/16/2014 10:00:00 PM,40,22,18
10/16/2014 11:00:00 PM,22,12,10
10/17/2014 12:00:00 AM,18,11,7
10/17/2014 01:00:00 AM,10,7,3
10/17/2014 02:00:00 AM,4,2,2
10/17/2014 03:00:00 AM,1,1,0
10/17/2014 04:00:00 AM,9,4,5
10/17/2014 05:00:00 AM,24,18,6
10/17/2014 06:00:00 AM,86,62,24
10/17/2014 07:00:00 AM,194,138,56
10/17/2014 08:00:00 AM,353,257,96
10/17/2014 09:00:00 AM,186,159,27
10/17/2014 10:00:00 AM,79,76,3
10/17/2014 11:00:00 AM,61,57,4
10/17/2014 12:00:00 PM,36,29,7
10/17/2014 01:00:00 PM,52,28,24
10/17/2014 02:00:00 PM,50,28,22
10/17/2014 03:00:00 PM,62,26,36
10/17/2014 04:00:00 PM,187,58,129
10/17/2014 05:00:00 PM,338,103,235
10/17/2014 06:00:00 PM,258,91,167
10/17/2014 07:00:00 PM,88,31,57
10/17/2014 08:00:00 PM,41,22,19
10/17/2014 09:00:00 PM,30,14,16
10/17/2014 10:00:00 PM,23,7,16
10/17/2014 11:00:00 PM,19,7,12
10/18/2014 12:00:00 AM,8,2,6
10/18/2014 01:00:00 AM,12,7,5
10/18/2014 02:00:00 AM,5,2,3
10/18/2014 03:00:00 AM,2,2,0
10/18/2014 04:00:00 AM,0,0,0
10/18/2014 05:00:00 AM,6,5,1
10/18/2014 06:00:00 AM,19,12,7
10/18/2014 07:00:00 AM,31,21,10
10/18/2014 08:00:00 AM,53,29,24
10/18/2014 09:00:00 AM,103,68,35
10/18/2014 10:00:00 AM,68,51,17
10/18/2014 11:00:00 AM,89,52,37
10/18/2014 12:00:00 PM,96,58,38
10/18/2014 01:00:00 PM,132,77,55
10/18/2014 02:00:00 PM,108,50,58
10/18/2014 03:00:00 PM,116,68,48
10/18/2014 04:00:00 PM,120,72,48
10/18/2014 05:00:00 PM,108,65,43
10/18/2014 06:00:00 PM,95,51,44
10/18/2014 07:00:00 PM,78,41,37
10/18/2014 08:00:00 PM,35,20,15
10/18/2014 09:00:00 PM,39,19,20
10/18/2014 10:00:00 PM,33,16,17
10/18/2014 11:00:00 PM,22,7,15
10/19/2014 12:00:00 AM,32,8,24
10/19/2014 01:00:00 AM,9,6,3
10/19/2014 02:00:00 AM,19,8,11
10/19/2014 03:00:00 AM,5,1,4
10/19/2014 04:00:00 AM,3,2,1
10/19/2014 05:00:00 AM,0,0,0
10/19/2014 06:00:00 AM,21,11,10
10/19/2014 07:00:00 AM,22,18,4
10/19/2014 08:00:00 AM,67,36,31
10/19/2014 09:00:00 AM,112,59,53
10/19/2014 10:00:00 AM,120,84,36
10/19/2014 11:00:00 AM,156,87,69
10/19/2014 12:00:00 PM,204,127,77
10/19/2014 01:00:00 PM,219,115,104
10/19/2014 02:00:00 PM,291,149,142
10/19/2014 03:00:00 PM,266,160,106
10/19/2014 04:00:00 PM,222,129,93
10/19/2014 05:00:00 PM,222,121,101
10/19/2014 06:00:00 PM,114,57,57
10/19/2014 07:00:00 PM,43,25,18
10/19/2014 08:00:00 PM,38,23,15
10/19/2014 09:00:00 PM,27,11,16
10/19/2014 10:00:00 PM,20,9,11
10/19/2014 11:00:00 PM,16,8,8
10/20/2014 12:00:00 AM,13,8,5
10/20/2014 01:00:00 AM,8,4,4
10/20/2014 02:00:00 AM,5,3,2
10/20/2014 03:00:00 AM,2,2,0
10/20/2014 04:00:00 AM,5,3,2
10/20/2014 05:00:00 AM,29,20,9
10/20/2014 06:00:00 AM,109,74,35
10/20/2014 07:00:00 AM,286,208,78
10/20/2014 08:00:00 AM,413,291,122
10/20/2014 09:00:00 AM,223,154,69
10/20/2014 10:00:00 AM,83,17,66
10/20/2014 11:00:00 AM,45,0,45
10/20/2014 12:00:00 PM,37,0,37
10/20/2014 01:00:00 PM,48,0,48
10/20/2014 02:00:00 PM,84,18,66
10/20/2014 03:00:00 PM,106,53,53
10/20/2014 04:00:00 PM,235,91,144
10/20/2014 05:00:00 PM,460,146,314
10/20/2014 06:00:00 PM,374,121,253
10/20/2014 07:00:00 PM,129,43,86
10/20/2014 08:00:00 PM,82,20,62
10/20/2014 09:00:00 PM,50,27,23
10/20/2014 10:00:00 PM,22,8,14
10/20/2014 11:00:00 PM,10,3,7
10/21/2014 12:00:00 AM,7,3,4
10/21/2014 01:00:00 AM,7,5,2
10/21/2014 02:00:00 AM,1,1,0
10/21/2014 03:00:00 AM,2,2,0
10/21/2014 04:00:00 AM,8,6,2
10/21/2014 05:00:00 AM,28,21,7
10/21/2014 06:00:00 AM,123,89,34
10/21/2014 07:00:00 AM,255,185,70
10/21/2014 08:00:00 AM,467,312,155
10/21/2014 09:00:00 AM,252,168,84
10/21/2014 10:00:00 AM,81,7,74
10/21/2014 11:00:00 AM,66,0,66
10/21/2014 12:00:00 PM,59,0,59
10/21/2014 01:00:00 PM,70,0,70
10/21/2014 02:00:00 PM,72,6,66
10/21/2014 03:00:00 PM,119,56,63
10/21/2014 04:00:00 PM,221,88,133
10/21/2014 05:00:00 PM,482,147,335
10/21/2014 06:00:00 PM,353,126,227
10/21/2014 07:00:00 PM,124,45,79
10/21/2014 08:00:00 PM,74,26,48
10/21/2014 09:00:00 PM,50,21,29
10/21/2014 10:00:00 PM,22,9,13
10/21/2014 11:00:00 PM,21,8,13
10/22/2014 12:00:00 AM,10,6,4
10/22/2014 01:00:00 AM,8,3,5
10/22/2014 02:00:00 AM,4,2,2
10/22/2014 03:00:00 AM,2,1,1
10/22/2014 04:00:00 AM,5,3,2
10/22/2014 05:00:00 AM,26,18,8
10/22/2014 06:00:00 AM,71,52,19
10/22/2014 07:00:00 AM,199,140,59
10/22/2014 08:00:00 AM,367,264,103
10/22/2014 09:00:00 AM,214,148,66
10/22/2014 10:00:00 AM,48,34,14
10/22/2014 11:00:00 AM,47,24,23
10/22/2014 12:00:00 PM,21,11,10
10/22/2014 01:00:00 PM,33,20,13
10/22/2014 02:00:00 PM,41,23,18
10/22/2014 03:00:00 PM,50,22,28
10/22/2014 04:00:00 PM,119,55,64
10/22/2014 05:00:00 PM,332,108,224
10/22/2014 06:00:00 PM,260,87,173
10/22/2014 07:00:00 PM,113,45,68
10/22/2014 08:00:00 PM,48,14,34
10/22/2014 09:00:00 PM,36,20,16
10/22/2014 10:00:00 PM,19,6,13
10/22/2014 11:00:00 PM,14,7,7
10/23/2014 12:00:00 AM,9,6,3
10/23/2014 01:00:00 AM,3,0,3
10/23/2014 02:00:00 AM,5,4,1
10/23/2014 03:00:00 AM,4,2,2
10/23/2014 04:00:00 AM,13,9,4
10/23/2014 05:00:00 AM,23,16,7
10/23/2014 06:00:00 AM,106,69,37
10/23/2014 07:00:00 AM,209,149,60
10/23/2014 08:00:00 AM,338,223,115
10/23/2014 09:00:00 AM,188,123,65
10/23/2014 10:00:00 AM,60,34,26
10/23/2014 11:00:00 AM,63,36,27
10/23/2014 12:00:00 PM,58,35,23
10/23/2014 01:00:00 PM,54,23,31
10/23/2014 02:00:00 PM,52,24,28
10/23/2014 03:00:00 PM,99,51,48
10/23/2014 04:00:00 PM,116,49,67
10/23/2014 05:00:00 PM,384,116,268
10/23/2014 06:00:00 PM,300,117,183
10/23/2014 07:00:00 PM,115,38,77
10/23/2014 08:00:00 PM,83,25,58
10/23/2014 09:00:00 PM,50,20,30
10/23/2014 10:00:00 PM,29,14,15
10/23/2014 11:00:00 PM,20,9,11
10/24/2014 12:00:00 AM,26,19,7
10/24/2014 01:00:00 AM,7,6,1
10/24/2014 02:00:00 AM,5,2,3
10/24/2014 03:00:00 AM,4,2,2
10/24/2014 04:00:00 AM,9,5,4
10/24/2014 05:00:00 AM,23,15,8
10/24/2014 06:00:00 AM,91,60,31
10/24/2014 07:00:00 AM,246,189,57
10/24/2014 08:00:00 AM,413,294,119
10/24/2014 09:00:00 AM,241,153,88
10/24/2014 10:00:00 AM,103,12,91
10/24/2014 11:00:00 AM,62,1,61
10/24/2014 12:00:00 PM,73,0,73
10/24/2014 01:00:00 PM,70,1,69
10/24/2014 02:00:00 PM,81,0,81
10/24/2014 03:00:00 PM,133,50,83
10/24/2014 04:00:00 PM,234,83,151
10/24/2014 05:00:00 PM,421,129,292
10/24/2014 06:00:00 PM,302,95,207
10/24/2014 07:00:00 PM,110,42,68
10/24/2014 08:00:00 PM,53,21,32
10/24/2014 09:00:00 PM,32,11,21
10/24/2014 10:00:00 PM,18,6,12
10/24/2014 11:00:00 PM,21,12,9
10/25/2014 12:00:00 AM,19,11,8
10/25/2014 01:00:00 AM,7,4,3
10/25/2014 02:00:00 AM,14,7,7
10/25/2014 03:00:00 AM,7,5,2
10/25/2014 04:00:00 AM,3,3,0
10/25/2014 05:00:00 AM,5,3,2
10/25/2014 06:00:00 AM,10,4,6
10/25/2014 07:00:00 AM,15,6,9
10/25/2014 08:00:00 AM,49,28,21
10/25/2014 09:00:00 AM,41,20,21
10/25/2014 10:00:00 AM,78,45,33
10/25/2014 11:00:00 AM,78,41,37
10/25/2014 12:00:00 PM,68,36,32
10/25/2014 01:00:00 PM,60,34,26
10/25/2014 02:00:00 PM,43,16,27
10/25/2014 03:00:00 PM,57,24,33
10/25/2014 04:00:00 PM,50,22,28
10/25/2014 05:00:00 PM,42,18,24
10/25/2014 06:00:00 PM,40,22,18
10/25/2014 07:00:00 PM,11,4,7
10/25/2014 08:00:00 PM,5,1,4
10/25/2014 09:00:00 PM,11,4,7
10/25/2014 10:00:00 PM,9,2,7
10/25/2014 11:00:00 PM,18,12,6
10/26/2014 12:00:00 AM,8,3,5
10/26/2014 01:00:00 AM,3,3,0
10/26/2014 02:00:00 AM,5,2,3
10/26/2014 03:00:00 AM,1,1,0
10/26/2014 04:00:00 AM,4,4,0
10/26/2014 05:00:00 AM,5,1,4
10/26/2014 06:00:00 AM,10,6,4
10/26/2014 07:00:00 AM,15,8,7
10/26/2014 08:00:00 AM,35,22,13
10/26/2014 09:00:00 AM,71,38,33
10/26/2014 10:00:00 AM,79,58,21
10/26/2014 11:00:00 AM,64,37,27
10/26/2014 12:00:00 PM,56,32,24
10/26/2014 01:00:00 PM,80,37,43
10/26/2014 02:00:00 PM,77,41,36
10/26/2014 03:00:00 PM,61,38,23
10/26/2014 04:00:00 PM,88,58,30
10/26/2014 05:00:00 PM,76,46,30
10/26/2014 06:00:00 PM,65,29,36
10/26/2014 07:00:00 PM,45,19,26
10/26/2014 08:00:00 PM,20,8,12
10/26/2014 09:00:00 PM,23,4,19
10/26/2014 10:00:00 PM,13,7,6
10/26/2014 11:00:00 PM,12,5,7
10/27/2014 12:00:00 AM,6,5,1
10/27/2014 01:00:00 AM,2,1,1
10/27/2014 02:00:00 AM,5,3,2
10/27/2014 03:00:00 AM,5,2,3
10/27/2014 04:00:00 AM,8,5,3
10/27/2014 05:00:00 AM,45,30,15
10/27/2014 06:00:00 AM,117,75,42
10/27/2014 07:00:00 AM,307,228,79
10/27/2014 08:00:00 AM,470,314,156
10/27/2014 09:00:00 AM,301,194,107
10/27/2014 10:00:00 AM,76,0,76
10/27/2014 11:00:00 AM,69,0,69
10/27/2014 12:00:00 PM,74,1,73
10/27/2014 01:00:00 PM,93,1,92
10/27/2014 02:00:00 PM,94,9,85
10/27/2014 03:00:00 PM,144,64,80
10/27/2014 04:00:00 PM,256,109,147
10/27/2014 05:00:00 PM,512,162,350
10/27/2014 06:00:00 PM,430,145,285
10/27/2014 07:00:00 PM,152,53,99
10/27/2014 08:00:00 PM,71,17,54
10/27/2014 09:00:00 PM,51,18,33
10/27/2014 10:00:00 PM,26,10,16
10/27/2014 11:00:00 PM,16,7,9
10/28/2014 12:00:00 AM,9,7,2
10/28/2014 01:00:00 AM,2,1,1
10/28/2014 02:00:00 AM,1,1,0
10/28/2014 03:00:00 AM,0,0,0
10/28/2014 04:00:00 AM,4,2,2
10/28/2014 05:00:00 AM,24,17,7
10/28/2014 06:00:00 AM,96,68,28
10/28/2014 07:00:00 AM,236,164,72
10/28/2014 08:00:00 AM,353,236,117
10/28/2014 09:00:00 AM,197,132,65
10/28/2014 10:00:00 AM,46,33,13
10/28/2014 11:00:00 AM,21,11,10
10/28/2014 12:00:00 PM,34,20,14
10/28/2014 01:00:00 PM,43,23,20
10/28/2014 02:00:00 PM,57,27,30
10/28/2014 03:00:00 PM,82,31,51
10/28/2014 04:00:00 PM,146,51,95
10/28/2014 05:00:00 PM,383,122,261
10/28/2014 06:00:00 PM,294,109,185
10/28/2014 07:00:00 PM,107,34,73
10/28/2014 08:00:00 PM,59,22,37
10/28/2014 09:00:00 PM,31,11,20
10/28/2014 10:00:00 PM,26,18,8
10/28/2014 11:00:00 PM,10,3,7
10/29/2014 12:00:00 AM,7,2,5
10/29/2014 01:00:00 AM,4,2,2
10/29/2014 02:00:00 AM,1,1,0
10/29/2014 03:00:00 AM,1,1,0
10/29/2014 04:00:00 AM,5,4,1
10/29/2014 05:00:00 AM,31,26,5
10/29/2014 06:00:00 AM,91,62,29
10/29/2014 07:00:00 AM,309,223,86
10/29/2014 08:00:00 AM,472,322,150
10/29/2014 09:00:00 AM,281,188,93
10/29/2014 10:00:00 AM,106,14,92
10/29/2014 11:00:00 AM,76,2,74
10/29/2014 12:00:00 PM,73,2,71
10/29/2014 01:00:00 PM,87,2,85
10/29/2014 02:00:00 PM,118,2,116
10/29/2014 03:00:00 PM,140,56,84
10/29/2014 04:00:00 PM,287,121,166
10/29/2014 05:00:00 PM,562,177,385
10/29/2014 06:00:00 PM,388,142,246
10/29/2014 07:00:00 PM,138,56,82
10/29/2014 08:00:00 PM,79,34,45
10/29/2014 09:00:00 PM,70,26,44
10/29/2014 10:00:00 PM,47,17,30
10/29/2014 11:00:00 PM,23,9,14
10/30/2014 12:00:00 AM,8,2,6
10/30/2014 01:00:00 AM,7,4,3
10/30/2014 02:00:00 AM,6,2,4
10/30/2014 03:00:00 AM,2,1,1
10/30/2014 04:00:00 AM,6,4,2
10/30/2014 05:00:00 AM,27,22,5
10/30/2014 06:00:00 AM,95,69,26
10/30/2014 07:00:00 AM,262,191,71
10/30/2014 08:00:00 AM,400,270,130
10/30/2014 09:00:00 AM,226,147,79
10/30/2014 10:00:00 AM,67,39,28
10/30/2014 11:00:00 AM,64,33,31
10/30/2014 12:00:00 PM,38,25,13
10/30/2014 01:00:00 PM,37,21,16
10/30/2014 02:00:00 PM,46,27,19
10/30/2014 03:00:00 PM,74,33,41
10/30/2014 04:00:00 PM,160,52,108
10/30/2014 05:00:00 PM,356,112,244
10/30/2014 06:00:00 PM,277,96,181
10/30/2014 07:00:00 PM,102,33,69
10/30/2014 08:00:00 PM,59,19,40
10/30/2014 09:00:00 PM,31,12,19
10/30/2014 10:00:00 PM,23,6,17
10/30/2014 11:00:00 PM,19,6,13
10/31/2014 12:00:00 AM,9,6,3
10/31/2014 01:00:00 AM,2,0,2
10/31/2014 02:00:00 AM,3,2,1
10/31/2014 03:00:00 AM,3,2,1
10/31/2014 04:00:00 AM,4,3,1
10/31/2014 05:00:00 AM,29,22,7
10/31/2014 06:00:00 AM,75,57,18
10/31/2014 07:00:00 AM,180,128,52
10/31/2014 08:00:00 AM,269,203,66
10/31/2014 09:00:00 AM,136,94,42
10/31/2014 10:00:00 AM,52,34,18
10/31/2014 11:00:00 AM,36,22,14
10/31/2014 12:00:00 PM,33,16,17
10/31/2014 01:00:00 PM,41,25,16
10/31/2014 02:00:00 PM,52,27,25
10/31/2014 03:00:00 PM,120,44,76
10/31/2014 04:00:00 PM,215,81,134
10/31/2014 05:00:00 PM,328,100,228
10/31/2014 06:00:00 PM,181,75,106
10/31/2014 07:00:00 PM,65,21,44
10/31/2014 08:00:00 PM,31,9,22
10/31/2014 09:00:00 PM,32,12,20
10/31/2014 10:00:00 PM,24,11,13
10/31/2014 11:00:00 PM,18,12,6
11/01/2014 12:00:00 AM,13,6,7
11/01/2014 01:00:00 AM,13,5,8
11/01/2014 02:00:00 AM,11,4,7
11/01/2014 03:00:00 AM,6,3,3
11/01/2014 04:00:00 AM,4,2,2
11/01/2014 05:00:00 AM,5,2,3
11/01/2014 06:00:00 AM,14,9,5
11/01/2014 07:00:00 AM,19,12,7
11/01/2014 08:00:00 AM,47,16,31
11/01/2014 09:00:00 AM,78,43,35
11/01/2014 10:00:00 AM,113,78,35
11/01/2014 11:00:00 AM,87,49,38
11/01/2014 12:00:00 PM,90,59,31
11/01/2014 01:00:00 PM,126,74,52
11/01/2014 02:00:00 PM,139,71,68
11/01/2014 03:00:00 PM,126,73,53
11/01/2014 04:00:00 PM,104,53,51
11/01/2014 05:00:00 PM,90,54,36
11/01/2014 06:00:00 PM,73,42,31
11/01/2014 07:00:00 PM,36,15,21
11/01/2014 08:00:00 PM,34,8,26
11/01/2014 09:00:00 PM,25,9,16
11/01/2014 10:00:00 PM,23,14,9
11/01/2014 11:00:00 PM,18,12,6
11/02/2014 12:00:00 AM,13,5,8
11/02/2014 01:00:00 AM,14,6,8
11/02/2014 02:00:00 AM,2,0,2
11/02/2014 03:00:00 AM,0,0,0
11/02/2014 04:00:00 AM,6,5,1
11/02/2014 05:00:00 AM,4,1,3
11/02/2014 06:00:00 AM,15,10,5
11/02/2014 07:00:00 AM,31,18,13
11/02/2014 08:00:00 AM,60,35,25
11/02/2014 09:00:00 AM,95,46,49
11/02/2014 10:00:00 AM,106,68,38
11/02/2014 11:00:00 AM,136,82,54
11/02/2014 12:00:00 PM,143,89,54
11/02/2014 01:00:00 PM,121,63,58
11/02/2014 02:00:00 PM,69,40,29
11/02/2014 03:00:00 PM,40,25,15
11/02/2014 04:00:00 PM,49,25,24
11/02/2014 05:00:00 PM,50,16,34
11/02/2014 06:00:00 PM,38,24,14
11/02/2014 07:00:00 PM,18,8,10
11/02/2014 08:00:00 PM,22,10,12
11/02/2014 09:00:00 PM,8,4,4
11/02/2014 10:00:00 PM,18,5,13
11/02/2014 11:00:00 PM,14,6,8
11/03/2014 12:00:00 AM,2,1,1
11/03/2014 01:00:00 AM,6,5,1
11/03/2014 02:00:00 AM,2,1,1
11/03/2014 03:00:00 AM,0,0,0
11/03/2014 04:00:00 AM,8,5,3
11/03/2014 05:00:00 AM,36,24,12
11/03/2014 06:00:00 AM,117,80,37
11/03/2014 07:00:00 AM,328,234,94
11/03/2014 08:00:00 AM,409,281,128
11/03/2014 09:00:00 AM,160,109,51
11/03/2014 10:00:00 AM,63,39,24
11/03/2014 11:00:00 AM,42,25,17
11/03/2014 12:00:00 PM,47,15,32
11/03/2014 01:00:00 PM,43,21,22
11/03/2014 02:00:00 PM,64,40,24
11/03/2014 03:00:00 PM,78,36,42
11/03/2014 04:00:00 PM,156,67,89
11/03/2014 05:00:00 PM,426,141,285
11/03/2014 06:00:00 PM,292,90,202
11/03/2014 07:00:00 PM,115,40,75
11/03/2014 08:00:00 PM,51,10,41
11/03/2014 09:00:00 PM,26,5,21
11/03/2014 10:00:00 PM,20,8,12
11/03/2014 11:00:00 PM,12,7,5
11/04/2014 12:00:00 AM,7,4,3
11/04/2014 01:00:00 AM,4,3,1
11/04/2014 02:00:00 AM,1,0,1
11/04/2014 03:00:00 AM,4,3,1
11/04/2014 04:00:00 AM,10,3,7
11/04/2014 05:00:00 AM,32,26,6
11/04/2014 06:00:00 AM,94,68,26
11/04/2014 07:00:00 AM,294,208,86
11/04/2014 08:00:00 AM,444,311,133
11/04/2014 09:00:00 AM,208,128,80
11/04/2014 10:00:00 AM,66,36,30
11/04/2014 11:00:00 AM,53,29,24
11/04/2014 12:00:00 PM,66,27,39
11/04/2014 01:00:00 PM,60,33,27
11/04/2014 02:00:00 PM,57,29,28
11/04/2014 03:00:00 PM,92,34,58
11/04/2014 04:00:00 PM,189,73,116
11/04/2014 05:00:00 PM,450,154,296
11/04/2014 06:00:00 PM,328,120,208
11/04/2014 07:00:00 PM,160,60,100
11/04/2014 08:00:00 PM,61,28,33
11/04/2014 09:00:00 PM,53,19,34
11/04/2014 10:00:00 PM,32,16,16
11/04/2014 11:00:00 PM,25,13,12
11/05/2014 12:00:00 AM,4,1,3
11/05/2014 01:00:00 AM,2,1,1
11/05/2014 02:00:00 AM,3,1,2
11/05/2014 03:00:00 AM,9,6,3
11/05/2014 04:00:00 AM,2,1,1
11/05/2014 05:00:00 AM,32,26,6
11/05/2014 06:00:00 AM,128,84,44
11/05/2014 07:00:00 AM,319,242,77
11/05/2014 08:00:00 AM,396,261,135
11/05/2014 09:00:00 AM,211,112,99
11/05/2014 10:00:00 AM,85,12,73
11/05/2014 11:00:00 AM,69,1,68
11/05/2014 12:00:00 PM,65,0,65
11/05/2014 01:00:00 PM,67,0,67
11/05/2014 02:00:00 PM,69,8,61
11/05/2014 03:00:00 PM,101,37,64
11/05/2014 04:00:00 PM,196,81,115
11/05/2014 05:00:00 PM,404,125,279
11/05/2014 06:00:00 PM,317,104,213
11/05/2014 07:00:00 PM,144,57,87
11/05/2014 08:00:00 PM,70,28,42
11/05/2014 09:00:00 PM,34,10,24
11/05/2014 10:00:00 PM,26,12,14
11/05/2014 11:00:00 PM,19,9,10
11/06/2014 12:00:00 AM,12,5,7
11/06/2014 01:00:00 AM,6,5,1
11/06/2014 02:00:00 AM,3,2,1
11/06/2014 03:00:00 AM,4,3,1
11/06/2014 04:00:00 AM,5,4,1
11/06/2014 05:00:00 AM,31,22,9
11/06/2014 06:00:00 AM,87,63,24
11/06/2014 07:00:00 AM,261,183,78
11/06/2014 08:00:00 AM,276,194,82
11/06/2014 09:00:00 AM,161,106,55
11/06/2014 10:00:00 AM,80,53,27
11/06/2014 11:00:00 AM,54,29,25
11/06/2014 12:00:00 PM,55,28,27
11/06/2014 01:00:00 PM,49,23,26
11/06/2014 02:00:00 PM,55,32,23
11/06/2014 03:00:00 PM,97,53,44
11/06/2014 04:00:00 PM,162,65,97
11/06/2014 05:00:00 PM,346,112,234
11/06/2014 06:00:00 PM,235,73,162
11/06/2014 07:00:00 PM,136,51,85
11/06/2014 08:00:00 PM,49,22,27
11/06/2014 09:00:00 PM,36,8,28
11/06/2014 10:00:00 PM,21,6,15
11/06/2014 11:00:00 PM,27,11,16
11/07/2014 12:00:00 AM,13,5,8
11/07/2014 01:00:00 AM,5,3,2
11/07/2014 02:00:00 AM,4,2,2
11/07/2014 03:00:00 AM,3,2,1
11/07/2014 04:00:00 AM,6,3,3
11/07/2014 05:00:00 AM,32,26,6
11/07/2014 06:00:00 AM,93,60,33
11/07/2014 07:00:00 AM,278,212,66
11/07/2014 08:00:00 AM,381,236,145
11/07/2014 09:00:00 AM,247,160,87
11/07/2014 10:00:00 AM,149,29,120
11/07/2014 11:00:00 AM,90,13,77
11/07/2014 12:00:00 PM,96,13,83
11/07/2014 01:00:00 PM,124,14,110
11/07/2014 02:00:00 PM,146,19,127
11/07/2014 03:00:00 PM,135,47,88
11/07/2014 04:00:00 PM,273,100,173
11/07/2014 05:00:00 PM,460,131,329
11/07/2014 06:00:00 PM,278,81,197
11/07/2014 07:00:00 PM,118,37,81
11/07/2014 08:00:00 PM,60,17,43
11/07/2014 09:00:00 PM,33,16,17
11/07/2014 10:00:00 PM,28,10,18
11/07/2014 11:00:00 PM,26,16,10
11/08/2014 12:00:00 AM,14,7,7
11/08/2014 01:00:00 AM,8,5,3
11/08/2014 02:00:00 AM,6,3,3
11/08/2014 03:00:00 AM,7,2,5
11/08/2014 04:00:00 AM,3,3,0
11/08/2014 05:00:00 AM,6,2,4
11/08/2014 06:00:00 AM,13,5,8
11/08/2014 07:00:00 AM,41,12,29
11/08/2014 08:00:00 AM,81,23,58
11/08/2014 09:00:00 AM,110,39,71
11/08/2014 10:00:00 AM,126,48,78
11/08/2014 11:00:00 AM,174,60,114
11/08/2014 12:00:00 PM,183,55,128
11/08/2014 01:00:00 PM,238,61,177
11/08/2014 02:00:00 PM,247,60,187
11/08/2014 03:00:00 PM,153,69,84
11/08/2014 04:00:00 PM,129,51,78
11/08/2014 05:00:00 PM,95,40,55
11/08/2014 06:00:00 PM,57,18,39
11/08/2014 07:00:00 PM,35,15,20
11/08/2014 08:00:00 PM,48,5,43
11/08/2014 09:00:00 PM,25,8,17
11/08/2014 10:00:00 PM,28,9,19
11/08/2014 11:00:00 PM,27,8,19
11/09/2014 12:00:00 AM,22,5,17
11/09/2014 01:00:00 AM,6,4,2
11/09/2014 02:00:00 AM,6,3,3
11/09/2014 03:00:00 AM,4,3,1
11/09/2014 04:00:00 AM,3,1,2
11/09/2014 05:00:00 AM,6,2,4
11/09/2014 06:00:00 AM,10,5,5
11/09/2014 07:00:00 AM,12,9,3
11/09/2014 08:00:00 AM,29,14,15
11/09/2014 09:00:00 AM,55,34,21
11/09/2014 10:00:00 AM,60,30,30
11/09/2014 11:00:00 AM,64,40,24
11/09/2014 12:00:00 PM,73,45,28
11/09/2014 01:00:00 PM,77,52,25
11/09/2014 02:00:00 PM,72,51,21
11/09/2014 03:00:00 PM,57,38,19
11/09/2014 04:00:00 PM,51,27,24
11/09/2014 05:00:00 PM,42,23,19
11/09/2014 06:00:00 PM,32,22,10
11/09/2014 07:00:00 PM,25,9,16
11/09/2014 08:00:00 PM,15,7,8
11/09/2014 09:00:00 PM,9,6,3
11/09/2014 10:00:00 PM,11,8,3
11/09/2014 11:00:00 PM,11,6,5
11/10/2014 12:00:00 AM,7,6,1
11/10/2014 01:00:00 AM,4,4,0
11/10/2014 02:00:00 AM,5,1,4
11/10/2014 03:00:00 AM,3,3,0
11/10/2014 04:00:00 AM,6,5,1
11/10/2014 05:00:00 AM,32,20,12
11/10/2014 06:00:00 AM,108,72,36
11/10/2014 07:00:00 AM,320,250,70
11/10/2014 08:00:00 AM,477,336,141
11/10/2014 09:00:00 AM,250,155,95
11/10/2014 10:00:00 AM,126,39,87
11/10/2014 11:00:00 AM,95,14,81
11/10/2014 12:00:00 PM,80,15,65
11/10/2014 01:00:00 PM,112,17,95
11/10/2014 02:00:00 PM,111,29,82
11/10/2014 03:00:00 PM,122,43,79
11/10/2014 04:00:00 PM,275,98,177
11/10/2014 05:00:00 PM,482,154,328
11/10/2014 06:00:00 PM,328,96,232
11/10/2014 07:00:00 PM,130,53,77
11/10/2014 08:00:00 PM,62,26,36
11/10/2014 09:00:00 PM,53,12,41
11/10/2014 10:00:00 PM,49,16,33
11/10/2014 11:00:00 PM,17,9,8
11/11/2014 12:00:00 AM,16,4,12
11/11/2014 01:00:00 AM,5,3,2
11/11/2014 02:00:00 AM,10,1,9
11/11/2014 03:00:00 AM,3,2,1
11/11/2014 04:00:00 AM,5,4,1
11/11/2014 05:00:00 AM,22,17,5
11/11/2014 06:00:00 AM,87,61,26
11/11/2014 07:00:00 AM,266,201,65
11/11/2014 08:00:00 AM,354,248,106
11/11/2014 09:00:00 AM,209,127,82
11/11/2014 10:00:00 AM,114,34,80
11/11/2014 11:00:00 AM,93,17,76
11/11/2014 12:00:00 PM,120,15,105
11/11/2014 01:00:00 PM,92,24,68
11/11/2014 02:00:00 PM,130,20,110
11/11/2014 03:00:00 PM,117,49,68
11/11/2014 04:00:00 PM,217,84,133
11/11/2014 05:00:00 PM,370,128,242
11/11/2014 06:00:00 PM,296,86,210
11/11/2014 07:00:00 PM,121,45,76
11/11/2014 08:00:00 PM,60,18,42
11/11/2014 09:00:00 PM,42,14,28
11/11/2014 10:00:00 PM,28,10,18
11/11/2014 11:00:00 PM,14,6,8
11/12/2014 12:00:00 AM,7,3,4
11/12/2014 01:00:00 AM,6,2,4
11/12/2014 02:00:00 AM,3,1,2
11/12/2014 03:00:00 AM,2,2,0
11/12/2014 04:00:00 AM,7,6,1
11/12/2014 05:00:00 AM,24,18,6
11/12/2014 06:00:00 AM,91,66,25
11/12/2014 07:00:00 AM,250,180,70
11/12/2014 08:00:00 AM,403,271,132
11/12/2014 09:00:00 AM,224,146,78
11/12/2014 10:00:00 AM,104,29,75
11/12/2014 11:00:00 AM,66,12,54
11/12/2014 12:00:00 PM,68,10,58
11/12/2014 01:00:00 PM,71,11,60
11/12/2014 02:00:00 PM,95,19,76
11/12/2014 03:00:00 PM,96,46,50
11/12/2014 04:00:00 PM,204,91,113
11/12/2014 05:00:00 PM,397,126,271
11/12/2014 06:00:00 PM,327,106,221
11/12/2014 07:00:00 PM,136,48,88
11/12/2014 08:00:00 PM,70,32,38
11/12/2014 09:00:00 PM,43,14,29
11/12/2014 10:00:00 PM,29,13,16
11/12/2014 11:00:00 PM,19,6,13
11/13/2014 12:00:00 AM,8,4,4
11/13/2014 01:00:00 AM,3,2,1
11/13/2014 02:00:00 AM,3,1,2
11/13/2014 03:00:00 AM,3,2,1
11/13/2014 04:00:00 AM,6,4,2
11/13/2014 05:00:00 AM,30,23,7
11/13/2014 06:00:00 AM,82,59,23
11/13/2014 07:00:00 AM,267,195,72
11/13/2014 08:00:00 AM,388,281,107
11/13/2014 09:00:00 AM,223,149,74
11/13/2014 10:00:00 AM,108,28,80
11/13/2014 11:00:00 AM,53,9,44
11/13/2014 12:00:00 PM,64,10,54
11/13/2014 01:00:00 PM,64,15,49
11/13/2014 02:00:00 PM,94,18,76
11/13/2014 03:00:00 PM,104,43,61
11/13/2014 04:00:00 PM,198,71,127
11/13/2014 05:00:00 PM,357,129,228
11/13/2014 06:00:00 PM,268,90,178
11/13/2014 07:00:00 PM,143,59,84
11/13/2014 08:00:00 PM,57,21,36
11/13/2014 09:00:00 PM,47,13,34
11/13/2014 10:00:00 PM,26,9,17
11/13/2014 11:00:00 PM,20,9,11
11/14/2014 12:00:00 AM,12,6,6
11/14/2014 01:00:00 AM,5,3,2
11/14/2014 02:00:00 AM,3,2,1
11/14/2014 03:00:00 AM,3,1,2
11/14/2014 04:00:00 AM,5,5,0
11/14/2014 05:00:00 AM,27,17,10
11/14/2014 06:00:00 AM,80,48,32
11/14/2014 07:00:00 AM,202,151,51
11/14/2014 08:00:00 AM,319,223,96
11/14/2014 09:00:00 AM,204,178,26
11/14/2014 10:00:00 AM,93,91,2
11/14/2014 11:00:00 AM,27,24,3
11/14/2014 12:00:00 PM,27,24,3
11/14/2014 01:00:00 PM,33,26,7
11/14/2014 02:00:00 PM,51,47,4
11/14/2014 03:00:00 PM,100,37,63
11/14/2014 04:00:00 PM,200,78,122
11/14/2014 05:00:00 PM,351,104,247
11/14/2014 06:00:00 PM,221,66,155
11/14/2014 07:00:00 PM,83,35,48
11/14/2014 08:00:00 PM,49,14,35
11/14/2014 09:00:00 PM,30,8,22
11/14/2014 10:00:00 PM,27,8,19
11/14/2014 11:00:00 PM,25,10,15
11/15/2014 12:00:00 AM,10,4,6
11/15/2014 01:00:00 AM,9,4,5
11/15/2014 02:00:00 AM,9,4,5
11/15/2014 03:00:00 AM,1,0,1
11/15/2014 04:00:00 AM,1,1,0
11/15/2014 05:00:00 AM,2,1,1
11/15/2014 06:00:00 AM,19,8,11
11/15/2014 07:00:00 AM,15,9,6
11/15/2014 08:00:00 AM,49,26,23
11/15/2014 09:00:00 AM,57,34,23
11/15/2014 10:00:00 AM,79,53,26
11/15/2014 11:00:00 AM,71,39,32
11/15/2014 12:00:00 PM,96,55,41
11/15/2014 01:00:00 PM,119,66,53
11/15/2014 02:00:00 PM,115,61,54
11/15/2014 03:00:00 PM,114,59,55
11/15/2014 04:00:00 PM,112,76,36
11/15/2014 05:00:00 PM,69,34,35
11/15/2014 06:00:00 PM,59,27,32
11/15/2014 07:00:00 PM,18,3,15
11/15/2014 08:00:00 PM,14,4,10
11/15/2014 09:00:00 PM,14,6,8
11/15/2014 10:00:00 PM,15,8,7
11/15/2014 11:00:00 PM,16,8,8
11/16/2014 12:00:00 AM,11,3,8
11/16/2014 01:00:00 AM,3,2,1
11/16/2014 02:00:00 AM,3,3,0
11/16/2014 03:00:00 AM,0,0,0
11/16/2014 04:00:00 AM,4,2,2
11/16/2014 05:00:00 AM,1,0,1
11/16/2014 06:00:00 AM,8,2,6
11/16/2014 07:00:00 AM,11,7,4
11/16/2014 08:00:00 AM,28,11,17
11/16/2014 09:00:00 AM,67,42,25
11/16/2014 10:00:00 AM,52,27,25
11/16/2014 11:00:00 AM,71,41,30
11/16/2014 12:00:00 PM,97,50,47
11/16/2014 01:00:00 PM,150,78,72
11/16/2014 02:00:00 PM,116,70,46
11/16/2014 03:00:00 PM,127,70,57
11/16/2014 04:00:00 PM,94,55,39
11/16/2014 05:00:00 PM,57,30,27
11/16/2014 06:00:00 PM,44,15,29
11/16/2014 07:00:00 PM,14,4,10
11/16/2014 08:00:00 PM,18,7,11
11/16/2014 09:00:00 PM,8,2,6
11/16/2014 10:00:00 PM,11,5,6
11/16/2014 11:00:00 PM,9,4,5
11/17/2014 12:00:00 AM,6,3,3
11/17/2014 01:00:00 AM,3,1,2
11/17/2014 02:00:00 AM,1,1,0
11/17/2014 03:00:00 AM,2,2,0
11/17/2014 04:00:00 AM,6,5,1
11/17/2014 05:00:00 AM,29,18,11
11/17/2014 06:00:00 AM,89,54,35
11/17/2014 07:00:00 AM,274,213,61
11/17/2014 08:00:00 AM,423,301,122
11/17/2014 09:00:00 AM,206,180,26
11/17/2014 10:00:00 AM,85,76,9
11/17/2014 11:00:00 AM,50,47,3
11/17/2014 12:00:00 PM,60,53,7
11/17/2014 01:00:00 PM,66,62,4
11/17/2014 02:00:00 PM,70,66,4
11/17/2014 03:00:00 PM,93,46,47
11/17/2014 04:00:00 PM,211,86,125
11/17/2014 05:00:00 PM,430,129,301
11/17/2014 06:00:00 PM,333,95,238
11/17/2014 07:00:00 PM,130,40,90
11/17/2014 08:00:00 PM,53,17,36
11/17/2014 09:00:00 PM,34,12,22
11/17/2014 10:00:00 PM,31,14,17
11/17/2014 11:00:00 PM,13,3,10
11/18/2014 12:00:00 AM,4,3,1
11/18/2014 01:00:00 AM,2,2,0
11/18/2014 02:00:00 AM,4,2,2
11/18/2014 03:00:00 AM,1,1,0
11/18/2014 04:00:00 AM,7,6,1
11/18/2014 05:00:00 AM,26,18,8
11/18/2014 06:00:00 AM,95,70,25
11/18/2014 07:00:00 AM,294,215,79
11/18/2014 08:00:00 AM,419,298,121
11/18/2014 09:00:00 AM,211,182,29
11/18/2014 10:00:00 AM,82,73,9
11/18/2014 11:00:00 AM,57,52,5
11/18/2014 12:00:00 PM,56,12,44
11/18/2014 01:00:00 PM,63,0,63
11/18/2014 02:00:00 PM,66,2,64
11/18/2014 03:00:00 PM,120,47,73
11/18/2014 04:00:00 PM,218,84,134
11/18/2014 05:00:00 PM,422,129,293
11/18/2014 06:00:00 PM,368,102,266
11/18/2014 07:00:00 PM,151,52,99
11/18/2014 08:00:00 PM,64,19,45
11/18/2014 09:00:00 PM,54,19,35
11/18/2014 10:00:00 PM,26,7,19
11/18/2014 11:00:00 PM,23,9,14
11/19/2014 12:00:00 AM,5,3,2
11/19/2014 01:00:00 AM,5,5,0
11/19/2014 02:00:00 AM,2,2,0
11/19/2014 03:00:00 AM,1,1,0
11/19/2014 04:00:00 AM,5,2,3
11/19/2014 05:00:00 AM,33,24,9
11/19/2014 06:00:00 AM,83,54,29
11/19/2014 07:00:00 AM,292,213,79
11/19/2014 08:00:00 AM,432,293,139
11/19/2014 09:00:00 AM,229,146,83
11/19/2014 10:00:00 AM,82,13,69
11/19/2014 11:00:00 AM,52,0,52
11/19/2014 12:00:00 PM,49,0,49
11/19/2014 01:00:00 PM,56,0,56
11/19/2014 02:00:00 PM,86,5,81
11/19/2014 03:00:00 PM,99,45,54
11/19/2014 04:00:00 PM,201,93,108
11/19/2014 05:00:00 PM,429,136,293
11/19/2014 06:00:00 PM,348,104,244
11/19/2014 07:00:00 PM,155,49,106
11/19/2014 08:00:00 PM,82,26,56
11/19/2014 09:00:00 PM,64,28,36
11/19/2014 10:00:00 PM,29,12,17
11/19/2014 11:00:00 PM,16,6,10
11/20/2014 12:00:00 AM,15,8,7
11/20/2014 01:00:00 AM,2,2,0
11/20/2014 02:00:00 AM,2,1,1
11/20/2014 03:00:00 AM,1,1,0
11/20/2014 04:00:00 AM,4,2,2
11/20/2014 05:00:00 AM,24,17,7
11/20/2014 06:00:00 AM,102,70,32
11/20/2014 07:00:00 AM,253,189,64
11/20/2014 08:00:00 AM,415,287,128
11/20/2014 09:00:00 AM,238,157,81
11/20/2014 10:00:00 AM,101,8,93
11/20/2014 11:00:00 AM,54,1,53
11/20/2014 12:00:00 PM,47,3,44
11/20/2014 01:00:00 PM,48,1,47
11/20/2014 02:00:00 PM,71,14,57
11/20/2014 03:00:00 PM,111,51,60
11/20/2014 04:00:00 PM,179,70,109
11/20/2014 05:00:00 PM,386,125,261
11/20/2014 06:00:00 PM,295,87,208
11/20/2014 07:00:00 PM,145,46,99
11/20/2014 08:00:00 PM,125,29,96
11/20/2014 09:00:00 PM,44,13,31
11/20/2014 10:00:00 PM,37,16,21
11/20/2014 11:00:00 PM,26,10,16
11/21/2014 12:00:00 AM,10,4,6
11/21/2014 01:00:00 AM,0,0,0
11/21/2014 02:00:00 AM,8,4,4
11/21/2014 03:00:00 AM,2,1,1
11/21/2014 04:00:00 AM,7,6,1
11/21/2014 05:00:00 AM,26,24,2
11/21/2014 06:00:00 AM,78,52,26
11/21/2014 07:00:00 AM,196,139,57
11/21/2014 08:00:00 AM,267,177,90
11/21/2014 09:00:00 AM,166,112,54
11/21/2014 10:00:00 AM,66,36,30
11/21/2014 11:00:00 AM,35,22,13
11/21/2014 12:00:00 PM,28,12,16
11/21/2014 01:00:00 PM,33,16,17
11/21/2014 02:00:00 PM,35,16,19
11/21/2014 03:00:00 PM,39,14,25
11/21/2014 04:00:00 PM,128,47,81
11/21/2014 05:00:00 PM,273,87,186
11/21/2014 06:00:00 PM,181,58,123
11/21/2014 07:00:00 PM,76,27,49
11/21/2014 08:00:00 PM,34,7,27
11/21/2014 09:00:00 PM,32,14,18
11/21/2014 10:00:00 PM,25,16,9
11/21/2014 11:00:00 PM,13,8,5
11/22/2014 12:00:00 AM,7,2,5
11/22/2014 01:00:00 AM,8,2,6
11/22/2014 02:00:00 AM,5,3,2
11/22/2014 03:00:00 AM,2,0,2
11/22/2014 04:00:00 AM,2,0,2
11/22/2014 05:00:00 AM,7,4,3
11/22/2014 06:00:00 AM,11,3,8
11/22/2014 07:00:00 AM,18,10,8
11/22/2014 08:00:00 AM,44,27,17
11/22/2014 09:00:00 AM,64,33,31
11/22/2014 10:00:00 AM,85,38,47
11/22/2014 11:00:00 AM,94,59,35
11/22/2014 12:00:00 PM,76,45,31
11/22/2014 01:00:00 PM,84,44,40
11/22/2014 02:00:00 PM,97,49,48
11/22/2014 03:00:00 PM,116,66,50
11/22/2014 04:00:00 PM,97,49,48
11/22/2014 05:00:00 PM,62,33,29
11/22/2014 06:00:00 PM,60,23,37
11/22/2014 07:00:00 PM,34,20,14
11/22/2014 08:00:00 PM,23,12,11
11/22/2014 09:00:00 PM,21,7,14
11/22/2014 10:00:00 PM,21,11,10
11/22/2014 11:00:00 PM,16,10,6
11/23/2014 12:00:00 AM,12,3,9
11/23/2014 01:00:00 AM,6,3,3
11/23/2014 02:00:00 AM,8,7,1
11/23/2014 03:00:00 AM,3,2,1
11/23/2014 04:00:00 AM,3,2,1
11/23/2014 05:00:00 AM,3,1,2
11/23/2014 06:00:00 AM,6,4,2
11/23/2014 07:00:00 AM,8,5,3
11/23/2014 08:00:00 AM,20,6,14
11/23/2014 09:00:00 AM,39,29,10
11/23/2014 10:00:00 AM,31,18,13
11/23/2014 11:00:00 AM,60,35,25
11/23/2014 12:00:00 PM,63,40,23
11/23/2014 01:00:00 PM,80,43,37
11/23/2014 02:00:00 PM,95,50,45
11/23/2014 03:00:00 PM,96,53,43
11/23/2014 04:00:00 PM,81,42,39
11/23/2014 05:00:00 PM,58,29,29
11/23/2014 06:00:00 PM,35,14,21
11/23/2014 07:00:00 PM,26,14,12
11/23/2014 08:00:00 PM,23,10,13
11/23/2014 09:00:00 PM,10,3,7
11/23/2014 10:00:00 PM,12,5,7
11/23/2014 11:00:00 PM,9,7,2
11/24/2014 12:00:00 AM,2,0,2
11/24/2014 01:00:00 AM,2,1,1
11/24/2014 02:00:00 AM,2,1,1
11/24/2014 03:00:00 AM,2,2,0
11/24/2014 04:00:00 AM,8,6,2
11/24/2014 05:00:00 AM,26,17,9
11/24/2014 06:00:00 AM,95,66,29
11/24/2014 07:00:00 AM,260,196,64
11/24/2014 08:00:00 AM,407,278,129
11/24/2014 09:00:00 AM,173,155,18
11/24/2014 10:00:00 AM,73,72,1
11/24/2014 11:00:00 AM,49,49,0
11/24/2014 12:00:00 PM,39,39,0
11/24/2014 01:00:00 PM,47,47,0
11/24/2014 02:00:00 PM,49,45,4
11/24/2014 03:00:00 PM,78,36,42
11/24/2014 04:00:00 PM,177,76,101
11/24/2014 05:00:00 PM,390,117,273
11/24/2014 06:00:00 PM,287,69,218
11/24/2014 07:00:00 PM,117,40,77
11/24/2014 08:00:00 PM,56,19,37
11/24/2014 09:00:00 PM,40,17,23
11/24/2014 10:00:00 PM,26,14,12
11/24/2014 11:00:00 PM,13,5,8
11/25/2014 12:00:00 AM,8,6,2
11/25/2014 01:00:00 AM,1,0,1
11/25/2014 02:00:00 AM,5,4,1
11/25/2014 03:00:00 AM,2,1,1
11/25/2014 04:00:00 AM,8,6,2
11/25/2014 05:00:00 AM,22,15,7
11/25/2014 06:00:00 AM,74,50,24
11/25/2014 07:00:00 AM,195,152,43
11/25/2014 08:00:00 AM,290,200,90
11/25/2014 09:00:00 AM,153,134,19
11/25/2014 10:00:00 AM,69,68,1
11/25/2014 11:00:00 AM,34,33,1
11/25/2014 12:00:00 PM,30,30,0
11/25/2014 01:00:00 PM,47,27,20
11/25/2014 02:00:00 PM,60,26,34
11/25/2014 03:00:00 PM,57,19,38
11/25/2014 04:00:00 PM,145,62,83
11/25/2014 05:00:00 PM,283,83,200
11/25/2014 06:00:00 PM,239,70,169
11/25/2014 07:00:00 PM,116,42,74
11/25/2014 08:00:00 PM,50,22,28
11/25/2014 09:00:00 PM,27,12,15
11/25/2014 10:00:00 PM,19,10,9
11/25/2014 11:00:00 PM,17,6,11
11/26/2014 12:00:00 AM,10,4,6
11/26/2014 01:00:00 AM,3,2,1
11/26/2014 02:00:00 AM,0,0,0
11/26/2014 03:00:00 AM,1,0,1
11/26/2014 04:00:00 AM,2,2,0
11/26/2014 05:00:00 AM,25,22,3
11/26/2014 06:00:00 AM,57,37,20
11/26/2014 07:00:00 AM,179,130,49
11/26/2014 08:00:00 AM,292,191,101
11/26/2014 09:00:00 AM,193,113,80
11/26/2014 10:00:00 AM,91,62,29
11/26/2014 11:00:00 AM,65,40,25
11/26/2014 12:00:00 PM,87,51,36
11/26/2014 01:00:00 PM,120,59,61
11/26/2014 02:00:00 PM,117,58,59
11/26/2014 03:00:00 PM,184,71,113
11/26/2014 04:00:00 PM,230,89,141
11/26/2014 05:00:00 PM,245,92,153
11/26/2014 06:00:00 PM,160,63,97
11/26/2014 07:00:00 PM,59,26,33
11/26/2014 08:00:00 PM,58,21,37
11/26/2014 09:00:00 PM,25,14,11
11/26/2014 10:00:00 PM,15,5,10
11/26/2014 11:00:00 PM,21,10,11
11/27/2014 12:00:00 AM,10,4,6
11/27/2014 01:00:00 AM,3,2,1
11/27/2014 02:00:00 AM,2,1,1
11/27/2014 03:00:00 AM,2,2,0
11/27/2014 04:00:00 AM,1,1,0
11/27/2014 05:00:00 AM,2,1,1
11/27/2014 06:00:00 AM,14,12,2
11/27/2014 07:00:00 AM,9,6,3
11/27/2014 08:00:00 AM,30,20,10
11/27/2014 09:00:00 AM,40,19,21
11/27/2014 10:00:00 AM,48,30,18
11/27/2014 11:00:00 AM,73,45,28
11/27/2014 12:00:00 PM,61,36,25
11/27/2014 01:00:00 PM,59,43,16
11/27/2014 02:00:00 PM,23,15,8
11/27/2014 03:00:00 PM,30,17,13
11/27/2014 04:00:00 PM,17,10,7
11/27/2014 05:00:00 PM,11,1,10
11/27/2014 06:00:00 PM,4,0,4
11/27/2014 07:00:00 PM,5,3,2
11/27/2014 08:00:00 PM,13,9,4
11/27/2014 09:00:00 PM,19,9,10
11/27/2014 10:00:00 PM,9,5,4
11/27/2014 11:00:00 PM,15,4,11
11/28/2014 12:00:00 AM,8,7,1
11/28/2014 01:00:00 AM,0,0,0
11/28/2014 02:00:00 AM,2,2,0
11/28/2014 03:00:00 AM,5,1,4
11/28/2014 04:00:00 AM,13,9,4
11/28/2014 05:00:00 AM,8,5,3
11/28/2014 06:00:00 AM,13,6,7
11/28/2014 07:00:00 AM,17,12,5
11/28/2014 08:00:00 AM,26,19,7
11/28/2014 09:00:00 AM,19,12,7
11/28/2014 10:00:00 AM,12,6,6
11/28/2014 11:00:00 AM,9,3,6
11/28/2014 12:00:00 PM,15,12,3
11/28/2014 01:00:00 PM,19,12,7
11/28/2014 02:00:00 PM,25,13,12
11/28/2014 03:00:00 PM,16,5,11
11/28/2014 04:00:00 PM,25,9,16
11/28/2014 05:00:00 PM,20,10,10
11/28/2014 06:00:00 PM,15,7,8
11/28/2014 07:00:00 PM,17,7,10
11/28/2014 08:00:00 PM,14,4,10
11/28/2014 09:00:00 PM,6,3,3
11/28/2014 10:00:00 PM,9,3,6
11/28/2014 11:00:00 PM,11,4,7
11/29/2014 12:00:00 AM,5,2,3
11/29/2014 01:00:00 AM,2,2,0
11/29/2014 02:00:00 AM,4,2,2
11/29/2014 03:00:00 AM,1,1,0
11/29/2014 04:00:00 AM,1,0,1
11/29/2014 05:00:00 AM,5,3,2
11/29/2014 06:00:00 AM,7,3,4
11/29/2014 07:00:00 AM,8,4,4
11/29/2014 08:00:00 AM,19,6,13
11/29/2014 09:00:00 AM,33,25,8
11/29/2014 10:00:00 AM,20,11,9
11/29/2014 11:00:00 AM,18,10,8
11/29/2014 12:00:00 PM,26,10,16
11/29/2014 01:00:00 PM,29,19,10
11/29/2014 02:00:00 PM,29,14,15
11/29/2014 03:00:00 PM,26,11,15
11/29/2014 04:00:00 PM,24,10,14
11/29/2014 05:00:00 PM,23,12,11
11/29/2014 06:00:00 PM,14,8,6
11/29/2014 07:00:00 PM,14,3,11
11/29/2014 08:00:00 PM,16,5,11
11/29/2014 09:00:00 PM,8,3,5
11/29/2014 10:00:00 PM,9,4,5
11/29/2014 11:00:00 PM,4,1,3
11/30/2014 12:00:00 AM,6,1,5
11/30/2014 01:00:00 AM,1,0,1
11/30/2014 02:00:00 AM,4,1,3
11/30/2014 03:00:00 AM,1,1,0
11/30/2014 04:00:00 AM,2,1,1
11/30/2014 05:00:00 AM,3,1,2
11/30/2014 06:00:00 AM,3,2,1
11/30/2014 07:00:00 AM,5,3,2
11/30/2014 08:00:00 AM,24,12,12
11/30/2014 09:00:00 AM,27,15,12
11/30/2014 10:00:00 AM,28,10,18
11/30/2014 11:00:00 AM,28,18,10
11/30/2014 12:00:00 PM,38,17,21
11/30/2014 01:00:00 PM,54,29,25
11/30/2014 02:00:00 PM,61,37,24
11/30/2014 03:00:00 PM,40,21,19
11/30/2014 04:00:00 PM,52,27,25
11/30/2014 05:00:00 PM,35,18,17
11/30/2014 06:00:00 PM,24,11,13
11/30/2014 07:00:00 PM,10,5,5
11/30/2014 08:00:00 PM,11,3,8
11/30/2014 09:00:00 PM,16,3,13
11/30/2014 10:00:00 PM,13,5,8
11/30/2014 11:00:00 PM,7,2,5
12/01/2014 12:00:00 AM,5,4,1
12/01/2014 01:00:00 AM,0,0,0
12/01/2014 02:00:00 AM,3,2,1
12/01/2014 03:00:00 AM,2,1,1
12/01/2014 04:00:00 AM,1,0,1
12/01/2014 05:00:00 AM,24,20,4
12/01/2014 06:00:00 AM,53,32,21
12/01/2014 07:00:00 AM,176,144,32
12/01/2014 08:00:00 AM,287,213,74
12/01/2014 09:00:00 AM,160,110,50
12/01/2014 10:00:00 AM,60,37,23
12/01/2014 11:00:00 AM,47,24,23
12/01/2014 12:00:00 PM,36,19,17
12/01/2014 01:00:00 PM,39,13,26
12/01/2014 02:00:00 PM,52,26,26
12/01/2014 03:00:00 PM,64,26,38
12/01/2014 04:00:00 PM,110,44,66
12/01/2014 05:00:00 PM,278,83,195
12/01/2014 06:00:00 PM,217,69,148
12/01/2014 07:00:00 PM,90,35,55
12/01/2014 08:00:00 PM,49,23,26
12/01/2014 09:00:00 PM,25,9,16
12/01/2014 10:00:00 PM,15,7,8
12/01/2014 11:00:00 PM,16,3,13
12/02/2014 12:00:00 AM,4,3,1
12/02/2014 01:00:00 AM,5,2,3
12/02/2014 02:00:00 AM,1,1,0
12/02/2014 03:00:00 AM,6,3,3
12/02/2014 04:00:00 AM,2,1,1
12/02/2014 05:00:00 AM,26,20,6
12/02/2014 06:00:00 AM,83,55,28
12/02/2014 07:00:00 AM,207,149,58
12/02/2014 08:00:00 AM,340,232,108
12/02/2014 09:00:00 AM,162,149,13
12/02/2014 10:00:00 AM,63,47,16
12/02/2014 11:00:00 AM,29,0,29
12/02/2014 12:00:00 PM,58,0,58
12/02/2014 01:00:00 PM,45,0,45
12/02/2014 02:00:00 PM,58,3,55
12/02/2014 03:00:00 PM,80,31,49
12/02/2014 04:00:00 PM,163,73,90
12/02/2014 05:00:00 PM,304,91,213
12/02/2014 06:00:00 PM,262,80,182
12/02/2014 07:00:00 PM,113,39,74
12/02/2014 08:00:00 PM,58,22,36
12/02/2014 09:00:00 PM,39,21,18
12/02/2014 10:00:00 PM,19,12,7
12/02/2014 11:00:00 PM,12,3,9
12/03/2014 12:00:00 AM,4,1,3
12/03/2014 01:00:00 AM,3,2,1
12/03/2014 02:00:00 AM,2,2,0
12/03/2014 03:00:00 AM,3,2,1
12/03/2014 04:00:00 AM,3,3,0
12/03/2014 05:00:00 AM,23,21,2
12/03/2014 06:00:00 AM,61,40,21
12/03/2014 07:00:00 AM,223,162,61
12/03/2014 08:00:00 AM,346,236,110
12/03/2014 09:00:00 AM,209,140,69
12/03/2014 10:00:00 AM,70,9,61
12/03/2014 11:00:00 AM,46,0,46
12/03/2014 12:00:00 PM,54,0,54
12/03/2014 01:00:00 PM,37,0,37
12/03/2014 02:00:00 PM,69,2,67
12/03/2014 03:00:00 PM,81,22,59
12/03/2014 04:00:00 PM,147,66,81
12/03/2014 05:00:00 PM,349,119,230
12/03/2014 06:00:00 PM,280,84,196
12/03/2014 07:00:00 PM,123,43,80
12/03/2014 08:00:00 PM,68,21,47
12/03/2014 09:00:00 PM,49,26,23
12/03/2014 10:00:00 PM,25,11,14
12/03/2014 11:00:00 PM,19,7,12
12/04/2014 12:00:00 AM,10,4,6
12/04/2014 01:00:00 AM,3,2,1
12/04/2014 02:00:00 AM,3,3,0
12/04/2014 03:00:00 AM,3,1,2
12/04/2014 04:00:00 AM,3,0,3
12/04/2014 05:00:00 AM,23,19,4
12/04/2014 06:00:00 AM,80,58,22
12/04/2014 07:00:00 AM,212,150,62
12/04/2014 08:00:00 AM,339,234,105
12/04/2014 09:00:00 AM,192,136,56
12/04/2014 10:00:00 AM,63,13,50
12/04/2014 11:00:00 AM,35,0,35
12/04/2014 12:00:00 PM,33,0,33
12/04/2014 01:00:00 PM,44,0,44
12/04/2014 02:00:00 PM,51,0,51
12/04/2014 03:00:00 PM,72,29,43
12/04/2014 04:00:00 PM,137,60,77
12/04/2014 05:00:00 PM,300,95,205
12/04/2014 06:00:00 PM,239,67,172
12/04/2014 07:00:00 PM,120,41,79
12/04/2014 08:00:00 PM,60,17,43
12/04/2014 09:00:00 PM,44,13,31
12/04/2014 10:00:00 PM,19,6,13
12/04/2014 11:00:00 PM,11,3,8
12/05/2014 12:00:00 AM,8,2,6
12/05/2014 01:00:00 AM,2,2,0
12/05/2014 02:00:00 AM,1,1,0
12/05/2014 03:00:00 AM,4,3,1
12/05/2014 04:00:00 AM,3,3,0
12/05/2014 05:00:00 AM,21,17,4
12/05/2014 06:00:00 AM,70,45,25
12/05/2014 07:00:00 AM,163,117,46
12/05/2014 08:00:00 AM,280,174,106
12/05/2014 09:00:00 AM,177,117,60
12/05/2014 10:00:00 AM,61,33,28
12/05/2014 11:00:00 AM,54,29,25
12/05/2014 12:00:00 PM,40,26,14
12/05/2014 01:00:00 PM,49,20,29
12/05/2014 02:00:00 PM,53,27,26
12/05/2014 03:00:00 PM,77,38,39
12/05/2014 04:00:00 PM,152,64,88
12/05/2014 05:00:00 PM,274,81,193
12/05/2014 06:00:00 PM,210,57,153
12/05/2014 07:00:00 PM,104,41,63
12/05/2014 08:00:00 PM,41,15,26
12/05/2014 09:00:00 PM,28,8,20
12/05/2014 10:00:00 PM,39,19,20
12/05/2014 11:00:00 PM,17,5,12
12/06/2014 12:00:00 AM,17,6,11
12/06/2014 01:00:00 AM,11,3,8
12/06/2014 02:00:00 AM,8,4,4
12/06/2014 03:00:00 AM,0,0,0
12/06/2014 04:00:00 AM,4,2,2
12/06/2014 05:00:00 AM,6,5,1
12/06/2014 06:00:00 AM,13,4,9
12/06/2014 07:00:00 AM,22,13,9
12/06/2014 08:00:00 AM,44,29,15
12/06/2014 09:00:00 AM,75,39,36
12/06/2014 10:00:00 AM,63,34,29
12/06/2014 11:00:00 AM,58,32,26
12/06/2014 12:00:00 PM,77,46,31
12/06/2014 01:00:00 PM,73,41,32
12/06/2014 02:00:00 PM,81,51,30
12/06/2014 03:00:00 PM,86,43,43
12/06/2014 04:00:00 PM,71,29,42
12/06/2014 05:00:00 PM,56,34,22
12/06/2014 06:00:00 PM,34,15,19
12/06/2014 07:00:00 PM,24,14,10
12/06/2014 08:00:00 PM,27,14,13
12/06/2014 09:00:00 PM,16,3,13
12/06/2014 10:00:00 PM,14,6,8
12/06/2014 11:00:00 PM,22,11,11
12/07/2014 12:00:00 AM,8,6,2
12/07/2014 01:00:00 AM,9,6,3
12/07/2014 02:00:00 AM,6,0,6
12/07/2014 03:00:00 AM,6,4,2
12/07/2014 04:00:00 AM,2,1,1
12/07/2014 05:00:00 AM,6,3,3
12/07/2014 06:00:00 AM,6,2,4
12/07/2014 07:00:00 AM,10,7,3
12/07/2014 08:00:00 AM,57,36,21
12/07/2014 09:00:00 AM,70,41,29
12/07/2014 10:00:00 AM,135,73,62
12/07/2014 11:00:00 AM,105,61,44
12/07/2014 12:00:00 PM,130,55,75
12/07/2014 01:00:00 PM,118,64,54
12/07/2014 02:00:00 PM,101,65,36
12/07/2014 03:00:00 PM,125,64,61
12/07/2014 04:00:00 PM,90,39,51
12/07/2014 05:00:00 PM,68,41,27
12/07/2014 06:00:00 PM,42,16,26
12/07/2014 07:00:00 PM,31,14,17
12/07/2014 08:00:00 PM,21,10,11
12/07/2014 09:00:00 PM,15,2,13
12/07/2014 10:00:00 PM,17,9,8
12/07/2014 11:00:00 PM,16,9,7
12/08/2014 12:00:00 AM,4,2,2
12/08/2014 01:00:00 AM,2,1,1
12/08/2014 02:00:00 AM,3,3,0
12/08/2014 03:00:00 AM,2,0,2
12/08/2014 04:00:00 AM,2,2,0
12/08/2014 05:00:00 AM,33,22,11
12/08/2014 06:00:00 AM,102,64,38
12/08/2014 07:00:00 AM,285,227,58
12/08/2014 08:00:00 AM,390,275,115
12/08/2014 09:00:00 AM,193,25,168
12/08/2014 10:00:00 AM,65,0,65
12/08/2014 11:00:00 AM,56,1,55
12/08/2014 12:00:00 PM,44,3,41
12/08/2014 01:00:00 PM,49,2,47
12/08/2014 02:00:00 PM,66,11,55
12/08/2014 03:00:00 PM,78,38,40
12/08/2014 04:00:00 PM,161,65,96
12/08/2014 05:00:00 PM,380,112,268
12/08/2014 06:00:00 PM,303,84,219
12/08/2014 07:00:00 PM,86,35,51
12/08/2014 08:00:00 PM,43,16,27
12/08/2014 09:00:00 PM,19,6,13
12/08/2014 10:00:00 PM,16,4,12
12/08/2014 11:00:00 PM,7,1,6
12/09/2014 12:00:00 AM,3,3,0
12/09/2014 01:00:00 AM,3,3,0
12/09/2014 02:00:00 AM,2,2,0
12/09/2014 03:00:00 AM,5,2,3
12/09/2014 04:00:00 AM,1,1,0
12/09/2014 05:00:00 AM,28,22,6
12/09/2014 06:00:00 AM,85,59,26
12/09/2014 07:00:00 AM,227,156,71
12/09/2014 08:00:00 AM,327,217,110
12/09/2014 09:00:00 AM,120,115,5
12/09/2014 10:00:00 AM,48,48,0
12/09/2014 11:00:00 AM,43,43,0
12/09/2014 12:00:00 PM,28,28,0
12/09/2014 01:00:00 PM,35,35,0
12/09/2014 02:00:00 PM,51,51,0
12/09/2014 03:00:00 PM,88,44,44
12/09/2014 04:00:00 PM,182,87,95
12/09/2014 05:00:00 PM,327,103,224
12/09/2014 06:00:00 PM,280,95,185
12/09/2014 07:00:00 PM,113,41,72
12/09/2014 08:00:00 PM,58,23,35
12/09/2014 09:00:00 PM,33,11,22
12/09/2014 10:00:00 PM,21,8,13
12/09/2014 11:00:00 PM,11,3,8
12/10/2014 12:00:00 AM,5,3,2
12/10/2014 01:00:00 AM,5,2,3
12/10/2014 02:00:00 AM,3,3,0
12/10/2014 03:00:00 AM,2,1,1
12/10/2014 04:00:00 AM,2,1,1
12/10/2014 05:00:00 AM,15,12,3
12/10/2014 06:00:00 AM,80,52,28
12/10/2014 07:00:00 AM,199,157,42
12/10/2014 08:00:00 AM,298,298,0
12/10/2014 09:00:00 AM,155,155,0
12/10/2014 10:00:00 AM,75,75,0
12/10/2014 11:00:00 AM,34,34,0
12/10/2014 12:00:00 PM,37,37,0
12/10/2014 01:00:00 PM,37,29,8
12/10/2014 02:00:00 PM,31,18,13
12/10/2014 03:00:00 PM,59,31,28
12/10/2014 04:00:00 PM,136,43,93
12/10/2014 05:00:00 PM,297,105,192
12/10/2014 06:00:00 PM,241,67,174
12/10/2014 07:00:00 PM,100,29,71
12/10/2014 08:00:00 PM,67,25,42
12/10/2014 09:00:00 PM,40,16,24
12/10/2014 10:00:00 PM,18,9,9
12/10/2014 11:00:00 PM,21,6,15
12/11/2014 12:00:00 AM,7,2,5
12/11/2014 01:00:00 AM,3,1,2
12/11/2014 02:00:00 AM,4,2,2
12/11/2014 03:00:00 AM,1,0,1
12/11/2014 04:00:00 AM,4,3,1
12/11/2014 05:00:00 AM,21,14,7
12/11/2014 06:00:00 AM,64,47,17
12/11/2014 07:00:00 AM,141,37,104
12/11/2014 08:00:00 AM,194,0,194
12/11/2014 09:00:00 AM,110,0,110
12/11/2014 10:00:00 AM,55,0,55
12/11/2014 11:00:00 AM,33,0,33
12/11/2014 12:00:00 PM,18,0,18
12/11/2014 01:00:00 PM,35,2,33
12/11/2014 02:00:00 PM,42,20,22
12/11/2014 03:00:00 PM,76,33,43
12/11/2014 04:00:00 PM,146,64,82
12/11/2014 05:00:00 PM,263,70,193
12/11/2014 06:00:00 PM,208,58,150
12/11/2014 07:00:00 PM,92,34,58
12/11/2014 08:00:00 PM,29,9,20
12/11/2014 09:00:00 PM,38,12,26
12/11/2014 10:00:00 PM,22,11,11
12/11/2014 11:00:00 PM,15,3,12
12/12/2014 12:00:00 AM,4,1,3
12/12/2014 01:00:00 AM,3,2,1
12/12/2014 02:00:00 AM,3,0,3
12/12/2014 03:00:00 AM,2,1,1
12/12/2014 04:00:00 AM,4,3,1
12/12/2014 05:00:00 AM,18,13,5
12/12/2014 06:00:00 AM,74,44,30
12/12/2014 07:00:00 AM,189,126,63
12/12/2014 08:00:00 AM,319,221,98
12/12/2014 09:00:00 AM,155,148,7
12/12/2014 10:00:00 AM,66,66,0
12/12/2014 11:00:00 AM,75,51,24
12/12/2014 12:00:00 PM,60,29,31
12/12/2014 01:00:00 PM,74,35,39
12/12/2014 02:00:00 PM,91,50,41
12/12/2014 03:00:00 PM,117,51,66
12/12/2014 04:00:00 PM,200,73,127
12/12/2014 05:00:00 PM,365,96,269
12/12/2014 06:00:00 PM,223,75,148
12/12/2014 07:00:00 PM,94,26,68
12/12/2014 08:00:00 PM,71,26,45
12/12/2014 09:00:00 PM,41,23,18
12/12/2014 10:00:00 PM,27,15,12
12/12/2014 11:00:00 PM,26,6,20
12/13/2014 12:00:00 AM,13,2,11
12/13/2014 01:00:00 AM,5,3,2
12/13/2014 02:00:00 AM,9,6,3
12/13/2014 03:00:00 AM,6,2,4
12/13/2014 04:00:00 AM,2,0,2
12/13/2014 05:00:00 AM,6,5,1
12/13/2014 06:00:00 AM,16,9,7
12/13/2014 07:00:00 AM,24,12,12
12/13/2014 08:00:00 AM,50,22,28
12/13/2014 09:00:00 AM,60,27,33
12/13/2014 10:00:00 AM,85,51,34
12/13/2014 11:00:00 AM,108,65,43
12/13/2014 12:00:00 PM,110,69,41
12/13/2014 01:00:00 PM,104,58,46
12/13/2014 02:00:00 PM,146,76,70
12/13/2014 03:00:00 PM,165,93,72
12/13/2014 04:00:00 PM,97,46,51
12/13/2014 05:00:00 PM,45,32,13
12/13/2014 06:00:00 PM,43,24,19
12/13/2014 07:00:00 PM,22,8,14
12/13/2014 08:00:00 PM,20,7,13
12/13/2014 09:00:00 PM,28,6,22
12/13/2014 10:00:00 PM,16,9,7
12/13/2014 11:00:00 PM,23,9,14
12/14/2014 12:00:00 AM,16,6,10
12/14/2014 01:00:00 AM,13,9,4
12/14/2014 02:00:00 AM,6,1,5
12/14/2014 03:00:00 AM,3,1,2
12/14/2014 04:00:00 AM,3,2,1
12/14/2014 05:00:00 AM,3,2,1
12/14/2014 06:00:00 AM,10,2,8
12/14/2014 07:00:00 AM,11,8,3
12/14/2014 08:00:00 AM,47,25,22
12/14/2014 09:00:00 AM,83,48,35
12/14/2014 10:00:00 AM,92,58,34
12/14/2014 11:00:00 AM,109,66,43
12/14/2014 12:00:00 PM,125,84,41
12/14/2014 01:00:00 PM,158,73,85
12/14/2014 02:00:00 PM,134,86,48
12/14/2014 03:00:00 PM,108,55,53
12/14/2014 04:00:00 PM,107,58,49
12/14/2014 05:00:00 PM,60,29,31
12/14/2014 06:00:00 PM,43,21,22
12/14/2014 07:00:00 PM,37,15,22
12/14/2014 08:00:00 PM,24,9,15
12/14/2014 09:00:00 PM,20,8,12
12/14/2014 10:00:00 PM,11,8,3
12/14/2014 11:00:00 PM,9,3,6
12/15/2014 12:00:00 AM,4,2,2
12/15/2014 01:00:00 AM,2,0,2
12/15/2014 02:00:00 AM,1,1,0
12/15/2014 03:00:00 AM,4,3,1
12/15/2014 04:00:00 AM,2,2,0
12/15/2014 05:00:00 AM,35,28,7
12/15/2014 06:00:00 AM,99,66,33
12/15/2014 07:00:00 AM,177,26,151
12/15/2014 08:00:00 AM,242,0,242
12/15/2014 09:00:00 AM,155,0,155
12/15/2014 10:00:00 AM,53,0,53
12/15/2014 11:00:00 AM,56,2,54
12/15/2014 12:00:00 PM,44,1,43
12/15/2014 01:00:00 PM,56,0,56
12/15/2014 02:00:00 PM,61,2,59
12/15/2014 03:00:00 PM,119,54,65
12/15/2014 04:00:00 PM,200,77,123
12/15/2014 05:00:00 PM,392,114,278
12/15/2014 06:00:00 PM,310,75,235
12/15/2014 07:00:00 PM,125,43,82
12/15/2014 08:00:00 PM,59,15,44
12/15/2014 09:00:00 PM,49,21,28
12/15/2014 10:00:00 PM,23,9,14
12/15/2014 11:00:00 PM,15,7,8
12/16/2014 12:00:00 AM,10,3,7
12/16/2014 01:00:00 AM,4,1,3
12/16/2014 02:00:00 AM,3,1,2
12/16/2014 03:00:00 AM,7,3,4
12/16/2014 04:00:00 AM,4,4,0
12/16/2014 05:00:00 AM,24,21,3
12/16/2014 06:00:00 AM,93,65,28
12/16/2014 07:00:00 AM,235,220,15
12/16/2014 08:00:00 AM,319,319,0
12/16/2014 09:00:00 AM,170,169,1
12/16/2014 10:00:00 AM,64,64,0
12/16/2014 11:00:00 AM,63,63,0
12/16/2014 12:00:00 PM,62,60,2
12/16/2014 01:00:00 PM,50,0,50
12/16/2014 02:00:00 PM,67,5,62
12/16/2014 03:00:00 PM,111,51,60
12/16/2014 04:00:00 PM,183,72,111
12/16/2014 05:00:00 PM,365,106,259
12/16/2014 06:00:00 PM,329,99,230
12/16/2014 07:00:00 PM,127,49,78
12/16/2014 08:00:00 PM,62,23,39
12/16/2014 09:00:00 PM,30,10,20
12/16/2014 10:00:00 PM,23,8,15
12/16/2014 11:00:00 PM,19,4,15
12/17/2014 12:00:00 AM,7,4,3
12/17/2014 01:00:00 AM,5,3,2
12/17/2014 02:00:00 AM,3,2,1
12/17/2014 03:00:00 AM,3,2,1
12/17/2014 04:00:00 AM,5,4,1
12/17/2014 05:00:00 AM,23,20,3
12/17/2014 06:00:00 AM,71,54,17
12/17/2014 07:00:00 AM,168,25,143
12/17/2014 08:00:00 AM,246,6,240
12/17/2014 09:00:00 AM,135,0,135
12/17/2014 10:00:00 AM,59,1,58
12/17/2014 11:00:00 AM,38,0,38
12/17/2014 12:00:00 PM,33,31,2
12/17/2014 01:00:00 PM,36,36,0
12/17/2014 02:00:00 PM,51,44,7
12/17/2014 03:00:00 PM,80,36,44
12/17/2014 04:00:00 PM,146,54,92
12/17/2014 05:00:00 PM,319,93,226
12/17/2014 06:00:00 PM,289,78,211
12/17/2014 07:00:00 PM,122,44,78
12/17/2014 08:00:00 PM,61,18,43
12/17/2014 09:00:00 PM,32,17,15
12/17/2014 10:00:00 PM,22,9,13
12/17/2014 11:00:00 PM,25,6,19
12/18/2014 12:00:00 AM,9,2,7
12/18/2014 01:00:00 AM,4,2,2
12/18/2014 02:00:00 AM,3,2,1
12/18/2014 03:00:00 AM,2,0,2
12/18/2014 04:00:00 AM,4,2,2
12/18/2014 05:00:00 AM,23,18,5
12/18/2014 06:00:00 AM,78,58,20
12/18/2014 07:00:00 AM,176,165,11
12/18/2014 08:00:00 AM,308,305,3
12/18/2014 09:00:00 AM,143,143,0
12/18/2014 10:00:00 AM,76,76,0
12/18/2014 11:00:00 AM,39,39,0
12/18/2014 12:00:00 PM,41,38,3
12/18/2014 01:00:00 PM,50,50,0
12/18/2014 02:00:00 PM,44,39,5
12/18/2014 03:00:00 PM,66,32,34
12/18/2014 04:00:00 PM,137,49,88
12/18/2014 05:00:00 PM,288,84,204
12/18/2014 06:00:00 PM,238,63,175
12/18/2014 07:00:00 PM,101,35,66
12/18/2014 08:00:00 PM,49,11,38
12/18/2014 09:00:00 PM,34,9,25
12/18/2014 10:00:00 PM,17,5,12
12/18/2014 11:00:00 PM,11,2,9
12/19/2014 12:00:00 AM,7,2,5
12/19/2014 01:00:00 AM,3,0,3
12/19/2014 02:00:00 AM,1,1,0
12/19/2014 03:00:00 AM,1,1,0
12/19/2014 04:00:00 AM,4,4,0
12/19/2014 05:00:00 AM,14,10,4
12/19/2014 06:00:00 AM,66,46,20
12/19/2014 07:00:00 AM,139,95,44
12/19/2014 08:00:00 AM,223,144,79
12/19/2014 09:00:00 AM,190,129,61
12/19/2014 10:00:00 AM,70,50,20
12/19/2014 11:00:00 AM,69,38,31
12/19/2014 12:00:00 PM,70,38,32
12/19/2014 01:00:00 PM,74,40,34
12/19/2014 02:00:00 PM,66,28,38
12/19/2014 03:00:00 PM,89,42,47
12/19/2014 04:00:00 PM,178,61,117
12/19/2014 05:00:00 PM,238,85,153
12/19/2014 06:00:00 PM,167,63,104
12/19/2014 07:00:00 PM,84,27,57
12/19/2014 08:00:00 PM,48,23,25
12/19/2014 09:00:00 PM,32,9,23
12/19/2014 10:00:00 PM,21,11,10
12/19/2014 11:00:00 PM,16,6,10
12/20/2014 12:00:00 AM,14,5,9
12/20/2014 01:00:00 AM,12,6,6
12/20/2014 02:00:00 AM,6,5,1
12/20/2014 03:00:00 AM,2,0,2
12/20/2014 04:00:00 AM,1,1,0
12/20/2014 05:00:00 AM,6,4,2
12/20/2014 06:00:00 AM,12,5,7
12/20/2014 07:00:00 AM,12,7,5
12/20/2014 08:00:00 AM,29,18,11
12/20/2014 09:00:00 AM,14,6,8
12/20/2014 10:00:00 AM,31,16,15
12/20/2014 11:00:00 AM,21,12,9
12/20/2014 12:00:00 PM,29,12,17
12/20/2014 01:00:00 PM,31,17,14
12/20/2014 02:00:00 PM,31,18,13
12/20/2014 03:00:00 PM,25,15,10
12/20/2014 04:00:00 PM,37,23,14
12/20/2014 05:00:00 PM,21,10,11
12/20/2014 06:00:00 PM,25,14,11
12/20/2014 07:00:00 PM,9,4,5
12/20/2014 08:00:00 PM,17,11,6
12/20/2014 09:00:00 PM,6,3,3
12/20/2014 10:00:00 PM,7,2,5
12/20/2014 11:00:00 PM,6,2,4
12/21/2014 12:00:00 AM,14,7,7
12/21/2014 01:00:00 AM,8,1,7
12/21/2014 02:00:00 AM,12,2,10
12/21/2014 03:00:00 AM,5,4,1
12/21/2014 04:00:00 AM,4,3,1
12/21/2014 05:00:00 AM,4,3,1
12/21/2014 06:00:00 AM,9,2,7
12/21/2014 07:00:00 AM,15,8,7
12/21/2014 08:00:00 AM,29,18,11
12/21/2014 09:00:00 AM,50,30,20
12/21/2014 10:00:00 AM,58,31,27
12/21/2014 11:00:00 AM,78,50,28
12/21/2014 12:00:00 PM,79,39,40
12/21/2014 01:00:00 PM,93,55,38
12/21/2014 02:00:00 PM,71,50,21
12/21/2014 03:00:00 PM,95,51,44
12/21/2014 04:00:00 PM,54,23,31
12/21/2014 05:00:00 PM,52,18,34
12/21/2014 06:00:00 PM,31,18,13
12/21/2014 07:00:00 PM,16,7,9
12/21/2014 08:00:00 PM,11,8,3
12/21/2014 09:00:00 PM,16,10,6
12/21/2014 10:00:00 PM,25,9,16
12/21/2014 11:00:00 PM,15,7,8
12/22/2014 12:00:00 AM,8,4,4
12/22/2014 01:00:00 AM,1,0,1
12/22/2014 02:00:00 AM,3,2,1
12/22/2014 03:00:00 AM,3,3,0
12/22/2014 04:00:00 AM,3,3,0
12/22/2014 05:00:00 AM,29,21,8
12/22/2014 06:00:00 AM,76,47,29
12/22/2014 07:00:00 AM,204,145,59
12/22/2014 08:00:00 AM,299,211,88
12/22/2014 09:00:00 AM,163,112,51
12/22/2014 10:00:00 AM,81,47,34
12/22/2014 11:00:00 AM,86,46,40
12/22/2014 12:00:00 PM,49,29,20
12/22/2014 01:00:00 PM,69,38,31
12/22/2014 02:00:00 PM,104,58,46
12/22/2014 03:00:00 PM,113,52,61
12/22/2014 04:00:00 PM,182,56,126
12/22/2014 05:00:00 PM,346,103,243
12/22/2014 06:00:00 PM,219,59,160
12/22/2014 07:00:00 PM,100,36,64
12/22/2014 08:00:00 PM,39,18,21
12/22/2014 09:00:00 PM,35,17,18
12/22/2014 10:00:00 PM,28,16,12
12/22/2014 11:00:00 PM,16,9,7
12/23/2014 12:00:00 AM,13,3,10
12/23/2014 01:00:00 AM,8,3,5
12/23/2014 02:00:00 AM,5,4,1
12/23/2014 03:00:00 AM,2,2,0
12/23/2014 04:00:00 AM,4,3,1
12/23/2014 05:00:00 AM,19,15,4
12/23/2014 06:00:00 AM,53,40,13
12/23/2014 07:00:00 AM,147,101,46
12/23/2014 08:00:00 AM,193,143,50
12/23/2014 09:00:00 AM,117,72,45
12/23/2014 10:00:00 AM,72,36,36
12/23/2014 11:00:00 AM,46,26,20
12/23/2014 12:00:00 PM,63,35,28
12/23/2014 01:00:00 PM,66,47,19
12/23/2014 02:00:00 PM,53,23,30
12/23/2014 03:00:00 PM,69,24,45
12/23/2014 04:00:00 PM,109,37,72
12/23/2014 05:00:00 PM,167,43,124
12/23/2014 06:00:00 PM,106,39,67
12/23/2014 07:00:00 PM,31,11,20
12/23/2014 08:00:00 PM,24,3,21
12/23/2014 09:00:00 PM,8,4,4
12/23/2014 10:00:00 PM,12,6,6
12/23/2014 11:00:00 PM,13,10,3
12/24/2014 12:00:00 AM,5,1,4
12/24/2014 01:00:00 AM,6,4,2
12/24/2014 02:00:00 AM,1,1,0
12/24/2014 03:00:00 AM,4,1,3
12/24/2014 04:00:00 AM,2,2,0
12/24/2014 05:00:00 AM,6,6,0
12/24/2014 06:00:00 AM,27,19,8
12/24/2014 07:00:00 AM,61,46,15
12/24/2014 08:00:00 AM,77,51,26
12/24/2014 09:00:00 AM,62,40,22
12/24/2014 10:00:00 AM,44,30,14
12/24/2014 11:00:00 AM,50,24,26
12/24/2014 12:00:00 PM,59,29,30
12/24/2014 01:00:00 PM,63,30,33
12/24/2014 02:00:00 PM,70,26,44
12/24/2014 03:00:00 PM,105,49,56
12/24/2014 04:00:00 PM,72,32,40
12/24/2014 05:00:00 PM,45,17,28
12/24/2014 06:00:00 PM,16,6,10
12/24/2014 07:00:00 PM,12,3,9
12/24/2014 08:00:00 PM,8,3,5
12/24/2014 09:00:00 PM,6,2,4
12/24/2014 10:00:00 PM,7,5,2
12/24/2014 11:00:00 PM,5,3,2
12/25/2014 12:00:00 AM,1,0,1
12/25/2014 01:00:00 AM,3,1,2
12/25/2014 02:00:00 AM,1,0,1
12/25/2014 03:00:00 AM,0,0,0
12/25/2014 04:00:00 AM,1,0,1
12/25/2014 05:00:00 AM,3,3,0
12/25/2014 06:00:00 AM,4,2,2
12/25/2014 07:00:00 AM,4,1,3
12/25/2014 08:00:00 AM,7,2,5
12/25/2014 09:00:00 AM,20,16,4
12/25/2014 10:00:00 AM,31,23,8
12/25/2014 11:00:00 AM,27,14,13
12/25/2014 12:00:00 PM,34,24,10
12/25/2014 01:00:00 PM,77,45,32
12/25/2014 02:00:00 PM,74,36,38
12/25/2014 03:00:00 PM,64,41,23
12/25/2014 04:00:00 PM,26,11,15
12/25/2014 05:00:00 PM,12,5,7
12/25/2014 06:00:00 PM,13,4,9
12/25/2014 07:00:00 PM,18,11,7
12/25/2014 08:00:00 PM,8,2,6
12/25/2014 09:00:00 PM,5,2,3
12/25/2014 10:00:00 PM,11,5,6
12/25/2014 11:00:00 PM,7,5,2
12/26/2014 12:00:00 AM,6,4,2
12/26/2014 01:00:00 AM,4,3,1
12/26/2014 02:00:00 AM,1,1,0
12/26/2014 03:00:00 AM,1,1,0
12/26/2014 04:00:00 AM,1,0,1
12/26/2014 05:00:00 AM,11,7,4
12/26/2014 06:00:00 AM,21,10,11
12/26/2014 07:00:00 AM,50,31,19
12/26/2014 08:00:00 AM,52,32,20
12/26/2014 09:00:00 AM,76,45,31
12/26/2014 10:00:00 AM,51,31,20
12/26/2014 11:00:00 AM,48,30,18
12/26/2014 12:00:00 PM,73,38,35
12/26/2014 01:00:00 PM,88,47,41
12/26/2014 02:00:00 PM,105,47,58
12/26/2014 03:00:00 PM,112,43,69
12/26/2014 04:00:00 PM,102,47,55
12/26/2014 05:00:00 PM,73,26,47
12/26/2014 06:00:00 PM,49,12,37
12/26/2014 07:00:00 PM,25,14,11
12/26/2014 08:00:00 PM,8,2,6
12/26/2014 09:00:00 PM,17,5,12
12/26/2014 10:00:00 PM,15,6,9
12/26/2014 11:00:00 PM,10,3,7
12/27/2014 12:00:00 AM,7,1,6
12/27/2014 01:00:00 AM,5,4,1
12/27/2014 02:00:00 AM,2,2,0
12/27/2014 03:00:00 AM,1,1,0
12/27/2014 04:00:00 AM,0,0,0
12/27/2014 05:00:00 AM,5,2,3
12/27/2014 06:00:00 AM,19,11,8
12/27/2014 07:00:00 AM,7,5,2
12/27/2014 08:00:00 AM,29,12,17
12/27/2014 09:00:00 AM,22,10,12
12/27/2014 10:00:00 AM,40,28,12
12/27/2014 11:00:00 AM,32,19,13
12/27/2014 12:00:00 PM,74,34,40
12/27/2014 01:00:00 PM,52,28,24
12/27/2014 02:00:00 PM,52,36,16
12/27/2014 03:00:00 PM,35,17,18
12/27/2014 04:00:00 PM,31,12,19
12/27/2014 05:00:00 PM,40,20,20
12/27/2014 06:00:00 PM,21,9,12
12/27/2014 07:00:00 PM,15,6,9
12/27/2014 08:00:00 PM,16,10,6
12/27/2014 09:00:00 PM,18,8,10
12/27/2014 10:00:00 PM,9,2,7
12/27/2014 11:00:00 PM,11,4,7
12/28/2014 12:00:00 AM,6,1,5
12/28/2014 01:00:00 AM,3,2,1
12/28/2014 02:00:00 AM,0,0,0
12/28/2014 03:00:00 AM,1,0,1
12/28/2014 04:00:00 AM,2,2,0
12/28/2014 05:00:00 AM,6,1,5
12/28/2014 06:00:00 AM,5,0,5
12/28/2014 07:00:00 AM,9,7,2
12/28/2014 08:00:00 AM,26,19,7
12/28/2014 09:00:00 AM,56,32,24
12/28/2014 10:00:00 AM,75,54,21
12/28/2014 11:00:00 AM,77,38,39
12/28/2014 12:00:00 PM,73,38,35
12/28/2014 01:00:00 PM,70,38,32
12/28/2014 02:00:00 PM,43,27,16
12/28/2014 03:00:00 PM,39,21,18
12/28/2014 04:00:00 PM,36,18,18
12/28/2014 05:00:00 PM,35,14,21
12/28/2014 06:00:00 PM,24,13,11
12/28/2014 07:00:00 PM,17,11,6
12/28/2014 08:00:00 PM,11,4,7
12/28/2014 09:00:00 PM,11,6,5
12/28/2014 10:00:00 PM,12,3,9
12/28/2014 11:00:00 PM,7,3,4
12/29/2014 12:00:00 AM,4,1,3
12/29/2014 01:00:00 AM,0,0,0
12/29/2014 02:00:00 AM,1,1,0
12/29/2014 03:00:00 AM,1,0,1
12/29/2014 04:00:00 AM,7,5,2
12/29/2014 05:00:00 AM,20,11,9
12/29/2014 06:00:00 AM,54,31,23
12/29/2014 07:00:00 AM,144,108,36
12/29/2014 08:00:00 AM,205,148,57
12/29/2014 09:00:00 AM,137,95,42
12/29/2014 10:00:00 AM,57,34,23
12/29/2014 11:00:00 AM,48,27,21
12/29/2014 12:00:00 PM,57,29,28
12/29/2014 01:00:00 PM,64,31,33
12/29/2014 02:00:00 PM,63,35,28
12/29/2014 03:00:00 PM,97,33,64
12/29/2014 04:00:00 PM,134,58,76
12/29/2014 05:00:00 PM,263,74,189
12/29/2014 06:00:00 PM,160,52,108
12/29/2014 07:00:00 PM,47,16,31
12/29/2014 08:00:00 PM,38,17,21
12/29/2014 09:00:00 PM,16,3,13
12/29/2014 10:00:00 PM,14,6,8
12/29/2014 11:00:00 PM,10,6,4
12/30/2014 12:00:00 AM,8,5,3
12/30/2014 01:00:00 AM,4,1,3
12/30/2014 02:00:00 AM,1,0,1
12/30/2014 03:00:00 AM,3,1,2
12/30/2014 04:00:00 AM,2,1,1
12/30/2014 05:00:00 AM,11,4,7
12/30/2014 06:00:00 AM,46,30,16
12/30/2014 07:00:00 AM,114,92,22
12/30/2014 08:00:00 AM,194,142,52
12/30/2014 09:00:00 AM,120,78,42
12/30/2014 10:00:00 AM,60,34,26
12/30/2014 11:00:00 AM,43,24,19
12/30/2014 12:00:00 PM,39,23,16
12/30/2014 01:00:00 PM,66,34,32
12/30/2014 02:00:00 PM,80,45,35
12/30/2014 03:00:00 PM,76,30,46
12/30/2014 04:00:00 PM,122,44,78
12/30/2014 05:00:00 PM,230,76,154
12/30/2014 06:00:00 PM,155,46,109
12/30/2014 07:00:00 PM,62,21,41
12/30/2014 08:00:00 PM,24,8,16
12/30/2014 09:00:00 PM,21,8,13
12/30/2014 10:00:00 PM,14,8,6
12/30/2014 11:00:00 PM,5,1,4
12/31/2014 12:00:00 AM,8,3,5
12/31/2014 01:00:00 AM,2,1,1
12/31/2014 02:00:00 AM,3,2,1
12/31/2014 03:00:00 AM,0,0,0
12/31/2014 04:00:00 AM,4,2,2
12/31/2014 05:00:00 AM,16,13,3
12/31/2014 06:00:00 AM,36,21,15
12/31/2014 07:00:00 AM,81,51,30
12/31/2014 08:00:00 AM,149,106,43
12/31/2014 09:00:00 AM,113,66,47
12/31/2014 10:00:00 AM,46,29,17
12/31/2014 11:00:00 AM,48,32,16
12/31/2014 12:00:00 PM,58,32,26
12/31/2014 01:00:00 PM,91,55,36
12/31/2014 02:00:00 PM,102,47,55
12/31/2014 03:00:00 PM,141,68,73
12/31/2014 04:00:00 PM,133,58,75
12/31/2014 05:00:00 PM,122,40,82
12/31/2014 06:00:00 PM,61,26,35
12/31/2014 07:00:00 PM,38,18,20
12/31/2014 08:00:00 PM,20,12,8
12/31/2014 09:00:00 PM,17,9,8
12/31/2014 10:00:00 PM,19,10,9
12/31/2014 11:00:00 PM,23,12,11
01/01/2015 12:00:00 AM,13,4,9
01/01/2015 01:00:00 AM,27,4,23
01/01/2015 02:00:00 AM,19,5,14
01/01/2015 03:00:00 AM,6,0,6
01/01/2015 04:00:00 AM,5,2,3
01/01/2015 05:00:00 AM,9,4,5
01/01/2015 06:00:00 AM,4,4,0
01/01/2015 07:00:00 AM,4,4,0
01/01/2015 08:00:00 AM,8,5,3
01/01/2015 09:00:00 AM,23,12,11
01/01/2015 10:00:00 AM,30,23,7
01/01/2015 11:00:00 AM,46,26,20
01/01/2015 12:00:00 PM,58,33,25
01/01/2015 01:00:00 PM,88,65,23
01/01/2015 02:00:00 PM,119,66,53
01/01/2015 03:00:00 PM,72,45,27
01/01/2015 04:00:00 PM,78,44,34
01/01/2015 05:00:00 PM,29,13,16
01/01/2015 06:00:00 PM,21,10,11
01/01/2015 07:00:00 PM,19,8,11
01/01/2015 08:00:00 PM,13,5,8
01/01/2015 09:00:00 PM,12,7,5
01/01/2015 10:00:00 PM,5,1,4
01/01/2015 11:00:00 PM,3,0,3
01/02/2015 12:00:00 AM,4,2,2
01/02/2015 01:00:00 AM,3,2,1
01/02/2015 02:00:00 AM,0,0,0
01/02/2015 03:00:00 AM,3,2,1
01/02/2015 04:00:00 AM,2,1,1
01/02/2015 05:00:00 AM,17,14,3
01/02/2015 06:00:00 AM,36,26,10
01/02/2015 07:00:00 AM,96,73,23
01/02/2015 08:00:00 AM,135,93,42
01/02/2015 09:00:00 AM,120,84,36
01/02/2015 10:00:00 AM,67,44,23
01/02/2015 11:00:00 AM,50,33,17
01/02/2015 12:00:00 PM,58,25,33
01/02/2015 01:00:00 PM,56,31,25
01/02/2015 02:00:00 PM,51,18,33
01/02/2015 03:00:00 PM,75,36,39
01/02/2015 04:00:00 PM,130,52,78
01/02/2015 05:00:00 PM,136,40,96
01/02/2015 06:00:00 PM,76,21,55
01/02/2015 07:00:00 PM,38,17,21
01/02/2015 08:00:00 PM,24,8,16
01/02/2015 09:00:00 PM,18,13,5
01/02/2015 10:00:00 PM,11,7,4
01/02/2015 11:00:00 PM,8,1,7
01/03/2015 12:00:00 AM,9,5,4
01/03/2015 01:00:00 AM,8,4,4
01/03/2015 02:00:00 AM,1,0,1
01/03/2015 03:00:00 AM,4,2,2
01/03/2015 04:00:00 AM,4,3,1
01/03/2015 05:00:00 AM,8,6,2
01/03/2015 06:00:00 AM,12,7,5
01/03/2015 07:00:00 AM,14,7,7
01/03/2015 08:00:00 AM,36,18,18
01/03/2015 09:00:00 AM,33,14,19
01/03/2015 10:00:00 AM,43,26,17
01/03/2015 11:00:00 AM,65,34,31
01/03/2015 12:00:00 PM,71,41,30
01/03/2015 01:00:00 PM,110,59,51
01/03/2015 02:00:00 PM,91,55,36
01/03/2015 03:00:00 PM,81,51,30
01/03/2015 04:00:00 PM,80,42,38
01/03/2015 05:00:00 PM,42,25,17
01/03/2015 06:00:00 PM,38,22,16
01/03/2015 07:00:00 PM,19,11,8
01/03/2015 08:00:00 PM,10,4,6
01/03/2015 09:00:00 PM,17,10,7
01/03/2015 10:00:00 PM,12,2,10
01/03/2015 11:00:00 PM,9,4,5
01/04/2015 12:00:00 AM,6,2,4
01/04/2015 01:00:00 AM,8,5,3
01/04/2015 02:00:00 AM,4,1,3
01/04/2015 03:00:00 AM,2,1,1
01/04/2015 04:00:00 AM,1,1,0
01/04/2015 05:00:00 AM,3,1,2
01/04/2015 06:00:00 AM,4,1,3
01/04/2015 07:00:00 AM,9,4,5
01/04/2015 08:00:00 AM,18,10,8
01/04/2015 09:00:00 AM,18,10,8
01/04/2015 10:00:00 AM,28,18,10
01/04/2015 11:00:00 AM,20,10,10
01/04/2015 12:00:00 PM,33,17,16
01/04/2015 01:00:00 PM,31,16,15
01/04/2015 02:00:00 PM,27,13,14
01/04/2015 03:00:00 PM,33,12,21
01/04/2015 04:00:00 PM,28,9,19
01/04/2015 05:00:00 PM,15,10,5
01/04/2015 06:00:00 PM,25,14,11
01/04/2015 07:00:00 PM,8,3,5
01/04/2015 08:00:00 PM,6,2,4
01/04/2015 09:00:00 PM,3,2,1
01/04/2015 10:00:00 PM,8,3,5
01/04/2015 11:00:00 PM,1,0,1
01/05/2015 12:00:00 AM,2,1,1
01/05/2015 01:00:00 AM,0,0,0
01/05/2015 02:00:00 AM,0,0,0
01/05/2015 03:00:00 AM,7,6,1
01/05/2015 04:00:00 AM,4,3,1
01/05/2015 05:00:00 AM,29,20,9
01/05/2015 06:00:00 AM,82,48,34
01/05/2015 07:00:00 AM,179,154,25
01/05/2015 08:00:00 AM,257,256,1
01/05/2015 09:00:00 AM,146,146,0
01/05/2015 10:00:00 AM,51,51,0
01/05/2015 11:00:00 AM,27,27,0
01/05/2015 12:00:00 PM,28,27,1
01/05/2015 01:00:00 PM,36,36,0
01/05/2015 02:00:00 PM,33,31,2
01/05/2015 03:00:00 PM,61,32,29
01/05/2015 04:00:00 PM,138,63,75
01/05/2015 05:00:00 PM,320,99,221
01/05/2015 06:00:00 PM,250,71,179
01/05/2015 07:00:00 PM,90,36,54
01/05/2015 08:00:00 PM,44,17,27
01/05/2015 09:00:00 PM,18,7,11
01/05/2015 10:00:00 PM,11,7,4
01/05/2015 11:00:00 PM,10,7,3
01/06/2015 12:00:00 AM,2,1,1
01/06/2015 01:00:00 AM,5,2,3
01/06/2015 02:00:00 AM,1,1,0
01/06/2015 03:00:00 AM,7,4,3
01/06/2015 04:00:00 AM,5,2,3
01/06/2015 05:00:00 AM,34,23,11
01/06/2015 06:00:00 AM,102,72,30
01/06/2015 07:00:00 AM,245,234,11
01/06/2015 08:00:00 AM,368,368,0
01/06/2015 09:00:00 AM,207,206,1
01/06/2015 10:00:00 AM,106,105,1
01/06/2015 11:00:00 AM,44,44,0
01/06/2015 12:00:00 PM,64,64,0
01/06/2015 01:00:00 PM,49,49,0
01/06/2015 02:00:00 PM,62,62,0
01/06/2015 03:00:00 PM,127,51,76
01/06/2015 04:00:00 PM,228,91,137
01/06/2015 05:00:00 PM,420,133,287
01/06/2015 06:00:00 PM,354,109,245
01/06/2015 07:00:00 PM,152,52,100
01/06/2015 08:00:00 PM,64,23,41
01/06/2015 09:00:00 PM,43,19,24
01/06/2015 10:00:00 PM,27,12,15
01/06/2015 11:00:00 PM,9,4,5
01/07/2015 12:00:00 AM,9,5,4
01/07/2015 01:00:00 AM,5,4,1
01/07/2015 02:00:00 AM,6,6,0
01/07/2015 03:00:00 AM,3,1,2
01/07/2015 04:00:00 AM,4,3,1
01/07/2015 05:00:00 AM,26,20,6
01/07/2015 06:00:00 AM,106,76,30
01/07/2015 07:00:00 AM,241,228,13
01/07/2015 08:00:00 AM,376,376,0
01/07/2015 09:00:00 AM,254,254,0
01/07/2015 10:00:00 AM,73,73,0
01/07/2015 11:00:00 AM,52,52,0
01/07/2015 12:00:00 PM,61,60,1
01/07/2015 01:00:00 PM,60,60,0
01/07/2015 02:00:00 PM,73,71,2
01/07/2015 03:00:00 PM,102,47,55
01/07/2015 04:00:00 PM,188,88,100
01/07/2015 05:00:00 PM,481,135,346
01/07/2015 06:00:00 PM,374,130,244
01/07/2015 07:00:00 PM,153,58,95
01/07/2015 08:00:00 PM,74,24,50
01/07/2015 09:00:00 PM,56,21,35
01/07/2015 10:00:00 PM,30,15,15
01/07/2015 11:00:00 PM,18,10,8
01/08/2015 12:00:00 AM,5,2,3
01/08/2015 01:00:00 AM,3,0,3
01/08/2015 02:00:00 AM,2,2,0
01/08/2015 03:00:00 AM,4,2,2
01/08/2015 04:00:00 AM,7,6,1
01/08/2015 05:00:00 AM,32,24,8
01/08/2015 06:00:00 AM,112,78,34
01/08/2015 07:00:00 AM,192,185,7
01/08/2015 08:00:00 AM,341,341,0
01/08/2015 09:00:00 AM,179,178,1
01/08/2015 10:00:00 AM,73,73,0
01/08/2015 11:00:00 AM,44,42,2
01/08/2015 12:00:00 PM,63,63,0
01/08/2015 01:00:00 PM,75,75,0
01/08/2015 02:00:00 PM,75,59,16
01/08/2015 03:00:00 PM,128,63,65
01/08/2015 04:00:00 PM,182,72,110
01/08/2015 05:00:00 PM,402,125,277
01/08/2015 06:00:00 PM,320,105,215
01/08/2015 07:00:00 PM,165,64,101
01/08/2015 08:00:00 PM,67,24,43
01/08/2015 09:00:00 PM,56,29,27
01/08/2015 10:00:00 PM,41,21,20
01/08/2015 11:00:00 PM,42,18,24
01/09/2015 12:00:00 AM,27,15,12
01/09/2015 01:00:00 AM,16,16,0
01/09/2015 02:00:00 AM,1,0,1
01/09/2015 03:00:00 AM,2,1,1
01/09/2015 04:00:00 AM,9,7,2
01/09/2015 05:00:00 AM,23,15,8
01/09/2015 06:00:00 AM,87,58,29
01/09/2015 07:00:00 AM,218,159,59
01/09/2015 08:00:00 AM,345,262,83
01/09/2015 09:00:00 AM,224,149,75
01/09/2015 10:00:00 AM,93,66,27
01/09/2015 11:00:00 AM,47,30,17
01/09/2015 12:00:00 PM,59,31,28
01/09/2015 01:00:00 PM,56,29,27
01/09/2015 02:00:00 PM,83,50,33
01/09/2015 03:00:00 PM,101,45,56
01/09/2015 04:00:00 PM,223,97,126
01/09/2015 05:00:00 PM,373,101,272
01/09/2015 06:00:00 PM,264,91,173
01/09/2015 07:00:00 PM,106,39,67
01/09/2015 08:00:00 PM,46,18,28
01/09/2015 09:00:00 PM,38,15,23
01/09/2015 10:00:00 PM,35,22,13
01/09/2015 11:00:00 PM,14,10,4
01/10/2015 12:00:00 AM,4,3,1
01/10/2015 01:00:00 AM,3,2,1
01/10/2015 02:00:00 AM,5,0,5
01/10/2015 03:00:00 AM,0,0,0
01/10/2015 04:00:00 AM,0,0,0
01/10/2015 05:00:00 AM,8,5,3
01/10/2015 06:00:00 AM,16,5,11
01/10/2015 07:00:00 AM,12,7,5
01/10/2015 08:00:00 AM,51,24,27
01/10/2015 09:00:00 AM,52,33,19
01/10/2015 10:00:00 AM,51,37,14
01/10/2015 11:00:00 AM,53,22,31
01/10/2015 12:00:00 PM,82,39,43
01/10/2015 01:00:00 PM,60,20,40
01/10/2015 02:00:00 PM,76,47,29
01/10/2015 03:00:00 PM,45,21,24
01/10/2015 04:00:00 PM,63,31,32
01/10/2015 05:00:00 PM,44,20,24
01/10/2015 06:00:00 PM,30,18,12
01/10/2015 07:00:00 PM,28,17,11
01/10/2015 08:00:00 PM,28,10,18
01/10/2015 09:00:00 PM,29,14,15
01/10/2015 10:00:00 PM,18,7,11
01/10/2015 11:00:00 PM,13,7,6
01/11/2015 12:00:00 AM,1,0,1
01/11/2015 01:00:00 AM,3,1,2
01/11/2015 02:00:00 AM,4,3,1
01/11/2015 03:00:00 AM,5,5,0
01/11/2015 04:00:00 AM,2,2,0
01/11/2015 05:00:00 AM,3,0,3
01/11/2015 06:00:00 AM,7,2,5
01/11/2015 07:00:00 AM,14,9,5
01/11/2015 08:00:00 AM,31,20,11
01/11/2015 09:00:00 AM,54,30,24
01/11/2015 10:00:00 AM,51,29,22
01/11/2015 11:00:00 AM,63,36,27
01/11/2015 12:00:00 PM,82,46,36
01/11/2015 01:00:00 PM,85,52,33
01/11/2015 02:00:00 PM,92,54,38
01/11/2015 03:00:00 PM,85,53,32
01/11/2015 04:00:00 PM,72,31,41
01/11/2015 05:00:00 PM,50,24,26
01/11/2015 06:00:00 PM,37,16,21
01/11/2015 07:00:00 PM,24,15,9
01/11/2015 08:00:00 PM,18,7,11
01/11/2015 09:00:00 PM,11,6,5
01/11/2015 10:00:00 PM,10,4,6
01/11/2015 11:00:00 PM,6,3,3
01/12/2015 12:00:00 AM,6,4,2
01/12/2015 01:00:00 AM,1,1,0
01/12/2015 02:00:00 AM,1,1,0
01/12/2015 03:00:00 AM,7,5,2
01/12/2015 04:00:00 AM,2,2,0
01/12/2015 05:00:00 AM,32,25,7
01/12/2015 06:00:00 AM,105,68,37
01/12/2015 07:00:00 AM,234,221,13
01/12/2015 08:00:00 AM,367,367,0
01/12/2015 09:00:00 AM,193,192,1
01/12/2015 10:00:00 AM,76,76,0
01/12/2015 11:00:00 AM,51,51,0
01/12/2015 12:00:00 PM,52,52,0
01/12/2015 01:00:00 PM,70,69,1
01/12/2015 02:00:00 PM,82,82,0
01/12/2015 03:00:00 PM,114,50,64
01/12/2015 04:00:00 PM,224,93,131
01/12/2015 05:00:00 PM,423,117,306
01/12/2015 06:00:00 PM,336,118,218
01/12/2015 07:00:00 PM,134,43,91
01/12/2015 08:00:00 PM,58,23,35
01/12/2015 09:00:00 PM,56,15,41
01/12/2015 10:00:00 PM,25,13,12
01/12/2015 11:00:00 PM,21,10,11
01/13/2015 12:00:00 AM,5,3,2
01/13/2015 01:00:00 AM,7,5,2
01/13/2015 02:00:00 AM,3,1,2
01/13/2015 03:00:00 AM,6,3,3
01/13/2015 04:00:00 AM,2,1,1
01/13/2015 05:00:00 AM,35,25,10
01/13/2015 06:00:00 AM,119,80,39
01/13/2015 07:00:00 AM,230,223,7
01/13/2015 08:00:00 AM,374,374,0
01/13/2015 09:00:00 AM,197,197,0
01/13/2015 10:00:00 AM,89,89,0
01/13/2015 11:00:00 AM,64,64,0
01/13/2015 12:00:00 PM,71,71,0
01/13/2015 01:00:00 PM,55,55,0
01/13/2015 02:00:00 PM,80,78,2
01/13/2015 03:00:00 PM,121,66,55
01/13/2015 04:00:00 PM,219,92,127
01/13/2015 05:00:00 PM,427,138,289
01/13/2015 06:00:00 PM,356,98,258
01/13/2015 07:00:00 PM,164,55,109
01/13/2015 08:00:00 PM,65,13,52
01/13/2015 09:00:00 PM,50,19,31
01/13/2015 10:00:00 PM,16,2,14
01/13/2015 11:00:00 PM,11,5,6
01/14/2015 12:00:00 AM,7,3,4
01/14/2015 01:00:00 AM,5,3,2
01/14/2015 02:00:00 AM,2,1,1
01/14/2015 03:00:00 AM,5,2,3
01/14/2015 04:00:00 AM,8,5,3
01/14/2015 05:00:00 AM,32,26,6
01/14/2015 06:00:00 AM,101,64,37
01/14/2015 07:00:00 AM,222,209,13
01/14/2015 08:00:00 AM,326,325,1
01/14/2015 09:00:00 AM,167,166,1
01/14/2015 10:00:00 AM,79,79,0
01/14/2015 11:00:00 AM,50,50,0
01/14/2015 12:00:00 PM,53,53,0
01/14/2015 01:00:00 PM,67,67,0
01/14/2015 02:00:00 PM,81,69,12
01/14/2015 03:00:00 PM,127,75,52
01/14/2015 04:00:00 PM,211,89,122
01/14/2015 05:00:00 PM,447,132,315
01/14/2015 06:00:00 PM,307,82,225
01/14/2015 07:00:00 PM,149,47,102
01/14/2015 08:00:00 PM,78,28,50
01/14/2015 09:00:00 PM,59,24,35
01/14/2015 10:00:00 PM,21,12,9
01/14/2015 11:00:00 PM,19,6,13
01/15/2015 12:00:00 AM,7,2,5
01/15/2015 01:00:00 AM,2,2,0
01/15/2015 02:00:00 AM,2,0,2
01/15/2015 03:00:00 AM,3,2,1
01/15/2015 04:00:00 AM,5,3,2
01/15/2015 05:00:00 AM,21,17,4
01/15/2015 06:00:00 AM,86,53,33
01/15/2015 07:00:00 AM,163,152,11
01/15/2015 08:00:00 AM,284,283,1
01/15/2015 09:00:00 AM,132,132,0
01/15/2015 10:00:00 AM,64,64,0
01/15/2015 11:00:00 AM,46,46,0
01/15/2015 12:00:00 PM,41,41,0
01/15/2015 01:00:00 PM,39,39,0
01/15/2015 02:00:00 PM,34,32,2
01/15/2015 03:00:00 PM,66,33,33
01/15/2015 04:00:00 PM,144,59,85
01/15/2015 05:00:00 PM,313,87,226
01/15/2015 06:00:00 PM,238,100,138
01/15/2015 07:00:00 PM,98,25,73
01/15/2015 08:00:00 PM,50,14,36
01/15/2015 09:00:00 PM,38,21,17
01/15/2015 10:00:00 PM,15,2,13
01/15/2015 11:00:00 PM,7,4,3
01/16/2015 12:00:00 AM,5,1,4
01/16/2015 01:00:00 AM,4,3,1
01/16/2015 02:00:00 AM,3,3,0
01/16/2015 03:00:00 AM,2,1,1
01/16/2015 04:00:00 AM,4,2,2
01/16/2015 05:00:00 AM,19,16,3
01/16/2015 06:00:00 AM,74,52,22
01/16/2015 07:00:00 AM,141,129,12
01/16/2015 08:00:00 AM,230,228,2
01/16/2015 09:00:00 AM,161,161,0
01/16/2015 10:00:00 AM,61,61,0
01/16/2015 11:00:00 AM,57,57,0
01/16/2015 12:00:00 PM,56,52,4
01/16/2015 01:00:00 PM,76,51,25
01/16/2015 02:00:00 PM,88,50,38
01/16/2015 03:00:00 PM,136,63,73
01/16/2015 04:00:00 PM,219,102,117
01/16/2015 05:00:00 PM,335,90,245
01/16/2015 06:00:00 PM,239,83,156
01/16/2015 07:00:00 PM,101,43,58
01/16/2015 08:00:00 PM,56,19,37
01/16/2015 09:00:00 PM,32,17,15
01/16/2015 10:00:00 PM,25,12,13
01/16/2015 11:00:00 PM,18,10,8
01/17/2015 12:00:00 AM,17,4,13
01/17/2015 01:00:00 AM,9,7,2
01/17/2015 02:00:00 AM,6,3,3
01/17/2015 03:00:00 AM,3,2,1
01/17/2015 04:00:00 AM,3,1,2
01/17/2015 05:00:00 AM,3,1,2
01/17/2015 06:00:00 AM,14,8,6
01/17/2015 07:00:00 AM,12,7,5
01/17/2015 08:00:00 AM,34,17,17
01/17/2015 09:00:00 AM,49,31,18
01/17/2015 10:00:00 AM,45,29,16
01/17/2015 11:00:00 AM,55,33,22
01/17/2015 12:00:00 PM,52,25,27
01/17/2015 01:00:00 PM,57,36,21
01/17/2015 02:00:00 PM,45,27,18
01/17/2015 03:00:00 PM,44,27,17
01/17/2015 04:00:00 PM,43,25,18
01/17/2015 05:00:00 PM,35,13,22
01/17/2015 06:00:00 PM,20,7,13
01/17/2015 07:00:00 PM,12,5,7
01/17/2015 08:00:00 PM,8,2,6
01/17/2015 09:00:00 PM,14,5,9
01/17/2015 10:00:00 PM,5,1,4
01/17/2015 11:00:00 PM,7,2,5
01/18/2015 12:00:00 AM,9,4,5
01/18/2015 01:00:00 AM,3,0,3
01/18/2015 02:00:00 AM,7,4,3
01/18/2015 03:00:00 AM,1,1,0
01/18/2015 04:00:00 AM,2,2,0
01/18/2015 05:00:00 AM,5,3,2
01/18/2015 06:00:00 AM,5,2,3
01/18/2015 07:00:00 AM,11,7,4
01/18/2015 08:00:00 AM,24,14,10
01/18/2015 09:00:00 AM,31,24,7
01/18/2015 10:00:00 AM,26,17,9
01/18/2015 11:00:00 AM,40,25,15
01/18/2015 12:00:00 PM,39,19,20
01/18/2015 01:00:00 PM,28,13,15
01/18/2015 02:00:00 PM,30,19,11
01/18/2015 03:00:00 PM,23,10,13
01/18/2015 04:00:00 PM,47,30,17
01/18/2015 05:00:00 PM,53,26,27
01/18/2015 06:00:00 PM,22,13,9
01/18/2015 07:00:00 PM,24,6,18
01/18/2015 08:00:00 PM,13,3,10
01/18/2015 09:00:00 PM,14,3,11
01/18/2015 10:00:00 PM,6,1,5
01/18/2015 11:00:00 PM,8,3,5
01/19/2015 12:00:00 AM,6,3,3
01/19/2015 01:00:00 AM,2,1,1
01/19/2015 02:00:00 AM,2,1,1
01/19/2015 03:00:00 AM,4,3,1
01/19/2015 04:00:00 AM,3,2,1
01/19/2015 05:00:00 AM,22,16,6
01/19/2015 06:00:00 AM,58,38,20
01/19/2015 07:00:00 AM,118,92,26
01/19/2015 08:00:00 AM,220,161,59
01/19/2015 09:00:00 AM,170,118,52
01/19/2015 10:00:00 AM,81,54,27
01/19/2015 11:00:00 AM,93,66,27
01/19/2015 12:00:00 PM,75,40,35
01/19/2015 01:00:00 PM,89,55,34
01/19/2015 02:00:00 PM,111,62,49
01/19/2015 03:00:00 PM,142,68,74
01/19/2015 04:00:00 PM,168,73,95
01/19/2015 05:00:00 PM,246,73,173
01/19/2015 06:00:00 PM,187,50,137
01/19/2015 07:00:00 PM,83,29,54
01/19/2015 08:00:00 PM,51,18,33
01/19/2015 09:00:00 PM,26,15,11
01/19/2015 10:00:00 PM,11,4,7
01/19/2015 11:00:00 PM,14,7,7
01/20/2015 12:00:00 AM,11,3,8
01/20/2015 01:00:00 AM,2,0,2
01/20/2015 02:00:00 AM,3,0,3
01/20/2015 03:00:00 AM,2,1,1
01/20/2015 04:00:00 AM,6,4,2
01/20/2015 05:00:00 AM,37,25,12
01/20/2015 06:00:00 AM,99,61,38
01/20/2015 07:00:00 AM,254,243,11
01/20/2015 08:00:00 AM,387,317,70
01/20/2015 09:00:00 AM,249,170,79
01/20/2015 10:00:00 AM,99,71,28
01/20/2015 11:00:00 AM,66,39,27
01/20/2015 12:00:00 PM,76,44,32
01/20/2015 01:00:00 PM,89,55,34
01/20/2015 02:00:00 PM,103,52,51
01/20/2015 03:00:00 PM,137,60,77
01/20/2015 04:00:00 PM,223,95,128
01/20/2015 05:00:00 PM,444,133,311
01/20/2015 06:00:00 PM,367,112,255
01/20/2015 07:00:00 PM,146,53,93
01/20/2015 08:00:00 PM,50,16,34
01/20/2015 09:00:00 PM,39,20,19
01/20/2015 10:00:00 PM,21,10,11
01/20/2015 11:00:00 PM,17,4,13
01/21/2015 12:00:00 AM,14,8,6
01/21/2015 01:00:00 AM,1,0,1
01/21/2015 02:00:00 AM,3,2,1
01/21/2015 03:00:00 AM,2,2,0
01/21/2015 04:00:00 AM,5,4,1
01/21/2015 05:00:00 AM,29,21,8
01/21/2015 06:00:00 AM,106,72,34
01/21/2015 07:00:00 AM,205,192,13
01/21/2015 08:00:00 AM,336,335,1
01/21/2015 09:00:00 AM,191,191,0
01/21/2015 10:00:00 AM,72,72,0
01/21/2015 11:00:00 AM,43,43,0
01/21/2015 12:00:00 PM,56,55,1
01/21/2015 01:00:00 PM,61,61,0
01/21/2015 02:00:00 PM,82,76,6
01/21/2015 03:00:00 PM,92,51,41
01/21/2015 04:00:00 PM,224,90,134
01/21/2015 05:00:00 PM,377,99,278
01/21/2015 06:00:00 PM,360,118,242
01/21/2015 07:00:00 PM,140,46,94
01/21/2015 08:00:00 PM,59,24,35
01/21/2015 09:00:00 PM,53,22,31
01/21/2015 10:00:00 PM,30,15,15
01/21/2015 11:00:00 PM,11,3,8
01/22/2015 12:00:00 AM,12,3,9
01/22/2015 01:00:00 AM,1,0,1
01/22/2015 02:00:00 AM,3,0,3
01/22/2015 03:00:00 AM,3,1,2
01/22/2015 04:00:00 AM,5,4,1
01/22/2015 05:00:00 AM,23,18,5
01/22/2015 06:00:00 AM,94,60,34
01/22/2015 07:00:00 AM,189,184,5
01/22/2015 08:00:00 AM,301,301,0
01/22/2015 09:00:00 AM,149,149,0
01/22/2015 10:00:00 AM,60,59,1
01/22/2015 11:00:00 AM,37,37,0
01/22/2015 12:00:00 PM,45,45,0
01/22/2015 01:00:00 PM,38,38,0
01/22/2015 02:00:00 PM,71,46,25
01/22/2015 03:00:00 PM,76,41,35
01/22/2015 04:00:00 PM,165,58,107
01/22/2015 05:00:00 PM,338,112,226
01/22/2015 06:00:00 PM,290,99,191
01/22/2015 07:00:00 PM,125,41,84
01/22/2015 08:00:00 PM,56,21,35
01/22/2015 09:00:00 PM,39,19,20
01/22/2015 10:00:00 PM,44,24,20
01/22/2015 11:00:00 PM,19,8,11
01/23/2015 12:00:00 AM,14,7,7
01/23/2015 01:00:00 AM,7,1,6
01/23/2015 02:00:00 AM,1,0,1
01/23/2015 03:00:00 AM,3,2,1
01/23/2015 04:00:00 AM,6,4,2
01/23/2015 05:00:00 AM,33,18,15
01/23/2015 06:00:00 AM,75,55,20
01/23/2015 07:00:00 AM,142,137,5
01/23/2015 08:00:00 AM,226,222,4
01/23/2015 09:00:00 AM,151,151,0
01/23/2015 10:00:00 AM,62,59,3
01/23/2015 11:00:00 AM,29,29,0
01/23/2015 12:00:00 PM,36,36,0
01/23/2015 01:00:00 PM,35,35,0
01/23/2015 02:00:00 PM,57,39,18
01/23/2015 03:00:00 PM,72,34,38
01/23/2015 04:00:00 PM,137,56,81
01/23/2015 05:00:00 PM,310,107,203
01/23/2015 06:00:00 PM,199,60,139
01/23/2015 07:00:00 PM,85,31,54
01/23/2015 08:00:00 PM,36,10,26
01/23/2015 09:00:00 PM,20,7,13
01/23/2015 10:00:00 PM,24,7,17
01/23/2015 11:00:00 PM,17,7,10
01/24/2015 12:00:00 AM,14,6,8
01/24/2015 01:00:00 AM,5,3,2
01/24/2015 02:00:00 AM,4,3,1
01/24/2015 03:00:00 AM,3,2,1
01/24/2015 04:00:00 AM,2,1,1
01/24/2015 05:00:00 AM,6,2,4
01/24/2015 06:00:00 AM,16,7,9
01/24/2015 07:00:00 AM,16,10,6
01/24/2015 08:00:00 AM,51,26,25
01/24/2015 09:00:00 AM,44,30,14
01/24/2015 10:00:00 AM,74,50,24
01/24/2015 11:00:00 AM,88,51,37
01/24/2015 12:00:00 PM,108,58,50
01/24/2015 01:00:00 PM,106,64,42
01/24/2015 02:00:00 PM,112,67,45
01/24/2015 03:00:00 PM,112,72,40
01/24/2015 04:00:00 PM,115,53,62
01/24/2015 05:00:00 PM,79,48,31
01/24/2015 06:00:00 PM,57,29,28
01/24/2015 07:00:00 PM,47,26,21
01/24/2015 08:00:00 PM,26,15,11
01/24/2015 09:00:00 PM,27,9,18
01/24/2015 10:00:00 PM,30,13,17
01/24/2015 11:00:00 PM,21,7,14
01/25/2015 12:00:00 AM,22,8,14
01/25/2015 01:00:00 AM,11,9,2
01/25/2015 02:00:00 AM,2,2,0
01/25/2015 03:00:00 AM,0,0,0
01/25/2015 04:00:00 AM,5,3,2
01/25/2015 05:00:00 AM,5,2,3
01/25/2015 06:00:00 AM,6,4,2
01/25/2015 07:00:00 AM,15,5,10
01/25/2015 08:00:00 AM,70,53,17
01/25/2015 09:00:00 AM,67,30,37
01/25/2015 10:00:00 AM,127,83,44
01/25/2015 11:00:00 AM,177,117,60
01/25/2015 12:00:00 PM,219,136,83
01/25/2015 01:00:00 PM,272,160,112
01/25/2015 02:00:00 PM,333,214,119
01/25/2015 03:00:00 PM,268,135,133
01/25/2015 04:00:00 PM,217,121,96
01/25/2015 05:00:00 PM,172,97,75
01/25/2015 06:00:00 PM,60,28,32
01/25/2015 07:00:00 PM,34,19,15
01/25/2015 08:00:00 PM,23,13,10
01/25/2015 09:00:00 PM,17,10,7
01/25/2015 10:00:00 PM,17,8,9
01/25/2015 11:00:00 PM,16,5,11
01/26/2015 12:00:00 AM,10,5,5
01/26/2015 01:00:00 AM,0,0,0
01/26/2015 02:00:00 AM,3,1,2
01/26/2015 03:00:00 AM,4,3,1
01/26/2015 04:00:00 AM,8,6,2
01/26/2015 05:00:00 AM,35,24,11
01/26/2015 06:00:00 AM,114,79,35
01/26/2015 07:00:00 AM,239,231,8
01/26/2015 08:00:00 AM,394,394,0
01/26/2015 09:00:00 AM,230,230,0
01/26/2015 10:00:00 AM,95,95,0
01/26/2015 11:00:00 AM,69,69,0
01/26/2015 12:00:00 PM,59,59,0
01/26/2015 01:00:00 PM,92,92,0
01/26/2015 02:00:00 PM,93,93,0
01/26/2015 03:00:00 PM,176,98,78
01/26/2015 04:00:00 PM,293,141,152
01/26/2015 05:00:00 PM,515,153,362
01/26/2015 06:00:00 PM,378,131,247
01/26/2015 07:00:00 PM,163,60,103
01/26/2015 08:00:00 PM,80,31,49
01/26/2015 09:00:00 PM,57,23,34
01/26/2015 10:00:00 PM,35,17,18
01/26/2015 11:00:00 PM,17,3,14
01/27/2015 12:00:00 AM,7,1,6
01/27/2015 01:00:00 AM,4,3,1
01/27/2015 02:00:00 AM,5,5,0
01/27/2015 03:00:00 AM,1,1,0
01/27/2015 04:00:00 AM,6,4,2
01/27/2015 05:00:00 AM,35,25,10
01/27/2015 06:00:00 AM,112,68,44
01/27/2015 07:00:00 AM,239,229,10
01/27/2015 08:00:00 AM,361,361,0
01/27/2015 09:00:00 AM,202,202,0
01/27/2015 10:00:00 AM,62,62,0
01/27/2015 11:00:00 AM,40,40,0
01/27/2015 12:00:00 PM,54,54,0
01/27/2015 01:00:00 PM,39,29,10
01/27/2015 02:00:00 PM,74,36,38
01/27/2015 03:00:00 PM,106,52,54
01/27/2015 04:00:00 PM,208,76,132
01/27/2015 05:00:00 PM,403,126,277
01/27/2015 06:00:00 PM,322,90,232
01/27/2015 07:00:00 PM,134,45,89
01/27/2015 08:00:00 PM,68,21,47
01/27/2015 09:00:00 PM,38,17,21
01/27/2015 10:00:00 PM,22,6,16
01/27/2015 11:00:00 PM,21,8,13
01/28/2015 12:00:00 AM,10,4,6
01/28/2015 01:00:00 AM,5,1,4
01/28/2015 02:00:00 AM,3,2,1
01/28/2015 03:00:00 AM,1,1,0
01/28/2015 04:00:00 AM,3,1,2
01/28/2015 05:00:00 AM,28,23,5
01/28/2015 06:00:00 AM,94,63,31
01/28/2015 07:00:00 AM,268,217,51
01/28/2015 08:00:00 AM,417,320,97
01/28/2015 09:00:00 AM,246,172,74
01/28/2015 10:00:00 AM,95,66,29
01/28/2015 11:00:00 AM,62,38,24
01/28/2015 12:00:00 PM,65,39,26
01/28/2015 01:00:00 PM,80,44,36
01/28/2015 02:00:00 PM,104,50,54
01/28/2015 03:00:00 PM,107,53,54
01/28/2015 04:00:00 PM,219,95,124
01/28/2015 05:00:00 PM,504,156,348
01/28/2015 06:00:00 PM,335,103,232
01/28/2015 07:00:00 PM,144,54,90
01/28/2015 08:00:00 PM,72,29,43
01/28/2015 09:00:00 PM,51,19,32
01/28/2015 10:00:00 PM,32,18,14
01/28/2015 11:00:00 PM,18,4,14
01/29/2015 12:00:00 AM,6,1,5
01/29/2015 01:00:00 AM,5,3,2
01/29/2015 02:00:00 AM,3,2,1
01/29/2015 03:00:00 AM,1,1,0
01/29/2015 04:00:00 AM,5,3,2
01/29/2015 05:00:00 AM,36,25,11
01/29/2015 06:00:00 AM,90,62,28
01/29/2015 07:00:00 AM,263,201,62
01/29/2015 08:00:00 AM,442,323,119
01/29/2015 09:00:00 AM,251,173,78
01/29/2015 10:00:00 AM,100,72,28
01/29/2015 11:00:00 AM,76,51,25
01/29/2015 12:00:00 PM,62,35,27
01/29/2015 01:00:00 PM,98,51,47
01/29/2015 02:00:00 PM,102,48,54
01/29/2015 03:00:00 PM,127,66,61
01/29/2015 04:00:00 PM,251,95,156
01/29/2015 05:00:00 PM,468,143,325
01/29/2015 06:00:00 PM,351,119,232
01/29/2015 07:00:00 PM,138,47,91
01/29/2015 08:00:00 PM,72,22,50
01/29/2015 09:00:00 PM,52,26,26
01/29/2015 10:00:00 PM,29,17,12
01/29/2015 11:00:00 PM,33,21,12
01/30/2015 12:00:00 AM,11,4,7
01/30/2015 01:00:00 AM,10,7,3
01/30/2015 02:00:00 AM,10,6,4
01/30/2015 03:00:00 AM,3,2,1
01/30/2015 04:00:00 AM,4,1,3
01/30/2015 05:00:00 AM,26,19,7
01/30/2015 06:00:00 AM,86,59,27
01/30/2015 07:00:00 AM,238,179,59
01/30/2015 08:00:00 AM,339,254,85
01/30/2015 09:00:00 AM,217,133,84
01/30/2015 10:00:00 AM,90,59,31
01/30/2015 11:00:00 AM,66,47,19
01/30/2015 12:00:00 PM,80,47,33
01/30/2015 01:00:00 PM,83,43,40
01/30/2015 02:00:00 PM,112,55,57
01/30/2015 03:00:00 PM,155,72,83
01/30/2015 04:00:00 PM,245,97,148
01/30/2015 05:00:00 PM,342,102,240
01/30/2015 06:00:00 PM,287,91,196
01/30/2015 07:00:00 PM,87,32,55
01/30/2015 08:00:00 PM,47,18,29
01/30/2015 09:00:00 PM,30,12,18
01/30/2015 10:00:00 PM,22,11,11
01/30/2015 11:00:00 PM,22,13,9
01/31/2015 12:00:00 AM,17,8,9
01/31/2015 01:00:00 AM,3,2,1
01/31/2015 02:00:00 AM,4,2,2
01/31/2015 03:00:00 AM,2,2,0
01/31/2015 04:00:00 AM,3,2,1
01/31/2015 05:00:00 AM,2,0,2
01/31/2015 06:00:00 AM,15,5,10
01/31/2015 07:00:00 AM,19,11,8
01/31/2015 08:00:00 AM,47,28,19
01/31/2015 09:00:00 AM,84,46,38
01/31/2015 10:00:00 AM,72,44,28
01/31/2015 11:00:00 AM,81,46,35
01/31/2015 12:00:00 PM,113,65,48
01/31/2015 01:00:00 PM,148,81,67
01/31/2015 02:00:00 PM,135,69,66
01/31/2015 03:00:00 PM,126,68,58
01/31/2015 04:00:00 PM,137,76,61
01/31/2015 05:00:00 PM,81,39,42
01/31/2015 06:00:00 PM,46,26,20
01/31/2015 07:00:00 PM,18,10,8
01/31/2015 08:00:00 PM,25,8,17
01/31/2015 09:00:00 PM,21,8,13
01/31/2015 10:00:00 PM,20,6,14
01/31/2015 11:00:00 PM,17,11,6
02/01/2015 12:00:00 AM,18,9,9
02/01/2015 01:00:00 AM,6,1,5
02/01/2015 02:00:00 AM,1,0,1
02/01/2015 03:00:00 AM,0,0,0
02/01/2015 04:00:00 AM,3,1,2
02/01/2015 05:00:00 AM,2,1,1
02/01/2015 06:00:00 AM,5,3,2
02/01/2015 07:00:00 AM,22,16,6
02/01/2015 08:00:00 AM,32,18,14
02/01/2015 09:00:00 AM,70,40,30
02/01/2015 10:00:00 AM,64,36,28
02/01/2015 11:00:00 AM,66,43,23
02/01/2015 12:00:00 PM,89,44,45
02/01/2015 01:00:00 PM,56,37,19
02/01/2015 02:00:00 PM,73,47,26
02/01/2015 03:00:00 PM,47,23,24
02/01/2015 04:00:00 PM,23,10,13
02/01/2015 05:00:00 PM,16,11,5
02/01/2015 06:00:00 PM,14,4,10
02/01/2015 07:00:00 PM,33,15,18
02/01/2015 08:00:00 PM,37,17,20
02/01/2015 09:00:00 PM,16,10,6
02/01/2015 10:00:00 PM,11,2,9
02/01/2015 11:00:00 PM,4,2,2
02/02/2015 12:00:00 AM,5,3,2
02/02/2015 01:00:00 AM,2,0,2
02/02/2015 02:00:00 AM,4,2,2
02/02/2015 03:00:00 AM,1,0,1
02/02/2015 04:00:00 AM,5,2,3
02/02/2015 05:00:00 AM,30,23,7
02/02/2015 06:00:00 AM,95,62,33
02/02/2015 07:00:00 AM,185,172,13
02/02/2015 08:00:00 AM,257,256,1
02/02/2015 09:00:00 AM,121,121,0
02/02/2015 10:00:00 AM,77,77,0
02/02/2015 11:00:00 AM,26,26,0
02/02/2015 12:00:00 PM,24,15,9
02/02/2015 01:00:00 PM,50,23,27
02/02/2015 02:00:00 PM,52,24,28
02/02/2015 03:00:00 PM,82,39,43
02/02/2015 04:00:00 PM,167,72,95
02/02/2015 05:00:00 PM,296,91,205
02/02/2015 06:00:00 PM,241,77,164
02/02/2015 07:00:00 PM,90,34,56
02/02/2015 08:00:00 PM,44,19,25
02/02/2015 09:00:00 PM,26,6,20
02/02/2015 10:00:00 PM,11,4,7
02/02/2015 11:00:00 PM,13,5,8
02/03/2015 12:00:00 AM,6,2,4
02/03/2015 01:00:00 AM,6,2,4
02/03/2015 02:00:00 AM,3,1,2
02/03/2015 03:00:00 AM,4,2,2
02/03/2015 04:00:00 AM,3,1,2
02/03/2015 05:00:00 AM,34,22,12
02/03/2015 06:00:00 AM,103,70,33
02/03/2015 07:00:00 AM,194,181,13
02/03/2015 08:00:00 AM,312,312,0
02/03/2015 09:00:00 AM,161,160,1
02/03/2015 10:00:00 AM,58,58,0
02/03/2015 11:00:00 AM,55,55,0
02/03/2015 12:00:00 PM,48,48,0
02/03/2015 01:00:00 PM,37,37,0
02/03/2015 02:00:00 PM,44,44,0
02/03/2015 03:00:00 PM,75,41,34
02/03/2015 04:00:00 PM,172,65,107
02/03/2015 05:00:00 PM,366,111,255
02/03/2015 06:00:00 PM,362,101,261
02/03/2015 07:00:00 PM,125,43,82
02/03/2015 08:00:00 PM,69,23,46
02/03/2015 09:00:00 PM,50,24,26
02/03/2015 10:00:00 PM,25,12,13
02/03/2015 11:00:00 PM,22,7,15
02/04/2015 12:00:00 AM,7,2,5
02/04/2015 01:00:00 AM,6,4,2
02/04/2015 02:00:00 AM,0,0,0
02/04/2015 03:00:00 AM,1,0,1
02/04/2015 04:00:00 AM,6,5,1
02/04/2015 05:00:00 AM,38,25,13
02/04/2015 06:00:00 AM,94,66,28
02/04/2015 07:00:00 AM,195,183,12
02/04/2015 08:00:00 AM,280,280,0
02/04/2015 09:00:00 AM,179,179,0
02/04/2015 10:00:00 AM,60,60,0
02/04/2015 11:00:00 AM,41,41,0
02/04/2015 12:00:00 PM,54,54,0
02/04/2015 01:00:00 PM,57,57,0
02/04/2015 02:00:00 PM,63,61,2
02/04/2015 03:00:00 PM,92,54,38
02/04/2015 04:00:00 PM,164,66,98
02/04/2015 05:00:00 PM,393,116,277
02/04/2015 06:00:00 PM,265,74,191
02/04/2015 07:00:00 PM,112,32,80
02/04/2015 08:00:00 PM,69,26,43
02/04/2015 09:00:00 PM,42,21,21
02/04/2015 10:00:00 PM,17,9,8
02/04/2015 11:00:00 PM,16,9,7
02/05/2015 12:00:00 AM,4,2,2
02/05/2015 01:00:00 AM,5,4,1
02/05/2015 02:00:00 AM,1,0,1
02/05/2015 03:00:00 AM,3,1,2
02/05/2015 04:00:00 AM,4,3,1
02/05/2015 05:00:00 AM,22,17,5
02/05/2015 06:00:00 AM,63,39,24
02/05/2015 07:00:00 AM,135,129,6
02/05/2015 08:00:00 AM,223,223,0
02/05/2015 09:00:00 AM,145,145,0
02/05/2015 10:00:00 AM,39,39,0
02/05/2015 11:00:00 AM,35,35,0
02/05/2015 12:00:00 PM,38,38,0
02/05/2015 01:00:00 PM,27,27,0
02/05/2015 02:00:00 PM,43,29,14
02/05/2015 03:00:00 PM,55,25,30
02/05/2015 04:00:00 PM,130,56,74
02/05/2015 05:00:00 PM,253,87,166
02/05/2015 06:00:00 PM,219,73,146
02/05/2015 07:00:00 PM,112,32,80
02/05/2015 08:00:00 PM,55,22,33
02/05/2015 09:00:00 PM,39,15,24
02/05/2015 10:00:00 PM,18,8,10
02/05/2015 11:00:00 PM,26,17,9
02/06/2015 12:00:00 AM,5,2,3
02/06/2015 01:00:00 AM,1,1,0
02/06/2015 02:00:00 AM,1,1,0
02/06/2015 03:00:00 AM,3,1,2
02/06/2015 04:00:00 AM,5,2,3
02/06/2015 05:00:00 AM,21,13,8
02/06/2015 06:00:00 AM,62,38,24
02/06/2015 07:00:00 AM,111,102,9
02/06/2015 08:00:00 AM,212,212,0
02/06/2015 09:00:00 AM,121,118,3
02/06/2015 10:00:00 AM,52,52,0
02/06/2015 11:00:00 AM,29,29,0
02/06/2015 12:00:00 PM,15,14,1
02/06/2015 01:00:00 PM,38,26,12
02/06/2015 02:00:00 PM,49,29,20
02/06/2015 03:00:00 PM,54,28,26
02/06/2015 04:00:00 PM,134,51,83
02/06/2015 05:00:00 PM,298,90,208
02/06/2015 06:00:00 PM,205,71,134
02/06/2015 07:00:00 PM,84,25,59
02/06/2015 08:00:00 PM,31,11,20
02/06/2015 09:00:00 PM,33,15,18
02/06/2015 10:00:00 PM,22,9,13
02/06/2015 11:00:00 PM,25,14,11
02/07/2015 12:00:00 AM,13,6,7
02/07/2015 01:00:00 AM,8,4,4
02/07/2015 02:00:00 AM,7,4,3
02/07/2015 03:00:00 AM,5,3,2
02/07/2015 04:00:00 AM,1,0,1
02/07/2015 05:00:00 AM,10,8,2
02/07/2015 06:00:00 AM,16,5,11
02/07/2015 07:00:00 AM,18,8,10
02/07/2015 08:00:00 AM,28,18,10
02/07/2015 09:00:00 AM,26,11,15
02/07/2015 10:00:00 AM,32,23,9
02/07/2015 11:00:00 AM,53,34,19
02/07/2015 12:00:00 PM,48,27,21
02/07/2015 01:00:00 PM,39,26,13
02/07/2015 02:00:00 PM,80,46,34
02/07/2015 03:00:00 PM,62,37,25
02/07/2015 04:00:00 PM,42,19,23
02/07/2015 05:00:00 PM,32,12,20
02/07/2015 06:00:00 PM,40,20,20
02/07/2015 07:00:00 PM,19,9,10
02/07/2015 08:00:00 PM,16,3,13
02/07/2015 09:00:00 PM,11,6,5
02/07/2015 10:00:00 PM,7,3,4
02/07/2015 11:00:00 PM,16,7,9
02/08/2015 12:00:00 AM,2,0,2
02/08/2015 01:00:00 AM,3,2,1
02/08/2015 02:00:00 AM,3,1,2
02/08/2015 03:00:00 AM,2,2,0
02/08/2015 04:00:00 AM,3,2,1
02/08/2015 05:00:00 AM,3,1,2
02/08/2015 06:00:00 AM,12,6,6
02/08/2015 07:00:00 AM,14,7,7
02/08/2015 08:00:00 AM,59,44,15
02/08/2015 09:00:00 AM,105,70,35
02/08/2015 10:00:00 AM,136,71,65
02/08/2015 11:00:00 AM,158,90,68
02/08/2015 12:00:00 PM,181,95,86
02/08/2015 01:00:00 PM,180,98,82
02/08/2015 02:00:00 PM,182,101,81
02/08/2015 03:00:00 PM,143,69,74
02/08/2015 04:00:00 PM,120,69,51
02/08/2015 05:00:00 PM,89,50,39
02/08/2015 06:00:00 PM,36,20,16
02/08/2015 07:00:00 PM,33,17,16
02/08/2015 08:00:00 PM,25,11,14
02/08/2015 09:00:00 PM,15,4,11
02/08/2015 10:00:00 PM,9,4,5
02/08/2015 11:00:00 PM,9,6,3
02/09/2015 12:00:00 AM,1,1,0
02/09/2015 01:00:00 AM,4,2,2
02/09/2015 02:00:00 AM,1,0,1
02/09/2015 03:00:00 AM,2,1,1
02/09/2015 04:00:00 AM,11,5,6
02/09/2015 05:00:00 AM,30,17,13
02/09/2015 06:00:00 AM,102,63,39
02/09/2015 07:00:00 AM,209,127,82
02/09/2015 08:00:00 AM,233,1,232
02/09/2015 09:00:00 AM,129,1,128
02/09/2015 10:00:00 AM,55,2,53
02/09/2015 11:00:00 AM,38,0,38
02/09/2015 12:00:00 PM,28,0,28
02/09/2015 01:00:00 PM,28,0,28
02/09/2015 02:00:00 PM,52,21,31
02/09/2015 03:00:00 PM,94,44,50
02/09/2015 04:00:00 PM,182,74,108
02/09/2015 05:00:00 PM,382,104,278
02/09/2015 06:00:00 PM,298,98,200
02/09/2015 07:00:00 PM,103,31,72
02/09/2015 08:00:00 PM,62,18,44
02/09/2015 09:00:00 PM,27,8,19
02/09/2015 10:00:00 PM,17,9,8
02/09/2015 11:00:00 PM,16,4,12
02/10/2015 12:00:00 AM,7,2,5
02/10/2015 01:00:00 AM,6,4,2
02/10/2015 02:00:00 AM,2,1,1
02/10/2015 03:00:00 AM,2,1,1
02/10/2015 04:00:00 AM,5,1,4
02/10/2015 05:00:00 AM,35,26,9
02/10/2015 06:00:00 AM,97,66,31
02/10/2015 07:00:00 AM,190,190,0
02/10/2015 08:00:00 AM,319,210,109
02/10/2015 09:00:00 AM,138,1,137
02/10/2015 10:00:00 AM,66,0,66
02/10/2015 11:00:00 AM,55,27,28
02/10/2015 12:00:00 PM,45,45,0
02/10/2015 01:00:00 PM,77,63,14
02/10/2015 02:00:00 PM,89,48,41
02/10/2015 03:00:00 PM,103,38,65
02/10/2015 04:00:00 PM,221,95,126
02/10/2015 05:00:00 PM,395,120,275
02/10/2015 06:00:00 PM,332,113,219
02/10/2015 07:00:00 PM,161,48,113
02/10/2015 08:00:00 PM,71,36,35
02/10/2015 09:00:00 PM,51,23,28
02/10/2015 10:00:00 PM,21,6,15
02/10/2015 11:00:00 PM,28,12,16
02/11/2015 12:00:00 AM,12,3,9
02/11/2015 01:00:00 AM,2,2,0
02/11/2015 02:00:00 AM,3,2,1
02/11/2015 03:00:00 AM,2,1,1
02/11/2015 04:00:00 AM,4,1,3
02/11/2015 05:00:00 AM,28,20,8
02/11/2015 06:00:00 AM,114,72,42
02/11/2015 07:00:00 AM,216,208,8
02/11/2015 08:00:00 AM,363,363,0
02/11/2015 09:00:00 AM,172,172,0
02/11/2015 10:00:00 AM,79,79,0
02/11/2015 11:00:00 AM,66,66,0
02/11/2015 12:00:00 PM,64,64,0
02/11/2015 01:00:00 PM,66,66,0
02/11/2015 02:00:00 PM,73,49,24
02/11/2015 03:00:00 PM,102,61,41
02/11/2015 04:00:00 PM,225,89,136
02/11/2015 05:00:00 PM,508,157,351
02/11/2015 06:00:00 PM,350,97,253
02/11/2015 07:00:00 PM,166,51,115
02/11/2015 08:00:00 PM,84,30,54
02/11/2015 09:00:00 PM,51,19,32
02/11/2015 10:00:00 PM,36,15,21
02/11/2015 11:00:00 PM,22,7,15
02/12/2015 12:00:00 AM,10,2,8
02/12/2015 01:00:00 AM,2,1,1
02/12/2015 02:00:00 AM,6,1,5
02/12/2015 03:00:00 AM,4,1,3
02/12/2015 04:00:00 AM,7,5,2
02/12/2015 05:00:00 AM,27,17,10
02/12/2015 06:00:00 AM,85,48,37
02/12/2015 07:00:00 AM,198,196,2
02/12/2015 08:00:00 AM,343,342,1
02/12/2015 09:00:00 AM,237,234,3
02/12/2015 10:00:00 AM,76,76,0
02/12/2015 11:00:00 AM,71,68,3
02/12/2015 12:00:00 PM,44,41,3
02/12/2015 01:00:00 PM,60,59,1
02/12/2015 02:00:00 PM,65,52,13
02/12/2015 03:00:00 PM,129,56,73
02/12/2015 04:00:00 PM,221,94,127
02/12/2015 05:00:00 PM,427,151,276
02/12/2015 06:00:00 PM,316,96,220
02/12/2015 07:00:00 PM,175,60,115
02/12/2015 08:00:00 PM,84,26,58
02/12/2015 09:00:00 PM,44,24,20
02/12/2015 10:00:00 PM,41,23,18
02/12/2015 11:00:00 PM,25,6,19
02/13/2015 12:00:00 AM,11,4,7
02/13/2015 01:00:00 AM,3,1,2
02/13/2015 02:00:00 AM,1,1,0
02/13/2015 03:00:00 AM,4,1,3
02/13/2015 04:00:00 AM,4,3,1
02/13/2015 05:00:00 AM,23,16,7
02/13/2015 06:00:00 AM,85,52,33
02/13/2015 07:00:00 AM,183,173,10
02/13/2015 08:00:00 AM,284,284,0
02/13/2015 09:00:00 AM,180,180,0
02/13/2015 10:00:00 AM,80,80,0
02/13/2015 11:00:00 AM,65,65,0
02/13/2015 12:00:00 PM,60,60,0
02/13/2015 01:00:00 PM,67,67,0
02/13/2015 02:00:00 PM,77,65,12
02/13/2015 03:00:00 PM,167,75,92
02/13/2015 04:00:00 PM,225,97,128
02/13/2015 05:00:00 PM,400,132,268
02/13/2015 06:00:00 PM,275,97,178
02/13/2015 07:00:00 PM,118,47,71
02/13/2015 08:00:00 PM,51,24,27
02/13/2015 09:00:00 PM,43,19,24
02/13/2015 10:00:00 PM,26,16,10
02/13/2015 11:00:00 PM,27,8,19
02/14/2015 12:00:00 AM,15,7,8
02/14/2015 01:00:00 AM,12,1,11
02/14/2015 02:00:00 AM,5,3,2
02/14/2015 03:00:00 AM,9,6,3
02/14/2015 04:00:00 AM,5,1,4
02/14/2015 05:00:00 AM,9,7,2
02/14/2015 06:00:00 AM,14,6,8
02/14/2015 07:00:00 AM,18,13,5
02/14/2015 08:00:00 AM,59,35,24
02/14/2015 09:00:00 AM,75,50,25
02/14/2015 10:00:00 AM,96,58,38
02/14/2015 11:00:00 AM,110,67,43
02/14/2015 12:00:00 PM,100,46,54
02/14/2015 01:00:00 PM,149,93,56
02/14/2015 02:00:00 PM,163,85,78
02/14/2015 03:00:00 PM,171,95,76
02/14/2015 04:00:00 PM,150,73,77
02/14/2015 05:00:00 PM,124,68,56
02/14/2015 06:00:00 PM,64,30,34
02/14/2015 07:00:00 PM,40,18,22
02/14/2015 08:00:00 PM,29,13,16
02/14/2015 09:00:00 PM,18,6,12
02/14/2015 10:00:00 PM,18,8,10
02/14/2015 11:00:00 PM,12,5,7
02/15/2015 12:00:00 AM,14,5,9
02/15/2015 01:00:00 AM,5,3,2
02/15/2015 02:00:00 AM,8,6,2
02/15/2015 03:00:00 AM,3,2,1
02/15/2015 04:00:00 AM,1,0,1
02/15/2015 05:00:00 AM,1,1,0
02/15/2015 06:00:00 AM,10,5,5
02/15/2015 07:00:00 AM,13,8,5
02/15/2015 08:00:00 AM,59,32,27
02/15/2015 09:00:00 AM,85,46,39
02/15/2015 10:00:00 AM,115,70,45
02/15/2015 11:00:00 AM,152,90,62
02/15/2015 12:00:00 PM,210,124,86
02/15/2015 01:00:00 PM,201,134,67
02/15/2015 02:00:00 PM,257,112,145
02/15/2015 03:00:00 PM,231,115,116
02/15/2015 04:00:00 PM,181,102,79
02/15/2015 05:00:00 PM,123,67,56
02/15/2015 06:00:00 PM,65,32,33
02/15/2015 07:00:00 PM,34,19,15
02/15/2015 08:00:00 PM,33,17,16
02/15/2015 09:00:00 PM,9,4,5
02/15/2015 10:00:00 PM,13,6,7
02/15/2015 11:00:00 PM,13,1,12
02/16/2015 12:00:00 AM,11,3,8
02/16/2015 01:00:00 AM,5,1,4
02/16/2015 02:00:00 AM,3,1,2
02/16/2015 03:00:00 AM,1,0,1
02/16/2015 04:00:00 AM,5,4,1
02/16/2015 05:00:00 AM,22,15,7
02/16/2015 06:00:00 AM,50,33,17
02/16/2015 07:00:00 AM,105,82,23
02/16/2015 08:00:00 AM,190,137,53
02/16/2015 09:00:00 AM,161,104,57
02/16/2015 10:00:00 AM,116,75,41
02/16/2015 11:00:00 AM,113,59,54
02/16/2015 12:00:00 PM,92,51,41
02/16/2015 01:00:00 PM,166,105,61
02/16/2015 02:00:00 PM,185,113,72
02/16/2015 03:00:00 PM,148,72,76
02/16/2015 04:00:00 PM,204,96,108
02/16/2015 05:00:00 PM,254,88,166
02/16/2015 06:00:00 PM,208,85,123
02/16/2015 07:00:00 PM,71,24,47
02/16/2015 08:00:00 PM,41,13,28
02/16/2015 09:00:00 PM,32,11,21
02/16/2015 10:00:00 PM,16,4,12
02/16/2015 11:00:00 PM,12,4,8
02/17/2015 12:00:00 AM,9,1,8
02/17/2015 01:00:00 AM,1,0,1
02/17/2015 02:00:00 AM,4,1,3
02/17/2015 03:00:00 AM,0,0,0
02/17/2015 04:00:00 AM,8,5,3
02/17/2015 05:00:00 AM,31,24,7
02/17/2015 06:00:00 AM,86,64,22
02/17/2015 07:00:00 AM,195,194,1
02/17/2015 08:00:00 AM,340,340,0
02/17/2015 09:00:00 AM,187,187,0
02/17/2015 10:00:00 AM,91,91,0
02/17/2015 11:00:00 AM,72,72,0
02/17/2015 12:00:00 PM,77,77,0
02/17/2015 01:00:00 PM,95,95,0
02/17/2015 02:00:00 PM,110,79,31
02/17/2015 03:00:00 PM,154,73,81
02/17/2015 04:00:00 PM,278,115,163
02/17/2015 05:00:00 PM,452,164,288
02/17/2015 06:00:00 PM,398,136,262
02/17/2015 07:00:00 PM,151,63,88
02/17/2015 08:00:00 PM,67,24,43
02/17/2015 09:00:00 PM,50,20,30
02/17/2015 10:00:00 PM,31,9,22
02/17/2015 11:00:00 PM,32,5,27
02/18/2015 12:00:00 AM,6,3,3
02/18/2015 01:00:00 AM,5,2,3
02/18/2015 02:00:00 AM,2,2,0
02/18/2015 03:00:00 AM,1,1,0
02/18/2015 04:00:00 AM,5,3,2
02/18/2015 05:00:00 AM,33,24,9
02/18/2015 06:00:00 AM,115,83,32
02/18/2015 07:00:00 AM,211,200,11
02/18/2015 08:00:00 AM,336,336,0
02/18/2015 09:00:00 AM,176,175,1
02/18/2015 10:00:00 AM,84,84,0
02/18/2015 11:00:00 AM,58,58,0
02/18/2015 12:00:00 PM,47,47,0
02/18/2015 01:00:00 PM,154,152,2
02/18/2015 02:00:00 PM,119,111,8
02/18/2015 03:00:00 PM,108,55,53
02/18/2015 04:00:00 PM,221,92,129
02/18/2015 05:00:00 PM,500,170,330
02/18/2015 06:00:00 PM,374,113,261
02/18/2015 07:00:00 PM,159,49,110
02/18/2015 08:00:00 PM,79,36,43
02/18/2015 09:00:00 PM,59,27,32
02/18/2015 10:00:00 PM,58,24,34
02/18/2015 11:00:00 PM,17,7,10
02/19/2015 12:00:00 AM,4,2,2
02/19/2015 01:00:00 AM,3,3,0
02/19/2015 02:00:00 AM,6,1,5
02/19/2015 03:00:00 AM,3,2,1
02/19/2015 04:00:00 AM,9,7,2
02/19/2015 05:00:00 AM,25,17,8
02/19/2015 06:00:00 AM,97,64,33
02/19/2015 07:00:00 AM,175,167,8
02/19/2015 08:00:00 AM,290,290,0
02/19/2015 09:00:00 AM,159,159,0
02/19/2015 10:00:00 AM,81,80,1
02/19/2015 11:00:00 AM,49,49,0
02/19/2015 12:00:00 PM,29,29,0
02/19/2015 01:00:00 PM,32,31,1
02/19/2015 02:00:00 PM,46,39,7
02/19/2015 03:00:00 PM,77,34,43
02/19/2015 04:00:00 PM,166,70,96
02/19/2015 05:00:00 PM,375,114,261
02/19/2015 06:00:00 PM,306,101,205
02/19/2015 07:00:00 PM,129,44,85
02/19/2015 08:00:00 PM,63,22,41
02/19/2015 09:00:00 PM,45,20,25
02/19/2015 10:00:00 PM,35,15,20
02/19/2015 11:00:00 PM,17,6,11
02/20/2015 12:00:00 AM,14,8,6
02/20/2015 01:00:00 AM,8,0,8
02/20/2015 02:00:00 AM,1,0,1
02/20/2015 03:00:00 AM,0,0,0
02/20/2015 04:00:00 AM,5,3,2
02/20/2015 05:00:00 AM,19,14,5
02/20/2015 06:00:00 AM,81,57,24
02/20/2015 07:00:00 AM,128,29,99
02/20/2015 08:00:00 AM,199,1,198
02/20/2015 09:00:00 AM,141,0,141
02/20/2015 10:00:00 AM,70,0,70
02/20/2015 11:00:00 AM,39,0,39
02/20/2015 12:00:00 PM,47,2,45
02/20/2015 01:00:00 PM,60,0,60
02/20/2015 02:00:00 PM,70,29,41
02/20/2015 03:00:00 PM,111,56,55
02/20/2015 04:00:00 PM,183,70,113
02/20/2015 05:00:00 PM,375,109,266
02/20/2015 06:00:00 PM,241,76,165
02/20/2015 07:00:00 PM,102,40,62
02/20/2015 08:00:00 PM,43,17,26
02/20/2015 09:00:00 PM,24,7,17
02/20/2015 10:00:00 PM,28,9,19
02/20/2015 11:00:00 PM,28,12,16
02/21/2015 12:00:00 AM,20,7,13
02/21/2015 01:00:00 AM,10,3,7
02/21/2015 02:00:00 AM,6,6,0
02/21/2015 03:00:00 AM,3,1,2
02/21/2015 04:00:00 AM,2,2,0
02/21/2015 05:00:00 AM,4,2,2
02/21/2015 06:00:00 AM,22,10,12
02/21/2015 07:00:00 AM,21,5,16
02/21/2015 08:00:00 AM,66,43,23
02/21/2015 09:00:00 AM,70,43,27
02/21/2015 10:00:00 AM,108,69,39
02/21/2015 11:00:00 AM,133,76,57
02/21/2015 12:00:00 PM,152,100,52
02/21/2015 01:00:00 PM,168,104,64
02/21/2015 02:00:00 PM,176,103,73
02/21/2015 03:00:00 PM,197,86,111
02/21/2015 04:00:00 PM,160,69,91
02/21/2015 05:00:00 PM,121,71,50
02/21/2015 06:00:00 PM,86,41,45
02/21/2015 07:00:00 PM,44,19,25
02/21/2015 08:00:00 PM,36,20,16
02/21/2015 09:00:00 PM,19,8,11
02/21/2015 10:00:00 PM,14,4,10
02/21/2015 11:00:00 PM,13,6,7
02/22/2015 12:00:00 AM,15,6,9
02/22/2015 01:00:00 AM,3,3,0
02/22/2015 02:00:00 AM,6,4,2
02/22/2015 03:00:00 AM,0,0,0
02/22/2015 04:00:00 AM,4,3,1
02/22/2015 05:00:00 AM,2,1,1
02/22/2015 06:00:00 AM,25,16,9
02/22/2015 07:00:00 AM,83,69,14
02/22/2015 08:00:00 AM,95,71,24
02/22/2015 09:00:00 AM,97,56,41
02/22/2015 10:00:00 AM,101,47,54
02/22/2015 11:00:00 AM,160,93,67
02/22/2015 12:00:00 PM,195,121,74
02/22/2015 01:00:00 PM,167,89,78
02/22/2015 02:00:00 PM,212,106,106
02/22/2015 03:00:00 PM,197,89,108
02/22/2015 04:00:00 PM,152,66,86
02/22/2015 05:00:00 PM,134,68,66
02/22/2015 06:00:00 PM,93,45,48
02/22/2015 07:00:00 PM,29,9,20
02/22/2015 08:00:00 PM,19,7,12
02/22/2015 09:00:00 PM,14,5,9
02/22/2015 10:00:00 PM,10,4,6
02/22/2015 11:00:00 PM,7,2,5
02/23/2015 12:00:00 AM,3,2,1
02/23/2015 01:00:00 AM,3,1,2
02/23/2015 02:00:00 AM,2,1,1
02/23/2015 03:00:00 AM,3,1,2
02/23/2015 04:00:00 AM,7,5,2
02/23/2015 05:00:00 AM,32,25,7
02/23/2015 06:00:00 AM,98,65,33
02/23/2015 07:00:00 AM,226,220,6
02/23/2015 08:00:00 AM,348,347,1
02/23/2015 09:00:00 AM,194,194,0
02/23/2015 10:00:00 AM,80,80,0
02/23/2015 11:00:00 AM,72,72,0
02/23/2015 12:00:00 PM,55,55,0
02/23/2015 01:00:00 PM,66,66,0
02/23/2015 02:00:00 PM,79,79,0
02/23/2015 03:00:00 PM,135,66,69
02/23/2015 04:00:00 PM,262,107,155
02/23/2015 05:00:00 PM,512,162,350
02/23/2015 06:00:00 PM,362,107,255
02/23/2015 07:00:00 PM,173,59,114
02/23/2015 08:00:00 PM,83,24,59
02/23/2015 09:00:00 PM,41,20,21
02/23/2015 10:00:00 PM,26,10,16
02/23/2015 11:00:00 PM,19,7,12
02/24/2015 12:00:00 AM,8,2,6
02/24/2015 01:00:00 AM,5,3,2
02/24/2015 02:00:00 AM,6,3,3
02/24/2015 03:00:00 AM,3,0,3
02/24/2015 04:00:00 AM,4,2,2
02/24/2015 05:00:00 AM,35,23,12
02/24/2015 06:00:00 AM,105,73,32
02/24/2015 07:00:00 AM,245,236,9
02/24/2015 08:00:00 AM,418,418,0
02/24/2015 09:00:00 AM,188,188,0
02/24/2015 10:00:00 AM,75,75,0
02/24/2015 11:00:00 AM,74,69,5
02/24/2015 12:00:00 PM,79,0,79
02/24/2015 01:00:00 PM,90,0,90
02/24/2015 02:00:00 PM,105,17,88
02/24/2015 03:00:00 PM,131,54,77
02/24/2015 04:00:00 PM,261,108,153
02/24/2015 05:00:00 PM,538,162,376
02/24/2015 06:00:00 PM,361,126,235
02/24/2015 07:00:00 PM,153,52,101
02/24/2015 08:00:00 PM,73,37,36
02/24/2015 09:00:00 PM,54,24,30
02/24/2015 10:00:00 PM,33,14,19
02/24/2015 11:00:00 PM,22,7,15
02/25/2015 12:00:00 AM,11,2,9
02/25/2015 01:00:00 AM,4,3,1
02/25/2015 02:00:00 AM,4,2,2
02/25/2015 03:00:00 AM,0,0,0
02/25/2015 04:00:00 AM,7,6,1
02/25/2015 05:00:00 AM,34,24,10
02/25/2015 06:00:00 AM,108,68,40
02/25/2015 07:00:00 AM,190,180,10
02/25/2015 08:00:00 AM,349,349,0
02/25/2015 09:00:00 AM,193,193,0
02/25/2015 10:00:00 AM,65,64,1
02/25/2015 11:00:00 AM,48,47,1
02/25/2015 12:00:00 PM,43,43,0
02/25/2015 01:00:00 PM,40,37,3
02/25/2015 02:00:00 PM,47,47,0
02/25/2015 03:00:00 PM,96,73,23
02/25/2015 04:00:00 PM,167,60,107
02/25/2015 05:00:00 PM,392,124,268
02/25/2015 06:00:00 PM,316,101,215
02/25/2015 07:00:00 PM,119,43,76
02/25/2015 08:00:00 PM,70,26,44
02/25/2015 09:00:00 PM,52,23,29
02/25/2015 10:00:00 PM,23,8,15
02/25/2015 11:00:00 PM,18,4,14
02/26/2015 12:00:00 AM,7,5,2
02/26/2015 01:00:00 AM,3,2,1
02/26/2015 02:00:00 AM,1,0,1
02/26/2015 03:00:00 AM,3,1,2
02/26/2015 04:00:00 AM,7,5,2
02/26/2015 05:00:00 AM,21,12,9
02/26/2015 06:00:00 AM,83,60,23
02/26/2015 07:00:00 AM,198,185,13
02/26/2015 08:00:00 AM,285,285,0
02/26/2015 09:00:00 AM,171,171,0
02/26/2015 10:00:00 AM,69,69,0
02/26/2015 11:00:00 AM,42,42,0
02/26/2015 12:00:00 PM,50,50,0
02/26/2015 01:00:00 PM,48,48,0
02/26/2015 02:00:00 PM,58,50,8
02/26/2015 03:00:00 PM,76,37,39
02/26/2015 04:00:00 PM,172,63,109
02/26/2015 05:00:00 PM,359,121,238
02/26/2015 06:00:00 PM,314,102,212
02/26/2015 07:00:00 PM,135,37,98
02/26/2015 08:00:00 PM,64,24,40
02/26/2015 09:00:00 PM,46,21,25
02/26/2015 10:00:00 PM,29,8,21
02/26/2015 11:00:00 PM,15,4,11
02/27/2015 12:00:00 AM,5,1,4
02/27/2015 01:00:00 AM,2,1,1
02/27/2015 02:00:00 AM,2,2,0
02/27/2015 03:00:00 AM,1,0,1
02/27/2015 04:00:00 AM,3,2,1
02/27/2015 05:00:00 AM,23,12,11
02/27/2015 06:00:00 AM,83,64,19
02/27/2015 07:00:00 AM,103,19,84
02/27/2015 08:00:00 AM,167,2,165
02/27/2015 09:00:00 AM,116,3,113
02/27/2015 10:00:00 AM,65,0,65
02/27/2015 11:00:00 AM,28,0,28
02/27/2015 12:00:00 PM,36,0,36
02/27/2015 01:00:00 PM,32,0,32
02/27/2015 02:00:00 PM,65,25,40
02/27/2015 03:00:00 PM,76,30,46
02/27/2015 04:00:00 PM,166,70,96
02/27/2015 05:00:00 PM,300,104,196
02/27/2015 06:00:00 PM,233,82,151
02/27/2015 07:00:00 PM,99,35,64
02/27/2015 08:00:00 PM,39,11,28
02/27/2015 09:00:00 PM,50,33,17
02/27/2015 10:00:00 PM,25,14,11
02/27/2015 11:00:00 PM,19,9,10
02/28/2015 12:00:00 AM,23,13,10
02/28/2015 01:00:00 AM,12,5,7
02/28/2015 02:00:00 AM,3,2,1
02/28/2015 03:00:00 AM,3,2,1
02/28/2015 04:00:00 AM,1,0,1
02/28/2015 05:00:00 AM,4,2,2
02/28/2015 06:00:00 AM,20,8,12
02/28/2015 07:00:00 AM,37,18,19
02/28/2015 08:00:00 AM,74,39,35
02/28/2015 09:00:00 AM,111,61,50
02/28/2015 10:00:00 AM,135,74,61
02/28/2015 11:00:00 AM,167,109,58
02/28/2015 12:00:00 PM,182,92,90
02/28/2015 01:00:00 PM,215,113,102
02/28/2015 02:00:00 PM,235,134,101
02/28/2015 03:00:00 PM,215,113,102
02/28/2015 04:00:00 PM,187,107,80
02/28/2015 05:00:00 PM,136,67,69
02/28/2015 06:00:00 PM,96,47,49
02/28/2015 07:00:00 PM,50,23,27
02/28/2015 08:00:00 PM,44,23,21
02/28/2015 09:00:00 PM,19,14,5
02/28/2015 10:00:00 PM,24,15,9
02/28/2015 11:00:00 PM,25,8,17
03/01/2015 12:00:00 AM,37,21,16
03/01/2015 01:00:00 AM,4,2,2
03/01/2015 02:00:00 AM,9,5,4
03/01/2015 03:00:00 AM,2,2,0
03/01/2015 04:00:00 AM,1,0,1
03/01/2015 05:00:00 AM,1,0,1
03/01/2015 06:00:00 AM,12,4,8
03/01/2015 07:00:00 AM,13,7,6
03/01/2015 08:00:00 AM,62,41,21
03/01/2015 09:00:00 AM,133,88,45
03/01/2015 10:00:00 AM,164,115,49
03/01/2015 11:00:00 AM,188,105,83
03/01/2015 12:00:00 PM,189,103,86
03/01/2015 01:00:00 PM,205,100,105
03/01/2015 02:00:00 PM,162,91,71
03/01/2015 03:00:00 PM,172,96,76
03/01/2015 04:00:00 PM,151,72,79
03/01/2015 05:00:00 PM,114,71,43
03/01/2015 06:00:00 PM,56,36,20
03/01/2015 07:00:00 PM,36,23,13
03/01/2015 08:00:00 PM,19,5,14
03/01/2015 09:00:00 PM,17,7,10
03/01/2015 10:00:00 PM,15,4,11
03/01/2015 11:00:00 PM,10,5,5
03/02/2015 12:00:00 AM,7,4,3
03/02/2015 01:00:00 AM,4,1,3
03/02/2015 02:00:00 AM,3,3,0
03/02/2015 03:00:00 AM,4,2,2
03/02/2015 04:00:00 AM,4,2,2
03/02/2015 05:00:00 AM,39,26,13
03/02/2015 06:00:00 AM,121,75,46
03/02/2015 07:00:00 AM,140,31,109
03/02/2015 08:00:00 AM,233,2,231
03/02/2015 09:00:00 AM,152,1,151
03/02/2015 10:00:00 AM,91,0,91
03/02/2015 11:00:00 AM,56,0,56
03/02/2015 12:00:00 PM,43,1,42
03/02/2015 01:00:00 PM,58,0,58
03/02/2015 02:00:00 PM,68,8,60
03/02/2015 03:00:00 PM,119,60,59
03/02/2015 04:00:00 PM,235,88,147
03/02/2015 05:00:00 PM,498,159,339
03/02/2015 06:00:00 PM,386,114,272
03/02/2015 07:00:00 PM,155,55,100
03/02/2015 08:00:00 PM,72,23,49
03/02/2015 09:00:00 PM,42,15,27
03/02/2015 10:00:00 PM,23,8,15
03/02/2015 11:00:00 PM,21,10,11
03/03/2015 12:00:00 AM,12,11,1
03/03/2015 01:00:00 AM,7,7,0
03/03/2015 02:00:00 AM,6,4,2
03/03/2015 03:00:00 AM,2,0,2
03/03/2015 04:00:00 AM,4,3,1
03/03/2015 05:00:00 AM,41,30,11
03/03/2015 06:00:00 AM,99,68,31
03/03/2015 07:00:00 AM,238,224,14
03/03/2015 08:00:00 AM,372,372,0
03/03/2015 09:00:00 AM,196,196,0
03/03/2015 10:00:00 AM,86,86,0
03/03/2015 11:00:00 AM,66,66,0
03/03/2015 12:00:00 PM,61,61,0
03/03/2015 01:00:00 PM,72,72,0
03/03/2015 02:00:00 PM,99,65,34
03/03/2015 03:00:00 PM,122,65,57
03/03/2015 04:00:00 PM,240,100,140
03/03/2015 05:00:00 PM,519,147,372
03/03/2015 06:00:00 PM,380,130,250
03/03/2015 07:00:00 PM,164,75,89
03/03/2015 08:00:00 PM,68,26,42
03/03/2015 09:00:00 PM,46,20,26
03/03/2015 10:00:00 PM,27,11,16
03/03/2015 11:00:00 PM,18,5,13
03/04/2015 12:00:00 AM,12,7,5
03/04/2015 01:00:00 AM,3,1,2
03/04/2015 02:00:00 AM,5,2,3
03/04/2015 03:00:00 AM,4,1,3
03/04/2015 04:00:00 AM,3,3,0
03/04/2015 05:00:00 AM,34,23,11
03/04/2015 06:00:00 AM,99,65,34
03/04/2015 07:00:00 AM,194,188,6
03/04/2015 08:00:00 AM,335,335,0
03/04/2015 09:00:00 AM,201,188,13
03/04/2015 10:00:00 AM,77,4,73
03/04/2015 11:00:00 AM,61,2,59
03/04/2015 12:00:00 PM,54,1,53
03/04/2015 01:00:00 PM,59,1,58
03/04/2015 02:00:00 PM,114,35,79
03/04/2015 03:00:00 PM,123,42,81
03/04/2015 04:00:00 PM,239,96,143
03/04/2015 05:00:00 PM,479,165,314
03/04/2015 06:00:00 PM,396,133,263
03/04/2015 07:00:00 PM,144,51,93
03/04/2015 08:00:00 PM,84,28,56
03/04/2015 09:00:00 PM,54,33,21
03/04/2015 10:00:00 PM,35,19,16
03/04/2015 11:00:00 PM,20,8,12
03/05/2015 12:00:00 AM,7,2,5
03/05/2015 01:00:00 AM,4,3,1
03/05/2015 02:00:00 AM,3,1,2
03/05/2015 03:00:00 AM,4,3,1
03/05/2015 04:00:00 AM,5,4,1
03/05/2015 05:00:00 AM,32,20,12
03/05/2015 06:00:00 AM,88,60,28
03/05/2015 07:00:00 AM,199,184,15
03/05/2015 08:00:00 AM,317,317,0
03/05/2015 09:00:00 AM,170,170,0
03/05/2015 10:00:00 AM,85,85,0
03/05/2015 11:00:00 AM,61,61,0
03/05/2015 12:00:00 PM,69,67,2
03/05/2015 01:00:00 PM,74,74,0
03/05/2015 02:00:00 PM,80,43,37
03/05/2015 03:00:00 PM,123,58,65
03/05/2015 04:00:00 PM,261,111,150
03/05/2015 05:00:00 PM,478,151,327
03/05/2015 06:00:00 PM,326,113,213
03/05/2015 07:00:00 PM,133,56,77
03/05/2015 08:00:00 PM,79,36,43
03/05/2015 09:00:00 PM,86,28,58
03/05/2015 10:00:00 PM,44,19,25
03/05/2015 11:00:00 PM,21,6,15
03/06/2015 12:00:00 AM,18,10,8
03/06/2015 01:00:00 AM,4,3,1
03/06/2015 02:00:00 AM,5,4,1
03/06/2015 03:00:00 AM,7,3,4
03/06/2015 04:00:00 AM,5,1,4
03/06/2015 05:00:00 AM,22,18,4
03/06/2015 06:00:00 AM,106,66,40
03/06/2015 07:00:00 AM,158,151,7
03/06/2015 08:00:00 AM,305,305,0
03/06/2015 09:00:00 AM,170,170,0
03/06/2015 10:00:00 AM,80,80,0
03/06/2015 11:00:00 AM,63,63,0
03/06/2015 12:00:00 PM,72,72,0
03/06/2015 01:00:00 PM,165,165,0
03/06/2015 02:00:00 PM,95,76,19
03/06/2015 03:00:00 PM,176,79,97
03/06/2015 04:00:00 PM,272,115,157
03/06/2015 05:00:00 PM,482,155,327
03/06/2015 06:00:00 PM,304,106,198
03/06/2015 07:00:00 PM,119,43,76
03/06/2015 08:00:00 PM,78,34,44
03/06/2015 09:00:00 PM,37,18,19
03/06/2015 10:00:00 PM,31,15,16
03/06/2015 11:00:00 PM,28,14,14
03/07/2015 12:00:00 AM,21,5,16
03/07/2015 01:00:00 AM,6,0,6
03/07/2015 02:00:00 AM,11,8,3
03/07/2015 03:00:00 AM,0,0,0
03/07/2015 04:00:00 AM,3,1,2
03/07/2015 05:00:00 AM,7,3,4
03/07/2015 06:00:00 AM,23,8,15
03/07/2015 07:00:00 AM,35,17,18
03/07/2015 08:00:00 AM,95,46,49
03/07/2015 09:00:00 AM,112,58,54
03/07/2015 10:00:00 AM,172,101,71
03/07/2015 11:00:00 AM,157,108,49
03/07/2015 12:00:00 PM,169,93,76
03/07/2015 01:00:00 PM,277,123,154
03/07/2015 02:00:00 PM,236,112,124
03/07/2015 03:00:00 PM,252,135,117
03/07/2015 04:00:00 PM,242,136,106
03/07/2015 05:00:00 PM,168,109,59
03/07/2015 06:00:00 PM,123,69,54
03/07/2015 07:00:00 PM,59,30,29
03/07/2015 08:00:00 PM,44,23,21
03/07/2015 09:00:00 PM,26,12,14
03/07/2015 10:00:00 PM,24,16,8
03/07/2015 11:00:00 PM,19,10,9
03/08/2015 12:00:00 AM,22,7,15
03/08/2015 01:00:00 AM,3,2,1
03/08/2015 02:00:00 AM,,,
03/08/2015 03:00:00 AM,7,5,2
03/08/2015 04:00:00 AM,3,1,2
03/08/2015 05:00:00 AM,5,4,1
03/08/2015 06:00:00 AM,13,4,9
03/08/2015 07:00:00 AM,21,11,10
03/08/2015 08:00:00 AM,35,21,14
03/08/2015 09:00:00 AM,47,14,33
03/08/2015 10:00:00 AM,115,61,54
03/08/2015 11:00:00 AM,155,87,68
03/08/2015 12:00:00 PM,170,87,83
03/08/2015 01:00:00 PM,178,114,64
03/08/2015 02:00:00 PM,293,148,145
03/08/2015 03:00:00 PM,268,136,132
03/08/2015 04:00:00 PM,255,149,106
03/08/2015 05:00:00 PM,225,149,76
03/08/2015 06:00:00 PM,122,62,60
03/08/2015 07:00:00 PM,43,18,25
03/08/2015 08:00:00 PM,39,20,19
03/08/2015 09:00:00 PM,53,18,35
03/08/2015 10:00:00 PM,21,12,9
03/08/2015 11:00:00 PM,13,7,6
03/09/2015 12:00:00 AM,5,2,3
03/09/2015 01:00:00 AM,5,2,3
03/09/2015 02:00:00 AM,3,2,1
03/09/2015 03:00:00 AM,5,3,2
03/09/2015 04:00:00 AM,4,3,1
03/09/2015 05:00:00 AM,35,25,10
03/09/2015 06:00:00 AM,109,69,40
03/09/2015 07:00:00 AM,136,23,113
03/09/2015 08:00:00 AM,234,1,233
03/09/2015 09:00:00 AM,174,2,172
03/09/2015 10:00:00 AM,82,1,81
03/09/2015 11:00:00 AM,65,0,65
03/09/2015 12:00:00 PM,61,0,61
03/09/2015 01:00:00 PM,87,0,87
03/09/2015 02:00:00 PM,81,26,55
03/09/2015 03:00:00 PM,137,64,73
03/09/2015 04:00:00 PM,257,106,151
03/09/2015 05:00:00 PM,498,170,328
03/09/2015 06:00:00 PM,478,138,340
03/09/2015 07:00:00 PM,183,84,99
03/09/2015 08:00:00 PM,97,33,64
03/09/2015 09:00:00 PM,54,20,34
03/09/2015 10:00:00 PM,20,5,15
03/09/2015 11:00:00 PM,23,7,16
03/10/2015 12:00:00 AM,11,3,8
03/10/2015 01:00:00 AM,3,1,2
03/10/2015 02:00:00 AM,3,2,1
03/10/2015 03:00:00 AM,3,0,3
03/10/2015 04:00:00 AM,5,1,4
03/10/2015 05:00:00 AM,36,24,12
03/10/2015 06:00:00 AM,110,69,41
03/10/2015 07:00:00 AM,144,29,115
03/10/2015 08:00:00 AM,267,3,264
03/10/2015 09:00:00 AM,174,0,174
03/10/2015 10:00:00 AM,67,0,67
03/10/2015 11:00:00 AM,56,0,56
03/10/2015 12:00:00 PM,54,0,54
03/10/2015 01:00:00 PM,62,0,62
03/10/2015 02:00:00 PM,124,29,95
03/10/2015 03:00:00 PM,110,46,64
03/10/2015 04:00:00 PM,237,99,138
03/10/2015 05:00:00 PM,523,161,362
03/10/2015 06:00:00 PM,480,164,316
03/10/2015 07:00:00 PM,195,69,126
03/10/2015 08:00:00 PM,85,30,55
03/10/2015 09:00:00 PM,50,18,32
03/10/2015 10:00:00 PM,34,18,16
03/10/2015 11:00:00 PM,22,4,18
03/11/2015 12:00:00 AM,5,4,1
03/11/2015 01:00:00 AM,4,2,2
03/11/2015 02:00:00 AM,2,1,1
03/11/2015 03:00:00 AM,4,2,2
03/11/2015 04:00:00 AM,5,1,4
03/11/2015 05:00:00 AM,35,26,9
03/11/2015 06:00:00 AM,82,52,30
03/11/2015 07:00:00 AM,143,35,108
03/11/2015 08:00:00 AM,213,4,209
03/11/2015 09:00:00 AM,131,1,130
03/11/2015 10:00:00 AM,59,1,58
03/11/2015 11:00:00 AM,45,0,45
03/11/2015 12:00:00 PM,38,0,38
03/11/2015 01:00:00 PM,38,0,38
03/11/2015 02:00:00 PM,48,14,34
03/11/2015 03:00:00 PM,83,42,41
03/11/2015 04:00:00 PM,166,75,91
03/11/2015 05:00:00 PM,379,109,270
03/11/2015 06:00:00 PM,300,92,208
03/11/2015 07:00:00 PM,134,49,85
03/11/2015 08:00:00 PM,57,18,39
03/11/2015 09:00:00 PM,43,22,21
03/11/2015 10:00:00 PM,19,13,6
03/11/2015 11:00:00 PM,17,8,9
03/12/2015 12:00:00 AM,7,4,3
03/12/2015 01:00:00 AM,5,3,2
03/12/2015 02:00:00 AM,6,2,4
03/12/2015 03:00:00 AM,2,0,2
03/12/2015 04:00:00 AM,9,5,4
03/12/2015 05:00:00 AM,28,20,8
03/12/2015 06:00:00 AM,104,71,33
03/12/2015 07:00:00 AM,143,133,10
03/12/2015 08:00:00 AM,268,68,200
03/12/2015 09:00:00 AM,171,1,170
03/12/2015 10:00:00 AM,63,2,61
03/12/2015 11:00:00 AM,63,1,62
03/12/2015 12:00:00 PM,64,0,64
03/12/2015 01:00:00 PM,63,0,63
03/12/2015 02:00:00 PM,94,23,71
03/12/2015 03:00:00 PM,144,72,72
03/12/2015 04:00:00 PM,234,96,138
03/12/2015 05:00:00 PM,566,210,356
03/12/2015 06:00:00 PM,457,164,293
03/12/2015 07:00:00 PM,205,97,108
03/12/2015 08:00:00 PM,99,42,57
03/12/2015 09:00:00 PM,56,27,29
03/12/2015 10:00:00 PM,34,16,18
03/12/2015 11:00:00 PM,29,8,21
03/13/2015 12:00:00 AM,14,6,8
03/13/2015 01:00:00 AM,8,2,6
03/13/2015 02:00:00 AM,5,1,4
03/13/2015 03:00:00 AM,4,1,3
03/13/2015 04:00:00 AM,8,3,5
03/13/2015 05:00:00 AM,35,22,13
03/13/2015 06:00:00 AM,98,69,29
03/13/2015 07:00:00 AM,181,174,7
03/13/2015 08:00:00 AM,306,306,0
03/13/2015 09:00:00 AM,183,183,0
03/13/2015 10:00:00 AM,102,102,0
03/13/2015 11:00:00 AM,70,70,0
03/13/2015 12:00:00 PM,63,63,0
03/13/2015 01:00:00 PM,84,84,0
03/13/2015 02:00:00 PM,123,85,38
03/13/2015 03:00:00 PM,180,82,98
03/13/2015 04:00:00 PM,282,121,161
03/13/2015 05:00:00 PM,498,159,339
03/13/2015 06:00:00 PM,377,149,228
03/13/2015 07:00:00 PM,157,60,97
03/13/2015 08:00:00 PM,72,32,40
03/13/2015 09:00:00 PM,52,28,24
03/13/2015 10:00:00 PM,37,18,19
03/13/2015 11:00:00 PM,30,19,11
03/14/2015 12:00:00 AM,19,10,9
03/14/2015 01:00:00 AM,9,2,7
03/14/2015 02:00:00 AM,7,3,4
03/14/2015 03:00:00 AM,1,0,1
03/14/2015 04:00:00 AM,2,0,2
03/14/2015 05:00:00 AM,2,1,1
03/14/2015 06:00:00 AM,11,7,4
03/14/2015 07:00:00 AM,12,5,7
03/14/2015 08:00:00 AM,31,20,11
03/14/2015 09:00:00 AM,42,21,21
03/14/2015 10:00:00 AM,33,22,11
03/14/2015 11:00:00 AM,41,18,23
03/14/2015 12:00:00 PM,55,27,28
03/14/2015 01:00:00 PM,62,39,23
03/14/2015 02:00:00 PM,88,42,46
03/14/2015 03:00:00 PM,85,48,37
03/14/2015 04:00:00 PM,96,56,40
03/14/2015 05:00:00 PM,86,46,40
03/14/2015 06:00:00 PM,62,37,25
03/14/2015 07:00:00 PM,32,16,16
03/14/2015 08:00:00 PM,19,12,7
03/14/2015 09:00:00 PM,39,19,20
03/14/2015 10:00:00 PM,18,10,8
03/14/2015 11:00:00 PM,23,12,11
03/15/2015 12:00:00 AM,7,4,3
03/15/2015 01:00:00 AM,6,0,6
03/15/2015 02:00:00 AM,6,2,4
03/15/2015 03:00:00 AM,3,1,2
03/15/2015 04:00:00 AM,0,0,0
03/15/2015 05:00:00 AM,4,2,2
03/15/2015 06:00:00 AM,7,4,3
03/15/2015 07:00:00 AM,6,4,2
03/15/2015 08:00:00 AM,18,11,7
03/15/2015 09:00:00 AM,19,11,8
03/15/2015 10:00:00 AM,12,8,4
03/15/2015 11:00:00 AM,14,8,6
03/15/2015 12:00:00 PM,17,9,8
03/15/2015 01:00:00 PM,13,10,3
03/15/2015 02:00:00 PM,11,5,6
03/15/2015 03:00:00 PM,16,13,3
03/15/2015 04:00:00 PM,17,5,12
03/15/2015 05:00:00 PM,18,10,8
03/15/2015 06:00:00 PM,13,7,6
03/15/2015 07:00:00 PM,12,6,6
03/15/2015 08:00:00 PM,7,4,3
03/15/2015 09:00:00 PM,2,2,0
03/15/2015 10:00:00 PM,5,3,2
03/15/2015 11:00:00 PM,6,3,3
03/16/2015 12:00:00 AM,0,0,0
03/16/2015 01:00:00 AM,2,2,0
03/16/2015 02:00:00 AM,2,1,1
03/16/2015 03:00:00 AM,1,0,1
03/16/2015 04:00:00 AM,4,2,2
03/16/2015 05:00:00 AM,33,22,11
03/16/2015 06:00:00 AM,81,51,30
03/16/2015 07:00:00 AM,160,35,125
03/16/2015 08:00:00 AM,228,2,226
03/16/2015 09:00:00 AM,168,0,168
03/16/2015 10:00:00 AM,54,0,54
03/16/2015 11:00:00 AM,63,0,63
03/16/2015 12:00:00 PM,55,0,55
03/16/2015 01:00:00 PM,59,0,59
03/16/2015 02:00:00 PM,94,0,94
03/16/2015 03:00:00 PM,114,32,82
03/16/2015 04:00:00 PM,218,85,133
03/16/2015 05:00:00 PM,534,175,359
03/16/2015 06:00:00 PM,435,141,294
03/16/2015 07:00:00 PM,160,55,105
03/16/2015 08:00:00 PM,70,28,42
03/16/2015 09:00:00 PM,46,17,29
03/16/2015 10:00:00 PM,22,9,13
03/16/2015 11:00:00 PM,21,11,10
03/17/2015 12:00:00 AM,10,2,8
03/17/2015 01:00:00 AM,6,5,1
03/17/2015 02:00:00 AM,2,1,1
03/17/2015 03:00:00 AM,3,1,2
03/17/2015 04:00:00 AM,8,5,3
03/17/2015 05:00:00 AM,33,23,10
03/17/2015 06:00:00 AM,77,54,23
03/17/2015 07:00:00 AM,154,45,109
03/17/2015 08:00:00 AM,218,0,218
03/17/2015 09:00:00 AM,102,0,102
03/17/2015 10:00:00 AM,69,0,69
03/17/2015 11:00:00 AM,34,0,34
03/17/2015 12:00:00 PM,54,0,54
03/17/2015 01:00:00 PM,57,0,57
03/17/2015 02:00:00 PM,81,11,70
03/17/2015 03:00:00 PM,118,43,75
03/17/2015 04:00:00 PM,216,90,126
03/17/2015 05:00:00 PM,420,128,292
03/17/2015 06:00:00 PM,355,135,220
03/17/2015 07:00:00 PM,129,50,79
03/17/2015 08:00:00 PM,60,19,41
03/17/2015 09:00:00 PM,46,22,24
03/17/2015 10:00:00 PM,28,12,16
03/17/2015 11:00:00 PM,19,11,8
03/18/2015 12:00:00 AM,18,10,8
03/18/2015 01:00:00 AM,6,2,4
03/18/2015 02:00:00 AM,5,3,2
03/18/2015 03:00:00 AM,2,1,1
03/18/2015 04:00:00 AM,9,4,5
03/18/2015 05:00:00 AM,39,28,11
03/18/2015 06:00:00 AM,89,56,33
03/18/2015 07:00:00 AM,155,28,127
03/18/2015 08:00:00 AM,228,2,226
03/18/2015 09:00:00 AM,155,0,155
03/18/2015 10:00:00 AM,76,0,76
03/18/2015 11:00:00 AM,48,0,48
03/18/2015 12:00:00 PM,42,0,42
03/18/2015 01:00:00 PM,70,0,70
03/18/2015 02:00:00 PM,73,14,59
03/18/2015 03:00:00 PM,138,54,84
03/18/2015 04:00:00 PM,245,104,141
03/18/2015 05:00:00 PM,586,205,381
03/18/2015 06:00:00 PM,461,155,306
03/18/2015 07:00:00 PM,208,88,120
03/18/2015 08:00:00 PM,91,31,60
03/18/2015 09:00:00 PM,69,34,35
03/18/2015 10:00:00 PM,37,19,18
03/18/2015 11:00:00 PM,23,8,15
03/19/2015 12:00:00 AM,16,9,7
03/19/2015 01:00:00 AM,6,5,1
03/19/2015 02:00:00 AM,6,4,2
03/19/2015 03:00:00 AM,4,1,3
03/19/2015 04:00:00 AM,9,6,3
03/19/2015 05:00:00 AM,32,22,10
03/19/2015 06:00:00 AM,104,72,32
03/19/2015 07:00:00 AM,209,190,19
03/19/2015 08:00:00 AM,310,310,0
03/19/2015 09:00:00 AM,178,178,0
03/19/2015 10:00:00 AM,101,101,0
03/19/2015 11:00:00 AM,76,76,0
03/19/2015 12:00:00 PM,53,53,0
03/19/2015 01:00:00 PM,61,61,0
03/19/2015 02:00:00 PM,76,71,5
03/19/2015 03:00:00 PM,128,57,71
03/19/2015 04:00:00 PM,197,67,130
03/19/2015 05:00:00 PM,470,136,334
03/19/2015 06:00:00 PM,341,105,236
03/19/2015 07:00:00 PM,162,54,108
03/19/2015 08:00:00 PM,74,24,50
03/19/2015 09:00:00 PM,46,18,28
03/19/2015 10:00:00 PM,24,12,12
03/19/2015 11:00:00 PM,27,18,9
03/20/2015 12:00:00 AM,14,5,9
03/20/2015 01:00:00 AM,6,5,1
03/20/2015 02:00:00 AM,4,3,1
03/20/2015 03:00:00 AM,4,1,3
03/20/2015 04:00:00 AM,8,5,3
03/20/2015 05:00:00 AM,23,15,8
03/20/2015 06:00:00 AM,79,50,29
03/20/2015 07:00:00 AM,165,155,10
03/20/2015 08:00:00 AM,216,216,0
03/20/2015 09:00:00 AM,133,133,0
03/20/2015 10:00:00 AM,94,94,0
03/20/2015 11:00:00 AM,61,58,3
03/20/2015 12:00:00 PM,71,60,11
03/20/2015 01:00:00 PM,60,33,27
03/20/2015 02:00:00 PM,62,30,32
03/20/2015 03:00:00 PM,77,38,39
03/20/2015 04:00:00 PM,176,53,123
03/20/2015 05:00:00 PM,357,112,245
03/20/2015 06:00:00 PM,205,66,139
03/20/2015 07:00:00 PM,86,31,55
03/20/2015 08:00:00 PM,47,19,28
03/20/2015 09:00:00 PM,30,16,14
03/20/2015 10:00:00 PM,11,4,7
03/20/2015 11:00:00 PM,25,9,16
03/21/2015 12:00:00 AM,7,3,4
03/21/2015 01:00:00 AM,7,3,4
03/21/2015 02:00:00 AM,2,1,1
03/21/2015 03:00:00 AM,4,2,2
03/21/2015 04:00:00 AM,4,3,1
03/21/2015 05:00:00 AM,4,3,1
03/21/2015 06:00:00 AM,16,8,8
03/21/2015 07:00:00 AM,25,12,13
03/21/2015 08:00:00 AM,43,25,18
03/21/2015 09:00:00 AM,66,44,22
03/21/2015 10:00:00 AM,77,39,38
03/21/2015 11:00:00 AM,94,61,33
03/21/2015 12:00:00 PM,93,45,48
03/21/2015 01:00:00 PM,109,40,69
03/21/2015 02:00:00 PM,114,57,57
03/21/2015 03:00:00 PM,144,82,62
03/21/2015 04:00:00 PM,116,61,55
03/21/2015 05:00:00 PM,149,73,76
03/21/2015 06:00:00 PM,113,60,53
03/21/2015 07:00:00 PM,70,41,29
03/21/2015 08:00:00 PM,52,24,28
03/21/2015 09:00:00 PM,20,10,10
03/21/2015 10:00:00 PM,22,13,9
03/21/2015 11:00:00 PM,28,15,13
03/22/2015 12:00:00 AM,12,1,11
03/22/2015 01:00:00 AM,11,4,7
03/22/2015 02:00:00 AM,5,3,2
03/22/2015 03:00:00 AM,4,2,2
03/22/2015 04:00:00 AM,2,2,0
03/22/2015 05:00:00 AM,6,0,6
03/22/2015 06:00:00 AM,13,8,5
03/22/2015 07:00:00 AM,24,15,9
03/22/2015 08:00:00 AM,70,33,37
03/22/2015 09:00:00 AM,87,42,45
03/22/2015 10:00:00 AM,112,65,47
03/22/2015 11:00:00 AM,119,77,42
03/22/2015 12:00:00 PM,127,77,50
03/22/2015 01:00:00 PM,98,73,25
03/22/2015 02:00:00 PM,56,37,19
03/22/2015 03:00:00 PM,61,35,26
03/22/2015 04:00:00 PM,49,28,21
03/22/2015 05:00:00 PM,55,21,34
03/22/2015 06:00:00 PM,50,23,27
03/22/2015 07:00:00 PM,39,19,20
03/22/2015 08:00:00 PM,17,9,8
03/22/2015 09:00:00 PM,18,6,12
03/22/2015 10:00:00 PM,14,4,10
03/22/2015 11:00:00 PM,8,4,4
03/23/2015 12:00:00 AM,9,3,6
03/23/2015 01:00:00 AM,1,0,1
03/23/2015 02:00:00 AM,2,1,1
03/23/2015 03:00:00 AM,1,0,1
03/23/2015 04:00:00 AM,5,3,2
03/23/2015 05:00:00 AM,32,20,12
03/23/2015 06:00:00 AM,95,67,28
03/23/2015 07:00:00 AM,129,121,8
03/23/2015 08:00:00 AM,260,260,0
03/23/2015 09:00:00 AM,156,156,0
03/23/2015 10:00:00 AM,56,55,1
03/23/2015 11:00:00 AM,35,35,0
03/23/2015 12:00:00 PM,32,21,11
03/23/2015 01:00:00 PM,45,20,25
03/23/2015 02:00:00 PM,46,24,22
03/23/2015 03:00:00 PM,65,24,41
03/23/2015 04:00:00 PM,154,64,90
03/23/2015 05:00:00 PM,363,100,263
03/23/2015 06:00:00 PM,318,95,223
03/23/2015 07:00:00 PM,108,28,80
03/23/2015 08:00:00 PM,60,19,41
03/23/2015 09:00:00 PM,19,8,11
03/23/2015 10:00:00 PM,23,10,13
03/23/2015 11:00:00 PM,15,6,9
03/24/2015 12:00:00 AM,7,4,3
03/24/2015 01:00:00 AM,1,1,0
03/24/2015 02:00:00 AM,4,1,3
03/24/2015 03:00:00 AM,1,0,1
03/24/2015 04:00:00 AM,8,5,3
03/24/2015 05:00:00 AM,22,18,4
03/24/2015 06:00:00 AM,77,50,27
03/24/2015 07:00:00 AM,146,139,7
03/24/2015 08:00:00 AM,264,261,3
03/24/2015 09:00:00 AM,146,143,3
03/24/2015 10:00:00 AM,65,65,0
03/24/2015 11:00:00 AM,47,47,0
03/24/2015 12:00:00 PM,47,44,3
03/24/2015 01:00:00 PM,47,47,0
03/24/2015 02:00:00 PM,76,54,22
03/24/2015 03:00:00 PM,103,54,49
03/24/2015 04:00:00 PM,156,70,86
03/24/2015 05:00:00 PM,385,120,265
03/24/2015 06:00:00 PM,320,115,205
03/24/2015 07:00:00 PM,144,73,71
03/24/2015 08:00:00 PM,88,37,51
03/24/2015 09:00:00 PM,40,12,28
03/24/2015 10:00:00 PM,34,10,24
03/24/2015 11:00:00 PM,22,7,15
03/25/2015 12:00:00 AM,12,1,11
03/25/2015 01:00:00 AM,5,4,1
03/25/2015 02:00:00 AM,2,1,1
03/25/2015 03:00:00 AM,1,0,1
03/25/2015 04:00:00 AM,5,3,2
03/25/2015 05:00:00 AM,25,20,5
03/25/2015 06:00:00 AM,80,55,25
03/25/2015 07:00:00 AM,148,135,13
03/25/2015 08:00:00 AM,259,258,1
03/25/2015 09:00:00 AM,161,161,0
03/25/2015 10:00:00 AM,54,54,0
03/25/2015 11:00:00 AM,35,35,0
03/25/2015 12:00:00 PM,32,32,0
03/25/2015 01:00:00 PM,40,39,1
03/25/2015 02:00:00 PM,36,16,20
03/25/2015 03:00:00 PM,68,30,38
03/25/2015 04:00:00 PM,152,61,91
03/25/2015 05:00:00 PM,344,101,243
03/25/2015 06:00:00 PM,295,105,190
03/25/2015 07:00:00 PM,125,41,84
03/25/2015 08:00:00 PM,74,27,47
03/25/2015 09:00:00 PM,39,21,18
03/25/2015 10:00:00 PM,34,16,18
03/25/2015 11:00:00 PM,14,9,5
03/26/2015 12:00:00 AM,6,1,5
03/26/2015 01:00:00 AM,5,2,3
03/26/2015 02:00:00 AM,5,4,1
03/26/2015 03:00:00 AM,6,2,4
03/26/2015 04:00:00 AM,7,4,3
03/26/2015 05:00:00 AM,33,25,8
03/26/2015 06:00:00 AM,103,69,34
03/26/2015 07:00:00 AM,224,209,15
03/26/2015 08:00:00 AM,353,353,0
03/26/2015 09:00:00 AM,187,187,0
03/26/2015 10:00:00 AM,100,92,8
03/26/2015 11:00:00 AM,81,80,1
03/26/2015 12:00:00 PM,75,61,14
03/26/2015 01:00:00 PM,115,71,44
03/26/2015 02:00:00 PM,153,81,72
03/26/2015 03:00:00 PM,171,87,84
03/26/2015 04:00:00 PM,315,147,168
03/26/2015 05:00:00 PM,594,189,405
03/26/2015 06:00:00 PM,441,183,258
03/26/2015 07:00:00 PM,253,103,150
03/26/2015 08:00:00 PM,126,40,86
03/26/2015 09:00:00 PM,63,36,27
03/26/2015 10:00:00 PM,45,20,25
03/26/2015 11:00:00 PM,35,13,22
03/27/2015 12:00:00 AM,17,6,11
03/27/2015 01:00:00 AM,6,3,3
03/27/2015 02:00:00 AM,8,4,4
03/27/2015 03:00:00 AM,3,0,3
03/27/2015 04:00:00 AM,4,2,2
03/27/2015 05:00:00 AM,37,23,14
03/27/2015 06:00:00 AM,91,65,26
03/27/2015 07:00:00 AM,185,171,14
03/27/2015 08:00:00 AM,308,308,0
03/27/2015 09:00:00 AM,193,192,1
03/27/2015 10:00:00 AM,91,91,0
03/27/2015 11:00:00 AM,87,83,4
03/27/2015 12:00:00 PM,77,2,75
03/27/2015 01:00:00 PM,71,0,71
03/27/2015 02:00:00 PM,142,38,104
03/27/2015 03:00:00 PM,180,77,103
03/27/2015 04:00:00 PM,320,132,188
03/27/2015 05:00:00 PM,490,166,324
03/27/2015 06:00:00 PM,364,135,229
03/27/2015 07:00:00 PM,172,65,107
03/27/2015 08:00:00 PM,84,35,49
03/27/2015 09:00:00 PM,39,15,24
03/27/2015 10:00:00 PM,28,15,13
03/27/2015 11:00:00 PM,18,6,12
03/28/2015 12:00:00 AM,13,6,7
03/28/2015 01:00:00 AM,11,6,5
03/28/2015 02:00:00 AM,4,4,0
03/28/2015 03:00:00 AM,2,1,1
03/28/2015 04:00:00 AM,1,1,0
03/28/2015 05:00:00 AM,4,3,1
03/28/2015 06:00:00 AM,15,8,7
03/28/2015 07:00:00 AM,39,16,23
03/28/2015 08:00:00 AM,75,48,27
03/28/2015 09:00:00 AM,101,47,54
03/28/2015 10:00:00 AM,125,64,61
03/28/2015 11:00:00 AM,129,65,64
03/28/2015 12:00:00 PM,153,80,73
03/28/2015 01:00:00 PM,177,106,71
03/28/2015 02:00:00 PM,177,99,78
03/28/2015 03:00:00 PM,174,84,90
03/28/2015 04:00:00 PM,168,102,66
03/28/2015 05:00:00 PM,152,92,60
03/28/2015 06:00:00 PM,97,51,46
03/28/2015 07:00:00 PM,60,34,26
03/28/2015 08:00:00 PM,47,29,18
03/28/2015 09:00:00 PM,29,17,12
03/28/2015 10:00:00 PM,26,10,16
03/28/2015 11:00:00 PM,17,13,4
03/29/2015 12:00:00 AM,2,2,0
03/29/2015 01:00:00 AM,2,2,0
03/29/2015 02:00:00 AM,6,2,4
03/29/2015 03:00:00 AM,3,0,3
03/29/2015 04:00:00 AM,5,1,4
03/29/2015 05:00:00 AM,2,0,2
03/29/2015 06:00:00 AM,8,4,4
03/29/2015 07:00:00 AM,18,9,9
03/29/2015 08:00:00 AM,52,30,22
03/29/2015 09:00:00 AM,87,52,35
03/29/2015 10:00:00 AM,97,63,34
03/29/2015 11:00:00 AM,116,66,50
03/29/2015 12:00:00 PM,136,84,52
03/29/2015 01:00:00 PM,118,82,36
03/29/2015 02:00:00 PM,135,74,61
03/29/2015 03:00:00 PM,113,65,48
03/29/2015 04:00:00 PM,138,90,48
03/29/2015 05:00:00 PM,101,57,44
03/29/2015 06:00:00 PM,112,67,45
03/29/2015 07:00:00 PM,50,29,21
03/29/2015 08:00:00 PM,53,32,21
03/29/2015 09:00:00 PM,18,11,7
03/29/2015 10:00:00 PM,25,13,12
03/29/2015 11:00:00 PM,11,7,4
03/30/2015 12:00:00 AM,11,6,5
03/30/2015 01:00:00 AM,4,1,3
03/30/2015 02:00:00 AM,4,3,1
03/30/2015 03:00:00 AM,3,1,2
03/30/2015 04:00:00 AM,6,4,2
03/30/2015 05:00:00 AM,46,30,16
03/30/2015 06:00:00 AM,123,87,36
03/30/2015 07:00:00 AM,225,209,16
03/30/2015 08:00:00 AM,352,352,0
03/30/2015 09:00:00 AM,177,177,0
03/30/2015 10:00:00 AM,87,87,0
03/30/2015 11:00:00 AM,65,65,0
03/30/2015 12:00:00 PM,61,61,0
03/30/2015 01:00:00 PM,82,82,0
03/30/2015 02:00:00 PM,86,68,18
03/30/2015 03:00:00 PM,169,95,74
03/30/2015 04:00:00 PM,284,118,166
03/30/2015 05:00:00 PM,628,206,422
03/30/2015 06:00:00 PM,477,164,313
03/30/2015 07:00:00 PM,221,92,129
03/30/2015 08:00:00 PM,107,51,56
03/30/2015 09:00:00 PM,62,27,35
03/30/2015 10:00:00 PM,37,20,17
03/30/2015 11:00:00 PM,22,8,14
03/31/2015 12:00:00 AM,9,2,7
03/31/2015 01:00:00 AM,3,2,1
03/31/2015 02:00:00 AM,5,4,1
03/31/2015 03:00:00 AM,4,1,3
03/31/2015 04:00:00 AM,4,1,3
03/31/2015 05:00:00 AM,36,27,9
03/31/2015 06:00:00 AM,94,65,29
03/31/2015 07:00:00 AM,128,25,103
03/31/2015 08:00:00 AM,250,2,248
03/31/2015 09:00:00 AM,130,5,125
03/31/2015 10:00:00 AM,38,0,38
03/31/2015 11:00:00 AM,40,1,39
03/31/2015 12:00:00 PM,38,0,38
03/31/2015 01:00:00 PM,35,1,34
03/31/2015 02:00:00 PM,97,26,71
03/31/2015 03:00:00 PM,100,44,56
03/31/2015 04:00:00 PM,159,70,89
03/31/2015 05:00:00 PM,322,103,219
03/31/2015 06:00:00 PM,304,96,208
03/31/2015 07:00:00 PM,114,39,75
03/31/2015 08:00:00 PM,59,23,36
03/31/2015 09:00:00 PM,25,12,13
03/31/2015 10:00:00 PM,12,7,5
03/31/2015 11:00:00 PM,16,7,9
04/01/2015 12:00:00 AM,3,3,0
04/01/2015 01:00:00 AM,1,0,1
04/01/2015 02:00:00 AM,3,3,0
04/01/2015 03:00:00 AM,2,2,0
04/01/2015 04:00:00 AM,4,2,2
04/01/2015 05:00:00 AM,30,23,7
04/01/2015 06:00:00 AM,80,55,25
04/01/2015 07:00:00 AM,131,40,91
04/01/2015 08:00:00 AM,205,3,202
04/01/2015 09:00:00 AM,150,0,150
04/01/2015 10:00:00 AM,74,0,74
04/01/2015 11:00:00 AM,57,1,56
04/01/2015 12:00:00 PM,61,0,61
04/01/2015 01:00:00 PM,63,0,63
04/01/2015 02:00:00 PM,76,29,47
04/01/2015 03:00:00 PM,112,62,50
04/01/2015 04:00:00 PM,224,100,124
04/01/2015 05:00:00 PM,448,150,298
04/01/2015 06:00:00 PM,402,143,259
04/01/2015 07:00:00 PM,131,44,87
04/01/2015 08:00:00 PM,73,27,46
04/01/2015 09:00:00 PM,49,22,27
04/01/2015 10:00:00 PM,28,13,15
04/01/2015 11:00:00 PM,20,8,12
04/02/2015 12:00:00 AM,6,1,5
04/02/2015 01:00:00 AM,5,4,1
04/02/2015 02:00:00 AM,1,1,0
04/02/2015 03:00:00 AM,4,1,3
04/02/2015 04:00:00 AM,5,3,2
04/02/2015 05:00:00 AM,32,28,4
04/02/2015 06:00:00 AM,98,72,26
04/02/2015 07:00:00 AM,179,171,8
04/02/2015 08:00:00 AM,302,302,0
04/02/2015 09:00:00 AM,191,191,0
04/02/2015 10:00:00 AM,73,73,0
04/02/2015 11:00:00 AM,49,49,0
04/02/2015 12:00:00 PM,54,54,0
04/02/2015 01:00:00 PM,62,62,0
04/02/2015 02:00:00 PM,79,58,21
04/02/2015 03:00:00 PM,114,54,60
04/02/2015 04:00:00 PM,256,109,147
04/02/2015 05:00:00 PM,477,183,294
04/02/2015 06:00:00 PM,411,151,260
04/02/2015 07:00:00 PM,190,87,103
04/02/2015 08:00:00 PM,111,35,76
04/02/2015 09:00:00 PM,68,36,32
04/02/2015 10:00:00 PM,31,14,17
04/02/2015 11:00:00 PM,30,16,14
04/03/2015 12:00:00 AM,21,9,12
04/03/2015 01:00:00 AM,9,7,2
04/03/2015 02:00:00 AM,11,8,3
04/03/2015 03:00:00 AM,4,3,1
04/03/2015 04:00:00 AM,4,1,3
04/03/2015 05:00:00 AM,26,20,6
04/03/2015 06:00:00 AM,76,48,28
04/03/2015 07:00:00 AM,239,185,54
04/03/2015 08:00:00 AM,334,257,77
04/03/2015 09:00:00 AM,213,140,73
04/03/2015 10:00:00 AM,150,83,67
04/03/2015 11:00:00 AM,74,46,28
04/03/2015 12:00:00 PM,69,39,30
04/03/2015 01:00:00 PM,52,25,27
04/03/2015 02:00:00 PM,53,28,25
04/03/2015 03:00:00 PM,103,42,61
04/03/2015 04:00:00 PM,208,64,144
04/03/2015 05:00:00 PM,399,108,291
04/03/2015 06:00:00 PM,274,112,162
04/03/2015 07:00:00 PM,117,42,75
04/03/2015 08:00:00 PM,73,23,50
04/03/2015 09:00:00 PM,46,12,34
04/03/2015 10:00:00 PM,29,14,15
04/03/2015 11:00:00 PM,27,15,12
04/04/2015 12:00:00 AM,13,7,6
04/04/2015 01:00:00 AM,2,2,0
04/04/2015 02:00:00 AM,7,5,2
04/04/2015 03:00:00 AM,2,0,2
04/04/2015 04:00:00 AM,4,3,1
04/04/2015 05:00:00 AM,9,6,3
04/04/2015 06:00:00 AM,20,11,9
04/04/2015 07:00:00 AM,36,21,15
04/04/2015 08:00:00 AM,79,43,36
04/04/2015 09:00:00 AM,103,58,45
04/04/2015 10:00:00 AM,110,76,34
04/04/2015 11:00:00 AM,135,76,59
04/04/2015 12:00:00 PM,212,139,73
04/04/2015 01:00:00 PM,190,102,88
04/04/2015 02:00:00 PM,164,83,81
04/04/2015 03:00:00 PM,172,110,62
04/04/2015 04:00:00 PM,175,89,86
04/04/2015 05:00:00 PM,180,92,88
04/04/2015 06:00:00 PM,150,79,71
04/04/2015 07:00:00 PM,70,41,29
04/04/2015 08:00:00 PM,67,42,25
04/04/2015 09:00:00 PM,41,23,18
04/04/2015 10:00:00 PM,28,13,15
04/04/2015 11:00:00 PM,18,8,10
04/05/2015 12:00:00 AM,23,8,15
04/05/2015 01:00:00 AM,12,2,10
04/05/2015 02:00:00 AM,4,2,2
04/05/2015 03:00:00 AM,2,2,0
04/05/2015 04:00:00 AM,3,3,0
04/05/2015 05:00:00 AM,8,5,3
04/05/2015 06:00:00 AM,16,7,9
04/05/2015 07:00:00 AM,21,7,14
04/05/2015 08:00:00 AM,38,20,18
04/05/2015 09:00:00 AM,92,45,47
04/05/2015 10:00:00 AM,131,77,54
04/05/2015 11:00:00 AM,128,80,48
04/05/2015 12:00:00 PM,154,70,84
04/05/2015 01:00:00 PM,151,89,62
04/05/2015 02:00:00 PM,211,128,83
04/05/2015 03:00:00 PM,177,101,76
04/05/2015 04:00:00 PM,150,87,63
04/05/2015 05:00:00 PM,147,86,61
04/05/2015 06:00:00 PM,110,46,64
04/05/2015 07:00:00 PM,70,33,37
04/05/2015 08:00:00 PM,44,19,25
04/05/2015 09:00:00 PM,12,6,6
04/05/2015 10:00:00 PM,16,8,8
04/05/2015 11:00:00 PM,9,3,6
04/06/2015 12:00:00 AM,14,8,6
04/06/2015 01:00:00 AM,2,0,2
04/06/2015 02:00:00 AM,4,2,2
04/06/2015 03:00:00 AM,3,3,0
04/06/2015 04:00:00 AM,6,4,2
04/06/2015 05:00:00 AM,41,32,9
04/06/2015 06:00:00 AM,108,64,44
04/06/2015 07:00:00 AM,203,186,17
04/06/2015 08:00:00 AM,342,342,0
04/06/2015 09:00:00 AM,171,171,0
04/06/2015 10:00:00 AM,67,66,1
04/06/2015 11:00:00 AM,49,49,0
04/06/2015 12:00:00 PM,57,57,0
04/06/2015 01:00:00 PM,82,82,0
04/06/2015 02:00:00 PM,73,51,22
04/06/2015 03:00:00 PM,117,53,64
04/06/2015 04:00:00 PM,253,99,154
04/06/2015 05:00:00 PM,584,164,420
04/06/2015 06:00:00 PM,388,143,245
04/06/2015 07:00:00 PM,188,70,118
04/06/2015 08:00:00 PM,88,36,52
04/06/2015 09:00:00 PM,55,27,28
04/06/2015 10:00:00 PM,35,17,18
04/06/2015 11:00:00 PM,25,5,20
04/07/2015 12:00:00 AM,14,9,5
04/07/2015 01:00:00 AM,3,1,2
04/07/2015 02:00:00 AM,3,1,2
04/07/2015 03:00:00 AM,2,2,0
04/07/2015 04:00:00 AM,5,3,2
04/07/2015 05:00:00 AM,40,27,13
04/07/2015 06:00:00 AM,103,75,28
04/07/2015 07:00:00 AM,228,206,22
04/07/2015 08:00:00 AM,383,383,0
04/07/2015 09:00:00 AM,179,179,0
04/07/2015 10:00:00 AM,95,94,1
04/07/2015 11:00:00 AM,49,49,0
04/07/2015 12:00:00 PM,42,42,0
04/07/2015 01:00:00 PM,34,34,0
04/07/2015 02:00:00 PM,74,42,32
04/07/2015 03:00:00 PM,121,67,54
04/07/2015 04:00:00 PM,254,85,169
04/07/2015 05:00:00 PM,546,175,371
04/07/2015 06:00:00 PM,441,149,292
04/07/2015 07:00:00 PM,199,79,120
04/07/2015 08:00:00 PM,118,50,68
04/07/2015 09:00:00 PM,59,25,34
04/07/2015 10:00:00 PM,24,10,14
04/07/2015 11:00:00 PM,32,13,19
04/08/2015 12:00:00 AM,12,5,7
04/08/2015 01:00:00 AM,7,2,5
04/08/2015 02:00:00 AM,2,2,0
04/08/2015 03:00:00 AM,4,4,0
04/08/2015 04:00:00 AM,5,3,2
04/08/2015 05:00:00 AM,35,26,9
04/08/2015 06:00:00 AM,123,79,44
04/08/2015 07:00:00 AM,219,209,10
04/08/2015 08:00:00 AM,367,367,0
04/08/2015 09:00:00 AM,210,208,2
04/08/2015 10:00:00 AM,97,97,0
04/08/2015 11:00:00 AM,60,60,0
04/08/2015 12:00:00 PM,79,79,0
04/08/2015 01:00:00 PM,83,83,0
04/08/2015 02:00:00 PM,92,59,33
04/08/2015 03:00:00 PM,135,62,73
04/08/2015 04:00:00 PM,246,121,125
04/08/2015 05:00:00 PM,580,178,402
04/08/2015 06:00:00 PM,505,193,312
04/08/2015 07:00:00 PM,197,93,104
04/08/2015 08:00:00 PM,127,68,59
04/08/2015 09:00:00 PM,73,41,32
04/08/2015 10:00:00 PM,55,27,28
04/08/2015 11:00:00 PM,38,11,27
04/09/2015 12:00:00 AM,16,6,10
04/09/2015 01:00:00 AM,6,4,2
04/09/2015 02:00:00 AM,4,3,1
04/09/2015 03:00:00 AM,5,2,3
04/09/2015 04:00:00 AM,7,4,3
04/09/2015 05:00:00 AM,40,25,15
04/09/2015 06:00:00 AM,118,70,48
04/09/2015 07:00:00 AM,226,212,14
04/09/2015 08:00:00 AM,334,334,0
04/09/2015 09:00:00 AM,209,207,2
04/09/2015 10:00:00 AM,95,64,31
04/09/2015 11:00:00 AM,73,3,70
04/09/2015 12:00:00 PM,104,1,103
04/09/2015 01:00:00 PM,108,0,108
04/09/2015 02:00:00 PM,128,38,90
04/09/2015 03:00:00 PM,167,66,101
04/09/2015 04:00:00 PM,331,146,185
04/09/2015 05:00:00 PM,626,199,427
04/09/2015 06:00:00 PM,542,228,314
04/09/2015 07:00:00 PM,252,126,126
04/09/2015 08:00:00 PM,137,71,66
04/09/2015 09:00:00 PM,74,36,38
04/09/2015 10:00:00 PM,38,21,17
04/09/2015 11:00:00 PM,30,7,23
04/10/2015 12:00:00 AM,13,10,3
04/10/2015 01:00:00 AM,14,7,7
04/10/2015 02:00:00 AM,4,2,2
04/10/2015 03:00:00 AM,4,2,2
04/10/2015 04:00:00 AM,6,4,2
04/10/2015 05:00:00 AM,34,24,10
04/10/2015 06:00:00 AM,91,59,32
04/10/2015 07:00:00 AM,119,27,92
04/10/2015 08:00:00 AM,168,0,168
04/10/2015 09:00:00 AM,135,0,135
04/10/2015 10:00:00 AM,113,2,111
04/10/2015 11:00:00 AM,89,0,89
04/10/2015 12:00:00 PM,64,1,63
04/10/2015 01:00:00 PM,68,14,54
04/10/2015 02:00:00 PM,98,51,47
04/10/2015 03:00:00 PM,146,56,90
04/10/2015 04:00:00 PM,261,93,168
04/10/2015 05:00:00 PM,354,106,248
04/10/2015 06:00:00 PM,265,99,166
04/10/2015 07:00:00 PM,86,25,61
04/10/2015 08:00:00 PM,39,17,22
04/10/2015 09:00:00 PM,21,15,6
04/10/2015 10:00:00 PM,16,6,10
04/10/2015 11:00:00 PM,11,5,6
04/11/2015 12:00:00 AM,8,3,5
04/11/2015 01:00:00 AM,5,5,0
04/11/2015 02:00:00 AM,5,3,2
04/11/2015 03:00:00 AM,1,0,1
04/11/2015 04:00:00 AM,0,0,0
04/11/2015 05:00:00 AM,5,4,1
04/11/2015 06:00:00 AM,11,6,5
04/11/2015 07:00:00 AM,25,19,6
04/11/2015 08:00:00 AM,48,27,21
04/11/2015 09:00:00 AM,66,34,32
04/11/2015 10:00:00 AM,93,61,32
04/11/2015 11:00:00 AM,100,53,47
04/11/2015 12:00:00 PM,134,78,56
04/11/2015 01:00:00 PM,119,58,61
04/11/2015 02:00:00 PM,125,71,54
04/11/2015 03:00:00 PM,142,86,56
04/11/2015 04:00:00 PM,74,32,42
04/11/2015 05:00:00 PM,75,35,40
04/11/2015 06:00:00 PM,68,44,24
04/11/2015 07:00:00 PM,76,44,32
04/11/2015 08:00:00 PM,33,20,13
04/11/2015 09:00:00 PM,20,10,10
04/11/2015 10:00:00 PM,14,5,9
04/11/2015 11:00:00 PM,17,9,8
04/12/2015 12:00:00 AM,9,4,5
04/12/2015 01:00:00 AM,8,4,4
04/12/2015 02:00:00 AM,3,1,2
04/12/2015 03:00:00 AM,3,0,3
04/12/2015 04:00:00 AM,4,2,2
04/12/2015 05:00:00 AM,1,1,0
04/12/2015 06:00:00 AM,12,5,7
04/12/2015 07:00:00 AM,16,10,6
04/12/2015 08:00:00 AM,50,31,19
04/12/2015 09:00:00 AM,136,100,36
04/12/2015 10:00:00 AM,134,87,47
04/12/2015 11:00:00 AM,167,93,74
04/12/2015 12:00:00 PM,150,86,64
04/12/2015 01:00:00 PM,201,123,78
04/12/2015 02:00:00 PM,150,87,63
04/12/2015 03:00:00 PM,170,89,81
04/12/2015 04:00:00 PM,116,56,60
04/12/2015 05:00:00 PM,112,60,52
04/12/2015 06:00:00 PM,114,49,65
04/12/2015 07:00:00 PM,62,36,26
04/12/2015 08:00:00 PM,31,14,17
04/12/2015 09:00:00 PM,19,10,9
04/12/2015 10:00:00 PM,14,8,6
04/12/2015 11:00:00 PM,19,8,11
04/13/2015 12:00:00 AM,13,5,8
04/13/2015 01:00:00 AM,3,2,1
04/13/2015 02:00:00 AM,3,3,0
04/13/2015 03:00:00 AM,1,1,0
04/13/2015 04:00:00 AM,5,4,1
04/13/2015 05:00:00 AM,27,23,4
04/13/2015 06:00:00 AM,75,48,27
04/13/2015 07:00:00 AM,214,164,50
04/13/2015 08:00:00 AM,337,256,81
04/13/2015 09:00:00 AM,249,165,84
04/13/2015 10:00:00 AM,88,60,28
04/13/2015 11:00:00 AM,76,47,29
04/13/2015 12:00:00 PM,65,35,30
04/13/2015 01:00:00 PM,48,25,23
04/13/2015 02:00:00 PM,31,14,17
04/13/2015 03:00:00 PM,53,19,34
04/13/2015 04:00:00 PM,140,55,85
04/13/2015 05:00:00 PM,309,100,209
04/13/2015 06:00:00 PM,238,70,168
04/13/2015 07:00:00 PM,91,28,63
04/13/2015 08:00:00 PM,39,14,25
04/13/2015 09:00:00 PM,26,12,14
04/13/2015 10:00:00 PM,11,6,5
04/13/2015 11:00:00 PM,16,9,7
04/14/2015 12:00:00 AM,9,3,6
04/14/2015 01:00:00 AM,1,0,1
04/14/2015 02:00:00 AM,3,2,1
04/14/2015 03:00:00 AM,2,1,1
04/14/2015 04:00:00 AM,4,2,2
04/14/2015 05:00:00 AM,24,18,6
04/14/2015 06:00:00 AM,68,48,20
04/14/2015 07:00:00 AM,232,161,71
04/14/2015 08:00:00 AM,307,244,63
04/14/2015 09:00:00 AM,222,146,76
04/14/2015 10:00:00 AM,91,56,35
04/14/2015 11:00:00 AM,56,28,28
04/14/2015 12:00:00 PM,58,32,26
04/14/2015 01:00:00 PM,76,33,43
04/14/2015 02:00:00 PM,93,48,45
04/14/2015 03:00:00 PM,93,40,53
04/14/2015 04:00:00 PM,153,57,96
04/14/2015 05:00:00 PM,317,97,220
04/14/2015 06:00:00 PM,308,108,200
04/14/2015 07:00:00 PM,133,50,83
04/14/2015 08:00:00 PM,77,25,52
04/14/2015 09:00:00 PM,46,14,32
04/14/2015 10:00:00 PM,29,17,12
04/14/2015 11:00:00 PM,22,12,10
04/15/2015 12:00:00 AM,9,3,6
04/15/2015 01:00:00 AM,7,4,3
04/15/2015 02:00:00 AM,3,2,1
04/15/2015 03:00:00 AM,5,1,4
04/15/2015 04:00:00 AM,4,3,1
04/15/2015 05:00:00 AM,37,27,10
04/15/2015 06:00:00 AM,110,73,37
04/15/2015 07:00:00 AM,297,232,65
04/15/2015 08:00:00 AM,443,326,117
04/15/2015 09:00:00 AM,293,184,109
04/15/2015 10:00:00 AM,115,68,47
04/15/2015 11:00:00 AM,78,37,41
04/15/2015 12:00:00 PM,95,49,46
04/15/2015 01:00:00 PM,98,54,44
04/15/2015 02:00:00 PM,106,61,45
04/15/2015 03:00:00 PM,142,66,76
04/15/2015 04:00:00 PM,277,121,156
04/15/2015 05:00:00 PM,583,195,388
04/15/2015 06:00:00 PM,499,185,314
04/15/2015 07:00:00 PM,221,93,128
04/15/2015 08:00:00 PM,131,59,72
04/15/2015 09:00:00 PM,64,21,43
04/15/2015 10:00:00 PM,48,27,21
04/15/2015 11:00:00 PM,32,17,15
04/16/2015 12:00:00 AM,14,7,7
04/16/2015 01:00:00 AM,9,1,8
04/16/2015 02:00:00 AM,1,1,0
04/16/2015 03:00:00 AM,7,5,2
04/16/2015 04:00:00 AM,6,4,2
04/16/2015 05:00:00 AM,38,21,17
04/16/2015 06:00:00 AM,111,74,37
04/16/2015 07:00:00 AM,308,245,63
04/16/2015 08:00:00 AM,502,356,146
04/16/2015 09:00:00 AM,319,200,119
04/16/2015 10:00:00 AM,128,79,49
04/16/2015 11:00:00 AM,96,56,40
04/16/2015 12:00:00 PM,137,76,61
04/16/2015 01:00:00 PM,100,48,52
04/16/2015 02:00:00 PM,112,65,47
04/16/2015 03:00:00 PM,163,81,82
04/16/2015 04:00:00 PM,306,121,185
04/16/2015 05:00:00 PM,586,194,392
04/16/2015 06:00:00 PM,461,171,290
04/16/2015 07:00:00 PM,264,110,154
04/16/2015 08:00:00 PM,157,83,74
04/16/2015 09:00:00 PM,84,43,41
04/16/2015 10:00:00 PM,60,29,31
04/16/2015 11:00:00 PM,33,10,23
04/17/2015 12:00:00 AM,23,11,12
04/17/2015 01:00:00 AM,10,7,3
04/17/2015 02:00:00 AM,4,2,2
04/17/2015 03:00:00 AM,9,4,5
04/17/2015 04:00:00 AM,5,1,4
04/17/2015 05:00:00 AM,27,16,11
04/17/2015 06:00:00 AM,100,66,34
04/17/2015 07:00:00 AM,297,228,69
04/17/2015 08:00:00 AM,431,312,119
04/17/2015 09:00:00 AM,277,171,106
04/17/2015 10:00:00 AM,118,68,50
04/17/2015 11:00:00 AM,83,41,42
04/17/2015 12:00:00 PM,96,43,53
04/17/2015 01:00:00 PM,119,81,38
04/17/2015 02:00:00 PM,105,56,49
04/17/2015 03:00:00 PM,169,91,78
04/17/2015 04:00:00 PM,280,122,158
04/17/2015 05:00:00 PM,508,160,348
04/17/2015 06:00:00 PM,390,156,234
04/17/2015 07:00:00 PM,185,78,107
04/17/2015 08:00:00 PM,87,42,45
04/17/2015 09:00:00 PM,42,15,27
04/17/2015 10:00:00 PM,50,27,23
04/17/2015 11:00:00 PM,39,17,22
04/18/2015 12:00:00 AM,24,6,18
04/18/2015 01:00:00 AM,11,7,4
04/18/2015 02:00:00 AM,8,5,3
04/18/2015 03:00:00 AM,1,0,1
04/18/2015 04:00:00 AM,4,2,2
04/18/2015 05:00:00 AM,6,4,2
04/18/2015 06:00:00 AM,28,17,11
04/18/2015 07:00:00 AM,46,26,20
04/18/2015 08:00:00 AM,74,35,39
04/18/2015 09:00:00 AM,129,79,50
04/18/2015 10:00:00 AM,167,101,66
04/18/2015 11:00:00 AM,142,81,61
04/18/2015 12:00:00 PM,194,102,92
04/18/2015 01:00:00 PM,208,117,91
04/18/2015 02:00:00 PM,266,149,117
04/18/2015 03:00:00 PM,227,133,94
04/18/2015 04:00:00 PM,209,128,81
04/18/2015 05:00:00 PM,197,109,88
04/18/2015 06:00:00 PM,169,79,90
04/18/2015 07:00:00 PM,117,68,49
04/18/2015 08:00:00 PM,53,24,29
04/18/2015 09:00:00 PM,43,17,26
04/18/2015 10:00:00 PM,46,22,24
04/18/2015 11:00:00 PM,32,17,15
04/19/2015 12:00:00 AM,37,16,21
04/19/2015 01:00:00 AM,11,2,9
04/19/2015 02:00:00 AM,2,1,1
04/19/2015 03:00:00 AM,144,138,6
04/19/2015 04:00:00 AM,4,2,2
04/19/2015 05:00:00 AM,7,3,4
04/19/2015 06:00:00 AM,15,8,7
04/19/2015 07:00:00 AM,30,15,15
04/19/2015 08:00:00 AM,84,43,41
04/19/2015 09:00:00 AM,113,51,62
04/19/2015 10:00:00 AM,169,84,85
04/19/2015 11:00:00 AM,252,142,110
04/19/2015 12:00:00 PM,215,114,101
04/19/2015 01:00:00 PM,294,140,154
04/19/2015 02:00:00 PM,295,164,131
04/19/2015 03:00:00 PM,271,153,118
04/19/2015 04:00:00 PM,255,163,92
04/19/2015 05:00:00 PM,193,95,98
04/19/2015 06:00:00 PM,159,73,86
04/19/2015 07:00:00 PM,106,52,54
04/19/2015 08:00:00 PM,51,26,25
04/19/2015 09:00:00 PM,34,19,15
04/19/2015 10:00:00 PM,19,9,10
04/19/2015 11:00:00 PM,15,6,9
04/20/2015 12:00:00 AM,10,8,2
04/20/2015 01:00:00 AM,7,5,2
04/20/2015 02:00:00 AM,4,3,1
04/20/2015 03:00:00 AM,4,3,1
04/20/2015 04:00:00 AM,9,5,4
04/20/2015 05:00:00 AM,40,26,14
04/20/2015 06:00:00 AM,137,89,48
04/20/2015 07:00:00 AM,398,291,107
04/20/2015 08:00:00 AM,589,440,149
04/20/2015 09:00:00 AM,319,215,104
04/20/2015 10:00:00 AM,136,73,63
04/20/2015 11:00:00 AM,99,55,44
04/20/2015 12:00:00 PM,121,70,51
04/20/2015 01:00:00 PM,140,68,72
04/20/2015 02:00:00 PM,138,75,63
04/20/2015 03:00:00 PM,187,83,104
04/20/2015 04:00:00 PM,326,143,183
04/20/2015 05:00:00 PM,739,214,525
04/20/2015 06:00:00 PM,571,221,350
04/20/2015 07:00:00 PM,280,106,174
04/20/2015 08:00:00 PM,142,70,72
04/20/2015 09:00:00 PM,73,35,38
04/20/2015 10:00:00 PM,43,23,20
04/20/2015 11:00:00 PM,44,21,23
04/21/2015 12:00:00 AM,11,4,7
04/21/2015 01:00:00 AM,3,0,3
04/21/2015 02:00:00 AM,10,5,5
04/21/2015 03:00:00 AM,5,3,2
04/21/2015 04:00:00 AM,7,5,2
04/21/2015 05:00:00 AM,44,31,13
04/21/2015 06:00:00 AM,134,90,44
04/21/2015 07:00:00 AM,388,300,88
04/21/2015 08:00:00 AM,561,389,172
04/21/2015 09:00:00 AM,339,207,132
04/21/2015 10:00:00 AM,116,65,51
04/21/2015 11:00:00 AM,,,
04/21/2015 12:00:00 PM,,,
04/21/2015 01:00:00 PM,54,24,30
04/21/2015 02:00:00 PM,84,44,40
04/21/2015 03:00:00 PM,139,63,76
04/21/2015 04:00:00 PM,309,112,197
04/21/2015 05:00:00 PM,532,153,379
04/21/2015 06:00:00 PM,262,78,184
04/21/2015 07:00:00 PM,137,51,86
04/21/2015 08:00:00 PM,54,14,40
04/21/2015 09:00:00 PM,26,12,14
04/21/2015 10:00:00 PM,14,6,8
04/21/2015 11:00:00 PM,14,5,9
04/22/2015 12:00:00 AM,6,2,4
04/22/2015 01:00:00 AM,4,2,2
04/22/2015 02:00:00 AM,2,1,1
04/22/2015 03:00:00 AM,6,2,4
04/22/2015 04:00:00 AM,6,4,2
04/22/2015 05:00:00 AM,32,16,16
04/22/2015 06:00:00 AM,123,77,46
04/22/2015 07:00:00 AM,296,229,67
04/22/2015 08:00:00 AM,455,322,133
04/22/2015 09:00:00 AM,216,132,84
04/22/2015 10:00:00 AM,80,44,36
04/22/2015 11:00:00 AM,161,100,61
04/22/2015 12:00:00 PM,81,42,39
04/22/2015 01:00:00 PM,73,41,32
04/22/2015 02:00:00 PM,90,49,41
04/22/2015 03:00:00 PM,125,63,62
04/22/2015 04:00:00 PM,245,101,144
04/22/2015 05:00:00 PM,516,163,353
04/22/2015 06:00:00 PM,437,165,272
04/22/2015 07:00:00 PM,168,69,99
04/22/2015 08:00:00 PM,109,49,60
04/22/2015 09:00:00 PM,63,29,34
04/22/2015 10:00:00 PM,31,13,18
04/22/2015 11:00:00 PM,26,9,17
04/23/2015 12:00:00 AM,15,7,8
04/23/2015 01:00:00 AM,1,1,0
04/23/2015 02:00:00 AM,4,3,1
04/23/2015 03:00:00 AM,6,2,4
04/23/2015 04:00:00 AM,8,7,1
04/23/2015 05:00:00 AM,26,17,9
04/23/2015 06:00:00 AM,137,92,45
04/23/2015 07:00:00 AM,300,224,76
04/23/2015 08:00:00 AM,379,255,124
04/23/2015 09:00:00 AM,190,114,76
04/23/2015 10:00:00 AM,84,46,38
04/23/2015 11:00:00 AM,38,24,14
04/23/2015 12:00:00 PM,65,32,33
04/23/2015 01:00:00 PM,38,22,16
04/23/2015 02:00:00 PM,52,21,31
04/23/2015 03:00:00 PM,74,32,42
04/23/2015 04:00:00 PM,159,60,99
04/23/2015 05:00:00 PM,360,116,244
04/23/2015 06:00:00 PM,255,69,186
04/23/2015 07:00:00 PM,124,41,83
04/23/2015 08:00:00 PM,62,24,38
04/23/2015 09:00:00 PM,47,19,28
04/23/2015 10:00:00 PM,21,13,8
04/23/2015 11:00:00 PM,13,6,7
04/24/2015 12:00:00 AM,5,0,5
04/24/2015 01:00:00 AM,7,3,4
04/24/2015 02:00:00 AM,0,0,0
04/24/2015 03:00:00 AM,5,1,4
04/24/2015 04:00:00 AM,5,3,2
04/24/2015 05:00:00 AM,23,18,5
04/24/2015 06:00:00 AM,98,70,28
04/24/2015 07:00:00 AM,232,181,51
04/24/2015 08:00:00 AM,349,251,98
04/24/2015 09:00:00 AM,166,107,59
04/24/2015 10:00:00 AM,60,33,27
04/24/2015 11:00:00 AM,50,25,25
04/24/2015 12:00:00 PM,52,26,26
04/24/2015 01:00:00 PM,70,42,28
04/24/2015 02:00:00 PM,80,42,38
04/24/2015 03:00:00 PM,119,42,77
04/24/2015 04:00:00 PM,180,65,115
04/24/2015 05:00:00 PM,339,95,244
04/24/2015 06:00:00 PM,198,75,123
04/24/2015 07:00:00 PM,116,36,80
04/24/2015 08:00:00 PM,53,20,33
04/24/2015 09:00:00 PM,28,8,20
04/24/2015 10:00:00 PM,22,9,13
04/24/2015 11:00:00 PM,19,6,13
04/25/2015 12:00:00 AM,13,8,5
04/25/2015 01:00:00 AM,9,4,5
04/25/2015 02:00:00 AM,7,4,3
04/25/2015 03:00:00 AM,6,2,4
04/25/2015 04:00:00 AM,3,3,0
04/25/2015 05:00:00 AM,10,7,3
04/25/2015 06:00:00 AM,18,8,10
04/25/2015 07:00:00 AM,38,19,19
04/25/2015 08:00:00 AM,66,33,33
04/25/2015 09:00:00 AM,80,45,35
04/25/2015 10:00:00 AM,105,59,46
04/25/2015 11:00:00 AM,113,55,58
04/25/2015 12:00:00 PM,154,88,66
04/25/2015 01:00:00 PM,142,78,64
04/25/2015 02:00:00 PM,159,95,64
04/25/2015 03:00:00 PM,137,67,70
04/25/2015 04:00:00 PM,135,76,59
04/25/2015 05:00:00 PM,147,91,56
04/25/2015 06:00:00 PM,99,58,41
04/25/2015 07:00:00 PM,57,21,36
04/25/2015 08:00:00 PM,41,19,22
04/25/2015 09:00:00 PM,25,11,14
04/25/2015 10:00:00 PM,19,10,9
04/25/2015 11:00:00 PM,33,15,18
04/26/2015 12:00:00 AM,15,5,10
04/26/2015 01:00:00 AM,9,6,3
04/26/2015 02:00:00 AM,3,3,0
04/26/2015 03:00:00 AM,3,1,2
04/26/2015 04:00:00 AM,3,1,2
04/26/2015 05:00:00 AM,2,2,0
04/26/2015 06:00:00 AM,14,8,6
04/26/2015 07:00:00 AM,33,18,15
04/26/2015 08:00:00 AM,57,29,28
04/26/2015 09:00:00 AM,85,41,44
04/26/2015 10:00:00 AM,103,61,42
04/26/2015 11:00:00 AM,136,68,68
04/26/2015 12:00:00 PM,151,80,71
04/26/2015 01:00:00 PM,143,83,60
04/26/2015 02:00:00 PM,130,78,52
04/26/2015 03:00:00 PM,151,84,67
04/26/2015 04:00:00 PM,147,87,60
04/26/2015 05:00:00 PM,163,98,65
04/26/2015 06:00:00 PM,71,38,33
04/26/2015 07:00:00 PM,40,17,23
04/26/2015 08:00:00 PM,30,16,14
04/26/2015 09:00:00 PM,45,10,35
04/26/2015 10:00:00 PM,12,6,6
04/26/2015 11:00:00 PM,20,3,17
04/27/2015 12:00:00 AM,4,4,0
04/27/2015 01:00:00 AM,2,0,2
04/27/2015 02:00:00 AM,3,1,2
04/27/2015 03:00:00 AM,5,5,0
04/27/2015 04:00:00 AM,9,7,2
04/27/2015 05:00:00 AM,44,30,14
04/27/2015 06:00:00 AM,166,126,40
04/27/2015 07:00:00 AM,337,274,63
04/27/2015 08:00:00 AM,487,334,153
04/27/2015 09:00:00 AM,240,153,87
04/27/2015 10:00:00 AM,82,48,34
04/27/2015 11:00:00 AM,78,48,30
04/27/2015 12:00:00 PM,105,42,63
04/27/2015 01:00:00 PM,104,51,53
04/27/2015 02:00:00 PM,112,64,48
04/27/2015 03:00:00 PM,178,84,94
04/27/2015 04:00:00 PM,370,140,230
04/27/2015 05:00:00 PM,726,222,504
04/27/2015 06:00:00 PM,506,190,316
04/27/2015 07:00:00 PM,274,139,135
04/27/2015 08:00:00 PM,165,93,72
04/27/2015 09:00:00 PM,63,31,32
04/27/2015 10:00:00 PM,56,29,27
04/27/2015 11:00:00 PM,24,10,14
04/28/2015 12:00:00 AM,8,2,6
04/28/2015 01:00:00 AM,2,1,1
04/28/2015 02:00:00 AM,4,3,1
04/28/2015 03:00:00 AM,11,10,1
04/28/2015 04:00:00 AM,6,3,3
04/28/2015 05:00:00 AM,43,29,14
04/28/2015 06:00:00 AM,138,93,45
04/28/2015 07:00:00 AM,334,255,79
04/28/2015 08:00:00 AM,456,314,142
04/28/2015 09:00:00 AM,175,112,63
04/28/2015 10:00:00 AM,79,46,33
04/28/2015 11:00:00 AM,67,38,29
04/28/2015 12:00:00 PM,54,31,23
04/28/2015 01:00:00 PM,53,19,34
04/28/2015 02:00:00 PM,49,24,25
04/28/2015 03:00:00 PM,93,37,56
04/28/2015 04:00:00 PM,222,73,149
04/28/2015 05:00:00 PM,388,118,270
04/28/2015 06:00:00 PM,296,96,200
04/28/2015 07:00:00 PM,111,36,75
04/28/2015 08:00:00 PM,72,28,44
04/28/2015 09:00:00 PM,41,19,22
04/28/2015 10:00:00 PM,28,13,15
04/28/2015 11:00:00 PM,15,5,10
04/29/2015 12:00:00 AM,4,2,2
04/29/2015 01:00:00 AM,4,4,0
04/29/2015 02:00:00 AM,3,2,1
04/29/2015 03:00:00 AM,5,4,1
04/29/2015 04:00:00 AM,7,5,2
04/29/2015 05:00:00 AM,39,26,13
04/29/2015 06:00:00 AM,123,75,48
04/29/2015 07:00:00 AM,346,259,87
04/29/2015 08:00:00 AM,444,295,149
04/29/2015 09:00:00 AM,212,129,83
04/29/2015 10:00:00 AM,96,57,39
04/29/2015 11:00:00 AM,68,32,36
04/29/2015 12:00:00 PM,86,56,30
04/29/2015 01:00:00 PM,106,57,49
04/29/2015 02:00:00 PM,82,36,46
04/29/2015 03:00:00 PM,113,50,63
04/29/2015 04:00:00 PM,262,91,171
04/29/2015 05:00:00 PM,591,201,390
04/29/2015 06:00:00 PM,385,146,239
04/29/2015 07:00:00 PM,214,74,140
04/29/2015 08:00:00 PM,119,48,71
04/29/2015 09:00:00 PM,70,30,40
04/29/2015 10:00:00 PM,36,18,18
04/29/2015 11:00:00 PM,22,12,10
04/30/2015 12:00:00 AM,7,6,1
04/30/2015 01:00:00 AM,5,4,1
04/30/2015 02:00:00 AM,2,2,0
04/30/2015 03:00:00 AM,6,4,2
04/30/2015 04:00:00 AM,11,5,6
04/30/2015 05:00:00 AM,39,25,14
04/30/2015 06:00:00 AM,152,94,58
04/30/2015 07:00:00 AM,349,263,86
04/30/2015 08:00:00 AM,475,319,156
04/30/2015 09:00:00 AM,240,139,101
04/30/2015 10:00:00 AM,87,53,34
04/30/2015 11:00:00 AM,91,56,35
04/30/2015 12:00:00 PM,70,42,28
04/30/2015 01:00:00 PM,86,45,41
04/30/2015 02:00:00 PM,96,47,49
04/30/2015 03:00:00 PM,165,68,97
04/30/2015 04:00:00 PM,299,123,176
04/30/2015 05:00:00 PM,610,193,417
04/30/2015 06:00:00 PM,398,134,264
04/30/2015 07:00:00 PM,181,77,104
04/30/2015 08:00:00 PM,110,47,63
04/30/2015 09:00:00 PM,55,21,34
04/30/2015 10:00:00 PM,49,21,28
04/30/2015 11:00:00 PM,25,6,19
05/01/2015 12:00:00 AM,19,5,14
05/01/2015 01:00:00 AM,4,1,3
05/01/2015 02:00:00 AM,7,1,6
05/01/2015 03:00:00 AM,5,3,2
05/01/2015 04:00:00 AM,8,8,0
05/01/2015 05:00:00 AM,44,29,15
05/01/2015 06:00:00 AM,164,110,54
05/01/2015 07:00:00 AM,484,390,94
05/01/2015 08:00:00 AM,563,399,164
05/01/2015 09:00:00 AM,251,151,100
05/01/2015 10:00:00 AM,113,67,46
05/01/2015 11:00:00 AM,96,49,47
05/01/2015 12:00:00 PM,104,57,47
05/01/2015 01:00:00 PM,123,57,66
05/01/2015 02:00:00 PM,158,73,85
05/01/2015 03:00:00 PM,272,89,183
05/01/2015 04:00:00 PM,475,149,326
05/01/2015 05:00:00 PM,629,211,418
05/01/2015 06:00:00 PM,332,126,206
05/01/2015 07:00:00 PM,175,80,95
05/01/2015 08:00:00 PM,85,42,43
05/01/2015 09:00:00 PM,48,18,30
05/01/2015 10:00:00 PM,32,19,13
05/01/2015 11:00:00 PM,33,11,22
05/02/2015 12:00:00 AM,16,9,7
05/02/2015 01:00:00 AM,11,4,7
05/02/2015 02:00:00 AM,4,1,3
05/02/2015 03:00:00 AM,4,2,2
05/02/2015 04:00:00 AM,4,2,2
05/02/2015 05:00:00 AM,11,8,3
05/02/2015 06:00:00 AM,33,18,15
05/02/2015 07:00:00 AM,69,40,29
05/02/2015 08:00:00 AM,97,53,44
05/02/2015 09:00:00 AM,157,95,62
05/02/2015 10:00:00 AM,137,78,59
05/02/2015 11:00:00 AM,152,78,74
05/02/2015 12:00:00 PM,205,127,78
05/02/2015 01:00:00 PM,182,103,79
05/02/2015 02:00:00 PM,185,92,93
05/02/2015 03:00:00 PM,203,100,103
05/02/2015 04:00:00 PM,186,98,88
05/02/2015 05:00:00 PM,178,83,95
05/02/2015 06:00:00 PM,143,93,50
05/02/2015 07:00:00 PM,77,41,36
05/02/2015 08:00:00 PM,68,37,31
05/02/2015 09:00:00 PM,21,8,13
05/02/2015 10:00:00 PM,41,27,14
05/02/2015 11:00:00 PM,31,12,19
05/03/2015 12:00:00 AM,21,10,11
05/03/2015 01:00:00 AM,8,2,6
05/03/2015 02:00:00 AM,5,1,4
05/03/2015 03:00:00 AM,4,1,3
05/03/2015 04:00:00 AM,2,2,0
05/03/2015 05:00:00 AM,9,5,4
05/03/2015 06:00:00 AM,23,9,14
05/03/2015 07:00:00 AM,52,32,20
05/03/2015 08:00:00 AM,66,34,32
05/03/2015 09:00:00 AM,109,72,37
05/03/2015 10:00:00 AM,192,108,84
05/03/2015 11:00:00 AM,174,83,91
05/03/2015 12:00:00 PM,196,100,96
05/03/2015 01:00:00 PM,221,138,83
05/03/2015 02:00:00 PM,215,127,88
05/03/2015 03:00:00 PM,222,131,91
05/03/2015 04:00:00 PM,212,114,98
05/03/2015 05:00:00 PM,180,113,67
05/03/2015 06:00:00 PM,129,78,51
05/03/2015 07:00:00 PM,78,42,36
05/03/2015 08:00:00 PM,50,25,25
05/03/2015 09:00:00 PM,28,20,8
05/03/2015 10:00:00 PM,27,10,17
05/03/2015 11:00:00 PM,12,0,12
05/04/2015 12:00:00 AM,12,8,4
05/04/2015 01:00:00 AM,5,3,2
05/04/2015 02:00:00 AM,3,3,0
05/04/2015 03:00:00 AM,4,2,2
05/04/2015 04:00:00 AM,11,8,3
05/04/2015 05:00:00 AM,51,34,17
05/04/2015 06:00:00 AM,212,139,73
05/04/2015 07:00:00 AM,509,403,106
05/04/2015 08:00:00 AM,657,461,196
05/04/2015 09:00:00 AM,274,173,101
05/04/2015 10:00:00 AM,111,73,38
05/04/2015 11:00:00 AM,80,35,45
05/04/2015 12:00:00 PM,92,40,52
05/04/2015 01:00:00 PM,90,58,32
05/04/2015 02:00:00 PM,117,61,56
05/04/2015 03:00:00 PM,165,75,90
05/04/2015 04:00:00 PM,401,138,263
05/04/2015 05:00:00 PM,779,208,571
05/04/2015 06:00:00 PM,514,163,351
05/04/2015 07:00:00 PM,217,86,131
05/04/2015 08:00:00 PM,93,48,45
05/04/2015 09:00:00 PM,71,23,48
05/04/2015 10:00:00 PM,35,16,19
05/04/2015 11:00:00 PM,17,8,9
05/05/2015 12:00:00 AM,6,2,4
05/05/2015 01:00:00 AM,5,4,1
05/05/2015 02:00:00 AM,2,1,1
05/05/2015 03:00:00 AM,3,2,1
05/05/2015 04:00:00 AM,6,4,2
05/05/2015 05:00:00 AM,36,26,10
05/05/2015 06:00:00 AM,100,73,27
05/05/2015 07:00:00 AM,329,245,84
05/05/2015 08:00:00 AM,454,312,142
05/05/2015 09:00:00 AM,194,122,72
05/05/2015 10:00:00 AM,84,54,30
05/05/2015 11:00:00 AM,50,30,20
05/05/2015 12:00:00 PM,53,29,24
05/05/2015 01:00:00 PM,42,20,22
05/05/2015 02:00:00 PM,48,22,26
05/05/2015 03:00:00 PM,81,40,41
05/05/2015 04:00:00 PM,185,56,129
05/05/2015 05:00:00 PM,458,136,322
05/05/2015 06:00:00 PM,244,67,177
05/05/2015 07:00:00 PM,92,25,67
05/05/2015 08:00:00 PM,60,23,37
05/05/2015 09:00:00 PM,36,15,21
05/05/2015 10:00:00 PM,28,13,15
05/05/2015 11:00:00 PM,9,2,7
05/06/2015 12:00:00 AM,6,2,4
05/06/2015 01:00:00 AM,9,6,3
05/06/2015 02:00:00 AM,1,1,0
05/06/2015 03:00:00 AM,4,2,2
05/06/2015 04:00:00 AM,12,8,4
05/06/2015 05:00:00 AM,41,24,17
05/06/2015 06:00:00 AM,168,115,53
05/06/2015 07:00:00 AM,498,396,102
05/06/2015 08:00:00 AM,592,424,168
05/06/2015 09:00:00 AM,253,150,103
05/06/2015 10:00:00 AM,112,66,46
05/06/2015 11:00:00 AM,72,42,30
05/06/2015 12:00:00 PM,70,45,25
05/06/2015 01:00:00 PM,90,52,38
05/06/2015 02:00:00 PM,99,45,54
05/06/2015 03:00:00 PM,168,73,95
05/06/2015 04:00:00 PM,332,134,198
05/06/2015 05:00:00 PM,684,220,464
05/06/2015 06:00:00 PM,502,175,327
05/06/2015 07:00:00 PM,224,76,148
05/06/2015 08:00:00 PM,146,56,90
05/06/2015 09:00:00 PM,66,23,43
05/06/2015 10:00:00 PM,47,26,21
05/06/2015 11:00:00 PM,35,15,20
05/07/2015 12:00:00 AM,19,9,10
05/07/2015 01:00:00 AM,10,5,5
05/07/2015 02:00:00 AM,1,1,0
05/07/2015 03:00:00 AM,5,3,2
05/07/2015 04:00:00 AM,12,10,2
05/07/2015 05:00:00 AM,47,24,23
05/07/2015 06:00:00 AM,302,222,80
05/07/2015 07:00:00 AM,530,404,126
05/07/2015 08:00:00 AM,615,430,185
05/07/2015 09:00:00 AM,311,195,116
05/07/2015 10:00:00 AM,137,90,47
05/07/2015 11:00:00 AM,98,48,50
05/07/2015 12:00:00 PM,119,63,56
05/07/2015 01:00:00 PM,123,73,50
05/07/2015 02:00:00 PM,121,52,69
05/07/2015 03:00:00 PM,188,84,104
05/07/2015 04:00:00 PM,383,144,239
05/07/2015 05:00:00 PM,808,252,556
05/07/2015 06:00:00 PM,489,157,332
05/07/2015 07:00:00 PM,247,109,138
05/07/2015 08:00:00 PM,162,67,95
05/07/2015 09:00:00 PM,92,42,50
05/07/2015 10:00:00 PM,63,28,35
05/07/2015 11:00:00 PM,34,13,21
05/08/2015 12:00:00 AM,19,8,11
05/08/2015 01:00:00 AM,4,1,3
05/08/2015 02:00:00 AM,4,1,3
05/08/2015 03:00:00 AM,10,6,4
05/08/2015 04:00:00 AM,10,6,4
05/08/2015 05:00:00 AM,48,26,22
05/08/2015 06:00:00 AM,192,134,58
05/08/2015 07:00:00 AM,483,366,117
05/08/2015 08:00:00 AM,601,446,155
05/08/2015 09:00:00 AM,258,154,104
05/08/2015 10:00:00 AM,120,70,50
05/08/2015 11:00:00 AM,104,58,46
05/08/2015 12:00:00 PM,105,54,51
05/08/2015 01:00:00 PM,111,56,55
05/08/2015 02:00:00 PM,169,73,96
05/08/2015 03:00:00 PM,231,88,143
05/08/2015 04:00:00 PM,475,152,323
05/08/2015 05:00:00 PM,698,211,487
05/08/2015 06:00:00 PM,351,139,212
05/08/2015 07:00:00 PM,189,76,113
05/08/2015 08:00:00 PM,119,62,57
05/08/2015 09:00:00 PM,57,25,32
05/08/2015 10:00:00 PM,59,27,32
05/08/2015 11:00:00 PM,35,9,26
05/09/2015 12:00:00 AM,24,6,18
05/09/2015 01:00:00 AM,7,3,4
05/09/2015 02:00:00 AM,8,4,4
05/09/2015 03:00:00 AM,3,1,2
05/09/2015 04:00:00 AM,3,2,1
05/09/2015 05:00:00 AM,11,9,2
05/09/2015 06:00:00 AM,22,14,8
05/09/2015 07:00:00 AM,69,33,36
05/09/2015 08:00:00 AM,105,62,43
05/09/2015 09:00:00 AM,127,71,56
05/09/2015 10:00:00 AM,139,80,59
05/09/2015 11:00:00 AM,196,95,101
05/09/2015 12:00:00 PM,226,127,99
05/09/2015 01:00:00 PM,214,126,88
05/09/2015 02:00:00 PM,199,103,96
05/09/2015 03:00:00 PM,316,131,185
05/09/2015 04:00:00 PM,337,160,177
05/09/2015 05:00:00 PM,240,150,90
05/09/2015 06:00:00 PM,176,92,84
05/09/2015 07:00:00 PM,110,63,47
05/09/2015 08:00:00 PM,84,40,44
05/09/2015 09:00:00 PM,49,18,31
05/09/2015 10:00:00 PM,53,29,24
05/09/2015 11:00:00 PM,35,16,19
05/10/2015 12:00:00 AM,31,15,16
05/10/2015 01:00:00 AM,6,1,5
05/10/2015 02:00:00 AM,3,3,0
05/10/2015 03:00:00 AM,4,1,3
05/10/2015 04:00:00 AM,2,1,1
05/10/2015 05:00:00 AM,6,2,4
05/10/2015 06:00:00 AM,12,8,4
05/10/2015 07:00:00 AM,42,18,24
05/10/2015 08:00:00 AM,75,35,40
05/10/2015 09:00:00 AM,105,67,38
05/10/2015 10:00:00 AM,128,80,48
05/10/2015 11:00:00 AM,194,102,92
05/10/2015 12:00:00 PM,164,90,74
05/10/2015 01:00:00 PM,187,109,78
05/10/2015 02:00:00 PM,184,108,76
05/10/2015 03:00:00 PM,202,117,85
05/10/2015 04:00:00 PM,157,91,66
05/10/2015 05:00:00 PM,162,88,74
05/10/2015 06:00:00 PM,100,52,48
05/10/2015 07:00:00 PM,80,49,31
05/10/2015 08:00:00 PM,37,21,16
05/10/2015 09:00:00 PM,40,13,27
05/10/2015 10:00:00 PM,22,6,16
05/10/2015 11:00:00 PM,15,5,10
05/11/2015 12:00:00 AM,7,3,4
05/11/2015 01:00:00 AM,4,2,2
05/11/2015 02:00:00 AM,3,2,1
05/11/2015 03:00:00 AM,1,1,0
05/11/2015 04:00:00 AM,11,9,2
05/11/2015 05:00:00 AM,43,23,20
05/11/2015 06:00:00 AM,161,110,51
05/11/2015 07:00:00 AM,464,359,105
05/11/2015 08:00:00 AM,565,415,150
05/11/2015 09:00:00 AM,242,151,91
05/11/2015 10:00:00 AM,103,62,41
05/11/2015 11:00:00 AM,72,51,21
05/11/2015 12:00:00 PM,56,28,28
05/11/2015 01:00:00 PM,65,40,25
05/11/2015 02:00:00 PM,94,49,45
05/11/2015 03:00:00 PM,113,41,72
05/11/2015 04:00:00 PM,273,91,182
05/11/2015 05:00:00 PM,650,154,496
05/11/2015 06:00:00 PM,388,127,261
05/11/2015 07:00:00 PM,181,58,123
05/11/2015 08:00:00 PM,79,34,45
05/11/2015 09:00:00 PM,55,25,30
05/11/2015 10:00:00 PM,30,11,19
05/11/2015 11:00:00 PM,16,3,13
05/12/2015 12:00:00 AM,9,3,6
05/12/2015 01:00:00 AM,7,1,6
05/12/2015 02:00:00 AM,1,0,1
05/12/2015 03:00:00 AM,6,3,3
05/12/2015 04:00:00 AM,12,5,7
05/12/2015 05:00:00 AM,48,35,13
05/12/2015 06:00:00 AM,174,120,54
05/12/2015 07:00:00 AM,467,341,126
05/12/2015 08:00:00 AM,475,330,145
05/12/2015 09:00:00 AM,231,145,86
05/12/2015 10:00:00 AM,94,59,35
05/12/2015 11:00:00 AM,75,47,28
05/12/2015 12:00:00 PM,75,42,33
05/12/2015 01:00:00 PM,69,39,30
05/12/2015 02:00:00 PM,78,39,39
05/12/2015 03:00:00 PM,105,36,69
05/12/2015 04:00:00 PM,300,91,209
05/12/2015 05:00:00 PM,593,151,442
05/12/2015 06:00:00 PM,416,121,295
05/12/2015 07:00:00 PM,207,81,126
05/12/2015 08:00:00 PM,101,38,63
05/12/2015 09:00:00 PM,61,29,32
05/12/2015 10:00:00 PM,32,13,19
05/12/2015 11:00:00 PM,17,8,9
05/13/2015 12:00:00 AM,12,6,6
05/13/2015 01:00:00 AM,4,2,2
05/13/2015 02:00:00 AM,3,3,0
05/13/2015 03:00:00 AM,2,1,1
05/13/2015 04:00:00 AM,9,6,3
05/13/2015 05:00:00 AM,35,20,15
05/13/2015 06:00:00 AM,112,77,35
05/13/2015 07:00:00 AM,349,258,91
05/13/2015 08:00:00 AM,411,291,120
05/13/2015 09:00:00 AM,206,134,72
05/13/2015 10:00:00 AM,79,52,27
05/13/2015 11:00:00 AM,64,36,28
05/13/2015 12:00:00 PM,63,36,27
05/13/2015 01:00:00 PM,32,19,13
05/13/2015 02:00:00 PM,50,24,26
05/13/2015 03:00:00 PM,62,27,35
05/13/2015 04:00:00 PM,216,80,136
05/13/2015 05:00:00 PM,407,116,291
05/13/2015 06:00:00 PM,303,95,208
05/13/2015 07:00:00 PM,136,38,98
05/13/2015 08:00:00 PM,71,24,47
05/13/2015 09:00:00 PM,35,10,25
05/13/2015 10:00:00 PM,33,8,25
05/13/2015 11:00:00 PM,13,3,10
05/14/2015 12:00:00 AM,6,3,3
05/14/2015 01:00:00 AM,2,2,0
05/14/2015 02:00:00 AM,2,1,1
05/14/2015 03:00:00 AM,5,2,3
05/14/2015 04:00:00 AM,14,9,5
05/14/2015 05:00:00 AM,32,20,12
05/14/2015 06:00:00 AM,175,120,55
05/14/2015 07:00:00 AM,396,306,90
05/14/2015 08:00:00 AM,475,321,154
05/14/2015 09:00:00 AM,255,151,104
05/14/2015 10:00:00 AM,87,53,34
05/14/2015 11:00:00 AM,57,31,26
05/14/2015 12:00:00 PM,67,33,34
05/14/2015 01:00:00 PM,73,35,38
05/14/2015 02:00:00 PM,97,55,42
05/14/2015 03:00:00 PM,127,61,66
05/14/2015 04:00:00 PM,352,138,214
05/14/2015 05:00:00 PM,609,181,428
05/14/2015 06:00:00 PM,451,168,283
05/14/2015 07:00:00 PM,208,89,119
05/14/2015 08:00:00 PM,126,61,65
05/14/2015 09:00:00 PM,91,47,44
05/14/2015 10:00:00 PM,70,33,37
05/14/2015 11:00:00 PM,34,13,21
05/15/2015 12:00:00 AM,16,9,7
05/15/2015 01:00:00 AM,8,3,5
05/15/2015 02:00:00 AM,1,1,0
05/15/2015 03:00:00 AM,7,4,3
05/15/2015 04:00:00 AM,14,11,3
05/15/2015 05:00:00 AM,59,36,23
05/15/2015 06:00:00 AM,278,192,86
05/15/2015 07:00:00 AM,680,556,124
05/15/2015 08:00:00 AM,767,584,183
05/15/2015 09:00:00 AM,318,243,75
05/15/2015 10:00:00 AM,118,97,21
05/15/2015 11:00:00 AM,79,8,71
05/15/2015 12:00:00 PM,116,65,51
05/15/2015 01:00:00 PM,115,63,52
05/15/2015 02:00:00 PM,165,97,68
05/15/2015 03:00:00 PM,236,91,145
05/15/2015 04:00:00 PM,474,179,295
05/15/2015 05:00:00 PM,695,215,480
05/15/2015 06:00:00 PM,451,150,301
05/15/2015 07:00:00 PM,190,91,99
05/15/2015 08:00:00 PM,98,45,53
05/15/2015 09:00:00 PM,75,29,46
05/15/2015 10:00:00 PM,54,27,27
05/15/2015 11:00:00 PM,39,19,20
05/16/2015 12:00:00 AM,19,8,11
05/16/2015 01:00:00 AM,12,10,2
05/16/2015 02:00:00 AM,3,2,1
05/16/2015 03:00:00 AM,4,1,3
05/16/2015 04:00:00 AM,3,3,0
05/16/2015 05:00:00 AM,20,15,5
05/16/2015 06:00:00 AM,30,19,11
05/16/2015 07:00:00 AM,78,49,29
05/16/2015 08:00:00 AM,97,54,43
05/16/2015 09:00:00 AM,91,44,47
05/16/2015 10:00:00 AM,94,54,40
05/16/2015 11:00:00 AM,174,98,76
05/16/2015 12:00:00 PM,119,80,39
05/16/2015 01:00:00 PM,117,55,62
05/16/2015 02:00:00 PM,132,57,75
05/16/2015 03:00:00 PM,134,77,57
05/16/2015 04:00:00 PM,116,62,54
05/16/2015 05:00:00 PM,128,64,64
05/16/2015 06:00:00 PM,96,48,48
05/16/2015 07:00:00 PM,64,31,33
05/16/2015 08:00:00 PM,34,16,18
05/16/2015 09:00:00 PM,38,20,18
05/16/2015 10:00:00 PM,26,9,17
05/16/2015 11:00:00 PM,26,12,14
05/17/2015 12:00:00 AM,13,3,10
05/17/2015 01:00:00 AM,8,3,5
05/17/2015 02:00:00 AM,5,1,4
05/17/2015 03:00:00 AM,8,6,2
05/17/2015 04:00:00 AM,1,0,1
05/17/2015 05:00:00 AM,8,5,3
05/17/2015 06:00:00 AM,17,11,6
05/17/2015 07:00:00 AM,28,15,13
05/17/2015 08:00:00 AM,72,43,29
05/17/2015 09:00:00 AM,103,52,51
05/17/2015 10:00:00 AM,142,87,55
05/17/2015 11:00:00 AM,130,81,49
05/17/2015 12:00:00 PM,151,84,67
05/17/2015 01:00:00 PM,180,107,73
05/17/2015 02:00:00 PM,187,102,85
05/17/2015 03:00:00 PM,194,103,91
05/17/2015 04:00:00 PM,174,98,76
05/17/2015 05:00:00 PM,177,91,86
05/17/2015 06:00:00 PM,136,72,64
05/17/2015 07:00:00 PM,98,58,40
05/17/2015 08:00:00 PM,92,28,64
05/17/2015 09:00:00 PM,37,22,15
05/17/2015 10:00:00 PM,28,14,14
05/17/2015 11:00:00 PM,22,9,13
05/18/2015 12:00:00 AM,11,5,6
05/18/2015 01:00:00 AM,5,2,3
05/18/2015 02:00:00 AM,5,3,2
05/18/2015 03:00:00 AM,1,1,0
05/18/2015 04:00:00 AM,10,7,3
05/18/2015 05:00:00 AM,46,31,15
05/18/2015 06:00:00 AM,205,134,71
05/18/2015 07:00:00 AM,506,391,115
05/18/2015 08:00:00 AM,601,425,176
05/18/2015 09:00:00 AM,289,173,116
05/18/2015 10:00:00 AM,126,69,57
05/18/2015 11:00:00 AM,103,58,45
05/18/2015 12:00:00 PM,116,64,52
05/18/2015 01:00:00 PM,130,64,66
05/18/2015 02:00:00 PM,147,78,69
05/18/2015 03:00:00 PM,187,91,96
05/18/2015 04:00:00 PM,413,147,266
05/18/2015 05:00:00 PM,791,238,553
05/18/2015 06:00:00 PM,582,188,394
05/18/2015 07:00:00 PM,254,104,150
05/18/2015 08:00:00 PM,158,81,77
05/18/2015 09:00:00 PM,87,39,48
05/18/2015 10:00:00 PM,52,7,45
05/18/2015 11:00:00 PM,20,10,10
05/19/2015 12:00:00 AM,11,3,8
05/19/2015 01:00:00 AM,8,4,4
05/19/2015 02:00:00 AM,6,2,4
05/19/2015 03:00:00 AM,5,3,2
05/19/2015 04:00:00 AM,11,8,3
05/19/2015 05:00:00 AM,55,34,21
05/19/2015 06:00:00 AM,232,153,79
05/19/2015 07:00:00 AM,536,405,131
05/19/2015 08:00:00 AM,624,413,211
05/19/2015 09:00:00 AM,286,167,119
05/19/2015 10:00:00 AM,136,81,55
05/19/2015 11:00:00 AM,88,52,36
05/19/2015 12:00:00 PM,100,53,47
05/19/2015 01:00:00 PM,107,49,58
05/19/2015 02:00:00 PM,115,56,59
05/19/2015 03:00:00 PM,181,68,113
05/19/2015 04:00:00 PM,425,167,258
05/19/2015 05:00:00 PM,800,239,561
05/19/2015 06:00:00 PM,537,194,343
05/19/2015 07:00:00 PM,258,107,151
05/19/2015 08:00:00 PM,165,89,76
05/19/2015 09:00:00 PM,91,43,48
05/19/2015 10:00:00 PM,66,27,39
05/19/2015 11:00:00 PM,29,11,18
05/20/2015 12:00:00 AM,14,8,6
05/20/2015 01:00:00 AM,8,2,6
05/20/2015 02:00:00 AM,0,0,0
05/20/2015 03:00:00 AM,9,7,2
05/20/2015 04:00:00 AM,12,7,5
05/20/2015 05:00:00 AM,44,27,17
05/20/2015 06:00:00 AM,214,144,70
05/20/2015 07:00:00 AM,503,368,135
05/20/2015 08:00:00 AM,605,419,186
05/20/2015 09:00:00 AM,239,135,104
05/20/2015 10:00:00 AM,124,77,47
05/20/2015 11:00:00 AM,91,64,27
05/20/2015 12:00:00 PM,99,51,48
05/20/2015 01:00:00 PM,97,55,42
05/20/2015 02:00:00 PM,110,58,52
05/20/2015 03:00:00 PM,171,76,95
05/20/2015 04:00:00 PM,351,123,228
05/20/2015 05:00:00 PM,772,226,546
05/20/2015 06:00:00 PM,524,199,325
05/20/2015 07:00:00 PM,264,107,157
05/20/2015 08:00:00 PM,148,79,69
05/20/2015 09:00:00 PM,86,32,54
05/20/2015 10:00:00 PM,61,23,38
05/20/2015 11:00:00 PM,34,6,28
05/21/2015 12:00:00 AM,23,18,5
05/21/2015 01:00:00 AM,5,4,1
05/21/2015 02:00:00 AM,9,4,5
05/21/2015 03:00:00 AM,4,2,2
05/21/2015 04:00:00 AM,14,6,8
05/21/2015 05:00:00 AM,55,31,24
05/21/2015 06:00:00 AM,190,131,59
05/21/2015 07:00:00 AM,486,351,135
05/21/2015 08:00:00 AM,639,433,206
05/21/2015 09:00:00 AM,309,203,106
05/21/2015 10:00:00 AM,118,68,50
05/21/2015 11:00:00 AM,109,67,42
05/21/2015 12:00:00 PM,114,70,44
05/21/2015 01:00:00 PM,120,59,61
05/21/2015 02:00:00 PM,145,77,68
05/21/2015 03:00:00 PM,167,69,98
05/21/2015 04:00:00 PM,409,131,278
05/21/2015 05:00:00 PM,717,210,507
05/21/2015 06:00:00 PM,497,186,311
05/21/2015 07:00:00 PM,271,127,144
05/21/2015 08:00:00 PM,170,72,98
05/21/2015 09:00:00 PM,87,44,43
05/21/2015 10:00:00 PM,57,32,25
05/21/2015 11:00:00 PM,53,20,33
05/22/2015 12:00:00 AM,19,6,13
05/22/2015 01:00:00 AM,8,4,4
05/22/2015 02:00:00 AM,4,1,3
05/22/2015 03:00:00 AM,6,3,3
05/22/2015 04:00:00 AM,9,7,2
05/22/2015 05:00:00 AM,40,23,17
05/22/2015 06:00:00 AM,144,99,45
05/22/2015 07:00:00 AM,367,276,91
05/22/2015 08:00:00 AM,494,350,144
05/22/2015 09:00:00 AM,228,145,83
05/22/2015 10:00:00 AM,115,68,47
05/22/2015 11:00:00 AM,98,57,41
05/22/2015 12:00:00 PM,105,49,56
05/22/2015 01:00:00 PM,121,65,56
05/22/2015 02:00:00 PM,160,56,104
05/22/2015 03:00:00 PM,229,74,155
05/22/2015 04:00:00 PM,366,135,231
05/22/2015 05:00:00 PM,521,173,348
05/22/2015 06:00:00 PM,262,90,172
05/22/2015 07:00:00 PM,157,80,77
05/22/2015 08:00:00 PM,90,30,60
05/22/2015 09:00:00 PM,57,20,37
05/22/2015 10:00:00 PM,47,18,29
05/22/2015 11:00:00 PM,21,6,15
05/23/2015 12:00:00 AM,15,6,9
05/23/2015 01:00:00 AM,9,0,9
05/23/2015 02:00:00 AM,3,3,0
05/23/2015 03:00:00 AM,4,2,2
05/23/2015 04:00:00 AM,3,2,1
05/23/2015 05:00:00 AM,10,5,5
05/23/2015 06:00:00 AM,20,9,11
05/23/2015 07:00:00 AM,33,13,20
05/23/2015 08:00:00 AM,69,35,34
05/23/2015 09:00:00 AM,62,39,23
05/23/2015 10:00:00 AM,107,63,44
05/23/2015 11:00:00 AM,121,72,49
05/23/2015 12:00:00 PM,139,87,52
05/23/2015 01:00:00 PM,122,61,61
05/23/2015 02:00:00 PM,147,88,59
05/23/2015 03:00:00 PM,101,57,44
05/23/2015 04:00:00 PM,122,60,62
05/23/2015 05:00:00 PM,142,71,71
05/23/2015 06:00:00 PM,100,57,43
05/23/2015 07:00:00 PM,62,26,36
05/23/2015 08:00:00 PM,57,17,40
05/23/2015 09:00:00 PM,60,12,48
05/23/2015 10:00:00 PM,47,12,35
05/23/2015 11:00:00 PM,25,7,18
05/24/2015 12:00:00 AM,13,1,12
05/24/2015 01:00:00 AM,7,3,4
05/24/2015 02:00:00 AM,9,5,4
05/24/2015 03:00:00 AM,3,2,1
05/24/2015 04:00:00 AM,3,1,2
05/24/2015 05:00:00 AM,3,1,2
05/24/2015 06:00:00 AM,17,6,11
05/24/2015 07:00:00 AM,17,10,7
05/24/2015 08:00:00 AM,64,40,24
05/24/2015 09:00:00 AM,79,41,38
05/24/2015 10:00:00 AM,123,65,58
05/24/2015 11:00:00 AM,137,69,68
05/24/2015 12:00:00 PM,145,86,59
05/24/2015 01:00:00 PM,132,79,53
05/24/2015 02:00:00 PM,184,113,71
05/24/2015 03:00:00 PM,164,85,79
05/24/2015 04:00:00 PM,168,104,64
05/24/2015 05:00:00 PM,149,92,57
05/24/2015 06:00:00 PM,126,59,67
05/24/2015 07:00:00 PM,77,34,43
05/24/2015 08:00:00 PM,53,21,32
05/24/2015 09:00:00 PM,38,14,24
05/24/2015 10:00:00 PM,47,10,37
05/24/2015 11:00:00 PM,18,8,10
05/25/2015 12:00:00 AM,10,5,5
05/25/2015 01:00:00 AM,6,3,3
05/25/2015 02:00:00 AM,1,0,1
05/25/2015 03:00:00 AM,1,1,0
05/25/2015 04:00:00 AM,2,1,1
05/25/2015 05:00:00 AM,17,11,6
05/25/2015 06:00:00 AM,28,17,11
05/25/2015 07:00:00 AM,30,19,11
05/25/2015 08:00:00 AM,69,38,31
05/25/2015 09:00:00 AM,94,55,39
05/25/2015 10:00:00 AM,112,58,54
05/25/2015 11:00:00 AM,156,93,63
05/25/2015 12:00:00 PM,142,73,69
05/25/2015 01:00:00 PM,142,85,57
05/25/2015 02:00:00 PM,169,89,80
05/25/2015 03:00:00 PM,156,102,54
05/25/2015 04:00:00 PM,166,76,90
05/25/2015 05:00:00 PM,140,61,79
05/25/2015 06:00:00 PM,93,52,41
05/25/2015 07:00:00 PM,63,29,34
05/25/2015 08:00:00 PM,52,30,22
05/25/2015 09:00:00 PM,43,14,29
05/25/2015 10:00:00 PM,29,14,15
05/25/2015 11:00:00 PM,16,4,12
05/26/2015 12:00:00 AM,5,2,3
05/26/2015 01:00:00 AM,5,2,3
05/26/2015 02:00:00 AM,2,0,2
05/26/2015 03:00:00 AM,7,5,2
05/26/2015 04:00:00 AM,7,4,3
05/26/2015 05:00:00 AM,47,22,25
05/26/2015 06:00:00 AM,189,131,58
05/26/2015 07:00:00 AM,465,343,122
05/26/2015 08:00:00 AM,574,397,177
05/26/2015 09:00:00 AM,270,156,114
05/26/2015 10:00:00 AM,101,59,42
05/26/2015 11:00:00 AM,76,48,28
05/26/2015 12:00:00 PM,79,47,32
05/26/2015 01:00:00 PM,87,45,42
05/26/2015 02:00:00 PM,132,74,58
05/26/2015 03:00:00 PM,176,79,97
05/26/2015 04:00:00 PM,337,136,201
05/26/2015 05:00:00 PM,715,199,516
05/26/2015 06:00:00 PM,479,158,321
05/26/2015 07:00:00 PM,223,79,144
05/26/2015 08:00:00 PM,127,42,85
05/26/2015 09:00:00 PM,83,33,50
05/26/2015 10:00:00 PM,41,21,20
05/26/2015 11:00:00 PM,27,8,19
05/27/2015 12:00:00 AM,8,3,5
05/27/2015 01:00:00 AM,7,3,4
05/27/2015 02:00:00 AM,2,2,0
05/27/2015 03:00:00 AM,5,5,0
05/27/2015 04:00:00 AM,10,7,3
05/27/2015 05:00:00 AM,48,28,20
05/27/2015 06:00:00 AM,224,155,69
05/27/2015 07:00:00 AM,509,380,129
05/27/2015 08:00:00 AM,623,429,194
05/27/2015 09:00:00 AM,283,182,101
05/27/2015 10:00:00 AM,116,71,45
05/27/2015 11:00:00 AM,85,44,41
05/27/2015 12:00:00 PM,109,52,57
05/27/2015 01:00:00 PM,130,85,45
05/27/2015 02:00:00 PM,118,63,55
05/27/2015 03:00:00 PM,164,63,101
05/27/2015 04:00:00 PM,425,156,269
05/27/2015 05:00:00 PM,762,235,527
05/27/2015 06:00:00 PM,503,195,308
05/27/2015 07:00:00 PM,264,110,154
05/27/2015 08:00:00 PM,141,67,74
05/27/2015 09:00:00 PM,132,48,84
05/27/2015 10:00:00 PM,57,20,37
05/27/2015 11:00:00 PM,46,22,24
05/28/2015 12:00:00 AM,16,5,11
05/28/2015 01:00:00 AM,7,4,3
05/28/2015 02:00:00 AM,4,1,3
05/28/2015 03:00:00 AM,4,3,1
05/28/2015 04:00:00 AM,11,7,4
05/28/2015 05:00:00 AM,62,33,29
05/28/2015 06:00:00 AM,231,162,69
05/28/2015 07:00:00 AM,559,409,150
05/28/2015 08:00:00 AM,634,423,211
05/28/2015 09:00:00 AM,289,182,107
05/28/2015 10:00:00 AM,132,78,54
05/28/2015 11:00:00 AM,98,48,50
05/28/2015 12:00:00 PM,125,64,61
05/28/2015 01:00:00 PM,123,60,63
05/28/2015 02:00:00 PM,154,76,78
05/28/2015 03:00:00 PM,202,94,108
05/28/2015 04:00:00 PM,438,165,273
05/28/2015 05:00:00 PM,776,226,550
05/28/2015 06:00:00 PM,583,221,362
05/28/2015 07:00:00 PM,302,135,167
05/28/2015 08:00:00 PM,191,98,93
05/28/2015 09:00:00 PM,96,50,46
05/28/2015 10:00:00 PM,65,28,37
05/28/2015 11:00:00 PM,40,10,30
05/29/2015 12:00:00 AM,18,6,12
05/29/2015 01:00:00 AM,5,0,5
05/29/2015 02:00:00 AM,6,4,2
05/29/2015 03:00:00 AM,5,2,3
05/29/2015 04:00:00 AM,14,10,4
05/29/2015 05:00:00 AM,46,24,22
05/29/2015 06:00:00 AM,180,136,44
05/29/2015 07:00:00 AM,482,348,134
05/29/2015 08:00:00 AM,584,395,189
05/29/2015 09:00:00 AM,252,161,91
05/29/2015 10:00:00 AM,133,71,62
05/29/2015 11:00:00 AM,124,65,59
05/29/2015 12:00:00 PM,102,48,54
05/29/2015 01:00:00 PM,111,56,55
05/29/2015 02:00:00 PM,150,68,82
05/29/2015 03:00:00 PM,207,89,118
05/29/2015 04:00:00 PM,434,147,287
05/29/2015 05:00:00 PM,751,234,517
05/29/2015 06:00:00 PM,414,165,249
05/29/2015 07:00:00 PM,236,94,142
05/29/2015 08:00:00 PM,110,54,56
05/29/2015 09:00:00 PM,87,50,37
05/29/2015 10:00:00 PM,52,29,23
05/29/2015 11:00:00 PM,45,17,28
05/30/2015 12:00:00 AM,26,8,18
05/30/2015 01:00:00 AM,18,10,8
05/30/2015 02:00:00 AM,11,5,6
05/30/2015 03:00:00 AM,7,2,5
05/30/2015 04:00:00 AM,9,6,3
05/30/2015 05:00:00 AM,16,9,7
05/30/2015 06:00:00 AM,30,15,15
05/30/2015 07:00:00 AM,50,23,27
05/30/2015 08:00:00 AM,78,50,28
05/30/2015 09:00:00 AM,131,86,45
05/30/2015 10:00:00 AM,137,62,75
05/30/2015 11:00:00 AM,150,80,70
05/30/2015 12:00:00 PM,161,95,66
05/30/2015 01:00:00 PM,208,102,106
05/30/2015 02:00:00 PM,200,100,100
05/30/2015 03:00:00 PM,208,117,91
05/30/2015 04:00:00 PM,181,108,73
05/30/2015 05:00:00 PM,169,91,78
05/30/2015 06:00:00 PM,188,111,77
05/30/2015 07:00:00 PM,115,66,49
05/30/2015 08:00:00 PM,70,31,39
05/30/2015 09:00:00 PM,59,22,37
05/30/2015 10:00:00 PM,37,14,23
05/30/2015 11:00:00 PM,49,25,24
05/31/2015 12:00:00 AM,29,12,17
05/31/2015 01:00:00 AM,20,11,9
05/31/2015 02:00:00 AM,6,4,2
05/31/2015 03:00:00 AM,5,0,5
05/31/2015 04:00:00 AM,4,1,3
05/31/2015 05:00:00 AM,10,7,3
05/31/2015 06:00:00 AM,32,16,16
05/31/2015 07:00:00 AM,47,27,20
05/31/2015 08:00:00 AM,70,36,34
05/31/2015 09:00:00 AM,138,64,74
05/31/2015 10:00:00 AM,165,87,78
05/31/2015 11:00:00 AM,201,120,81
05/31/2015 12:00:00 PM,213,114,99
05/31/2015 01:00:00 PM,174,102,72
05/31/2015 02:00:00 PM,199,117,82
05/31/2015 03:00:00 PM,171,90,81
05/31/2015 04:00:00 PM,211,94,117
05/31/2015 05:00:00 PM,160,94,66
05/31/2015 06:00:00 PM,114,53,61
05/31/2015 07:00:00 PM,107,68,39
05/31/2015 08:00:00 PM,94,28,66
05/31/2015 09:00:00 PM,36,18,18
05/31/2015 10:00:00 PM,23,7,16
05/31/2015 11:00:00 PM,22,10,12
06/01/2015 12:00:00 AM,14,7,7
06/01/2015 01:00:00 AM,6,2,4
06/01/2015 02:00:00 AM,3,3,0
06/01/2015 03:00:00 AM,4,2,2
06/01/2015 04:00:00 AM,11,7,4
06/01/2015 05:00:00 AM,47,32,15
06/01/2015 06:00:00 AM,154,106,48
06/01/2015 07:00:00 AM,376,271,105
06/01/2015 08:00:00 AM,450,318,132
06/01/2015 09:00:00 AM,166,106,60
06/01/2015 10:00:00 AM,44,29,15
06/01/2015 11:00:00 AM,32,20,12
06/01/2015 12:00:00 PM,34,16,18
06/01/2015 01:00:00 PM,38,23,15
06/01/2015 02:00:00 PM,72,26,46
06/01/2015 03:00:00 PM,113,41,72
06/01/2015 04:00:00 PM,232,83,149
06/01/2015 05:00:00 PM,526,139,387
06/01/2015 06:00:00 PM,345,155,190
06/01/2015 07:00:00 PM,135,52,83
06/01/2015 08:00:00 PM,90,34,56
06/01/2015 09:00:00 PM,43,21,22
06/01/2015 10:00:00 PM,38,11,27
06/01/2015 11:00:00 PM,16,11,5
06/02/2015 12:00:00 AM,10,3,7
06/02/2015 01:00:00 AM,2,1,1
06/02/2015 02:00:00 AM,3,2,1
06/02/2015 03:00:00 AM,6,2,4
06/02/2015 04:00:00 AM,8,7,1
06/02/2015 05:00:00 AM,52,26,26
06/02/2015 06:00:00 AM,120,83,37
06/02/2015 07:00:00 AM,325,234,91
06/02/2015 08:00:00 AM,480,313,167
06/02/2015 09:00:00 AM,212,133,79
06/02/2015 10:00:00 AM,79,50,29
06/02/2015 11:00:00 AM,59,26,33
06/02/2015 12:00:00 PM,62,35,27
06/02/2015 01:00:00 PM,57,26,31
06/02/2015 02:00:00 PM,81,34,47
06/02/2015 03:00:00 PM,112,47,65
06/02/2015 04:00:00 PM,237,103,134
06/02/2015 05:00:00 PM,475,127,348
06/02/2015 06:00:00 PM,358,113,245
06/02/2015 07:00:00 PM,156,45,111
06/02/2015 08:00:00 PM,67,34,33
06/02/2015 09:00:00 PM,58,24,34
06/02/2015 10:00:00 PM,38,13,25
06/02/2015 11:00:00 PM,21,6,15
06/03/2015 12:00:00 AM,14,4,10
06/03/2015 01:00:00 AM,4,3,1
06/03/2015 02:00:00 AM,4,2,2
06/03/2015 03:00:00 AM,4,2,2
06/03/2015 04:00:00 AM,4,3,1
06/03/2015 05:00:00 AM,54,35,19
06/03/2015 06:00:00 AM,150,98,52
06/03/2015 07:00:00 AM,360,262,98
06/03/2015 08:00:00 AM,460,322,138
06/03/2015 09:00:00 AM,195,111,84
06/03/2015 10:00:00 AM,83,49,34
06/03/2015 11:00:00 AM,71,41,30
06/03/2015 12:00:00 PM,80,45,35
06/03/2015 01:00:00 PM,53,27,26
06/03/2015 02:00:00 PM,82,45,37
06/03/2015 03:00:00 PM,140,55,85
06/03/2015 04:00:00 PM,313,134,179
06/03/2015 05:00:00 PM,614,181,433
06/03/2015 06:00:00 PM,422,170,252
06/03/2015 07:00:00 PM,243,103,140
06/03/2015 08:00:00 PM,126,60,66
06/03/2015 09:00:00 PM,88,36,52
06/03/2015 10:00:00 PM,58,28,30
06/03/2015 11:00:00 PM,36,11,25
06/04/2015 12:00:00 AM,19,12,7
06/04/2015 01:00:00 AM,6,3,3
06/04/2015 02:00:00 AM,6,4,2
06/04/2015 03:00:00 AM,5,4,1
06/04/2015 04:00:00 AM,7,4,3
06/04/2015 05:00:00 AM,56,30,26
06/04/2015 06:00:00 AM,184,141,43
06/04/2015 07:00:00 AM,471,340,131
06/04/2015 08:00:00 AM,598,405,193
06/04/2015 09:00:00 AM,287,179,108
06/04/2015 10:00:00 AM,121,67,54
06/04/2015 11:00:00 AM,97,56,41
06/04/2015 12:00:00 PM,107,63,44
06/04/2015 01:00:00 PM,105,52,53
06/04/2015 02:00:00 PM,119,60,59
06/04/2015 03:00:00 PM,194,76,118
06/04/2015 04:00:00 PM,360,128,232
06/04/2015 05:00:00 PM,718,246,472
06/04/2015 06:00:00 PM,527,174,353
06/04/2015 07:00:00 PM,258,104,154
06/04/2015 08:00:00 PM,186,77,109
06/04/2015 09:00:00 PM,112,52,60
06/04/2015 10:00:00 PM,70,38,32
06/04/2015 11:00:00 PM,24,9,15
06/05/2015 12:00:00 AM,20,8,12
06/05/2015 01:00:00 AM,17,9,8
06/05/2015 02:00:00 AM,5,2,3
06/05/2015 03:00:00 AM,9,6,3
06/05/2015 04:00:00 AM,8,6,2
06/05/2015 05:00:00 AM,50,32,18
06/05/2015 06:00:00 AM,159,106,53
06/05/2015 07:00:00 AM,432,298,134
06/05/2015 08:00:00 AM,554,385,169
06/05/2015 09:00:00 AM,276,169,107
06/05/2015 10:00:00 AM,138,67,71
06/05/2015 11:00:00 AM,120,56,64
06/05/2015 12:00:00 PM,121,55,66
06/05/2015 01:00:00 PM,143,78,65
06/05/2015 02:00:00 PM,136,78,58
06/05/2015 03:00:00 PM,250,99,151
06/05/2015 04:00:00 PM,429,159,270
06/05/2015 05:00:00 PM,665,191,474
06/05/2015 06:00:00 PM,337,118,219
06/05/2015 07:00:00 PM,192,76,116
06/05/2015 08:00:00 PM,112,48,64
06/05/2015 09:00:00 PM,71,31,40
06/05/2015 10:00:00 PM,47,19,28
06/05/2015 11:00:00 PM,42,19,23
06/06/2015 12:00:00 AM,15,7,8
06/06/2015 01:00:00 AM,9,2,7
06/06/2015 02:00:00 AM,8,3,5
06/06/2015 03:00:00 AM,8,5,3
06/06/2015 04:00:00 AM,5,4,1
06/06/2015 05:00:00 AM,12,6,6
06/06/2015 06:00:00 AM,37,12,25
06/06/2015 07:00:00 AM,71,36,35
06/06/2015 08:00:00 AM,119,64,55
06/06/2015 09:00:00 AM,161,91,70
06/06/2015 10:00:00 AM,176,94,82
06/06/2015 11:00:00 AM,209,95,114
06/06/2015 12:00:00 PM,187,80,107
06/06/2015 01:00:00 PM,228,115,113
06/06/2015 02:00:00 PM,226,117,109
06/06/2015 03:00:00 PM,205,117,88
06/06/2015 04:00:00 PM,169,89,80
06/06/2015 05:00:00 PM,145,74,71
06/06/2015 06:00:00 PM,156,77,79
06/06/2015 07:00:00 PM,95,44,51
06/06/2015 08:00:00 PM,86,46,40
06/06/2015 09:00:00 PM,58,32,26
06/06/2015 10:00:00 PM,47,30,17
06/06/2015 11:00:00 PM,43,28,15
06/07/2015 12:00:00 AM,33,15,18
06/07/2015 01:00:00 AM,17,9,8
06/07/2015 02:00:00 AM,10,6,4
06/07/2015 03:00:00 AM,8,6,2
06/07/2015 04:00:00 AM,6,2,4
06/07/2015 05:00:00 AM,7,5,2
06/07/2015 06:00:00 AM,24,12,12
06/07/2015 07:00:00 AM,63,33,30
06/07/2015 08:00:00 AM,113,61,52
06/07/2015 09:00:00 AM,174,95,79
06/07/2015 10:00:00 AM,153,74,79
06/07/2015 11:00:00 AM,223,123,100
06/07/2015 12:00:00 PM,238,145,93
06/07/2015 01:00:00 PM,185,85,100
06/07/2015 02:00:00 PM,249,135,114
06/07/2015 03:00:00 PM,200,110,90
06/07/2015 04:00:00 PM,195,112,83
06/07/2015 05:00:00 PM,175,97,78
06/07/2015 06:00:00 PM,135,68,67
06/07/2015 07:00:00 PM,80,42,38
06/07/2015 08:00:00 PM,102,53,49
06/07/2015 09:00:00 PM,41,20,21
06/07/2015 10:00:00 PM,36,20,16
06/07/2015 11:00:00 PM,20,9,11
06/08/2015 12:00:00 AM,13,3,10
06/08/2015 01:00:00 AM,3,1,2
06/08/2015 02:00:00 AM,4,1,3
06/08/2015 03:00:00 AM,3,3,0
06/08/2015 04:00:00 AM,10,7,3
06/08/2015 05:00:00 AM,55,31,24
06/08/2015 06:00:00 AM,181,127,54
06/08/2015 07:00:00 AM,457,332,125
06/08/2015 08:00:00 AM,601,406,195
06/08/2015 09:00:00 AM,303,188,115
06/08/2015 10:00:00 AM,110,57,53
06/08/2015 11:00:00 AM,107,65,42
06/08/2015 12:00:00 PM,93,46,47
06/08/2015 01:00:00 PM,104,55,49
06/08/2015 02:00:00 PM,116,50,66
06/08/2015 03:00:00 PM,172,70,102
06/08/2015 04:00:00 PM,357,138,219
06/08/2015 05:00:00 PM,712,188,524
06/08/2015 06:00:00 PM,484,175,309
06/08/2015 07:00:00 PM,255,101,154
06/08/2015 08:00:00 PM,145,54,91
06/08/2015 09:00:00 PM,107,58,49
06/08/2015 10:00:00 PM,57,28,29
06/08/2015 11:00:00 PM,26,11,15
06/09/2015 12:00:00 AM,6,1,5
06/09/2015 01:00:00 AM,14,5,9
06/09/2015 02:00:00 AM,5,1,4
06/09/2015 03:00:00 AM,5,5,0
06/09/2015 04:00:00 AM,15,7,8
06/09/2015 05:00:00 AM,60,35,25
06/09/2015 06:00:00 AM,202,144,58
06/09/2015 07:00:00 AM,515,385,130
06/09/2015 08:00:00 AM,674,449,225
06/09/2015 09:00:00 AM,287,171,116
06/09/2015 10:00:00 AM,111,64,47
06/09/2015 11:00:00 AM,100,54,46
06/09/2015 12:00:00 PM,116,65,51
06/09/2015 01:00:00 PM,109,57,52
06/09/2015 02:00:00 PM,118,55,63
06/09/2015 03:00:00 PM,207,97,110
06/09/2015 04:00:00 PM,417,142,275
06/09/2015 05:00:00 PM,786,251,535
06/09/2015 06:00:00 PM,549,172,377
06/09/2015 07:00:00 PM,279,119,160
06/09/2015 08:00:00 PM,191,85,106
06/09/2015 09:00:00 PM,98,44,54
06/09/2015 10:00:00 PM,45,22,23
06/09/2015 11:00:00 PM,26,9,17
06/10/2015 12:00:00 AM,17,7,10
06/10/2015 01:00:00 AM,5,2,3
06/10/2015 02:00:00 AM,10,6,4
06/10/2015 03:00:00 AM,3,1,2
06/10/2015 04:00:00 AM,13,5,8
06/10/2015 05:00:00 AM,66,42,24
06/10/2015 06:00:00 AM,196,138,58
06/10/2015 07:00:00 AM,517,367,150
06/10/2015 08:00:00 AM,644,439,205
06/10/2015 09:00:00 AM,284,164,120
06/10/2015 10:00:00 AM,146,81,65
06/10/2015 11:00:00 AM,110,49,61
06/10/2015 12:00:00 PM,112,54,58
06/10/2015 01:00:00 PM,115,72,43
06/10/2015 02:00:00 PM,117,63,54
06/10/2015 03:00:00 PM,162,70,92
06/10/2015 04:00:00 PM,392,149,243
06/10/2015 05:00:00 PM,793,232,561
06/10/2015 06:00:00 PM,542,210,332
06/10/2015 07:00:00 PM,310,137,173
06/10/2015 08:00:00 PM,174,82,92
06/10/2015 09:00:00 PM,136,59,77
06/10/2015 10:00:00 PM,63,33,30
06/10/2015 11:00:00 PM,50,15,35
06/11/2015 12:00:00 AM,21,4,17
06/11/2015 01:00:00 AM,9,2,7
06/11/2015 02:00:00 AM,5,4,1
06/11/2015 03:00:00 AM,8,5,3
06/11/2015 04:00:00 AM,8,4,4
06/11/2015 05:00:00 AM,62,41,21
06/11/2015 06:00:00 AM,195,132,63
06/11/2015 07:00:00 AM,475,330,145
06/11/2015 08:00:00 AM,583,389,194
06/11/2015 09:00:00 AM,315,196,119
06/11/2015 10:00:00 AM,144,90,54
06/11/2015 11:00:00 AM,102,56,46
06/11/2015 12:00:00 PM,110,51,59
06/11/2015 01:00:00 PM,115,58,57
06/11/2015 02:00:00 PM,116,62,54
06/11/2015 03:00:00 PM,208,90,118
06/11/2015 04:00:00 PM,352,115,237
06/11/2015 05:00:00 PM,664,184,480
06/11/2015 06:00:00 PM,554,211,343
06/11/2015 07:00:00 PM,280,115,165
06/11/2015 08:00:00 PM,179,81,98
06/11/2015 09:00:00 PM,119,58,61
06/11/2015 10:00:00 PM,66,33,33
06/11/2015 11:00:00 PM,29,7,22
06/12/2015 12:00:00 AM,22,11,11
06/12/2015 01:00:00 AM,6,1,5
06/12/2015 02:00:00 AM,4,2,2
06/12/2015 03:00:00 AM,7,2,5
06/12/2015 04:00:00 AM,6,2,4
06/12/2015 05:00:00 AM,44,25,19
06/12/2015 06:00:00 AM,137,96,41
06/12/2015 07:00:00 AM,359,262,97
06/12/2015 08:00:00 AM,455,326,129
06/12/2015 09:00:00 AM,267,169,98
06/12/2015 10:00:00 AM,143,73,70
06/12/2015 11:00:00 AM,73,42,31
06/12/2015 12:00:00 PM,97,49,48
06/12/2015 01:00:00 PM,114,56,58
06/12/2015 02:00:00 PM,126,64,62
06/12/2015 03:00:00 PM,172,75,97
06/12/2015 04:00:00 PM,357,139,218
06/12/2015 05:00:00 PM,565,177,388
06/12/2015 06:00:00 PM,306,121,185
06/12/2015 07:00:00 PM,215,96,119
06/12/2015 08:00:00 PM,112,49,63
06/12/2015 09:00:00 PM,75,38,37
06/12/2015 10:00:00 PM,56,25,31
06/12/2015 11:00:00 PM,51,21,30
06/13/2015 12:00:00 AM,27,13,14
06/13/2015 01:00:00 AM,11,6,5
06/13/2015 02:00:00 AM,5,4,1
06/13/2015 03:00:00 AM,8,2,6
06/13/2015 04:00:00 AM,3,2,1
06/13/2015 05:00:00 AM,16,8,8
06/13/2015 06:00:00 AM,62,29,33
06/13/2015 07:00:00 AM,75,45,30
06/13/2015 08:00:00 AM,135,80,55
06/13/2015 09:00:00 AM,169,96,73
06/13/2015 10:00:00 AM,182,99,83
06/13/2015 11:00:00 AM,199,99,100
06/13/2015 12:00:00 PM,185,89,96
06/13/2015 01:00:00 PM,208,115,93
06/13/2015 02:00:00 PM,227,119,108
06/13/2015 03:00:00 PM,205,112,93
06/13/2015 04:00:00 PM,226,109,117
06/13/2015 05:00:00 PM,219,134,85
06/13/2015 06:00:00 PM,150,86,64
06/13/2015 07:00:00 PM,115,49,66
06/13/2015 08:00:00 PM,89,46,43
06/13/2015 09:00:00 PM,82,35,47
06/13/2015 10:00:00 PM,53,27,26
06/13/2015 11:00:00 PM,37,20,17
06/14/2015 12:00:00 AM,32,14,18
06/14/2015 01:00:00 AM,19,12,7
06/14/2015 02:00:00 AM,15,10,5
06/14/2015 03:00:00 AM,3,0,3
06/14/2015 04:00:00 AM,3,1,2
06/14/2015 05:00:00 AM,14,8,6
06/14/2015 06:00:00 AM,24,9,15
06/14/2015 07:00:00 AM,50,30,20
06/14/2015 08:00:00 AM,127,94,33
06/14/2015 09:00:00 AM,150,84,66
06/14/2015 10:00:00 AM,195,118,77
06/14/2015 11:00:00 AM,196,122,74
06/14/2015 12:00:00 PM,206,113,93
06/14/2015 01:00:00 PM,223,119,104
06/14/2015 02:00:00 PM,233,129,104
06/14/2015 03:00:00 PM,229,125,104
06/14/2015 04:00:00 PM,227,123,104
06/14/2015 05:00:00 PM,195,105,90
06/14/2015 06:00:00 PM,111,57,54
06/14/2015 07:00:00 PM,90,44,46
06/14/2015 08:00:00 PM,71,32,39
06/14/2015 09:00:00 PM,80,55,25
06/14/2015 10:00:00 PM,44,18,26
06/14/2015 11:00:00 PM,19,8,11
06/15/2015 12:00:00 AM,11,3,8
06/15/2015 01:00:00 AM,5,2,3
06/15/2015 02:00:00 AM,5,0,5
06/15/2015 03:00:00 AM,8,6,2
06/15/2015 04:00:00 AM,6,5,1
06/15/2015 05:00:00 AM,43,26,17
06/15/2015 06:00:00 AM,181,126,55
06/15/2015 07:00:00 AM,463,335,128
06/15/2015 08:00:00 AM,628,434,194
06/15/2015 09:00:00 AM,252,149,103
06/15/2015 10:00:00 AM,133,77,56
06/15/2015 11:00:00 AM,94,57,37
06/15/2015 12:00:00 PM,110,61,49
06/15/2015 01:00:00 PM,130,65,65
06/15/2015 02:00:00 PM,131,59,72
06/15/2015 03:00:00 PM,160,69,91
06/15/2015 04:00:00 PM,391,153,238
06/15/2015 05:00:00 PM,783,231,552
06/15/2015 06:00:00 PM,481,161,320
06/15/2015 07:00:00 PM,247,113,134
06/15/2015 08:00:00 PM,154,58,96
06/15/2015 09:00:00 PM,97,45,52
06/15/2015 10:00:00 PM,45,18,27
06/15/2015 11:00:00 PM,23,13,10
06/16/2015 12:00:00 AM,17,6,11
06/16/2015 01:00:00 AM,3,2,1
06/16/2015 02:00:00 AM,6,1,5
06/16/2015 03:00:00 AM,6,3,3
06/16/2015 04:00:00 AM,5,3,2
06/16/2015 05:00:00 AM,57,35,22
06/16/2015 06:00:00 AM,197,133,64
06/16/2015 07:00:00 AM,515,380,135
06/16/2015 08:00:00 AM,586,392,194
06/16/2015 09:00:00 AM,270,149,121
06/16/2015 10:00:00 AM,106,58,48
06/16/2015 11:00:00 AM,104,64,40
06/16/2015 12:00:00 PM,93,40,53
06/16/2015 01:00:00 PM,100,46,54
06/16/2015 02:00:00 PM,107,48,59
06/16/2015 03:00:00 PM,189,76,113
06/16/2015 04:00:00 PM,382,124,258
06/16/2015 05:00:00 PM,741,215,526
06/16/2015 06:00:00 PM,501,165,336
06/16/2015 07:00:00 PM,256,111,145
06/16/2015 08:00:00 PM,156,59,97
06/16/2015 09:00:00 PM,82,34,48
06/16/2015 10:00:00 PM,45,15,30
06/16/2015 11:00:00 PM,27,11,16
06/17/2015 12:00:00 AM,13,7,6
06/17/2015 01:00:00 AM,9,4,5
06/17/2015 02:00:00 AM,4,2,2
06/17/2015 03:00:00 AM,6,3,3
06/17/2015 04:00:00 AM,6,4,2
06/17/2015 05:00:00 AM,54,29,25
06/17/2015 06:00:00 AM,193,126,67
06/17/2015 07:00:00 AM,485,341,144
06/17/2015 08:00:00 AM,597,399,198
06/17/2015 09:00:00 AM,265,168,97
06/17/2015 10:00:00 AM,137,74,63
06/17/2015 11:00:00 AM,88,47,41
06/17/2015 12:00:00 PM,119,74,45
06/17/2015 01:00:00 PM,113,57,56
06/17/2015 02:00:00 PM,112,56,56
06/17/2015 03:00:00 PM,179,79,100
06/17/2015 04:00:00 PM,368,139,229
06/17/2015 05:00:00 PM,739,210,529
06/17/2015 06:00:00 PM,567,189,378
06/17/2015 07:00:00 PM,254,98,156
06/17/2015 08:00:00 PM,197,89,108
06/17/2015 09:00:00 PM,89,44,45
06/17/2015 10:00:00 PM,75,35,40
06/17/2015 11:00:00 PM,42,21,21
06/18/2015 12:00:00 AM,21,9,12
06/18/2015 01:00:00 AM,2,0,2
06/18/2015 02:00:00 AM,6,2,4
06/18/2015 03:00:00 AM,10,4,6
06/18/2015 04:00:00 AM,14,6,8
06/18/2015 05:00:00 AM,57,36,21
06/18/2015 06:00:00 AM,177,122,55
06/18/2015 07:00:00 AM,469,341,128
06/18/2015 08:00:00 AM,548,354,194
06/18/2015 09:00:00 AM,290,188,102
06/18/2015 10:00:00 AM,118,61,57
06/18/2015 11:00:00 AM,100,51,49
06/18/2015 12:00:00 PM,92,48,44
06/18/2015 01:00:00 PM,109,55,54
06/18/2015 02:00:00 PM,110,59,51
06/18/2015 03:00:00 PM,166,70,96
06/18/2015 04:00:00 PM,342,127,215
06/18/2015 05:00:00 PM,699,226,473
06/18/2015 06:00:00 PM,477,173,304
06/18/2015 07:00:00 PM,224,89,135
06/18/2015 08:00:00 PM,105,61,44
06/18/2015 09:00:00 PM,81,40,41
06/18/2015 10:00:00 PM,43,17,26
06/18/2015 11:00:00 PM,24,9,15
06/19/2015 12:00:00 AM,26,8,18
06/19/2015 01:00:00 AM,9,7,2
06/19/2015 02:00:00 AM,3,2,1
06/19/2015 03:00:00 AM,2,1,1
06/19/2015 04:00:00 AM,10,6,4
06/19/2015 05:00:00 AM,32,19,13
06/19/2015 06:00:00 AM,121,85,36
06/19/2015 07:00:00 AM,303,221,82
06/19/2015 08:00:00 AM,391,277,114
06/19/2015 09:00:00 AM,225,127,98
06/19/2015 10:00:00 AM,125,66,59
06/19/2015 11:00:00 AM,70,37,33
06/19/2015 12:00:00 PM,104,55,49
06/19/2015 01:00:00 PM,100,55,45
06/19/2015 02:00:00 PM,142,62,80
06/19/2015 03:00:00 PM,171,83,88
06/19/2015 04:00:00 PM,332,119,213
06/19/2015 05:00:00 PM,478,136,342
06/19/2015 06:00:00 PM,320,104,216
06/19/2015 07:00:00 PM,164,65,99
06/19/2015 08:00:00 PM,116,50,66
06/19/2015 09:00:00 PM,69,38,31
06/19/2015 10:00:00 PM,56,32,24
06/19/2015 11:00:00 PM,48,28,20
06/20/2015 12:00:00 AM,34,17,17
06/20/2015 01:00:00 AM,12,4,8
06/20/2015 02:00:00 AM,5,3,2
06/20/2015 03:00:00 AM,11,4,7
06/20/2015 04:00:00 AM,6,3,3
06/20/2015 05:00:00 AM,12,6,6
06/20/2015 06:00:00 AM,42,21,21
06/20/2015 07:00:00 AM,80,51,29
06/20/2015 08:00:00 AM,118,57,61
06/20/2015 09:00:00 AM,128,74,54
06/20/2015 10:00:00 AM,191,95,96
06/20/2015 11:00:00 AM,224,96,128
06/20/2015 12:00:00 PM,260,117,143
06/20/2015 01:00:00 PM,241,92,149
06/20/2015 02:00:00 PM,49,28,21
06/20/2015 03:00:00 PM,41,21,20
06/20/2015 04:00:00 PM,48,20,28
06/20/2015 05:00:00 PM,126,53,73
06/20/2015 06:00:00 PM,162,80,82
06/20/2015 07:00:00 PM,152,88,64
06/20/2015 08:00:00 PM,135,80,55
06/20/2015 09:00:00 PM,103,67,36
06/20/2015 10:00:00 PM,70,43,27
06/20/2015 11:00:00 PM,73,45,28
06/21/2015 12:00:00 AM,38,25,13
06/21/2015 01:00:00 AM,21,13,8
06/21/2015 02:00:00 AM,9,6,3
06/21/2015 03:00:00 AM,8,8,0
06/21/2015 04:00:00 AM,6,4,2
06/21/2015 05:00:00 AM,5,2,3
06/21/2015 06:00:00 AM,26,15,11
06/21/2015 07:00:00 AM,40,24,16
06/21/2015 08:00:00 AM,100,57,43
06/21/2015 09:00:00 AM,100,50,50
06/21/2015 10:00:00 AM,115,56,59
06/21/2015 11:00:00 AM,158,101,57
06/21/2015 12:00:00 PM,164,86,78
06/21/2015 01:00:00 PM,181,91,90
06/21/2015 02:00:00 PM,220,109,111
06/21/2015 03:00:00 PM,183,85,98
06/21/2015 04:00:00 PM,193,100,93
06/21/2015 05:00:00 PM,132,64,68
06/21/2015 06:00:00 PM,159,91,68
06/21/2015 07:00:00 PM,113,67,46
06/21/2015 08:00:00 PM,87,47,40
06/21/2015 09:00:00 PM,46,27,19
06/21/2015 10:00:00 PM,46,30,16
06/21/2015 11:00:00 PM,20,11,9
06/22/2015 12:00:00 AM,12,4,8
06/22/2015 01:00:00 AM,8,2,6
06/22/2015 02:00:00 AM,4,2,2
06/22/2015 03:00:00 AM,4,3,1
06/22/2015 04:00:00 AM,7,5,2
06/22/2015 05:00:00 AM,48,29,19
06/22/2015 06:00:00 AM,160,107,53
06/22/2015 07:00:00 AM,418,312,106
06/22/2015 08:00:00 AM,593,392,201
06/22/2015 09:00:00 AM,300,177,123
06/22/2015 10:00:00 AM,140,91,49
06/22/2015 11:00:00 AM,99,63,36
06/22/2015 12:00:00 PM,106,53,53
06/22/2015 01:00:00 PM,107,62,45
06/22/2015 02:00:00 PM,118,54,64
06/22/2015 03:00:00 PM,168,79,89
06/22/2015 04:00:00 PM,386,142,244
06/22/2015 05:00:00 PM,724,205,519
06/22/2015 06:00:00 PM,486,202,284
06/22/2015 07:00:00 PM,245,103,142
06/22/2015 08:00:00 PM,150,62,88
06/22/2015 09:00:00 PM,97,53,44
06/22/2015 10:00:00 PM,47,18,29
06/22/2015 11:00:00 PM,29,14,15
06/23/2015 12:00:00 AM,15,7,8
06/23/2015 01:00:00 AM,10,7,3
06/23/2015 02:00:00 AM,4,1,3
06/23/2015 03:00:00 AM,7,2,5
06/23/2015 04:00:00 AM,15,6,9
06/23/2015 05:00:00 AM,60,40,20
06/23/2015 06:00:00 AM,205,139,66
06/23/2015 07:00:00 AM,516,383,133
06/23/2015 08:00:00 AM,620,401,219
06/23/2015 09:00:00 AM,301,192,109
06/23/2015 10:00:00 AM,144,78,66
06/23/2015 11:00:00 AM,108,61,47
06/23/2015 12:00:00 PM,116,59,57
06/23/2015 01:00:00 PM,120,69,51
06/23/2015 02:00:00 PM,122,62,60
06/23/2015 03:00:00 PM,203,91,112
06/23/2015 04:00:00 PM,407,161,246
06/23/2015 05:00:00 PM,793,244,549
06/23/2015 06:00:00 PM,551,211,340
06/23/2015 07:00:00 PM,278,119,159
06/23/2015 08:00:00 PM,203,80,123
06/23/2015 09:00:00 PM,105,43,62
06/23/2015 10:00:00 PM,65,29,36
06/23/2015 11:00:00 PM,30,16,14
06/24/2015 12:00:00 AM,22,10,12
06/24/2015 01:00:00 AM,10,6,4
06/24/2015 02:00:00 AM,3,2,1
06/24/2015 03:00:00 AM,2,1,1
06/24/2015 04:00:00 AM,12,6,6
06/24/2015 05:00:00 AM,56,33,23
06/24/2015 06:00:00 AM,194,143,51
06/24/2015 07:00:00 AM,496,345,151
06/24/2015 08:00:00 AM,646,445,201
06/24/2015 09:00:00 AM,313,193,120
06/24/2015 10:00:00 AM,130,78,52
06/24/2015 11:00:00 AM,92,46,46
06/24/2015 12:00:00 PM,110,72,38
06/24/2015 01:00:00 PM,105,59,46
06/24/2015 02:00:00 PM,109,52,57
06/24/2015 03:00:00 PM,143,67,76
06/24/2015 04:00:00 PM,373,119,254
06/24/2015 05:00:00 PM,755,241,514
06/24/2015 06:00:00 PM,535,182,353
06/24/2015 07:00:00 PM,260,112,148
06/24/2015 08:00:00 PM,150,84,66
06/24/2015 09:00:00 PM,110,53,57
06/24/2015 10:00:00 PM,72,29,43
06/24/2015 11:00:00 PM,27,15,12
06/25/2015 12:00:00 AM,18,6,12
06/25/2015 01:00:00 AM,9,3,6
06/25/2015 02:00:00 AM,1,1,0
06/25/2015 03:00:00 AM,9,4,5
06/25/2015 04:00:00 AM,6,4,2
06/25/2015 05:00:00 AM,65,43,22
06/25/2015 06:00:00 AM,180,121,59
06/25/2015 07:00:00 AM,474,354,120
06/25/2015 08:00:00 AM,602,408,194
06/25/2015 09:00:00 AM,256,148,108
06/25/2015 10:00:00 AM,135,77,58
06/25/2015 11:00:00 AM,131,84,47
06/25/2015 12:00:00 PM,103,47,56
06/25/2015 01:00:00 PM,110,63,47
06/25/2015 02:00:00 PM,120,53,67
06/25/2015 03:00:00 PM,181,89,92
06/25/2015 04:00:00 PM,389,147,242
06/25/2015 05:00:00 PM,728,212,516
06/25/2015 06:00:00 PM,512,175,337
06/25/2015 07:00:00 PM,276,109,167
06/25/2015 08:00:00 PM,162,74,88
06/25/2015 09:00:00 PM,111,54,57
06/25/2015 10:00:00 PM,74,44,30
06/25/2015 11:00:00 PM,57,26,31
06/26/2015 12:00:00 AM,18,8,10
06/26/2015 01:00:00 AM,12,6,6
06/26/2015 02:00:00 AM,5,2,3
06/26/2015 03:00:00 AM,6,3,3
06/26/2015 04:00:00 AM,5,3,2
06/26/2015 05:00:00 AM,36,19,17
06/26/2015 06:00:00 AM,160,113,47
06/26/2015 07:00:00 AM,407,303,104
06/26/2015 08:00:00 AM,495,327,168
06/26/2015 09:00:00 AM,255,154,101
06/26/2015 10:00:00 AM,124,74,50
06/26/2015 11:00:00 AM,102,58,44
06/26/2015 12:00:00 PM,98,52,46
06/26/2015 01:00:00 PM,107,57,50
06/26/2015 02:00:00 PM,132,62,70
06/26/2015 03:00:00 PM,228,97,131
06/26/2015 04:00:00 PM,342,121,221
06/26/2015 05:00:00 PM,541,149,392
06/26/2015 06:00:00 PM,340,116,224
06/26/2015 07:00:00 PM,177,83,94
06/26/2015 08:00:00 PM,95,39,56
06/26/2015 09:00:00 PM,84,45,39
06/26/2015 10:00:00 PM,52,17,35
06/26/2015 11:00:00 PM,48,21,27
06/27/2015 12:00:00 AM,34,17,17
06/27/2015 01:00:00 AM,25,13,12
06/27/2015 02:00:00 AM,10,5,5
06/27/2015 03:00:00 AM,5,3,2
06/27/2015 04:00:00 AM,6,0,6
06/27/2015 05:00:00 AM,15,7,8
06/27/2015 06:00:00 AM,55,23,32
06/27/2015 07:00:00 AM,88,47,41
06/27/2015 08:00:00 AM,134,92,42
06/27/2015 09:00:00 AM,172,98,74
06/27/2015 10:00:00 AM,168,78,90
06/27/2015 11:00:00 AM,158,86,72
06/27/2015 12:00:00 PM,181,92,89
06/27/2015 01:00:00 PM,160,94,66
06/27/2015 02:00:00 PM,133,73,60
06/27/2015 03:00:00 PM,150,73,77
06/27/2015 04:00:00 PM,136,64,72
06/27/2015 05:00:00 PM,121,52,69
06/27/2015 06:00:00 PM,127,61,66
06/27/2015 07:00:00 PM,88,45,43
06/27/2015 08:00:00 PM,81,45,36
06/27/2015 09:00:00 PM,62,46,16
06/27/2015 10:00:00 PM,59,27,32
06/27/2015 11:00:00 PM,42,22,20
06/28/2015 12:00:00 AM,20,9,11
06/28/2015 01:00:00 AM,13,7,6
06/28/2015 02:00:00 AM,6,3,3
06/28/2015 03:00:00 AM,7,3,4
06/28/2015 04:00:00 AM,5,2,3
06/28/2015 05:00:00 AM,9,6,3
06/28/2015 06:00:00 AM,37,18,19
06/28/2015 07:00:00 AM,68,34,34
06/28/2015 08:00:00 AM,86,45,41
06/28/2015 09:00:00 AM,128,63,65
06/28/2015 10:00:00 AM,182,125,57
06/28/2015 11:00:00 AM,175,110,65
06/28/2015 12:00:00 PM,138,85,53
06/28/2015 01:00:00 PM,148,83,65
06/28/2015 02:00:00 PM,182,72,110
06/28/2015 03:00:00 PM,167,76,91
06/28/2015 04:00:00 PM,187,80,107
06/28/2015 05:00:00 PM,150,70,80
06/28/2015 06:00:00 PM,105,52,53
06/28/2015 07:00:00 PM,93,62,31
06/28/2015 08:00:00 PM,92,41,51
06/28/2015 09:00:00 PM,50,23,27
06/28/2015 10:00:00 PM,26,16,10
06/28/2015 11:00:00 PM,27,5,22
06/29/2015 12:00:00 AM,18,9,9
06/29/2015 01:00:00 AM,8,2,6
06/29/2015 02:00:00 AM,2,1,1
06/29/2015 03:00:00 AM,2,1,1
06/29/2015 04:00:00 AM,8,7,1
06/29/2015 05:00:00 AM,49,34,15
06/29/2015 06:00:00 AM,174,121,53
06/29/2015 07:00:00 AM,422,297,125
06/29/2015 08:00:00 AM,572,386,186
06/29/2015 09:00:00 AM,250,157,93
06/29/2015 10:00:00 AM,92,64,28
06/29/2015 11:00:00 AM,105,58,47
06/29/2015 12:00:00 PM,85,55,30
06/29/2015 01:00:00 PM,92,47,45
06/29/2015 02:00:00 PM,88,50,38
06/29/2015 03:00:00 PM,144,68,76
06/29/2015 04:00:00 PM,347,130,217
06/29/2015 05:00:00 PM,671,192,479
06/29/2015 06:00:00 PM,445,164,281
06/29/2015 07:00:00 PM,265,130,135
06/29/2015 08:00:00 PM,153,72,81
06/29/2015 09:00:00 PM,109,64,45
06/29/2015 10:00:00 PM,52,24,28
06/29/2015 11:00:00 PM,28,15,13
06/30/2015 12:00:00 AM,17,8,9
06/30/2015 01:00:00 AM,10,6,4
06/30/2015 02:00:00 AM,6,1,5
06/30/2015 03:00:00 AM,9,3,6
06/30/2015 04:00:00 AM,5,4,1
06/30/2015 05:00:00 AM,50,36,14
06/30/2015 06:00:00 AM,216,147,69
06/30/2015 07:00:00 AM,460,334,126
06/30/2015 08:00:00 AM,563,390,173
06/30/2015 09:00:00 AM,315,200,115
06/30/2015 10:00:00 AM,130,75,55
06/30/2015 11:00:00 AM,110,55,55
06/30/2015 12:00:00 PM,123,65,58
06/30/2015 01:00:00 PM,90,50,40
06/30/2015 02:00:00 PM,117,64,53
06/30/2015 03:00:00 PM,182,73,109
06/30/2015 04:00:00 PM,388,151,237
06/30/2015 05:00:00 PM,650,181,469
06/30/2015 06:00:00 PM,563,184,379
06/30/2015 07:00:00 PM,282,114,168
06/30/2015 08:00:00 PM,162,67,95
06/30/2015 09:00:00 PM,104,42,62
06/30/2015 10:00:00 PM,69,31,38
06/30/2015 11:00:00 PM,34,18,16
07/01/2015 12:00:00 AM,14,7,7
07/01/2015 01:00:00 AM,9,5,4
07/01/2015 02:00:00 AM,9,2,7
07/01/2015 03:00:00 AM,11,4,7
07/01/2015 04:00:00 AM,13,9,4
07/01/2015 05:00:00 AM,52,33,19
07/01/2015 06:00:00 AM,201,132,69
07/01/2015 07:00:00 AM,519,371,148
07/01/2015 08:00:00 AM,591,390,201
07/01/2015 09:00:00 AM,261,160,101
07/01/2015 10:00:00 AM,133,83,50
07/01/2015 11:00:00 AM,102,60,42
07/01/2015 12:00:00 PM,115,56,59
07/01/2015 01:00:00 PM,105,57,48
07/01/2015 02:00:00 PM,137,76,61
07/01/2015 03:00:00 PM,160,75,85
07/01/2015 04:00:00 PM,336,121,215
07/01/2015 05:00:00 PM,720,212,508
07/01/2015 06:00:00 PM,492,163,329
07/01/2015 07:00:00 PM,282,114,168
07/01/2015 08:00:00 PM,175,76,99
07/01/2015 09:00:00 PM,109,48,61
07/01/2015 10:00:00 PM,59,35,24
07/01/2015 11:00:00 PM,46,23,23
07/02/2015 12:00:00 AM,14,5,9
07/02/2015 01:00:00 AM,9,5,4
07/02/2015 02:00:00 AM,7,2,5
07/02/2015 03:00:00 AM,5,2,3
07/02/2015 04:00:00 AM,10,7,3
07/02/2015 05:00:00 AM,53,27,26
07/02/2015 06:00:00 AM,163,111,52
07/02/2015 07:00:00 AM,396,273,123
07/02/2015 08:00:00 AM,550,380,170
07/02/2015 09:00:00 AM,251,152,99
07/02/2015 10:00:00 AM,126,75,51
07/02/2015 11:00:00 AM,89,50,39
07/02/2015 12:00:00 PM,104,59,45
07/02/2015 01:00:00 PM,95,47,48
07/02/2015 02:00:00 PM,129,53,76
07/02/2015 03:00:00 PM,191,75,116
07/02/2015 04:00:00 PM,356,135,221
07/02/2015 05:00:00 PM,524,159,365
07/02/2015 06:00:00 PM,361,129,232
07/02/2015 07:00:00 PM,179,71,108
07/02/2015 08:00:00 PM,112,49,63
07/02/2015 09:00:00 PM,107,55,52
07/02/2015 10:00:00 PM,73,34,39
07/02/2015 11:00:00 PM,33,15,18
07/03/2015 12:00:00 AM,36,12,24
07/03/2015 01:00:00 AM,19,10,9
07/03/2015 02:00:00 AM,6,2,4
07/03/2015 03:00:00 AM,6,3,3
07/03/2015 04:00:00 AM,7,4,3
07/03/2015 05:00:00 AM,19,11,8
07/03/2015 06:00:00 AM,44,23,21
07/03/2015 07:00:00 AM,90,55,35
07/03/2015 08:00:00 AM,138,74,64
07/03/2015 09:00:00 AM,157,89,68
07/03/2015 10:00:00 AM,153,87,66
07/03/2015 11:00:00 AM,176,104,72
07/03/2015 12:00:00 PM,186,100,86
07/03/2015 01:00:00 PM,198,113,85
07/03/2015 02:00:00 PM,133,59,74
07/03/2015 03:00:00 PM,133,77,56
07/03/2015 04:00:00 PM,177,87,90
07/03/2015 05:00:00 PM,146,79,67
07/03/2015 06:00:00 PM,140,68,72
07/03/2015 07:00:00 PM,107,49,58
07/03/2015 08:00:00 PM,84,40,44
07/03/2015 09:00:00 PM,49,25,24
07/03/2015 10:00:00 PM,69,35,34
07/03/2015 11:00:00 PM,40,17,23
07/04/2015 12:00:00 AM,22,12,10
07/04/2015 01:00:00 AM,14,4,10
07/04/2015 02:00:00 AM,4,2,2
07/04/2015 03:00:00 AM,5,3,2
07/04/2015 04:00:00 AM,3,3,0
07/04/2015 05:00:00 AM,12,7,5
07/04/2015 06:00:00 AM,39,23,16
07/04/2015 07:00:00 AM,73,37,36
07/04/2015 08:00:00 AM,136,75,61
07/04/2015 09:00:00 AM,149,74,75
07/04/2015 10:00:00 AM,142,77,65
07/04/2015 11:00:00 AM,135,79,56
07/04/2015 12:00:00 PM,194,91,103
07/04/2015 01:00:00 PM,154,84,70
07/04/2015 02:00:00 PM,158,87,71
07/04/2015 03:00:00 PM,165,83,82
07/04/2015 04:00:00 PM,152,64,88
07/04/2015 05:00:00 PM,128,60,68
07/04/2015 06:00:00 PM,126,75,51
07/04/2015 07:00:00 PM,114,52,62
07/04/2015 08:00:00 PM,120,62,58
07/04/2015 09:00:00 PM,132,71,61
07/04/2015 10:00:00 PM,91,48,43
07/04/2015 11:00:00 PM,175,74,101
07/05/2015 12:00:00 AM,92,30,62
07/05/2015 01:00:00 AM,30,15,15
07/05/2015 02:00:00 AM,13,5,8
07/05/2015 03:00:00 AM,1,0,1
07/05/2015 04:00:00 AM,6,4,2
07/05/2015 05:00:00 AM,10,5,5
07/05/2015 06:00:00 AM,22,12,10
07/05/2015 07:00:00 AM,70,44,26
07/05/2015 08:00:00 AM,75,38,37
07/05/2015 09:00:00 AM,103,51,52
07/05/2015 10:00:00 AM,133,64,69
07/05/2015 11:00:00 AM,163,95,68
07/05/2015 12:00:00 PM,134,80,54
07/05/2015 01:00:00 PM,153,82,71
07/05/2015 02:00:00 PM,134,66,68
07/05/2015 03:00:00 PM,157,92,65
07/05/2015 04:00:00 PM,137,57,80
07/05/2015 05:00:00 PM,87,48,39
07/05/2015 06:00:00 PM,119,67,52
07/05/2015 07:00:00 PM,107,52,55
07/05/2015 08:00:00 PM,73,47,26
07/05/2015 09:00:00 PM,53,31,22
07/05/2015 10:00:00 PM,31,15,16
07/05/2015 11:00:00 PM,16,8,8
07/06/2015 12:00:00 AM,16,8,8
07/06/2015 01:00:00 AM,7,4,3
07/06/2015 02:00:00 AM,7,5,2
07/06/2015 03:00:00 AM,6,4,2
07/06/2015 04:00:00 AM,9,6,3
07/06/2015 05:00:00 AM,34,22,12
07/06/2015 06:00:00 AM,177,117,60
07/06/2015 07:00:00 AM,404,288,116
07/06/2015 08:00:00 AM,535,368,167
07/06/2015 09:00:00 AM,252,148,104
07/06/2015 10:00:00 AM,110,58,52
07/06/2015 11:00:00 AM,99,61,38
07/06/2015 12:00:00 PM,106,49,57
07/06/2015 01:00:00 PM,101,47,54
07/06/2015 02:00:00 PM,122,60,62
07/06/2015 03:00:00 PM,138,54,84
07/06/2015 04:00:00 PM,281,118,163
07/06/2015 05:00:00 PM,651,180,471
07/06/2015 06:00:00 PM,485,158,327
07/06/2015 07:00:00 PM,218,98,120
07/06/2015 08:00:00 PM,155,71,84
07/06/2015 09:00:00 PM,88,46,42
07/06/2015 10:00:00 PM,46,20,26
07/06/2015 11:00:00 PM,19,9,10
07/07/2015 12:00:00 AM,19,9,10
07/07/2015 01:00:00 AM,5,3,2
07/07/2015 02:00:00 AM,10,8,2
07/07/2015 03:00:00 AM,7,3,4
07/07/2015 04:00:00 AM,9,4,5
07/07/2015 05:00:00 AM,57,33,24
07/07/2015 06:00:00 AM,179,113,66
07/07/2015 07:00:00 AM,502,364,138
07/07/2015 08:00:00 AM,607,403,204
07/07/2015 09:00:00 AM,274,176,98
07/07/2015 10:00:00 AM,152,92,60
07/07/2015 11:00:00 AM,110,55,55
07/07/2015 12:00:00 PM,128,64,64
07/07/2015 01:00:00 PM,107,52,55
07/07/2015 02:00:00 PM,127,68,59
07/07/2015 03:00:00 PM,165,69,96
07/07/2015 04:00:00 PM,357,148,209
07/07/2015 05:00:00 PM,720,194,526
07/07/2015 06:00:00 PM,498,197,301
07/07/2015 07:00:00 PM,263,106,157
07/07/2015 08:00:00 PM,154,67,87
07/07/2015 09:00:00 PM,94,48,46
07/07/2015 10:00:00 PM,61,27,34
07/07/2015 11:00:00 PM,30,11,19
07/08/2015 12:00:00 AM,20,9,11
07/08/2015 01:00:00 AM,15,10,5
07/08/2015 02:00:00 AM,8,7,1
07/08/2015 03:00:00 AM,4,3,1
07/08/2015 04:00:00 AM,8,5,3
07/08/2015 05:00:00 AM,50,32,18
07/08/2015 06:00:00 AM,197,145,52
07/08/2015 07:00:00 AM,487,334,153
07/08/2015 08:00:00 AM,583,373,210
07/08/2015 09:00:00 AM,282,174,108
07/08/2015 10:00:00 AM,142,83,59
07/08/2015 11:00:00 AM,106,58,48
07/08/2015 12:00:00 PM,122,71,51
07/08/2015 01:00:00 PM,119,73,46
07/08/2015 02:00:00 PM,113,64,49
07/08/2015 03:00:00 PM,148,71,77
07/08/2015 04:00:00 PM,399,143,256
07/08/2015 05:00:00 PM,726,218,508
07/08/2015 06:00:00 PM,527,201,326
07/08/2015 07:00:00 PM,306,132,174
07/08/2015 08:00:00 PM,191,100,91
07/08/2015 09:00:00 PM,115,55,60
07/08/2015 10:00:00 PM,65,29,36
07/08/2015 11:00:00 PM,28,13,15
07/09/2015 12:00:00 AM,26,13,13
07/09/2015 01:00:00 AM,6,3,3
07/09/2015 02:00:00 AM,5,3,2
07/09/2015 03:00:00 AM,5,2,3
07/09/2015 04:00:00 AM,10,2,8
07/09/2015 05:00:00 AM,52,20,32
07/09/2015 06:00:00 AM,191,140,51
07/09/2015 07:00:00 AM,472,334,138
07/09/2015 08:00:00 AM,593,376,217
07/09/2015 09:00:00 AM,259,157,102
07/09/2015 10:00:00 AM,118,78,40
07/09/2015 11:00:00 AM,106,51,55
07/09/2015 12:00:00 PM,99,58,41
07/09/2015 01:00:00 PM,110,62,48
07/09/2015 02:00:00 PM,113,51,62
07/09/2015 03:00:00 PM,153,75,78
07/09/2015 04:00:00 PM,350,129,221
07/09/2015 05:00:00 PM,676,204,472
07/09/2015 06:00:00 PM,479,173,306
07/09/2015 07:00:00 PM,280,112,168
07/09/2015 08:00:00 PM,173,85,88
07/09/2015 09:00:00 PM,99,51,48
07/09/2015 10:00:00 PM,65,25,40
07/09/2015 11:00:00 PM,39,17,22
07/10/2015 12:00:00 AM,11,6,5
07/10/2015 01:00:00 AM,13,5,8
07/10/2015 02:00:00 AM,8,2,6
07/10/2015 03:00:00 AM,5,2,3
07/10/2015 04:00:00 AM,12,6,6
07/10/2015 05:00:00 AM,49,32,17
07/10/2015 06:00:00 AM,139,89,50
07/10/2015 07:00:00 AM,357,249,108
07/10/2015 08:00:00 AM,509,343,166
07/10/2015 09:00:00 AM,260,154,106
07/10/2015 10:00:00 AM,121,72,49
07/10/2015 11:00:00 AM,98,48,50
07/10/2015 12:00:00 PM,95,50,45
07/10/2015 01:00:00 PM,120,62,58
07/10/2015 02:00:00 PM,132,59,73
07/10/2015 03:00:00 PM,188,103,85
07/10/2015 04:00:00 PM,367,144,223
07/10/2015 05:00:00 PM,536,154,382
07/10/2015 06:00:00 PM,340,119,221
07/10/2015 07:00:00 PM,184,66,118
07/10/2015 08:00:00 PM,83,43,40
07/10/2015 09:00:00 PM,59,32,27
07/10/2015 10:00:00 PM,47,24,23
07/10/2015 11:00:00 PM,39,12,27
07/11/2015 12:00:00 AM,27,12,15
07/11/2015 01:00:00 AM,13,7,6
07/11/2015 02:00:00 AM,13,7,6
07/11/2015 03:00:00 AM,8,2,6
07/11/2015 04:00:00 AM,51,15,36
07/11/2015 05:00:00 AM,67,13,54
07/11/2015 06:00:00 AM,56,22,34
07/11/2015 07:00:00 AM,65,33,32
07/11/2015 08:00:00 AM,87,50,37
07/11/2015 09:00:00 AM,118,77,41
07/11/2015 10:00:00 AM,126,62,64
07/11/2015 11:00:00 AM,135,66,69
07/11/2015 12:00:00 PM,160,90,70
07/11/2015 01:00:00 PM,150,84,66
07/11/2015 02:00:00 PM,131,68,63
07/11/2015 03:00:00 PM,168,94,74
07/11/2015 04:00:00 PM,147,91,56
07/11/2015 05:00:00 PM,144,81,63
07/11/2015 06:00:00 PM,103,62,41
07/11/2015 07:00:00 PM,75,39,36
07/11/2015 08:00:00 PM,65,29,36
07/11/2015 09:00:00 PM,64,37,27
07/11/2015 10:00:00 PM,50,16,34
07/11/2015 11:00:00 PM,30,11,19
07/12/2015 12:00:00 AM,25,14,11
07/12/2015 01:00:00 AM,17,8,9
07/12/2015 02:00:00 AM,14,4,10
07/12/2015 03:00:00 AM,3,1,2
07/12/2015 04:00:00 AM,7,2,5
07/12/2015 05:00:00 AM,9,5,4
07/12/2015 06:00:00 AM,13,6,7
07/12/2015 07:00:00 AM,37,21,16
07/12/2015 08:00:00 AM,66,45,21
07/12/2015 09:00:00 AM,87,46,41
07/12/2015 10:00:00 AM,104,59,45
07/12/2015 11:00:00 AM,158,79,79
07/12/2015 12:00:00 PM,175,91,84
07/12/2015 01:00:00 PM,169,97,72
07/12/2015 02:00:00 PM,212,108,104
07/12/2015 03:00:00 PM,192,116,76
07/12/2015 04:00:00 PM,186,102,84
07/12/2015 05:00:00 PM,177,94,83
07/12/2015 06:00:00 PM,125,66,59
07/12/2015 07:00:00 PM,94,49,45
07/12/2015 08:00:00 PM,69,33,36
07/12/2015 09:00:00 PM,52,30,22
07/12/2015 10:00:00 PM,23,8,15
07/12/2015 11:00:00 PM,23,12,11
07/13/2015 12:00:00 AM,11,4,7
07/13/2015 01:00:00 AM,2,1,1
07/13/2015 02:00:00 AM,5,0,5
07/13/2015 03:00:00 AM,5,1,4
07/13/2015 04:00:00 AM,6,5,1
07/13/2015 05:00:00 AM,43,32,11
07/13/2015 06:00:00 AM,157,102,55
07/13/2015 07:00:00 AM,398,284,114
07/13/2015 08:00:00 AM,526,362,164
07/13/2015 09:00:00 AM,245,139,106
07/13/2015 10:00:00 AM,92,50,42
07/13/2015 11:00:00 AM,98,47,51
07/13/2015 12:00:00 PM,90,49,41
07/13/2015 01:00:00 PM,90,49,41
07/13/2015 02:00:00 PM,99,56,43
07/13/2015 03:00:00 PM,172,73,99
07/13/2015 04:00:00 PM,334,136,198
07/13/2015 05:00:00 PM,634,182,452
07/13/2015 06:00:00 PM,518,171,347
07/13/2015 07:00:00 PM,216,81,135
07/13/2015 08:00:00 PM,154,62,92
07/13/2015 09:00:00 PM,96,42,54
07/13/2015 10:00:00 PM,60,35,25
07/13/2015 11:00:00 PM,18,10,8
07/14/2015 12:00:00 AM,16,3,13
07/14/2015 01:00:00 AM,9,5,4
07/14/2015 02:00:00 AM,5,1,4
07/14/2015 03:00:00 AM,4,3,1
07/14/2015 04:00:00 AM,11,7,4
07/14/2015 05:00:00 AM,45,28,17
07/14/2015 06:00:00 AM,209,146,63
07/14/2015 07:00:00 AM,536,390,146
07/14/2015 08:00:00 AM,638,448,190
07/14/2015 09:00:00 AM,292,160,132
07/14/2015 10:00:00 AM,73,0,73
07/14/2015 11:00:00 AM,86,23,63
07/14/2015 12:00:00 PM,105,55,50
07/14/2015 01:00:00 PM,122,73,49
07/14/2015 02:00:00 PM,119,62,57
07/14/2015 03:00:00 PM,167,85,82
07/14/2015 04:00:00 PM,388,160,228
07/14/2015 05:00:00 PM,760,233,527
07/14/2015 06:00:00 PM,512,172,340
07/14/2015 07:00:00 PM,307,121,186
07/14/2015 08:00:00 PM,188,73,115
07/14/2015 09:00:00 PM,113,56,57
07/14/2015 10:00:00 PM,56,25,31
07/14/2015 11:00:00 PM,34,20,14
07/15/2015 12:00:00 AM,8,3,5
07/15/2015 01:00:00 AM,10,5,5
07/15/2015 02:00:00 AM,8,2,6
07/15/2015 03:00:00 AM,6,4,2
07/15/2015 04:00:00 AM,12,6,6
07/15/2015 05:00:00 AM,50,27,23
07/15/2015 06:00:00 AM,200,147,53
07/15/2015 07:00:00 AM,508,354,154
07/15/2015 08:00:00 AM,617,397,220
07/15/2015 09:00:00 AM,288,175,113
07/15/2015 10:00:00 AM,129,63,66
07/15/2015 11:00:00 AM,111,64,47
07/15/2015 12:00:00 PM,84,44,40
07/15/2015 01:00:00 PM,97,44,53
07/15/2015 02:00:00 PM,123,48,75
07/15/2015 03:00:00 PM,175,87,88
07/15/2015 04:00:00 PM,355,149,206
07/15/2015 05:00:00 PM,773,220,553
07/15/2015 06:00:00 PM,506,170,336
07/15/2015 07:00:00 PM,269,104,165
07/15/2015 08:00:00 PM,176,72,104
07/15/2015 09:00:00 PM,81,31,50
07/15/2015 10:00:00 PM,69,35,34
07/15/2015 11:00:00 PM,31,9,22
07/16/2015 12:00:00 AM,19,11,8
07/16/2015 01:00:00 AM,14,5,9
07/16/2015 02:00:00 AM,9,5,4
07/16/2015 03:00:00 AM,7,5,2
07/16/2015 04:00:00 AM,11,7,4
07/16/2015 05:00:00 AM,39,26,13
07/16/2015 06:00:00 AM,197,139,58
07/16/2015 07:00:00 AM,429,310,119
07/16/2015 08:00:00 AM,571,394,177
07/16/2015 09:00:00 AM,275,172,103
07/16/2015 10:00:00 AM,120,71,49
07/16/2015 11:00:00 AM,111,64,47
07/16/2015 12:00:00 PM,91,41,50
07/16/2015 01:00:00 PM,111,42,69
07/16/2015 02:00:00 PM,111,51,60
07/16/2015 03:00:00 PM,144,59,85
07/16/2015 04:00:00 PM,377,136,241
07/16/2015 05:00:00 PM,705,190,515
07/16/2015 06:00:00 PM,446,147,299
07/16/2015 07:00:00 PM,255,107,148
07/16/2015 08:00:00 PM,173,88,85
07/16/2015 09:00:00 PM,107,49,58
07/16/2015 10:00:00 PM,57,30,27
07/16/2015 11:00:00 PM,45,13,32
07/17/2015 12:00:00 AM,26,13,13
07/17/2015 01:00:00 AM,13,7,6
07/17/2015 02:00:00 AM,2,2,0
07/17/2015 03:00:00 AM,11,4,7
07/17/2015 04:00:00 AM,9,5,4
07/17/2015 05:00:00 AM,40,27,13
07/17/2015 06:00:00 AM,155,106,49
07/17/2015 07:00:00 AM,352,248,104
07/17/2015 08:00:00 AM,470,322,148
07/17/2015 09:00:00 AM,279,157,122
07/17/2015 10:00:00 AM,141,83,58
07/17/2015 11:00:00 AM,93,47,46
07/17/2015 12:00:00 PM,99,47,52
07/17/2015 01:00:00 PM,117,60,57
07/17/2015 02:00:00 PM,132,65,67
07/17/2015 03:00:00 PM,169,72,97
07/17/2015 04:00:00 PM,376,145,231
07/17/2015 05:00:00 PM,548,172,376
07/17/2015 06:00:00 PM,343,113,230
07/17/2015 07:00:00 PM,173,75,98
07/17/2015 08:00:00 PM,98,32,66
07/17/2015 09:00:00 PM,67,30,37
07/17/2015 10:00:00 PM,56,28,28
07/17/2015 11:00:00 PM,44,17,27
07/18/2015 12:00:00 AM,21,9,12
07/18/2015 01:00:00 AM,9,1,8
07/18/2015 02:00:00 AM,10,5,5
07/18/2015 03:00:00 AM,8,3,5
07/18/2015 04:00:00 AM,11,1,10
07/18/2015 05:00:00 AM,10,5,5
07/18/2015 06:00:00 AM,29,12,17
07/18/2015 07:00:00 AM,55,21,34
07/18/2015 08:00:00 AM,102,52,50
07/18/2015 09:00:00 AM,135,81,54
07/18/2015 10:00:00 AM,163,80,83
07/18/2015 11:00:00 AM,135,67,68
07/18/2015 12:00:00 PM,186,107,79
07/18/2015 01:00:00 PM,193,94,99
07/18/2015 02:00:00 PM,176,89,87
07/18/2015 03:00:00 PM,188,104,84
07/18/2015 04:00:00 PM,160,83,77
07/18/2015 05:00:00 PM,137,67,70
07/18/2015 06:00:00 PM,137,64,73
07/18/2015 07:00:00 PM,88,44,44
07/18/2015 08:00:00 PM,75,35,40
07/18/2015 09:00:00 PM,77,36,41
07/18/2015 10:00:00 PM,56,34,22
07/18/2015 11:00:00 PM,34,13,21
07/19/2015 12:00:00 AM,30,8,22
07/19/2015 01:00:00 AM,10,5,5
07/19/2015 02:00:00 AM,5,1,4
07/19/2015 03:00:00 AM,6,6,0
07/19/2015 04:00:00 AM,4,3,1
07/19/2015 05:00:00 AM,15,9,6
07/19/2015 06:00:00 AM,21,6,15
07/19/2015 07:00:00 AM,52,28,24
07/19/2015 08:00:00 AM,117,63,54
07/19/2015 09:00:00 AM,146,81,65
07/19/2015 10:00:00 AM,136,69,67
07/19/2015 11:00:00 AM,192,112,80
07/19/2015 12:00:00 PM,154,74,80
07/19/2015 01:00:00 PM,184,94,90
07/19/2015 02:00:00 PM,160,91,69
07/19/2015 03:00:00 PM,140,80,60
07/19/2015 04:00:00 PM,114,59,55
07/19/2015 05:00:00 PM,104,52,52
07/19/2015 06:00:00 PM,94,44,50
07/19/2015 07:00:00 PM,103,46,57
07/19/2015 08:00:00 PM,64,38,26
07/19/2015 09:00:00 PM,49,26,23
07/19/2015 10:00:00 PM,37,12,25
07/19/2015 11:00:00 PM,26,10,16
07/20/2015 12:00:00 AM,9,1,8
07/20/2015 01:00:00 AM,10,3,7
07/20/2015 02:00:00 AM,7,4,3
07/20/2015 03:00:00 AM,5,3,2
07/20/2015 04:00:00 AM,9,6,3
07/20/2015 05:00:00 AM,42,24,18
07/20/2015 06:00:00 AM,162,103,59
07/20/2015 07:00:00 AM,423,302,121
07/20/2015 08:00:00 AM,563,383,180
07/20/2015 09:00:00 AM,277,159,118
07/20/2015 10:00:00 AM,125,74,51
07/20/2015 11:00:00 AM,77,40,37
07/20/2015 12:00:00 PM,88,39,49
07/20/2015 01:00:00 PM,103,52,51
07/20/2015 02:00:00 PM,122,61,61
07/20/2015 03:00:00 PM,144,57,87
07/20/2015 04:00:00 PM,335,129,206
07/20/2015 05:00:00 PM,654,181,473
07/20/2015 06:00:00 PM,497,161,336
07/20/2015 07:00:00 PM,256,93,163
07/20/2015 08:00:00 PM,157,68,89
07/20/2015 09:00:00 PM,82,43,39
07/20/2015 10:00:00 PM,39,23,16
07/20/2015 11:00:00 PM,27,8,19
07/21/2015 12:00:00 AM,17,7,10
07/21/2015 01:00:00 AM,12,3,9
07/21/2015 02:00:00 AM,3,1,2
07/21/2015 03:00:00 AM,5,1,4
07/21/2015 04:00:00 AM,9,4,5
07/21/2015 05:00:00 AM,61,38,23
07/21/2015 06:00:00 AM,171,118,53
07/21/2015 07:00:00 AM,492,367,125
07/21/2015 08:00:00 AM,555,366,189
07/21/2015 09:00:00 AM,297,174,123
07/21/2015 10:00:00 AM,98,45,53
07/21/2015 11:00:00 AM,94,46,48
07/21/2015 12:00:00 PM,86,42,44
07/21/2015 01:00:00 PM,101,60,41
07/21/2015 02:00:00 PM,98,44,54
07/21/2015 03:00:00 PM,161,71,90
07/21/2015 04:00:00 PM,335,123,212
07/21/2015 05:00:00 PM,655,168,487
07/21/2015 06:00:00 PM,470,168,302
07/21/2015 07:00:00 PM,254,110,144
07/21/2015 08:00:00 PM,124,66,58
07/21/2015 09:00:00 PM,100,43,57
07/21/2015 10:00:00 PM,41,23,18
07/21/2015 11:00:00 PM,29,14,15
07/22/2015 12:00:00 AM,13,7,6
07/22/2015 01:00:00 AM,6,2,4
07/22/2015 02:00:00 AM,3,2,1
07/22/2015 03:00:00 AM,1,1,0
07/22/2015 04:00:00 AM,15,9,6
07/22/2015 05:00:00 AM,35,19,16
07/22/2015 06:00:00 AM,174,117,57
07/22/2015 07:00:00 AM,483,331,152
07/22/2015 08:00:00 AM,593,383,210
07/22/2015 09:00:00 AM,327,189,138
07/22/2015 10:00:00 AM,143,83,60
07/22/2015 11:00:00 AM,110,48,62
07/22/2015 12:00:00 PM,108,53,55
07/22/2015 01:00:00 PM,94,43,51
07/22/2015 02:00:00 PM,157,62,95
07/22/2015 03:00:00 PM,192,81,111
07/22/2015 04:00:00 PM,412,143,269
07/22/2015 05:00:00 PM,675,213,462
07/22/2015 06:00:00 PM,509,174,335
07/22/2015 07:00:00 PM,296,126,170
07/22/2015 08:00:00 PM,126,49,77
07/22/2015 09:00:00 PM,98,38,60
07/22/2015 10:00:00 PM,45,22,23
07/22/2015 11:00:00 PM,33,10,23
07/23/2015 12:00:00 AM,22,10,12
07/23/2015 01:00:00 AM,6,2,4
07/23/2015 02:00:00 AM,3,0,3
07/23/2015 03:00:00 AM,3,2,1
07/23/2015 04:00:00 AM,13,6,7
07/23/2015 05:00:00 AM,38,24,14
07/23/2015 06:00:00 AM,175,117,58
07/23/2015 07:00:00 AM,429,290,139
07/23/2015 08:00:00 AM,548,362,186
07/23/2015 09:00:00 AM,287,167,120
07/23/2015 10:00:00 AM,127,77,50
07/23/2015 11:00:00 AM,111,52,59
07/23/2015 12:00:00 PM,100,44,56
07/23/2015 01:00:00 PM,122,61,61
07/23/2015 02:00:00 PM,116,43,73
07/23/2015 03:00:00 PM,198,95,103
07/23/2015 04:00:00 PM,337,143,194
07/23/2015 05:00:00 PM,687,218,469
07/23/2015 06:00:00 PM,470,179,291
07/23/2015 07:00:00 PM,248,99,149
07/23/2015 08:00:00 PM,146,69,77
07/23/2015 09:00:00 PM,88,37,51
07/23/2015 10:00:00 PM,47,27,20
07/23/2015 11:00:00 PM,38,10,28
07/24/2015 12:00:00 AM,22,7,15
07/24/2015 01:00:00 AM,8,4,4
07/24/2015 02:00:00 AM,3,1,2
07/24/2015 03:00:00 AM,3,1,2
07/24/2015 04:00:00 AM,11,6,5
07/24/2015 05:00:00 AM,36,22,14
07/24/2015 06:00:00 AM,125,76,49
07/24/2015 07:00:00 AM,342,243,99
07/24/2015 08:00:00 AM,441,295,146
07/24/2015 09:00:00 AM,224,127,97
07/24/2015 10:00:00 AM,109,66,43
07/24/2015 11:00:00 AM,57,29,28
07/24/2015 12:00:00 PM,75,41,34
07/24/2015 01:00:00 PM,89,40,49
07/24/2015 02:00:00 PM,114,56,58
07/24/2015 03:00:00 PM,162,68,94
07/24/2015 04:00:00 PM,317,127,190
07/24/2015 05:00:00 PM,504,126,378
07/24/2015 06:00:00 PM,280,95,185
07/24/2015 07:00:00 PM,142,43,99
07/24/2015 08:00:00 PM,118,56,62
07/24/2015 09:00:00 PM,64,29,35
07/24/2015 10:00:00 PM,322,76,246
07/24/2015 11:00:00 PM,60,30,30
07/25/2015 12:00:00 AM,23,8,15
07/25/2015 01:00:00 AM,15,11,4
07/25/2015 02:00:00 AM,10,9,1
07/25/2015 03:00:00 AM,3,3,0
07/25/2015 04:00:00 AM,4,0,4
07/25/2015 05:00:00 AM,9,3,6
07/25/2015 06:00:00 AM,23,13,10
07/25/2015 07:00:00 AM,47,34,13
07/25/2015 08:00:00 AM,48,25,23
07/25/2015 09:00:00 AM,54,29,25
07/25/2015 10:00:00 AM,52,27,25
07/25/2015 11:00:00 AM,70,35,35
07/25/2015 12:00:00 PM,131,64,67
07/25/2015 01:00:00 PM,115,68,47
07/25/2015 02:00:00 PM,126,71,55
07/25/2015 03:00:00 PM,124,68,56
07/25/2015 04:00:00 PM,111,51,60
07/25/2015 05:00:00 PM,110,54,56
07/25/2015 06:00:00 PM,88,54,34
07/25/2015 07:00:00 PM,79,39,40
07/25/2015 08:00:00 PM,62,31,31
07/25/2015 09:00:00 PM,27,11,16
07/25/2015 10:00:00 PM,27,12,15
07/25/2015 11:00:00 PM,26,11,15
07/26/2015 12:00:00 AM,19,6,13
07/26/2015 01:00:00 AM,9,3,6
07/26/2015 02:00:00 AM,10,5,5
07/26/2015 03:00:00 AM,4,2,2
07/26/2015 04:00:00 AM,3,2,1
07/26/2015 05:00:00 AM,9,4,5
07/26/2015 06:00:00 AM,25,12,13
07/26/2015 07:00:00 AM,38,20,18
07/26/2015 08:00:00 AM,45,23,22
07/26/2015 09:00:00 AM,82,47,35
07/26/2015 10:00:00 AM,104,55,49
07/26/2015 11:00:00 AM,147,71,76
07/26/2015 12:00:00 PM,129,62,67
07/26/2015 01:00:00 PM,121,78,43
07/26/2015 02:00:00 PM,172,109,63
07/26/2015 03:00:00 PM,169,92,77
07/26/2015 04:00:00 PM,102,58,44
07/26/2015 05:00:00 PM,54,28,26
07/26/2015 06:00:00 PM,81,35,46
07/26/2015 07:00:00 PM,43,24,19
07/26/2015 08:00:00 PM,31,12,19
07/26/2015 09:00:00 PM,17,11,6
07/26/2015 10:00:00 PM,23,6,17
07/26/2015 11:00:00 PM,15,5,10
07/27/2015 12:00:00 AM,10,4,6
07/27/2015 01:00:00 AM,4,0,4
07/27/2015 02:00:00 AM,3,2,1
07/27/2015 03:00:00 AM,4,4,0
07/27/2015 04:00:00 AM,4,3,1
07/27/2015 05:00:00 AM,35,22,13
07/27/2015 06:00:00 AM,143,98,45
07/27/2015 07:00:00 AM,425,296,129
07/27/2015 08:00:00 AM,520,351,169
07/27/2015 09:00:00 AM,264,155,109
07/27/2015 10:00:00 AM,106,61,45
07/27/2015 11:00:00 AM,88,52,36
07/27/2015 12:00:00 PM,89,51,38
07/27/2015 01:00:00 PM,95,52,43
07/27/2015 02:00:00 PM,116,52,64
07/27/2015 03:00:00 PM,175,74,101
07/27/2015 04:00:00 PM,349,122,227
07/27/2015 05:00:00 PM,705,199,506
07/27/2015 06:00:00 PM,470,143,327
07/27/2015 07:00:00 PM,219,93,126
07/27/2015 08:00:00 PM,132,56,76
07/27/2015 09:00:00 PM,81,35,46
07/27/2015 10:00:00 PM,33,11,22
07/27/2015 11:00:00 PM,32,17,15
07/28/2015 12:00:00 AM,13,6,7
07/28/2015 01:00:00 AM,10,3,7
07/28/2015 02:00:00 AM,3,2,1
07/28/2015 03:00:00 AM,8,3,5
07/28/2015 04:00:00 AM,11,8,3
07/28/2015 05:00:00 AM,50,31,19
07/28/2015 06:00:00 AM,183,123,60
07/28/2015 07:00:00 AM,480,335,145
07/28/2015 08:00:00 AM,616,392,224
07/28/2015 09:00:00 AM,306,184,122
07/28/2015 10:00:00 AM,140,74,66
07/28/2015 11:00:00 AM,93,50,43
07/28/2015 12:00:00 PM,99,45,54
07/28/2015 01:00:00 PM,122,57,65
07/28/2015 02:00:00 PM,145,73,72
07/28/2015 03:00:00 PM,181,72,109
07/28/2015 04:00:00 PM,354,122,232
07/28/2015 05:00:00 PM,736,219,517
07/28/2015 06:00:00 PM,492,174,318
07/28/2015 07:00:00 PM,306,139,167
07/28/2015 08:00:00 PM,168,79,89
07/28/2015 09:00:00 PM,89,39,50
07/28/2015 10:00:00 PM,75,31,44
07/28/2015 11:00:00 PM,35,13,22
07/29/2015 12:00:00 AM,11,5,6
07/29/2015 01:00:00 AM,5,2,3
07/29/2015 02:00:00 AM,5,1,4
07/29/2015 03:00:00 AM,3,2,1
07/29/2015 04:00:00 AM,10,8,2
07/29/2015 05:00:00 AM,47,31,16
07/29/2015 06:00:00 AM,197,127,70
07/29/2015 07:00:00 AM,482,338,144
07/29/2015 08:00:00 AM,623,392,231
07/29/2015 09:00:00 AM,304,191,113
07/29/2015 10:00:00 AM,143,69,74
07/29/2015 11:00:00 AM,115,63,52
07/29/2015 12:00:00 PM,102,48,54
07/29/2015 01:00:00 PM,120,58,62
07/29/2015 02:00:00 PM,117,70,47
07/29/2015 03:00:00 PM,152,76,76
07/29/2015 04:00:00 PM,407,143,264
07/29/2015 05:00:00 PM,686,196,490
07/29/2015 06:00:00 PM,531,183,348
07/29/2015 07:00:00 PM,277,96,181
07/29/2015 08:00:00 PM,162,64,98
07/29/2015 09:00:00 PM,118,63,55
07/29/2015 10:00:00 PM,72,36,36
07/29/2015 11:00:00 PM,45,15,30
07/30/2015 12:00:00 AM,18,8,10
07/30/2015 01:00:00 AM,10,5,5
07/30/2015 02:00:00 AM,7,5,2
07/30/2015 03:00:00 AM,3,0,3
07/30/2015 04:00:00 AM,10,5,5
07/30/2015 05:00:00 AM,42,20,22
07/30/2015 06:00:00 AM,166,107,59
07/30/2015 07:00:00 AM,416,271,145
07/30/2015 08:00:00 AM,605,397,208
07/30/2015 09:00:00 AM,305,193,112
07/30/2015 10:00:00 AM,130,72,58
07/30/2015 11:00:00 AM,110,59,51
07/30/2015 12:00:00 PM,82,43,39
07/30/2015 01:00:00 PM,101,55,46
07/30/2015 02:00:00 PM,111,46,65
07/30/2015 03:00:00 PM,142,72,70
07/30/2015 04:00:00 PM,331,127,204
07/30/2015 05:00:00 PM,642,184,458
07/30/2015 06:00:00 PM,476,165,311
07/30/2015 07:00:00 PM,278,120,158
07/30/2015 08:00:00 PM,156,57,99
07/30/2015 09:00:00 PM,118,54,64
07/30/2015 10:00:00 PM,75,44,31
07/30/2015 11:00:00 PM,45,22,23
07/31/2015 12:00:00 AM,24,11,13
07/31/2015 01:00:00 AM,15,5,10
07/31/2015 02:00:00 AM,7,1,6
07/31/2015 03:00:00 AM,2,2,0
07/31/2015 04:00:00 AM,9,4,5
07/31/2015 05:00:00 AM,41,25,16
07/31/2015 06:00:00 AM,139,95,44
07/31/2015 07:00:00 AM,363,244,119
07/31/2015 08:00:00 AM,504,315,189
07/31/2015 09:00:00 AM,259,166,93
07/31/2015 10:00:00 AM,124,62,62
07/31/2015 11:00:00 AM,121,67,54
07/31/2015 12:00:00 PM,107,54,53
07/31/2015 01:00:00 PM,104,57,47
07/31/2015 02:00:00 PM,118,49,69
07/31/2015 03:00:00 PM,182,84,98
07/31/2015 04:00:00 PM,350,132,218
07/31/2015 05:00:00 PM,533,171,362
07/31/2015 06:00:00 PM,322,115,207
07/31/2015 07:00:00 PM,191,88,103
07/31/2015 08:00:00 PM,130,43,87
07/31/2015 09:00:00 PM,109,45,64
07/31/2015 10:00:00 PM,73,32,41
07/31/2015 11:00:00 PM,60,38,22
08/01/2015 12:00:00 AM,40,21,19
08/01/2015 01:00:00 AM,14,8,6
08/01/2015 02:00:00 AM,10,5,5
08/01/2015 03:00:00 AM,7,0,7
08/01/2015 04:00:00 AM,4,2,2
08/01/2015 05:00:00 AM,12,7,5
08/01/2015 06:00:00 AM,25,11,14
08/01/2015 07:00:00 AM,81,42,39
08/01/2015 08:00:00 AM,112,64,48
08/01/2015 09:00:00 AM,146,77,69
08/01/2015 10:00:00 AM,163,94,69
08/01/2015 11:00:00 AM,194,104,90
08/01/2015 12:00:00 PM,161,76,85
08/01/2015 01:00:00 PM,164,79,85
08/01/2015 02:00:00 PM,167,85,82
08/01/2015 03:00:00 PM,177,101,76
08/01/2015 04:00:00 PM,154,81,73
08/01/2015 05:00:00 PM,134,77,57
08/01/2015 06:00:00 PM,129,68,61
08/01/2015 07:00:00 PM,90,39,51
08/01/2015 08:00:00 PM,53,28,25
08/01/2015 09:00:00 PM,74,33,41
08/01/2015 10:00:00 PM,59,28,31
08/01/2015 11:00:00 PM,49,23,26
08/02/2015 12:00:00 AM,26,6,20
08/02/2015 01:00:00 AM,17,8,9
08/02/2015 02:00:00 AM,9,3,6
08/02/2015 03:00:00 AM,3,2,1
08/02/2015 04:00:00 AM,6,1,5
08/02/2015 05:00:00 AM,6,1,5
08/02/2015 06:00:00 AM,29,14,15
08/02/2015 07:00:00 AM,57,28,29
08/02/2015 08:00:00 AM,79,41,38
08/02/2015 09:00:00 AM,125,70,55
08/02/2015 10:00:00 AM,109,67,42
08/02/2015 11:00:00 AM,149,89,60
08/02/2015 12:00:00 PM,171,88,83
08/02/2015 01:00:00 PM,158,84,74
08/02/2015 02:00:00 PM,125,66,59
08/02/2015 03:00:00 PM,183,83,100
08/02/2015 04:00:00 PM,157,82,75
08/02/2015 05:00:00 PM,128,58,70
08/02/2015 06:00:00 PM,106,51,55
08/02/2015 07:00:00 PM,76,41,35
08/02/2015 08:00:00 PM,72,35,37
08/02/2015 09:00:00 PM,38,16,22
08/02/2015 10:00:00 PM,34,14,20
08/02/2015 11:00:00 PM,20,5,15
08/03/2015 12:00:00 AM,6,3,3
08/03/2015 01:00:00 AM,5,2,3
08/03/2015 02:00:00 AM,2,2,0
08/03/2015 03:00:00 AM,4,2,2
08/03/2015 04:00:00 AM,10,9,1
08/03/2015 05:00:00 AM,49,36,13
08/03/2015 06:00:00 AM,172,114,58
08/03/2015 07:00:00 AM,408,289,119
08/03/2015 08:00:00 AM,606,403,203
08/03/2015 09:00:00 AM,293,188,105
08/03/2015 10:00:00 AM,98,52,46
08/03/2015 11:00:00 AM,88,55,33
08/03/2015 12:00:00 PM,81,39,42
08/03/2015 01:00:00 PM,99,45,54
08/03/2015 02:00:00 PM,113,57,56
08/03/2015 03:00:00 PM,141,65,76
08/03/2015 04:00:00 PM,350,122,228
08/03/2015 05:00:00 PM,692,174,518
08/03/2015 06:00:00 PM,492,189,303
08/03/2015 07:00:00 PM,225,84,141
08/03/2015 08:00:00 PM,148,61,87
08/03/2015 09:00:00 PM,81,40,41
08/03/2015 10:00:00 PM,56,26,30
08/03/2015 11:00:00 PM,24,11,13
08/04/2015 12:00:00 AM,14,7,7
08/04/2015 01:00:00 AM,12,6,6
08/04/2015 02:00:00 AM,4,1,3
08/04/2015 03:00:00 AM,2,1,1
08/04/2015 04:00:00 AM,11,4,7
08/04/2015 05:00:00 AM,56,33,23
08/04/2015 06:00:00 AM,177,126,51
08/04/2015 07:00:00 AM,473,333,140
08/04/2015 08:00:00 AM,623,404,219
08/04/2015 09:00:00 AM,311,200,111
08/04/2015 10:00:00 AM,132,72,60
08/04/2015 11:00:00 AM,91,46,45
08/04/2015 12:00:00 PM,100,59,41
08/04/2015 01:00:00 PM,89,46,43
08/04/2015 02:00:00 PM,121,52,69
08/04/2015 03:00:00 PM,168,79,89
08/04/2015 04:00:00 PM,397,126,271
08/04/2015 05:00:00 PM,791,227,564
08/04/2015 06:00:00 PM,488,191,297
08/04/2015 07:00:00 PM,253,111,142
08/04/2015 08:00:00 PM,179,86,93
08/04/2015 09:00:00 PM,80,43,37
08/04/2015 10:00:00 PM,51,17,34
08/04/2015 11:00:00 PM,32,13,19
08/05/2015 12:00:00 AM,10,6,4
08/05/2015 01:00:00 AM,3,2,1
08/05/2015 02:00:00 AM,5,2,3
08/05/2015 03:00:00 AM,8,3,5
08/05/2015 04:00:00 AM,8,7,1
08/05/2015 05:00:00 AM,58,32,26
08/05/2015 06:00:00 AM,179,117,62
08/05/2015 07:00:00 AM,450,322,128
08/05/2015 08:00:00 AM,535,336,199
08/05/2015 09:00:00 AM,270,158,112
08/05/2015 10:00:00 AM,102,55,47
08/05/2015 11:00:00 AM,93,49,44
08/05/2015 12:00:00 PM,89,47,42
08/05/2015 01:00:00 PM,77,38,39
08/05/2015 02:00:00 PM,104,44,60
08/05/2015 03:00:00 PM,154,67,87
08/05/2015 04:00:00 PM,376,134,242
08/05/2015 05:00:00 PM,676,175,501
08/05/2015 06:00:00 PM,462,177,285
08/05/2015 07:00:00 PM,193,80,113
08/05/2015 08:00:00 PM,125,54,71
08/05/2015 09:00:00 PM,60,30,30
08/05/2015 10:00:00 PM,40,22,18
08/05/2015 11:00:00 PM,31,14,17
08/06/2015 12:00:00 AM,23,5,18
08/06/2015 01:00:00 AM,4,3,1
08/06/2015 02:00:00 AM,3,1,2
08/06/2015 03:00:00 AM,5,2,3
08/06/2015 04:00:00 AM,8,4,4
08/06/2015 05:00:00 AM,35,22,13
08/06/2015 06:00:00 AM,154,96,58
08/06/2015 07:00:00 AM,488,269,219
08/06/2015 08:00:00 AM,553,363,190
08/06/2015 09:00:00 AM,272,163,109
08/06/2015 10:00:00 AM,122,59,63
08/06/2015 11:00:00 AM,89,46,43
08/06/2015 12:00:00 PM,96,56,40
08/06/2015 01:00:00 PM,119,69,50
08/06/2015 02:00:00 PM,105,52,53
08/06/2015 03:00:00 PM,167,75,92
08/06/2015 04:00:00 PM,336,121,215
08/06/2015 05:00:00 PM,630,200,430
08/06/2015 06:00:00 PM,490,181,309
08/06/2015 07:00:00 PM,243,108,135
08/06/2015 08:00:00 PM,163,88,75
08/06/2015 09:00:00 PM,96,57,39
08/06/2015 10:00:00 PM,64,32,32
08/06/2015 11:00:00 PM,30,18,12
08/07/2015 12:00:00 AM,25,7,18
08/07/2015 01:00:00 AM,11,5,6
08/07/2015 02:00:00 AM,4,0,4
08/07/2015 03:00:00 AM,4,3,1
08/07/2015 04:00:00 AM,7,5,2
08/07/2015 05:00:00 AM,34,17,17
08/07/2015 06:00:00 AM,154,105,49
08/07/2015 07:00:00 AM,364,253,111
08/07/2015 08:00:00 AM,453,298,155
08/07/2015 09:00:00 AM,247,140,107
08/07/2015 10:00:00 AM,143,67,76
08/07/2015 11:00:00 AM,113,61,52
08/07/2015 12:00:00 PM,118,57,61
08/07/2015 01:00:00 PM,138,75,63
08/07/2015 02:00:00 PM,143,68,75
08/07/2015 03:00:00 PM,219,99,120
08/07/2015 04:00:00 PM,405,142,263
08/07/2015 05:00:00 PM,582,207,375
08/07/2015 06:00:00 PM,390,165,225
08/07/2015 07:00:00 PM,212,91,121
08/07/2015 08:00:00 PM,145,53,92
08/07/2015 09:00:00 PM,74,38,36
08/07/2015 10:00:00 PM,69,30,39
08/07/2015 11:00:00 PM,46,14,32
08/08/2015 12:00:00 AM,35,8,27
08/08/2015 01:00:00 AM,29,11,18
08/08/2015 02:00:00 AM,17,3,14
08/08/2015 03:00:00 AM,7,2,5
08/08/2015 04:00:00 AM,6,1,5
08/08/2015 05:00:00 AM,12,8,4
08/08/2015 06:00:00 AM,30,14,16
08/08/2015 07:00:00 AM,67,30,37
08/08/2015 08:00:00 AM,85,50,35
08/08/2015 09:00:00 AM,127,64,63
08/08/2015 10:00:00 AM,142,74,68
08/08/2015 11:00:00 AM,138,84,54
08/08/2015 12:00:00 PM,156,81,75
08/08/2015 01:00:00 PM,157,89,68
08/08/2015 02:00:00 PM,193,98,95
08/08/2015 03:00:00 PM,163,75,88
08/08/2015 04:00:00 PM,146,75,71
08/08/2015 05:00:00 PM,148,69,79
08/08/2015 06:00:00 PM,109,46,63
08/08/2015 07:00:00 PM,66,40,26
08/08/2015 08:00:00 PM,59,31,28
08/08/2015 09:00:00 PM,54,39,15
08/08/2015 10:00:00 PM,31,16,15
08/08/2015 11:00:00 PM,37,18,19
08/09/2015 12:00:00 AM,24,9,15
08/09/2015 01:00:00 AM,18,9,9
08/09/2015 02:00:00 AM,5,1,4
08/09/2015 03:00:00 AM,3,2,1
08/09/2015 04:00:00 AM,3,2,1
08/09/2015 05:00:00 AM,12,11,1
08/09/2015 06:00:00 AM,33,18,15
08/09/2015 07:00:00 AM,60,40,20
08/09/2015 08:00:00 AM,88,54,34
08/09/2015 09:00:00 AM,116,56,60
08/09/2015 10:00:00 AM,136,79,57
08/09/2015 11:00:00 AM,289,83,206
08/09/2015 12:00:00 PM,476,95,381
08/09/2015 01:00:00 PM,450,122,328
08/09/2015 02:00:00 PM,278,104,174
08/09/2015 03:00:00 PM,211,101,110
08/09/2015 04:00:00 PM,210,127,83
08/09/2015 05:00:00 PM,174,97,77
08/09/2015 06:00:00 PM,117,54,63
08/09/2015 07:00:00 PM,86,52,34
08/09/2015 08:00:00 PM,57,29,28
08/09/2015 09:00:00 PM,55,32,23
08/09/2015 10:00:00 PM,29,11,18
08/09/2015 11:00:00 PM,15,7,8
08/10/2015 12:00:00 AM,11,1,10
08/10/2015 01:00:00 AM,7,2,5
08/10/2015 02:00:00 AM,5,2,3
08/10/2015 03:00:00 AM,3,2,1
08/10/2015 04:00:00 AM,13,5,8
08/10/2015 05:00:00 AM,43,24,19
08/10/2015 06:00:00 AM,172,114,58
08/10/2015 07:00:00 AM,396,272,124
08/10/2015 08:00:00 AM,452,304,148
08/10/2015 09:00:00 AM,260,146,114
08/10/2015 10:00:00 AM,117,62,55
08/10/2015 11:00:00 AM,78,37,41
08/10/2015 12:00:00 PM,103,60,43
08/10/2015 01:00:00 PM,105,52,53
08/10/2015 02:00:00 PM,95,47,48
08/10/2015 03:00:00 PM,137,54,83
08/10/2015 04:00:00 PM,318,121,197
08/10/2015 05:00:00 PM,621,179,442
08/10/2015 06:00:00 PM,446,167,279
08/10/2015 07:00:00 PM,212,91,121
08/10/2015 08:00:00 PM,156,73,83
08/10/2015 09:00:00 PM,81,35,46
08/10/2015 10:00:00 PM,43,26,17
08/10/2015 11:00:00 PM,24,15,9
08/11/2015 12:00:00 AM,15,6,9
08/11/2015 01:00:00 AM,7,2,5
08/11/2015 02:00:00 AM,1,1,0
08/11/2015 03:00:00 AM,3,1,2
08/11/2015 04:00:00 AM,13,6,7
08/11/2015 05:00:00 AM,54,30,24
08/11/2015 06:00:00 AM,145,95,50
08/11/2015 07:00:00 AM,455,322,133
08/11/2015 08:00:00 AM,628,422,206
08/11/2015 09:00:00 AM,282,171,111
08/11/2015 10:00:00 AM,123,79,44
08/11/2015 11:00:00 AM,111,53,58
08/11/2015 12:00:00 PM,108,57,51
08/11/2015 01:00:00 PM,126,68,58
08/11/2015 02:00:00 PM,117,65,52
08/11/2015 03:00:00 PM,157,61,96
08/11/2015 04:00:00 PM,318,110,208
08/11/2015 05:00:00 PM,742,227,515
08/11/2015 06:00:00 PM,533,178,355
08/11/2015 07:00:00 PM,256,101,155
08/11/2015 08:00:00 PM,151,71,80
08/11/2015 09:00:00 PM,91,41,50
08/11/2015 10:00:00 PM,52,25,27
08/11/2015 11:00:00 PM,42,19,23
08/12/2015 12:00:00 AM,13,5,8
08/12/2015 01:00:00 AM,10,5,5
08/12/2015 02:00:00 AM,5,5,0
08/12/2015 03:00:00 AM,2,1,1
08/12/2015 04:00:00 AM,12,9,3
08/12/2015 05:00:00 AM,58,39,19
08/12/2015 06:00:00 AM,161,113,48
08/12/2015 07:00:00 AM,477,322,155
08/12/2015 08:00:00 AM,581,382,199
08/12/2015 09:00:00 AM,319,205,114
08/12/2015 10:00:00 AM,118,63,55
08/12/2015 11:00:00 AM,111,63,48
08/12/2015 12:00:00 PM,80,43,37
08/12/2015 01:00:00 PM,88,42,46
08/12/2015 02:00:00 PM,102,48,54
08/12/2015 03:00:00 PM,127,56,71
08/12/2015 04:00:00 PM,398,134,264
08/12/2015 05:00:00 PM,710,216,494
08/12/2015 06:00:00 PM,455,151,304
08/12/2015 07:00:00 PM,246,93,153
08/12/2015 08:00:00 PM,157,64,93
08/12/2015 09:00:00 PM,94,44,50
08/12/2015 10:00:00 PM,46,19,27
08/12/2015 11:00:00 PM,33,21,12
08/13/2015 12:00:00 AM,17,9,8
08/13/2015 01:00:00 AM,7,5,2
08/13/2015 02:00:00 AM,5,5,0
08/13/2015 03:00:00 AM,3,1,2
08/13/2015 04:00:00 AM,10,5,5
08/13/2015 05:00:00 AM,37,21,16
08/13/2015 06:00:00 AM,162,108,54
08/13/2015 07:00:00 AM,434,300,134
08/13/2015 08:00:00 AM,613,392,221
08/13/2015 09:00:00 AM,262,155,107
08/13/2015 10:00:00 AM,143,77,66
08/13/2015 11:00:00 AM,89,47,42
08/13/2015 12:00:00 PM,103,58,45
08/13/2015 01:00:00 PM,133,75,58
08/13/2015 02:00:00 PM,131,59,72
08/13/2015 03:00:00 PM,175,89,86
08/13/2015 04:00:00 PM,357,115,242
08/13/2015 05:00:00 PM,675,180,495
08/13/2015 06:00:00 PM,474,175,299
08/13/2015 07:00:00 PM,231,93,138
08/13/2015 08:00:00 PM,173,69,104
08/13/2015 09:00:00 PM,86,49,37
08/13/2015 10:00:00 PM,76,34,42
08/13/2015 11:00:00 PM,32,12,20
08/14/2015 12:00:00 AM,17,9,8
08/14/2015 01:00:00 AM,9,3,6
08/14/2015 02:00:00 AM,3,3,0
08/14/2015 03:00:00 AM,2,0,2
08/14/2015 04:00:00 AM,12,5,7
08/14/2015 05:00:00 AM,38,19,19
08/14/2015 06:00:00 AM,105,68,37
08/14/2015 07:00:00 AM,240,159,81
08/14/2015 08:00:00 AM,344,241,103
08/14/2015 09:00:00 AM,205,127,78
08/14/2015 10:00:00 AM,98,43,55
08/14/2015 11:00:00 AM,59,30,29
08/14/2015 12:00:00 PM,65,26,39
08/14/2015 01:00:00 PM,39,22,17
08/14/2015 02:00:00 PM,38,19,19
08/14/2015 03:00:00 PM,72,19,53
08/14/2015 04:00:00 PM,133,43,90
08/14/2015 05:00:00 PM,283,84,199
08/14/2015 06:00:00 PM,144,45,99
08/14/2015 07:00:00 PM,63,23,40
08/14/2015 08:00:00 PM,33,13,20
08/14/2015 09:00:00 PM,26,12,14
08/14/2015 10:00:00 PM,20,8,12
08/14/2015 11:00:00 PM,14,4,10
08/15/2015 12:00:00 AM,17,4,13
08/15/2015 01:00:00 AM,6,1,5
08/15/2015 02:00:00 AM,6,2,4
08/15/2015 03:00:00 AM,4,4,0
08/15/2015 04:00:00 AM,5,2,3
08/15/2015 05:00:00 AM,17,11,6
08/15/2015 06:00:00 AM,34,9,25
08/15/2015 07:00:00 AM,31,16,15
08/15/2015 08:00:00 AM,79,41,38
08/15/2015 09:00:00 AM,67,32,35
08/15/2015 10:00:00 AM,112,51,61
08/15/2015 11:00:00 AM,114,60,54
08/15/2015 12:00:00 PM,113,63,50
08/15/2015 01:00:00 PM,148,74,74
08/15/2015 02:00:00 PM,163,78,85
08/15/2015 03:00:00 PM,153,90,63
08/15/2015 04:00:00 PM,135,65,70
08/15/2015 05:00:00 PM,166,84,82
08/15/2015 06:00:00 PM,105,54,51
08/15/2015 07:00:00 PM,70,28,42
08/15/2015 08:00:00 PM,50,22,28
08/15/2015 09:00:00 PM,49,14,35
08/15/2015 10:00:00 PM,34,15,19
08/15/2015 11:00:00 PM,24,10,14
08/16/2015 12:00:00 AM,20,11,9
08/16/2015 01:00:00 AM,14,5,9
08/16/2015 02:00:00 AM,8,3,5
08/16/2015 03:00:00 AM,3,0,3
08/16/2015 04:00:00 AM,8,7,1
08/16/2015 05:00:00 AM,6,3,3
08/16/2015 06:00:00 AM,12,6,6
08/16/2015 07:00:00 AM,23,8,15
08/16/2015 08:00:00 AM,71,36,35
08/16/2015 09:00:00 AM,114,49,65
08/16/2015 10:00:00 AM,150,85,65
08/16/2015 11:00:00 AM,183,105,78
08/16/2015 12:00:00 PM,202,110,92
08/16/2015 01:00:00 PM,253,153,100
08/16/2015 02:00:00 PM,204,115,89
08/16/2015 03:00:00 PM,225,114,111
08/16/2015 04:00:00 PM,245,105,140
08/16/2015 05:00:00 PM,176,82,94
08/16/2015 06:00:00 PM,139,74,65
08/16/2015 07:00:00 PM,114,62,52
08/16/2015 08:00:00 PM,63,31,32
08/16/2015 09:00:00 PM,56,30,26
08/16/2015 10:00:00 PM,30,13,17
08/16/2015 11:00:00 PM,14,6,8
08/17/2015 12:00:00 AM,18,6,12
08/17/2015 01:00:00 AM,4,0,4
08/17/2015 02:00:00 AM,4,1,3
08/17/2015 03:00:00 AM,6,6,0
08/17/2015 04:00:00 AM,11,6,5
08/17/2015 05:00:00 AM,48,34,14
08/17/2015 06:00:00 AM,162,118,44
08/17/2015 07:00:00 AM,452,320,132
08/17/2015 08:00:00 AM,530,369,161
08/17/2015 09:00:00 AM,275,161,114
08/17/2015 10:00:00 AM,131,82,49
08/17/2015 11:00:00 AM,111,56,55
08/17/2015 12:00:00 PM,105,59,46
08/17/2015 01:00:00 PM,102,52,50
08/17/2015 02:00:00 PM,122,53,69
08/17/2015 03:00:00 PM,145,59,86
08/17/2015 04:00:00 PM,343,127,216
08/17/2015 05:00:00 PM,733,209,524
08/17/2015 06:00:00 PM,480,164,316
08/17/2015 07:00:00 PM,238,102,136
08/17/2015 08:00:00 PM,145,74,71
08/17/2015 09:00:00 PM,76,40,36
08/17/2015 10:00:00 PM,41,23,18
08/17/2015 11:00:00 PM,37,25,12
08/18/2015 12:00:00 AM,17,5,12
08/18/2015 01:00:00 AM,3,2,1
08/18/2015 02:00:00 AM,7,3,4
08/18/2015 03:00:00 AM,3,3,0
08/18/2015 04:00:00 AM,15,8,7
08/18/2015 05:00:00 AM,46,28,18
08/18/2015 06:00:00 AM,152,100,52
08/18/2015 07:00:00 AM,457,323,134
08/18/2015 08:00:00 AM,614,406,208
08/18/2015 09:00:00 AM,292,165,127
08/18/2015 10:00:00 AM,126,70,56
08/18/2015 11:00:00 AM,105,59,46
08/18/2015 12:00:00 PM,86,44,42
08/18/2015 01:00:00 PM,98,53,45
08/18/2015 02:00:00 PM,111,49,62
08/18/2015 03:00:00 PM,166,66,100
08/18/2015 04:00:00 PM,359,130,229
08/18/2015 05:00:00 PM,704,218,486
08/18/2015 06:00:00 PM,527,174,353
08/18/2015 07:00:00 PM,269,119,150
08/18/2015 08:00:00 PM,161,64,97
08/18/2015 09:00:00 PM,101,52,49
08/18/2015 10:00:00 PM,64,30,34
08/18/2015 11:00:00 PM,25,12,13
08/19/2015 12:00:00 AM,19,9,10
08/19/2015 01:00:00 AM,12,7,5
08/19/2015 02:00:00 AM,4,1,3
08/19/2015 03:00:00 AM,2,1,1
08/19/2015 04:00:00 AM,9,6,3
08/19/2015 05:00:00 AM,49,29,20
08/19/2015 06:00:00 AM,180,118,62
08/19/2015 07:00:00 AM,485,337,148
08/19/2015 08:00:00 AM,566,377,189
08/19/2015 09:00:00 AM,296,186,110
08/19/2015 10:00:00 AM,141,82,59
08/19/2015 11:00:00 AM,104,53,51
08/19/2015 12:00:00 PM,109,46,63
08/19/2015 01:00:00 PM,117,58,59
08/19/2015 02:00:00 PM,106,61,45
08/19/2015 03:00:00 PM,205,82,123
08/19/2015 04:00:00 PM,345,124,221
08/19/2015 05:00:00 PM,660,192,468
08/19/2015 06:00:00 PM,497,165,332
08/19/2015 07:00:00 PM,279,96,183
08/19/2015 08:00:00 PM,141,53,88
08/19/2015 09:00:00 PM,117,50,67
08/19/2015 10:00:00 PM,62,31,31
08/19/2015 11:00:00 PM,43,21,22
08/20/2015 12:00:00 AM,11,4,7
08/20/2015 01:00:00 AM,5,1,4
08/20/2015 02:00:00 AM,6,5,1
08/20/2015 03:00:00 AM,0,0,0
08/20/2015 04:00:00 AM,9,7,2
08/20/2015 05:00:00 AM,36,24,12
08/20/2015 06:00:00 AM,155,101,54
08/20/2015 07:00:00 AM,390,254,136
08/20/2015 08:00:00 AM,501,313,188
08/20/2015 09:00:00 AM,267,161,106
08/20/2015 10:00:00 AM,110,62,48
08/20/2015 11:00:00 AM,76,46,30
08/20/2015 12:00:00 PM,76,38,38
08/20/2015 01:00:00 PM,110,57,53
08/20/2015 02:00:00 PM,92,39,53
08/20/2015 03:00:00 PM,129,52,77
08/20/2015 04:00:00 PM,301,107,194
08/20/2015 05:00:00 PM,584,166,418
08/20/2015 06:00:00 PM,446,169,277
08/20/2015 07:00:00 PM,254,99,155
08/20/2015 08:00:00 PM,131,57,74
08/20/2015 09:00:00 PM,82,38,44
08/20/2015 10:00:00 PM,49,23,26
08/20/2015 11:00:00 PM,26,10,16
08/21/2015 12:00:00 AM,16,4,12
08/21/2015 01:00:00 AM,5,1,4
08/21/2015 02:00:00 AM,5,4,1
08/21/2015 03:00:00 AM,1,1,0
08/21/2015 04:00:00 AM,9,5,4
08/21/2015 05:00:00 AM,27,18,9
08/21/2015 06:00:00 AM,118,81,37
08/21/2015 07:00:00 AM,341,235,106
08/21/2015 08:00:00 AM,446,297,149
08/21/2015 09:00:00 AM,264,173,91
08/21/2015 10:00:00 AM,91,55,36
08/21/2015 11:00:00 AM,106,50,56
08/21/2015 12:00:00 PM,99,43,56
08/21/2015 01:00:00 PM,120,61,59
08/21/2015 02:00:00 PM,130,61,69
08/21/2015 03:00:00 PM,200,88,112
08/21/2015 04:00:00 PM,337,122,215
08/21/2015 05:00:00 PM,533,171,362
08/21/2015 06:00:00 PM,312,120,192
08/21/2015 07:00:00 PM,166,73,93
08/21/2015 08:00:00 PM,104,52,52
08/21/2015 09:00:00 PM,60,30,30
08/21/2015 10:00:00 PM,65,33,32
08/21/2015 11:00:00 PM,51,19,32
08/22/2015 12:00:00 AM,18,5,13
08/22/2015 01:00:00 AM,24,14,10
08/22/2015 02:00:00 AM,10,5,5
08/22/2015 03:00:00 AM,7,5,2
08/22/2015 04:00:00 AM,4,2,2
08/22/2015 05:00:00 AM,9,7,2
08/22/2015 06:00:00 AM,29,16,13
08/22/2015 07:00:00 AM,65,35,30
08/22/2015 08:00:00 AM,70,38,32
08/22/2015 09:00:00 AM,147,87,60
08/22/2015 10:00:00 AM,190,148,42
08/22/2015 11:00:00 AM,156,89,67
08/22/2015 12:00:00 PM,148,79,69
08/22/2015 01:00:00 PM,177,78,99
08/22/2015 02:00:00 PM,172,83,89
08/22/2015 03:00:00 PM,170,86,84
08/22/2015 04:00:00 PM,160,83,77
08/22/2015 05:00:00 PM,148,63,85
08/22/2015 06:00:00 PM,117,63,54
08/22/2015 07:00:00 PM,85,43,42
08/22/2015 08:00:00 PM,64,27,37
08/22/2015 09:00:00 PM,54,32,22
08/22/2015 10:00:00 PM,39,20,19
08/22/2015 11:00:00 PM,27,8,19
08/23/2015 12:00:00 AM,27,12,15
08/23/2015 01:00:00 AM,8,3,5
08/23/2015 02:00:00 AM,13,8,5
08/23/2015 03:00:00 AM,6,4,2
08/23/2015 04:00:00 AM,5,3,2
08/23/2015 05:00:00 AM,6,5,1
08/23/2015 06:00:00 AM,18,7,11
08/23/2015 07:00:00 AM,40,24,16
08/23/2015 08:00:00 AM,77,45,32
08/23/2015 09:00:00 AM,109,63,46
08/23/2015 10:00:00 AM,123,60,63
08/23/2015 11:00:00 AM,163,103,60
08/23/2015 12:00:00 PM,197,85,112
08/23/2015 01:00:00 PM,191,106,85
08/23/2015 02:00:00 PM,159,90,69
08/23/2015 03:00:00 PM,155,98,57
08/23/2015 04:00:00 PM,155,80,75
08/23/2015 05:00:00 PM,173,92,81
08/23/2015 06:00:00 PM,132,63,69
08/23/2015 07:00:00 PM,71,34,37
08/23/2015 08:00:00 PM,85,35,50
08/23/2015 09:00:00 PM,39,23,16
08/23/2015 10:00:00 PM,44,19,25
08/23/2015 11:00:00 PM,20,11,9
08/24/2015 12:00:00 AM,13,2,11
08/24/2015 01:00:00 AM,10,3,7
08/24/2015 02:00:00 AM,4,2,2
08/24/2015 03:00:00 AM,2,2,0
08/24/2015 04:00:00 AM,10,7,3
08/24/2015 05:00:00 AM,44,29,15
08/24/2015 06:00:00 AM,142,95,47
08/24/2015 07:00:00 AM,447,318,129
08/24/2015 08:00:00 AM,534,354,180
08/24/2015 09:00:00 AM,266,153,113
08/24/2015 10:00:00 AM,105,52,53
08/24/2015 11:00:00 AM,98,52,46
08/24/2015 12:00:00 PM,102,49,53
08/24/2015 01:00:00 PM,106,42,64
08/24/2015 02:00:00 PM,112,66,46
08/24/2015 03:00:00 PM,167,71,96
08/24/2015 04:00:00 PM,339,134,205
08/24/2015 05:00:00 PM,629,169,460
08/24/2015 06:00:00 PM,463,167,296
08/24/2015 07:00:00 PM,216,96,120
08/24/2015 08:00:00 PM,131,59,72
08/24/2015 09:00:00 PM,60,24,36
08/24/2015 10:00:00 PM,38,18,20
08/24/2015 11:00:00 PM,34,15,19
08/25/2015 12:00:00 AM,17,6,11
08/25/2015 01:00:00 AM,5,3,2
08/25/2015 02:00:00 AM,8,2,6
08/25/2015 03:00:00 AM,5,0,5
08/25/2015 04:00:00 AM,8,8,0
08/25/2015 05:00:00 AM,53,32,21
08/25/2015 06:00:00 AM,155,108,47
08/25/2015 07:00:00 AM,459,331,128
08/25/2015 08:00:00 AM,615,403,212
08/25/2015 09:00:00 AM,279,161,118
08/25/2015 10:00:00 AM,174,112,62
08/25/2015 11:00:00 AM,98,50,48
08/25/2015 12:00:00 PM,91,42,49
08/25/2015 01:00:00 PM,109,55,54
08/25/2015 02:00:00 PM,123,57,66
08/25/2015 03:00:00 PM,160,71,89
08/25/2015 04:00:00 PM,373,144,229
08/25/2015 05:00:00 PM,714,215,499
08/25/2015 06:00:00 PM,497,195,302
08/25/2015 07:00:00 PM,262,116,146
08/25/2015 08:00:00 PM,130,55,75
08/25/2015 09:00:00 PM,65,35,30
08/25/2015 10:00:00 PM,42,15,27
08/25/2015 11:00:00 PM,31,12,19
08/26/2015 12:00:00 AM,18,7,11
08/26/2015 01:00:00 AM,7,5,2
08/26/2015 02:00:00 AM,9,5,4
08/26/2015 03:00:00 AM,2,1,1
08/26/2015 04:00:00 AM,15,11,4
08/26/2015 05:00:00 AM,49,30,19
08/26/2015 06:00:00 AM,167,110,57
08/26/2015 07:00:00 AM,436,306,130
08/26/2015 08:00:00 AM,555,354,201
08/26/2015 09:00:00 AM,283,174,109
08/26/2015 10:00:00 AM,120,60,60
08/26/2015 11:00:00 AM,101,58,43
08/26/2015 12:00:00 PM,88,44,44
08/26/2015 01:00:00 PM,103,46,57
08/26/2015 02:00:00 PM,118,47,71
08/26/2015 03:00:00 PM,139,58,81
08/26/2015 04:00:00 PM,375,148,227
08/26/2015 05:00:00 PM,719,206,513
08/26/2015 06:00:00 PM,509,181,328
08/26/2015 07:00:00 PM,211,90,121
08/26/2015 08:00:00 PM,138,65,73
08/26/2015 09:00:00 PM,97,48,49
08/26/2015 10:00:00 PM,41,25,16
08/26/2015 11:00:00 PM,31,17,14
08/27/2015 12:00:00 AM,18,9,9
08/27/2015 01:00:00 AM,4,2,2
08/27/2015 02:00:00 AM,4,2,2
08/27/2015 03:00:00 AM,3,1,2
08/27/2015 04:00:00 AM,4,2,2
08/27/2015 05:00:00 AM,49,35,14
08/27/2015 06:00:00 AM,143,104,39
08/27/2015 07:00:00 AM,416,287,129
08/27/2015 08:00:00 AM,587,383,204
08/27/2015 09:00:00 AM,278,174,104
08/27/2015 10:00:00 AM,131,78,53
08/27/2015 11:00:00 AM,95,56,39
08/27/2015 12:00:00 PM,107,49,58
08/27/2015 01:00:00 PM,137,75,62
08/27/2015 02:00:00 PM,123,46,77
08/27/2015 03:00:00 PM,150,64,86
08/27/2015 04:00:00 PM,353,123,230
08/27/2015 05:00:00 PM,671,222,449
08/27/2015 06:00:00 PM,490,173,317
08/27/2015 07:00:00 PM,220,86,134
08/27/2015 08:00:00 PM,161,72,89
08/27/2015 09:00:00 PM,93,48,45
08/27/2015 10:00:00 PM,49,30,19
08/27/2015 11:00:00 PM,50,28,22
08/28/2015 12:00:00 AM,18,8,10
08/28/2015 01:00:00 AM,4,3,1
08/28/2015 02:00:00 AM,2,1,1
08/28/2015 03:00:00 AM,4,2,2
08/28/2015 04:00:00 AM,11,7,4
08/28/2015 05:00:00 AM,29,19,10
08/28/2015 06:00:00 AM,85,63,22
08/28/2015 07:00:00 AM,221,151,70
08/28/2015 08:00:00 AM,351,239,112
08/28/2015 09:00:00 AM,184,101,83
08/28/2015 10:00:00 AM,94,46,48
08/28/2015 11:00:00 AM,75,47,28
08/28/2015 12:00:00 PM,90,33,57
08/28/2015 01:00:00 PM,73,38,35
08/28/2015 02:00:00 PM,93,48,45
08/28/2015 03:00:00 PM,142,59,83
08/28/2015 04:00:00 PM,256,98,158
08/28/2015 05:00:00 PM,409,133,276
08/28/2015 06:00:00 PM,224,84,140
08/28/2015 07:00:00 PM,105,33,72
08/28/2015 08:00:00 PM,81,37,44
08/28/2015 09:00:00 PM,46,24,22
08/28/2015 10:00:00 PM,25,9,16
08/28/2015 11:00:00 PM,31,17,14
08/29/2015 12:00:00 AM,21,6,15
08/29/2015 01:00:00 AM,15,6,9
08/29/2015 02:00:00 AM,12,9,3
08/29/2015 03:00:00 AM,3,2,1
08/29/2015 04:00:00 AM,6,2,4
08/29/2015 05:00:00 AM,2,2,0
08/29/2015 06:00:00 AM,8,4,4
08/29/2015 07:00:00 AM,13,7,6
08/29/2015 08:00:00 AM,27,14,13
08/29/2015 09:00:00 AM,35,22,13
08/29/2015 10:00:00 AM,52,31,21
08/29/2015 11:00:00 AM,45,23,22
08/29/2015 12:00:00 PM,36,19,17
08/29/2015 01:00:00 PM,53,25,28
08/29/2015 02:00:00 PM,63,38,25
08/29/2015 03:00:00 PM,60,32,28
08/29/2015 04:00:00 PM,72,34,38
08/29/2015 05:00:00 PM,54,25,29
08/29/2015 06:00:00 PM,46,20,26
08/29/2015 07:00:00 PM,28,20,8
08/29/2015 08:00:00 PM,20,8,12
08/29/2015 09:00:00 PM,11,8,3
08/29/2015 10:00:00 PM,5,1,4
08/29/2015 11:00:00 PM,12,7,5
08/30/2015 12:00:00 AM,4,1,3
08/30/2015 01:00:00 AM,4,3,1
08/30/2015 02:00:00 AM,0,0,0
08/30/2015 03:00:00 AM,3,2,1
08/30/2015 04:00:00 AM,4,2,2
08/30/2015 05:00:00 AM,4,1,3
08/30/2015 06:00:00 AM,5,3,2
08/30/2015 07:00:00 AM,6,4,2
08/30/2015 08:00:00 AM,24,16,8
08/30/2015 09:00:00 AM,32,19,13
08/30/2015 10:00:00 AM,43,27,16
08/30/2015 11:00:00 AM,98,57,41
08/30/2015 12:00:00 PM,123,80,43
08/30/2015 01:00:00 PM,128,84,44
08/30/2015 02:00:00 PM,120,63,57
08/30/2015 03:00:00 PM,109,65,44
08/30/2015 04:00:00 PM,129,57,72
08/30/2015 05:00:00 PM,103,51,52
08/30/2015 06:00:00 PM,88,41,47
08/30/2015 07:00:00 PM,70,40,30
08/30/2015 08:00:00 PM,62,23,39
08/30/2015 09:00:00 PM,20,15,5
08/30/2015 10:00:00 PM,18,11,7
08/30/2015 11:00:00 PM,16,7,9
08/31/2015 12:00:00 AM,10,3,7
08/31/2015 01:00:00 AM,5,2,3
08/31/2015 02:00:00 AM,3,1,2
08/31/2015 03:00:00 AM,4,3,1
08/31/2015 04:00:00 AM,7,2,5
08/31/2015 05:00:00 AM,26,15,11
08/31/2015 06:00:00 AM,122,71,51
08/31/2015 07:00:00 AM,309,200,109
08/31/2015 08:00:00 AM,420,270,150
08/31/2015 09:00:00 AM,193,109,84
08/31/2015 10:00:00 AM,79,53,26
08/31/2015 11:00:00 AM,48,28,20
08/31/2015 12:00:00 PM,54,28,26
08/31/2015 01:00:00 PM,57,25,32
08/31/2015 02:00:00 PM,76,33,43
08/31/2015 03:00:00 PM,80,29,51
08/31/2015 04:00:00 PM,216,77,139
08/31/2015 05:00:00 PM,480,130,350
08/31/2015 06:00:00 PM,311,101,210
08/31/2015 07:00:00 PM,171,59,112
08/31/2015 08:00:00 PM,57,33,24
08/31/2015 09:00:00 PM,46,22,24
08/31/2015 10:00:00 PM,31,9,22
08/31/2015 11:00:00 PM,18,7,11
09/01/2015 12:00:00 AM,8,6,2
09/01/2015 01:00:00 AM,2,1,1
09/01/2015 02:00:00 AM,4,1,3
09/01/2015 03:00:00 AM,4,1,3
09/01/2015 04:00:00 AM,5,3,2
09/01/2015 05:00:00 AM,40,23,17
09/01/2015 06:00:00 AM,127,88,39
09/01/2015 07:00:00 AM,330,227,103
09/01/2015 08:00:00 AM,415,273,142
09/01/2015 09:00:00 AM,175,115,60
09/01/2015 10:00:00 AM,64,36,28
09/01/2015 11:00:00 AM,43,25,18
09/01/2015 12:00:00 PM,75,45,30
09/01/2015 01:00:00 PM,64,22,42
09/01/2015 02:00:00 PM,76,43,33
09/01/2015 03:00:00 PM,85,35,50
09/01/2015 04:00:00 PM,218,85,133
09/01/2015 05:00:00 PM,520,142,378
09/01/2015 06:00:00 PM,320,106,214
09/01/2015 07:00:00 PM,148,46,102
09/01/2015 08:00:00 PM,63,27,36
09/01/2015 09:00:00 PM,37,17,20
09/01/2015 10:00:00 PM,35,17,18
09/01/2015 11:00:00 PM,18,9,9
09/02/2015 12:00:00 AM,13,7,6
09/02/2015 01:00:00 AM,3,0,3
09/02/2015 02:00:00 AM,5,3,2
09/02/2015 03:00:00 AM,4,3,1
09/02/2015 04:00:00 AM,12,9,3
09/02/2015 05:00:00 AM,40,25,15
09/02/2015 06:00:00 AM,155,104,51
09/02/2015 07:00:00 AM,369,242,127
09/02/2015 08:00:00 AM,476,303,173
09/02/2015 09:00:00 AM,249,155,94
09/02/2015 10:00:00 AM,92,51,41
09/02/2015 11:00:00 AM,63,30,33
09/02/2015 12:00:00 PM,83,48,35
09/02/2015 01:00:00 PM,88,42,46
09/02/2015 02:00:00 PM,91,53,38
09/02/2015 03:00:00 PM,136,56,80
09/02/2015 04:00:00 PM,322,129,193
09/02/2015 05:00:00 PM,607,191,416
09/02/2015 06:00:00 PM,399,133,266
09/02/2015 07:00:00 PM,193,76,117
09/02/2015 08:00:00 PM,108,39,69
09/02/2015 09:00:00 PM,48,23,25
09/02/2015 10:00:00 PM,30,12,18
09/02/2015 11:00:00 PM,26,11,15
09/03/2015 12:00:00 AM,8,4,4
09/03/2015 01:00:00 AM,9,6,3
09/03/2015 02:00:00 AM,2,0,2
09/03/2015 03:00:00 AM,3,2,1
09/03/2015 04:00:00 AM,7,2,5
09/03/2015 05:00:00 AM,34,18,16
09/03/2015 06:00:00 AM,129,89,40
09/03/2015 07:00:00 AM,327,218,109
09/03/2015 08:00:00 AM,391,253,138
09/03/2015 09:00:00 AM,217,136,81
09/03/2015 10:00:00 AM,92,53,39
09/03/2015 11:00:00 AM,86,48,38
09/03/2015 12:00:00 PM,74,35,39
09/03/2015 01:00:00 PM,72,31,41
09/03/2015 02:00:00 PM,91,44,47
09/03/2015 03:00:00 PM,142,48,94
09/03/2015 04:00:00 PM,286,118,168
09/03/2015 05:00:00 PM,460,151,309
09/03/2015 06:00:00 PM,330,120,210
09/03/2015 07:00:00 PM,167,69,98
09/03/2015 08:00:00 PM,112,38,74
09/03/2015 09:00:00 PM,45,19,26
09/03/2015 10:00:00 PM,45,18,27
09/03/2015 11:00:00 PM,30,12,18
09/04/2015 12:00:00 AM,11,8,3
09/04/2015 01:00:00 AM,4,2,2
09/04/2015 02:00:00 AM,3,1,2
09/04/2015 03:00:00 AM,5,3,2
09/04/2015 04:00:00 AM,5,3,2
09/04/2015 05:00:00 AM,37,24,13
09/04/2015 06:00:00 AM,108,80,28
09/04/2015 07:00:00 AM,301,219,82
09/04/2015 08:00:00 AM,369,235,134
09/04/2015 09:00:00 AM,211,121,90
09/04/2015 10:00:00 AM,79,50,29
09/04/2015 11:00:00 AM,68,30,38
09/04/2015 12:00:00 PM,66,30,36
09/04/2015 01:00:00 PM,71,37,34
09/04/2015 02:00:00 PM,126,58,68
09/04/2015 03:00:00 PM,196,60,136
09/04/2015 04:00:00 PM,282,101,181
09/04/2015 05:00:00 PM,413,138,275
09/04/2015 06:00:00 PM,292,105,187
09/04/2015 07:00:00 PM,130,56,74
09/04/2015 08:00:00 PM,78,27,51
09/04/2015 09:00:00 PM,35,18,17
09/04/2015 10:00:00 PM,27,14,13
09/04/2015 11:00:00 PM,20,5,15
09/05/2015 12:00:00 AM,20,8,12
09/05/2015 01:00:00 AM,11,5,6
09/05/2015 02:00:00 AM,6,3,3
09/05/2015 03:00:00 AM,3,3,0
09/05/2015 04:00:00 AM,3,1,2
09/05/2015 05:00:00 AM,11,9,2
09/05/2015 06:00:00 AM,23,15,8
09/05/2015 07:00:00 AM,36,17,19
09/05/2015 08:00:00 AM,69,33,36
09/05/2015 09:00:00 AM,117,62,55
09/05/2015 10:00:00 AM,102,61,41
09/05/2015 11:00:00 AM,149,74,75
09/05/2015 12:00:00 PM,157,88,69
09/05/2015 01:00:00 PM,172,101,71
09/05/2015 02:00:00 PM,147,81,66
09/05/2015 03:00:00 PM,197,99,98
09/05/2015 04:00:00 PM,141,80,61
09/05/2015 05:00:00 PM,51,22,29
09/05/2015 06:00:00 PM,48,20,28
09/05/2015 07:00:00 PM,38,20,18
09/05/2015 08:00:00 PM,25,8,17
09/05/2015 09:00:00 PM,29,8,21
09/05/2015 10:00:00 PM,16,5,11
09/05/2015 11:00:00 PM,25,3,22
09/06/2015 12:00:00 AM,12,2,10
09/06/2015 01:00:00 AM,11,6,5
09/06/2015 02:00:00 AM,4,1,3
09/06/2015 03:00:00 AM,2,0,2
09/06/2015 04:00:00 AM,3,2,1
09/06/2015 05:00:00 AM,3,3,0
09/06/2015 06:00:00 AM,9,5,4
09/06/2015 07:00:00 AM,10,6,4
09/06/2015 08:00:00 AM,23,11,12
09/06/2015 09:00:00 AM,37,19,18
09/06/2015 10:00:00 AM,61,34,27
09/06/2015 11:00:00 AM,54,29,25
09/06/2015 12:00:00 PM,93,50,43
09/06/2015 01:00:00 PM,65,40,25
09/06/2015 02:00:00 PM,74,47,27
09/06/2015 03:00:00 PM,81,33,48
09/06/2015 04:00:00 PM,87,48,39
09/06/2015 05:00:00 PM,59,28,31
09/06/2015 06:00:00 PM,66,38,28
09/06/2015 07:00:00 PM,46,26,20
09/06/2015 08:00:00 PM,24,8,16
09/06/2015 09:00:00 PM,26,13,13
09/06/2015 10:00:00 PM,25,11,14
09/06/2015 11:00:00 PM,16,6,10
09/07/2015 12:00:00 AM,6,2,4
09/07/2015 01:00:00 AM,5,2,3
09/07/2015 02:00:00 AM,4,0,4
09/07/2015 03:00:00 AM,2,1,1
09/07/2015 04:00:00 AM,3,2,1
09/07/2015 05:00:00 AM,11,9,2
09/07/2015 06:00:00 AM,23,9,14
09/07/2015 07:00:00 AM,32,20,12
09/07/2015 08:00:00 AM,58,32,26
09/07/2015 09:00:00 AM,79,37,42
09/07/2015 10:00:00 AM,92,44,48
09/07/2015 11:00:00 AM,151,92,59
09/07/2015 12:00:00 PM,153,93,60
09/07/2015 01:00:00 PM,181,99,82
09/07/2015 02:00:00 PM,198,104,94
09/07/2015 03:00:00 PM,219,123,96
09/07/2015 04:00:00 PM,235,134,101
09/07/2015 05:00:00 PM,170,101,69
09/07/2015 06:00:00 PM,124,69,55
09/07/2015 07:00:00 PM,99,59,40
09/07/2015 08:00:00 PM,54,32,22
09/07/2015 09:00:00 PM,56,23,33
09/07/2015 10:00:00 PM,37,14,23
09/07/2015 11:00:00 PM,13,6,7
09/08/2015 12:00:00 AM,12,2,10
09/08/2015 01:00:00 AM,5,3,2
09/08/2015 02:00:00 AM,4,1,3
09/08/2015 03:00:00 AM,6,4,2
09/08/2015 04:00:00 AM,8,4,4
09/08/2015 05:00:00 AM,44,29,15
09/08/2015 06:00:00 AM,168,113,55
09/08/2015 07:00:00 AM,410,271,139
09/08/2015 08:00:00 AM,482,304,178
09/08/2015 09:00:00 AM,232,144,88
09/08/2015 10:00:00 AM,94,48,46
09/08/2015 11:00:00 AM,76,35,41
09/08/2015 12:00:00 PM,77,49,28
09/08/2015 01:00:00 PM,77,44,33
09/08/2015 02:00:00 PM,110,52,58
09/08/2015 03:00:00 PM,144,68,76
09/08/2015 04:00:00 PM,283,105,178
09/08/2015 05:00:00 PM,602,151,451
09/08/2015 06:00:00 PM,446,144,302
09/08/2015 07:00:00 PM,187,75,112
09/08/2015 08:00:00 PM,89,39,50
09/08/2015 09:00:00 PM,58,29,29
09/08/2015 10:00:00 PM,31,11,20
09/08/2015 11:00:00 PM,20,8,12
09/09/2015 12:00:00 AM,9,4,5
09/09/2015 01:00:00 AM,6,2,4
09/09/2015 02:00:00 AM,5,1,4
09/09/2015 03:00:00 AM,2,2,0
09/09/2015 04:00:00 AM,13,7,6
09/09/2015 05:00:00 AM,42,26,16
09/09/2015 06:00:00 AM,175,119,56
09/09/2015 07:00:00 AM,453,313,140
09/09/2015 08:00:00 AM,564,376,188
09/09/2015 09:00:00 AM,284,160,124
09/09/2015 10:00:00 AM,109,61,48
09/09/2015 11:00:00 AM,100,56,44
09/09/2015 12:00:00 PM,110,50,60
09/09/2015 01:00:00 PM,91,41,50
09/09/2015 02:00:00 PM,96,44,52
09/09/2015 03:00:00 PM,169,72,97
09/09/2015 04:00:00 PM,330,120,210
09/09/2015 05:00:00 PM,719,218,501
09/09/2015 06:00:00 PM,494,178,316
09/09/2015 07:00:00 PM,258,100,158
09/09/2015 08:00:00 PM,102,41,61
09/09/2015 09:00:00 PM,89,37,52
09/09/2015 10:00:00 PM,62,28,34
09/09/2015 11:00:00 PM,31,14,17
09/10/2015 12:00:00 AM,14,6,8
09/10/2015 01:00:00 AM,6,5,1
09/10/2015 02:00:00 AM,3,1,2
09/10/2015 03:00:00 AM,6,4,2
09/10/2015 04:00:00 AM,7,5,2
09/10/2015 05:00:00 AM,33,21,12
09/10/2015 06:00:00 AM,177,123,54
09/10/2015 07:00:00 AM,413,280,133
09/10/2015 08:00:00 AM,539,348,191
09/10/2015 09:00:00 AM,255,146,109
09/10/2015 10:00:00 AM,113,69,44
09/10/2015 11:00:00 AM,99,46,53
09/10/2015 12:00:00 PM,105,51,54
09/10/2015 01:00:00 PM,109,59,50
09/10/2015 02:00:00 PM,117,53,64
09/10/2015 03:00:00 PM,154,78,76
09/10/2015 04:00:00 PM,330,121,209
09/10/2015 05:00:00 PM,618,191,427
09/10/2015 06:00:00 PM,428,151,277
09/10/2015 07:00:00 PM,240,91,149
09/10/2015 08:00:00 PM,107,44,63
09/10/2015 09:00:00 PM,90,41,49
09/10/2015 10:00:00 PM,39,19,20
09/10/2015 11:00:00 PM,28,8,20
09/11/2015 12:00:00 AM,13,8,5
09/11/2015 01:00:00 AM,3,1,2
09/11/2015 02:00:00 AM,4,0,4
09/11/2015 03:00:00 AM,4,3,1
09/11/2015 04:00:00 AM,5,3,2
09/11/2015 05:00:00 AM,38,27,11
09/11/2015 06:00:00 AM,118,79,39
09/11/2015 07:00:00 AM,379,262,117
09/11/2015 08:00:00 AM,496,347,149
09/11/2015 09:00:00 AM,286,168,118
09/11/2015 10:00:00 AM,123,72,51
09/11/2015 11:00:00 AM,113,52,61
09/11/2015 12:00:00 PM,90,43,47
09/11/2015 01:00:00 PM,90,47,43
09/11/2015 02:00:00 PM,132,58,74
09/11/2015 03:00:00 PM,161,74,87
09/11/2015 04:00:00 PM,351,128,223
09/11/2015 05:00:00 PM,590,186,404
09/11/2015 06:00:00 PM,360,134,226
09/11/2015 07:00:00 PM,170,68,102
09/11/2015 08:00:00 PM,101,48,53
09/11/2015 09:00:00 PM,54,23,31
09/11/2015 10:00:00 PM,36,15,21
09/11/2015 11:00:00 PM,44,17,27
09/12/2015 12:00:00 AM,18,7,11
09/12/2015 01:00:00 AM,8,3,5
09/12/2015 02:00:00 AM,10,5,5
09/12/2015 03:00:00 AM,5,2,3
09/12/2015 04:00:00 AM,6,3,3
09/12/2015 05:00:00 AM,13,6,7
09/12/2015 06:00:00 AM,13,5,8
09/12/2015 07:00:00 AM,61,28,33
09/12/2015 08:00:00 AM,88,37,51
09/12/2015 09:00:00 AM,137,73,64
09/12/2015 10:00:00 AM,117,71,46
09/12/2015 11:00:00 AM,176,99,77
09/12/2015 12:00:00 PM,188,102,86
09/12/2015 01:00:00 PM,187,120,67
09/12/2015 02:00:00 PM,230,131,99
09/12/2015 03:00:00 PM,205,117,88
09/12/2015 04:00:00 PM,155,73,82
09/12/2015 05:00:00 PM,183,84,99
09/12/2015 06:00:00 PM,139,83,56
09/12/2015 07:00:00 PM,95,61,34
09/12/2015 08:00:00 PM,62,30,32
09/12/2015 09:00:00 PM,52,22,30
09/12/2015 10:00:00 PM,26,11,15
09/12/2015 11:00:00 PM,17,5,12
09/13/2015 12:00:00 AM,17,8,9
09/13/2015 01:00:00 AM,6,2,4
09/13/2015 02:00:00 AM,13,3,10
09/13/2015 03:00:00 AM,3,2,1
09/13/2015 04:00:00 AM,2,2,0
09/13/2015 05:00:00 AM,7,4,3
09/13/2015 06:00:00 AM,21,13,8
09/13/2015 07:00:00 AM,21,8,13
09/13/2015 08:00:00 AM,56,27,29
09/13/2015 09:00:00 AM,225,41,184
09/13/2015 10:00:00 AM,95,33,62
09/13/2015 11:00:00 AM,52,24,28
09/13/2015 12:00:00 PM,115,92,23
09/13/2015 01:00:00 PM,103,80,23
09/13/2015 02:00:00 PM,113,60,53
09/13/2015 03:00:00 PM,109,63,46
09/13/2015 04:00:00 PM,102,49,53
09/13/2015 05:00:00 PM,82,50,32
09/13/2015 06:00:00 PM,79,43,36
09/13/2015 07:00:00 PM,43,21,22
09/13/2015 08:00:00 PM,28,8,20
09/13/2015 09:00:00 PM,17,6,11
09/13/2015 10:00:00 PM,12,6,6
09/13/2015 11:00:00 PM,6,3,3
09/14/2015 12:00:00 AM,8,6,2
09/14/2015 01:00:00 AM,3,0,3
09/14/2015 02:00:00 AM,3,2,1
09/14/2015 03:00:00 AM,4,2,2
09/14/2015 04:00:00 AM,6,6,0
09/14/2015 05:00:00 AM,30,21,9
09/14/2015 06:00:00 AM,140,102,38
09/14/2015 07:00:00 AM,373,250,123
09/14/2015 08:00:00 AM,471,317,154
09/14/2015 09:00:00 AM,226,141,85
09/14/2015 10:00:00 AM,99,53,46
09/14/2015 11:00:00 AM,53,27,26
09/14/2015 12:00:00 PM,48,25,23
09/14/2015 01:00:00 PM,64,37,27
09/14/2015 02:00:00 PM,86,41,45
09/14/2015 03:00:00 PM,140,54,86
09/14/2015 04:00:00 PM,275,111,164
09/14/2015 05:00:00 PM,578,164,414
09/14/2015 06:00:00 PM,351,122,229
09/14/2015 07:00:00 PM,162,61,101
09/14/2015 08:00:00 PM,81,34,47
09/14/2015 09:00:00 PM,40,19,21
09/14/2015 10:00:00 PM,26,12,14
09/14/2015 11:00:00 PM,17,8,9
09/15/2015 12:00:00 AM,13,4,9
09/15/2015 01:00:00 AM,5,4,1
09/15/2015 02:00:00 AM,3,1,2
09/15/2015 03:00:00 AM,5,2,3
09/15/2015 04:00:00 AM,9,7,2
09/15/2015 05:00:00 AM,39,18,21
09/15/2015 06:00:00 AM,148,100,48
09/15/2015 07:00:00 AM,387,272,115
09/15/2015 08:00:00 AM,511,341,170
09/15/2015 09:00:00 AM,243,144,99
09/15/2015 10:00:00 AM,95,60,35
09/15/2015 11:00:00 AM,87,46,41
09/15/2015 12:00:00 PM,70,37,33
09/15/2015 01:00:00 PM,100,59,41
09/15/2015 02:00:00 PM,106,55,51
09/15/2015 03:00:00 PM,136,55,81
09/15/2015 04:00:00 PM,328,130,198
09/15/2015 05:00:00 PM,575,162,413
09/15/2015 06:00:00 PM,383,130,253
09/15/2015 07:00:00 PM,182,71,111
09/15/2015 08:00:00 PM,89,37,52
09/15/2015 09:00:00 PM,76,33,43
09/15/2015 10:00:00 PM,42,13,29
09/15/2015 11:00:00 PM,25,14,11
09/16/2015 12:00:00 AM,11,6,5
09/16/2015 01:00:00 AM,1,1,0
09/16/2015 02:00:00 AM,3,2,1
09/16/2015 03:00:00 AM,2,2,0
09/16/2015 04:00:00 AM,8,3,5
09/16/2015 05:00:00 AM,35,22,13
09/16/2015 06:00:00 AM,135,92,43
09/16/2015 07:00:00 AM,375,252,123
09/16/2015 08:00:00 AM,522,344,178
09/16/2015 09:00:00 AM,247,155,92
09/16/2015 10:00:00 AM,98,54,44
09/16/2015 11:00:00 AM,100,62,38
09/16/2015 12:00:00 PM,104,50,54
09/16/2015 01:00:00 PM,115,59,56
09/16/2015 02:00:00 PM,106,45,61
09/16/2015 03:00:00 PM,136,59,77
09/16/2015 04:00:00 PM,339,134,205
09/16/2015 05:00:00 PM,583,160,423
09/16/2015 06:00:00 PM,407,133,274
09/16/2015 07:00:00 PM,167,55,112
09/16/2015 08:00:00 PM,117,48,69
09/16/2015 09:00:00 PM,56,23,33
09/16/2015 10:00:00 PM,39,9,30
09/16/2015 11:00:00 PM,25,12,13
09/17/2015 12:00:00 AM,11,4,7
09/17/2015 01:00:00 AM,9,3,6
09/17/2015 02:00:00 AM,2,1,1
09/17/2015 03:00:00 AM,3,3,0
09/17/2015 04:00:00 AM,10,4,6
09/17/2015 05:00:00 AM,34,24,10
09/17/2015 06:00:00 AM,106,71,35
09/17/2015 07:00:00 AM,307,212,95
09/17/2015 08:00:00 AM,369,231,138
09/17/2015 09:00:00 AM,190,116,74
09/17/2015 10:00:00 AM,96,53,43
09/17/2015 11:00:00 AM,41,25,16
09/17/2015 12:00:00 PM,40,22,18
09/17/2015 01:00:00 PM,64,30,34
09/17/2015 02:00:00 PM,59,25,34
09/17/2015 03:00:00 PM,90,34,56
09/17/2015 04:00:00 PM,161,56,105
09/17/2015 05:00:00 PM,398,91,307
09/17/2015 06:00:00 PM,228,69,159
09/17/2015 07:00:00 PM,120,37,83
09/17/2015 08:00:00 PM,47,21,26
09/17/2015 09:00:00 PM,35,16,19
09/17/2015 10:00:00 PM,20,7,13
09/17/2015 11:00:00 PM,13,5,8
09/18/2015 12:00:00 AM,20,8,12
09/18/2015 01:00:00 AM,1,0,1
09/18/2015 02:00:00 AM,2,0,2
09/18/2015 03:00:00 AM,4,4,0
09/18/2015 04:00:00 AM,9,6,3
09/18/2015 05:00:00 AM,34,25,9
09/18/2015 06:00:00 AM,110,78,32
09/18/2015 07:00:00 AM,308,219,89
09/18/2015 08:00:00 AM,370,236,134
09/18/2015 09:00:00 AM,224,133,91
09/18/2015 10:00:00 AM,87,51,36
09/18/2015 11:00:00 AM,82,40,42
09/18/2015 12:00:00 PM,95,49,46
09/18/2015 01:00:00 PM,76,26,50
09/18/2015 02:00:00 PM,115,61,54
09/18/2015 03:00:00 PM,138,60,78
09/18/2015 04:00:00 PM,282,113,169
09/18/2015 05:00:00 PM,500,163,337
09/18/2015 06:00:00 PM,252,79,173
09/18/2015 07:00:00 PM,135,44,91
09/18/2015 08:00:00 PM,45,17,28
09/18/2015 09:00:00 PM,36,14,22
09/18/2015 10:00:00 PM,41,20,21
09/18/2015 11:00:00 PM,34,15,19
09/19/2015 12:00:00 AM,18,5,13
09/19/2015 01:00:00 AM,7,5,2
09/19/2015 02:00:00 AM,18,7,11
09/19/2015 03:00:00 AM,1,0,1
09/19/2015 04:00:00 AM,4,3,1
09/19/2015 05:00:00 AM,14,10,4
09/19/2015 06:00:00 AM,24,14,10
09/19/2015 07:00:00 AM,46,24,22
09/19/2015 08:00:00 AM,66,30,36
09/19/2015 09:00:00 AM,92,52,40
09/19/2015 10:00:00 AM,117,65,52
09/19/2015 11:00:00 AM,134,67,67
09/19/2015 12:00:00 PM,137,62,75
09/19/2015 01:00:00 PM,135,78,57
09/19/2015 02:00:00 PM,146,87,59
09/19/2015 03:00:00 PM,175,89,86
09/19/2015 04:00:00 PM,181,97,84
09/19/2015 05:00:00 PM,156,87,69
09/19/2015 06:00:00 PM,139,71,68
09/19/2015 07:00:00 PM,80,48,32
09/19/2015 08:00:00 PM,48,26,22
09/19/2015 09:00:00 PM,42,22,20
09/19/2015 10:00:00 PM,27,17,10
09/19/2015 11:00:00 PM,27,15,12
09/20/2015 12:00:00 AM,20,12,8
09/20/2015 01:00:00 AM,14,8,6
09/20/2015 02:00:00 AM,10,5,5
09/20/2015 03:00:00 AM,4,3,1
09/20/2015 04:00:00 AM,4,3,1
09/20/2015 05:00:00 AM,6,5,1
09/20/2015 06:00:00 AM,16,11,5
09/20/2015 07:00:00 AM,14,9,5
09/20/2015 08:00:00 AM,50,29,21
09/20/2015 09:00:00 AM,75,44,31
09/20/2015 10:00:00 AM,96,65,31
09/20/2015 11:00:00 AM,113,52,61
09/20/2015 12:00:00 PM,92,44,48
09/20/2015 01:00:00 PM,132,63,69
09/20/2015 02:00:00 PM,145,84,61
09/20/2015 03:00:00 PM,131,71,60
09/20/2015 04:00:00 PM,112,63,49
09/20/2015 05:00:00 PM,96,49,47
09/20/2015 06:00:00 PM,72,38,34
09/20/2015 07:00:00 PM,38,22,16
09/20/2015 08:00:00 PM,19,9,10
09/20/2015 09:00:00 PM,17,9,8
09/20/2015 10:00:00 PM,16,8,8
09/20/2015 11:00:00 PM,11,6,5
09/21/2015 12:00:00 AM,3,1,2
09/21/2015 01:00:00 AM,3,1,2
09/21/2015 02:00:00 AM,0,0,0
09/21/2015 03:00:00 AM,4,4,0
09/21/2015 04:00:00 AM,9,6,3
09/21/2015 05:00:00 AM,45,28,17
09/21/2015 06:00:00 AM,137,92,45
09/21/2015 07:00:00 AM,387,260,127
09/21/2015 08:00:00 AM,533,338,195
09/21/2015 09:00:00 AM,248,159,89
09/21/2015 10:00:00 AM,92,56,36
09/21/2015 11:00:00 AM,91,54,37
09/21/2015 12:00:00 PM,104,54,50
09/21/2015 01:00:00 PM,96,39,57
09/21/2015 02:00:00 PM,113,52,61
09/21/2015 03:00:00 PM,166,67,99
09/21/2015 04:00:00 PM,309,113,196
09/21/2015 05:00:00 PM,655,190,465
09/21/2015 06:00:00 PM,447,161,286
09/21/2015 07:00:00 PM,170,59,111
09/21/2015 08:00:00 PM,90,42,48
09/21/2015 09:00:00 PM,51,21,30
09/21/2015 10:00:00 PM,33,18,15
09/21/2015 11:00:00 PM,19,9,10
09/22/2015 12:00:00 AM,10,7,3
09/22/2015 01:00:00 AM,9,2,7
09/22/2015 02:00:00 AM,2,1,1
09/22/2015 03:00:00 AM,8,5,3
09/22/2015 04:00:00 AM,6,2,4
09/22/2015 05:00:00 AM,51,27,24
09/22/2015 06:00:00 AM,157,97,60
09/22/2015 07:00:00 AM,499,365,134
09/22/2015 08:00:00 AM,630,420,210
09/22/2015 09:00:00 AM,334,210,124
09/22/2015 10:00:00 AM,128,69,59
09/22/2015 11:00:00 AM,88,50,38
09/22/2015 12:00:00 PM,115,71,44
09/22/2015 01:00:00 PM,100,45,55
09/22/2015 02:00:00 PM,141,60,81
09/22/2015 03:00:00 PM,163,67,96
09/22/2015 04:00:00 PM,370,126,244
09/22/2015 05:00:00 PM,780,239,541
09/22/2015 06:00:00 PM,481,154,327
09/22/2015 07:00:00 PM,243,81,162
09/22/2015 08:00:00 PM,107,36,71
09/22/2015 09:00:00 PM,58,24,34
09/22/2015 10:00:00 PM,43,17,26
09/22/2015 11:00:00 PM,28,15,13
09/23/2015 12:00:00 AM,14,7,7
09/23/2015 01:00:00 AM,6,5,1
09/23/2015 02:00:00 AM,3,2,1
09/23/2015 03:00:00 AM,3,3,0
09/23/2015 04:00:00 AM,17,12,5
09/23/2015 05:00:00 AM,40,29,11
09/23/2015 06:00:00 AM,157,97,60
09/23/2015 07:00:00 AM,486,341,145
09/23/2015 08:00:00 AM,625,424,201
09/23/2015 09:00:00 AM,320,210,110
09/23/2015 10:00:00 AM,116,58,58
09/23/2015 11:00:00 AM,94,47,47
09/23/2015 12:00:00 PM,121,69,52
09/23/2015 01:00:00 PM,113,60,53
09/23/2015 02:00:00 PM,143,78,65
09/23/2015 03:00:00 PM,175,83,92
09/23/2015 04:00:00 PM,398,149,249
09/23/2015 05:00:00 PM,781,250,531
09/23/2015 06:00:00 PM,460,154,306
09/23/2015 07:00:00 PM,206,69,137
09/23/2015 08:00:00 PM,109,43,66
09/23/2015 09:00:00 PM,92,34,58
09/23/2015 10:00:00 PM,57,31,26
09/23/2015 11:00:00 PM,26,15,11
09/24/2015 12:00:00 AM,15,10,5
09/24/2015 01:00:00 AM,8,4,4
09/24/2015 02:00:00 AM,3,1,2
09/24/2015 03:00:00 AM,2,2,0
09/24/2015 04:00:00 AM,14,7,7
09/24/2015 05:00:00 AM,39,24,15
09/24/2015 06:00:00 AM,162,115,47
09/24/2015 07:00:00 AM,370,253,117
09/24/2015 08:00:00 AM,566,386,180
09/24/2015 09:00:00 AM,309,203,106
09/24/2015 10:00:00 AM,122,71,51
09/24/2015 11:00:00 AM,94,54,40
09/24/2015 12:00:00 PM,126,73,53
09/24/2015 01:00:00 PM,134,69,65
09/24/2015 02:00:00 PM,145,60,85
09/24/2015 03:00:00 PM,169,69,100
09/24/2015 04:00:00 PM,368,134,234
09/24/2015 05:00:00 PM,670,207,463
09/24/2015 06:00:00 PM,528,167,361
09/24/2015 07:00:00 PM,218,76,142
09/24/2015 08:00:00 PM,99,36,63
09/24/2015 09:00:00 PM,76,31,45
09/24/2015 10:00:00 PM,58,24,34
09/24/2015 11:00:00 PM,26,10,16
09/25/2015 12:00:00 AM,18,10,8
09/25/2015 01:00:00 AM,7,2,5
09/25/2015 02:00:00 AM,1,0,1
09/25/2015 03:00:00 AM,3,3,0
09/25/2015 04:00:00 AM,9,5,4
09/25/2015 05:00:00 AM,39,26,13
09/25/2015 06:00:00 AM,108,80,28
09/25/2015 07:00:00 AM,287,204,83
09/25/2015 08:00:00 AM,348,236,112
09/25/2015 09:00:00 AM,208,119,89
09/25/2015 10:00:00 AM,80,45,35
09/25/2015 11:00:00 AM,61,28,33
09/25/2015 12:00:00 PM,70,35,35
09/25/2015 01:00:00 PM,64,29,35
09/25/2015 02:00:00 PM,94,38,56
09/25/2015 03:00:00 PM,119,46,73
09/25/2015 04:00:00 PM,212,72,140
09/25/2015 05:00:00 PM,432,127,305
09/25/2015 06:00:00 PM,257,84,173
09/25/2015 07:00:00 PM,110,47,63
09/25/2015 08:00:00 PM,61,27,34
09/25/2015 09:00:00 PM,46,23,23
09/25/2015 10:00:00 PM,30,17,13
09/25/2015 11:00:00 PM,20,11,9
09/26/2015 12:00:00 AM,17,8,9
09/26/2015 01:00:00 AM,6,3,3
09/26/2015 02:00:00 AM,9,4,5
09/26/2015 03:00:00 AM,4,1,3
09/26/2015 04:00:00 AM,5,1,4
09/26/2015 05:00:00 AM,12,6,6
09/26/2015 06:00:00 AM,16,9,7
09/26/2015 07:00:00 AM,46,20,26
09/26/2015 08:00:00 AM,70,37,33
09/26/2015 09:00:00 AM,107,59,48
09/26/2015 10:00:00 AM,129,68,61
09/26/2015 11:00:00 AM,145,75,70
09/26/2015 12:00:00 PM,168,101,67
09/26/2015 01:00:00 PM,125,54,71
09/26/2015 02:00:00 PM,152,63,89
09/26/2015 03:00:00 PM,165,95,70
09/26/2015 04:00:00 PM,127,77,50
09/26/2015 05:00:00 PM,145,65,80
09/26/2015 06:00:00 PM,136,70,66
09/26/2015 07:00:00 PM,79,41,38
09/26/2015 08:00:00 PM,35,12,23
09/26/2015 09:00:00 PM,33,14,19
09/26/2015 10:00:00 PM,18,8,10
09/26/2015 11:00:00 PM,19,8,11
09/27/2015 12:00:00 AM,8,4,4
09/27/2015 01:00:00 AM,12,4,8
09/27/2015 02:00:00 AM,3,2,1
09/27/2015 03:00:00 AM,6,4,2
09/27/2015 04:00:00 AM,7,3,4
09/27/2015 05:00:00 AM,14,11,3
09/27/2015 06:00:00 AM,24,12,12
09/27/2015 07:00:00 AM,33,21,12
09/27/2015 08:00:00 AM,67,36,31
09/27/2015 09:00:00 AM,81,51,30
09/27/2015 10:00:00 AM,87,50,37
09/27/2015 11:00:00 AM,133,76,57
09/27/2015 12:00:00 PM,138,88,50
09/27/2015 01:00:00 PM,177,90,87
09/27/2015 02:00:00 PM,161,78,83
09/27/2015 03:00:00 PM,133,76,57
09/27/2015 04:00:00 PM,128,79,49
09/27/2015 05:00:00 PM,137,83,54
09/27/2015 06:00:00 PM,93,54,39
09/27/2015 07:00:00 PM,46,29,17
09/27/2015 08:00:00 PM,28,16,12
09/27/2015 09:00:00 PM,22,16,6
09/27/2015 10:00:00 PM,14,6,8
09/27/2015 11:00:00 PM,19,6,13
09/28/2015 12:00:00 AM,6,2,4
09/28/2015 01:00:00 AM,4,1,3
09/28/2015 02:00:00 AM,1,1,0
09/28/2015 03:00:00 AM,3,2,1
09/28/2015 04:00:00 AM,12,9,3
09/28/2015 05:00:00 AM,39,24,15
09/28/2015 06:00:00 AM,134,97,37
09/28/2015 07:00:00 AM,414,290,124
09/28/2015 08:00:00 AM,535,373,162
09/28/2015 09:00:00 AM,284,177,107
09/28/2015 10:00:00 AM,101,62,39
09/28/2015 11:00:00 AM,76,37,39
09/28/2015 12:00:00 PM,76,49,27
09/28/2015 01:00:00 PM,109,52,57
09/28/2015 02:00:00 PM,109,57,52
09/28/2015 03:00:00 PM,144,66,78
09/28/2015 04:00:00 PM,305,129,176
09/28/2015 05:00:00 PM,681,191,490
09/28/2015 06:00:00 PM,480,152,328
09/28/2015 07:00:00 PM,150,52,98
09/28/2015 08:00:00 PM,104,41,63
09/28/2015 09:00:00 PM,47,21,26
09/28/2015 10:00:00 PM,28,13,15
09/28/2015 11:00:00 PM,20,9,11
09/29/2015 12:00:00 AM,16,7,9
09/29/2015 01:00:00 AM,4,3,1
09/29/2015 02:00:00 AM,6,1,5
09/29/2015 03:00:00 AM,1,1,0
09/29/2015 04:00:00 AM,12,8,4
09/29/2015 05:00:00 AM,45,24,21
09/29/2015 06:00:00 AM,158,117,41
09/29/2015 07:00:00 AM,447,319,128
09/29/2015 08:00:00 AM,617,426,191
09/29/2015 09:00:00 AM,295,178,117
09/29/2015 10:00:00 AM,116,67,49
09/29/2015 11:00:00 AM,93,45,48
09/29/2015 12:00:00 PM,113,56,57
09/29/2015 01:00:00 PM,121,58,63
09/29/2015 02:00:00 PM,147,67,80
09/29/2015 03:00:00 PM,157,70,87
09/29/2015 04:00:00 PM,382,149,233
09/29/2015 05:00:00 PM,688,171,517
09/29/2015 06:00:00 PM,501,158,343
09/29/2015 07:00:00 PM,190,84,106
09/29/2015 08:00:00 PM,92,30,62
09/29/2015 09:00:00 PM,73,37,36
09/29/2015 10:00:00 PM,44,13,31
09/29/2015 11:00:00 PM,18,8,10
09/30/2015 12:00:00 AM,14,9,5
09/30/2015 01:00:00 AM,9,7,2
09/30/2015 02:00:00 AM,6,4,2
09/30/2015 03:00:00 AM,4,3,1
09/30/2015 04:00:00 AM,12,7,5
09/30/2015 05:00:00 AM,45,30,15
09/30/2015 06:00:00 AM,149,92,57
09/30/2015 07:00:00 AM,417,291,126
09/30/2015 08:00:00 AM,604,402,202
09/30/2015 09:00:00 AM,267,167,100
09/30/2015 10:00:00 AM,111,65,46
09/30/2015 11:00:00 AM,63,36,27
09/30/2015 12:00:00 PM,98,48,50
09/30/2015 01:00:00 PM,96,51,45
09/30/2015 02:00:00 PM,103,48,55
09/30/2015 03:00:00 PM,150,66,84
09/30/2015 04:00:00 PM,363,144,219
09/30/2015 05:00:00 PM,665,189,476
09/30/2015 06:00:00 PM,409,139,270
09/30/2015 07:00:00 PM,216,84,132
09/30/2015 08:00:00 PM,102,42,60
09/30/2015 09:00:00 PM,85,34,51
09/30/2015 10:00:00 PM,44,21,23
09/30/2015 11:00:00 PM,23,13,10
10/01/2015 12:00:00 AM,15,7,8
10/01/2015 01:00:00 AM,3,2,1
10/01/2015 02:00:00 AM,4,3,1
10/01/2015 03:00:00 AM,2,1,1
10/01/2015 04:00:00 AM,10,5,5
10/01/2015 05:00:00 AM,42,26,16
10/01/2015 06:00:00 AM,142,100,42
10/01/2015 07:00:00 AM,378,255,123
10/01/2015 08:00:00 AM,538,378,160
10/01/2015 09:00:00 AM,297,187,110
10/01/2015 10:00:00 AM,136,72,64
10/01/2015 11:00:00 AM,102,53,49
10/01/2015 12:00:00 PM,107,56,51
10/01/2015 01:00:00 PM,110,55,55
10/01/2015 02:00:00 PM,129,63,66
10/01/2015 03:00:00 PM,176,73,103
10/01/2015 04:00:00 PM,345,158,187
10/01/2015 05:00:00 PM,680,201,479
10/01/2015 06:00:00 PM,438,140,298
10/01/2015 07:00:00 PM,196,69,127
10/01/2015 08:00:00 PM,99,43,56
10/01/2015 09:00:00 PM,74,41,33
10/01/2015 10:00:00 PM,43,13,30
10/01/2015 11:00:00 PM,35,21,14
10/02/2015 12:00:00 AM,13,7,6
10/02/2015 01:00:00 AM,9,4,5
10/02/2015 02:00:00 AM,2,1,1
10/02/2015 03:00:00 AM,2,0,2
10/02/2015 04:00:00 AM,10,6,4
10/02/2015 05:00:00 AM,29,18,11
10/02/2015 06:00:00 AM,92,61,31
10/02/2015 07:00:00 AM,300,201,99
10/02/2015 08:00:00 AM,414,272,142
10/02/2015 09:00:00 AM,240,153,87
10/02/2015 10:00:00 AM,97,54,43
10/02/2015 11:00:00 AM,85,52,33
10/02/2015 12:00:00 PM,82,37,45
10/02/2015 01:00:00 PM,97,54,43
10/02/2015 02:00:00 PM,91,48,43
10/02/2015 03:00:00 PM,152,50,102
10/02/2015 04:00:00 PM,255,73,182
10/02/2015 05:00:00 PM,486,149,337
10/02/2015 06:00:00 PM,276,125,151
10/02/2015 07:00:00 PM,125,46,79
10/02/2015 08:00:00 PM,56,25,31
10/02/2015 09:00:00 PM,32,12,20
10/02/2015 10:00:00 PM,40,13,27
10/02/2015 11:00:00 PM,32,16,16
10/03/2015 12:00:00 AM,25,10,15
10/03/2015 01:00:00 AM,14,5,9
10/03/2015 02:00:00 AM,5,3,2
10/03/2015 03:00:00 AM,5,3,2
10/03/2015 04:00:00 AM,5,0,5
10/03/2015 05:00:00 AM,9,5,4
10/03/2015 06:00:00 AM,20,11,9
10/03/2015 07:00:00 AM,37,23,14
10/03/2015 08:00:00 AM,56,29,27
10/03/2015 09:00:00 AM,78,43,35
10/03/2015 10:00:00 AM,90,48,42
10/03/2015 11:00:00 AM,132,71,61
10/03/2015 12:00:00 PM,147,81,66
10/03/2015 01:00:00 PM,162,81,81
10/03/2015 02:00:00 PM,158,80,78
10/03/2015 03:00:00 PM,190,96,94
10/03/2015 04:00:00 PM,145,83,62
10/03/2015 05:00:00 PM,125,62,63
10/03/2015 06:00:00 PM,145,81,64
10/03/2015 07:00:00 PM,77,46,31
10/03/2015 08:00:00 PM,39,15,24
10/03/2015 09:00:00 PM,23,10,13
10/03/2015 10:00:00 PM,33,15,18
10/03/2015 11:00:00 PM,19,10,9
10/04/2015 12:00:00 AM,18,7,11
10/04/2015 01:00:00 AM,14,5,9
10/04/2015 02:00:00 AM,7,6,1
10/04/2015 03:00:00 AM,4,2,2
10/04/2015 04:00:00 AM,4,1,3
10/04/2015 05:00:00 AM,6,3,3
10/04/2015 06:00:00 AM,12,7,5
10/04/2015 07:00:00 AM,30,23,7
10/04/2015 08:00:00 AM,76,47,29
10/04/2015 09:00:00 AM,125,68,57
10/04/2015 10:00:00 AM,147,81,66
10/04/2015 11:00:00 AM,154,88,66
10/04/2015 12:00:00 PM,170,101,69
10/04/2015 01:00:00 PM,195,105,90
10/04/2015 02:00:00 PM,198,106,92
10/04/2015 03:00:00 PM,205,111,94
10/04/2015 04:00:00 PM,179,105,74
10/04/2015 05:00:00 PM,170,97,73
10/04/2015 06:00:00 PM,92,56,36
10/04/2015 07:00:00 PM,43,26,17
10/04/2015 08:00:00 PM,29,16,13
10/04/2015 09:00:00 PM,58,22,36
10/04/2015 10:00:00 PM,26,13,13
10/04/2015 11:00:00 PM,13,4,9
10/05/2015 12:00:00 AM,12,7,5
10/05/2015 01:00:00 AM,3,1,2
10/05/2015 02:00:00 AM,2,1,1
10/05/2015 03:00:00 AM,3,2,1
10/05/2015 04:00:00 AM,10,7,3
10/05/2015 05:00:00 AM,38,27,11
10/05/2015 06:00:00 AM,135,89,46
10/05/2015 07:00:00 AM,420,298,122
10/05/2015 08:00:00 AM,588,398,190
10/05/2015 09:00:00 AM,285,167,118
10/05/2015 10:00:00 AM,109,58,51
10/05/2015 11:00:00 AM,103,50,53
10/05/2015 12:00:00 PM,92,44,48
10/05/2015 01:00:00 PM,93,49,44
10/05/2015 02:00:00 PM,120,63,57
10/05/2015 03:00:00 PM,210,89,121
10/05/2015 04:00:00 PM,351,115,236
10/05/2015 05:00:00 PM,714,215,499
10/05/2015 06:00:00 PM,388,133,255
10/05/2015 07:00:00 PM,151,67,84
10/05/2015 08:00:00 PM,107,54,53
10/05/2015 09:00:00 PM,66,31,35
10/05/2015 10:00:00 PM,32,11,21
10/05/2015 11:00:00 PM,21,10,11
10/06/2015 12:00:00 AM,14,7,7
10/06/2015 01:00:00 AM,10,3,7
10/06/2015 02:00:00 AM,2,1,1
10/06/2015 03:00:00 AM,4,4,0
10/06/2015 04:00:00 AM,10,4,6
10/06/2015 05:00:00 AM,50,34,16
10/06/2015 06:00:00 AM,141,94,47
10/06/2015 07:00:00 AM,457,305,152
10/06/2015 08:00:00 AM,572,385,187
10/06/2015 09:00:00 AM,269,165,104
10/06/2015 10:00:00 AM,125,67,58
10/06/2015 11:00:00 AM,88,56,32
10/06/2015 12:00:00 PM,90,49,41
10/06/2015 01:00:00 PM,85,42,43
10/06/2015 02:00:00 PM,99,40,59
10/06/2015 03:00:00 PM,141,68,73
10/06/2015 04:00:00 PM,340,122,218
10/06/2015 05:00:00 PM,612,168,444
10/06/2015 06:00:00 PM,415,148,267
10/06/2015 07:00:00 PM,159,60,99
10/06/2015 08:00:00 PM,86,36,50
10/06/2015 09:00:00 PM,61,23,38
10/06/2015 10:00:00 PM,33,11,22
10/06/2015 11:00:00 PM,22,10,12
10/07/2015 12:00:00 AM,11,7,4
10/07/2015 01:00:00 AM,3,1,2
10/07/2015 02:00:00 AM,4,3,1
10/07/2015 03:00:00 AM,5,4,1
10/07/2015 04:00:00 AM,7,2,5
10/07/2015 05:00:00 AM,34,21,13
10/07/2015 06:00:00 AM,106,65,41
10/07/2015 07:00:00 AM,267,196,71
10/07/2015 08:00:00 AM,356,235,121
10/07/2015 09:00:00 AM,177,121,56
10/07/2015 10:00:00 AM,57,36,21
10/07/2015 11:00:00 AM,37,20,17
10/07/2015 12:00:00 PM,33,16,17
10/07/2015 01:00:00 PM,47,23,24
10/07/2015 02:00:00 PM,56,22,34
10/07/2015 03:00:00 PM,78,26,52
10/07/2015 04:00:00 PM,166,50,116
10/07/2015 05:00:00 PM,409,107,302
10/07/2015 06:00:00 PM,253,84,169
10/07/2015 07:00:00 PM,107,38,69
10/07/2015 08:00:00 PM,69,27,42
10/07/2015 09:00:00 PM,31,10,21
10/07/2015 10:00:00 PM,30,8,22
10/07/2015 11:00:00 PM,16,9,7
10/08/2015 12:00:00 AM,14,10,4
10/08/2015 01:00:00 AM,5,3,2
10/08/2015 02:00:00 AM,5,2,3
10/08/2015 03:00:00 AM,4,2,2
10/08/2015 04:00:00 AM,12,7,5
10/08/2015 05:00:00 AM,38,23,15
10/08/2015 06:00:00 AM,130,87,43
10/08/2015 07:00:00 AM,364,264,100
10/08/2015 08:00:00 AM,507,327,180
10/08/2015 09:00:00 AM,268,168,100
10/08/2015 10:00:00 AM,112,58,54
10/08/2015 11:00:00 AM,93,47,46
10/08/2015 12:00:00 PM,88,34,54
10/08/2015 01:00:00 PM,79,42,37
10/08/2015 02:00:00 PM,99,44,55
10/08/2015 03:00:00 PM,167,80,87
10/08/2015 04:00:00 PM,264,98,166
10/08/2015 05:00:00 PM,577,185,392
10/08/2015 06:00:00 PM,395,148,247
10/08/2015 07:00:00 PM,144,53,91
10/08/2015 08:00:00 PM,98,42,56
10/08/2015 09:00:00 PM,63,23,40
10/08/2015 10:00:00 PM,31,6,25
10/08/2015 11:00:00 PM,31,16,15
10/09/2015 12:00:00 AM,24,7,17
10/09/2015 01:00:00 AM,11,3,8
10/09/2015 02:00:00 AM,4,0,4
10/09/2015 03:00:00 AM,5,0,5
10/09/2015 04:00:00 AM,4,1,3
10/09/2015 05:00:00 AM,38,23,15
10/09/2015 06:00:00 AM,110,78,32
10/09/2015 07:00:00 AM,299,201,98
10/09/2015 08:00:00 AM,427,297,130
10/09/2015 09:00:00 AM,221,138,83
10/09/2015 10:00:00 AM,106,60,46
10/09/2015 11:00:00 AM,80,40,40
10/09/2015 12:00:00 PM,80,43,37
10/09/2015 01:00:00 PM,93,43,50
10/09/2015 02:00:00 PM,94,39,55
10/09/2015 03:00:00 PM,162,63,99
10/09/2015 04:00:00 PM,265,97,168
10/09/2015 05:00:00 PM,529,157,372
10/09/2015 06:00:00 PM,275,90,185
10/09/2015 07:00:00 PM,118,51,67
10/09/2015 08:00:00 PM,60,22,38
10/09/2015 09:00:00 PM,46,26,20
10/09/2015 10:00:00 PM,35,13,22
10/09/2015 11:00:00 PM,33,11,22
10/10/2015 12:00:00 AM,20,10,10
10/10/2015 01:00:00 AM,15,7,8
10/10/2015 02:00:00 AM,7,1,6
10/10/2015 03:00:00 AM,5,3,2
10/10/2015 04:00:00 AM,3,1,2
10/10/2015 05:00:00 AM,11,5,6
10/10/2015 06:00:00 AM,11,6,5
10/10/2015 07:00:00 AM,13,11,2
10/10/2015 08:00:00 AM,37,21,16
10/10/2015 09:00:00 AM,39,27,12
10/10/2015 10:00:00 AM,30,15,15
10/10/2015 11:00:00 AM,24,16,8
10/10/2015 12:00:00 PM,27,13,14
10/10/2015 01:00:00 PM,32,22,10
10/10/2015 02:00:00 PM,23,13,10
10/10/2015 03:00:00 PM,35,18,17
10/10/2015 04:00:00 PM,39,19,20
10/10/2015 05:00:00 PM,42,21,21
10/10/2015 06:00:00 PM,33,18,15
10/10/2015 07:00:00 PM,17,11,6
10/10/2015 08:00:00 PM,12,6,6
10/10/2015 09:00:00 PM,25,18,7
10/10/2015 10:00:00 PM,14,5,9
10/10/2015 11:00:00 PM,25,14,11
10/11/2015 12:00:00 AM,15,12,3
10/11/2015 01:00:00 AM,8,1,7
10/11/2015 02:00:00 AM,1,1,0
10/11/2015 03:00:00 AM,1,0,1
10/11/2015 04:00:00 AM,4,2,2
10/11/2015 05:00:00 AM,6,4,2
10/11/2015 06:00:00 AM,15,12,3
10/11/2015 07:00:00 AM,20,14,6
10/11/2015 08:00:00 AM,38,17,21
10/11/2015 09:00:00 AM,71,36,35
10/11/2015 10:00:00 AM,64,37,27
10/11/2015 11:00:00 AM,125,57,68
10/11/2015 12:00:00 PM,118,58,60
10/11/2015 01:00:00 PM,130,57,73
10/11/2015 02:00:00 PM,183,107,76
10/11/2015 03:00:00 PM,186,102,84
10/11/2015 04:00:00 PM,130,79,51
10/11/2015 05:00:00 PM,114,64,50
10/11/2015 06:00:00 PM,87,54,33
10/11/2015 07:00:00 PM,46,27,19
10/11/2015 08:00:00 PM,32,17,15
10/11/2015 09:00:00 PM,16,11,5
10/11/2015 10:00:00 PM,22,10,12
10/11/2015 11:00:00 PM,16,6,10
10/12/2015 12:00:00 AM,9,5,4
10/12/2015 01:00:00 AM,6,4,2
10/12/2015 02:00:00 AM,4,3,1
10/12/2015 03:00:00 AM,3,3,0
10/12/2015 04:00:00 AM,6,2,4
10/12/2015 05:00:00 AM,43,27,16
10/12/2015 06:00:00 AM,140,90,50
10/12/2015 07:00:00 AM,377,258,119
10/12/2015 08:00:00 AM,504,344,160
10/12/2015 09:00:00 AM,269,166,103
10/12/2015 10:00:00 AM,113,64,49
10/12/2015 11:00:00 AM,74,38,36
10/12/2015 12:00:00 PM,61,32,29
10/12/2015 01:00:00 PM,89,49,40
10/12/2015 02:00:00 PM,99,50,49
10/12/2015 03:00:00 PM,142,57,85
10/12/2015 04:00:00 PM,249,90,159
10/12/2015 05:00:00 PM,581,153,428
10/12/2015 06:00:00 PM,391,124,267
10/12/2015 07:00:00 PM,125,53,72
10/12/2015 08:00:00 PM,64,26,38
10/12/2015 09:00:00 PM,36,14,22
10/12/2015 10:00:00 PM,18,8,10
10/12/2015 11:00:00 PM,15,4,11
10/13/2015 12:00:00 AM,9,4,5
10/13/2015 01:00:00 AM,3,2,1
10/13/2015 02:00:00 AM,3,2,1
10/13/2015 03:00:00 AM,3,2,1
10/13/2015 04:00:00 AM,5,4,1
10/13/2015 05:00:00 AM,42,23,19
10/13/2015 06:00:00 AM,129,86,43
10/13/2015 07:00:00 AM,363,256,107
10/13/2015 08:00:00 AM,522,356,166
10/13/2015 09:00:00 AM,229,141,88
10/13/2015 10:00:00 AM,94,56,38
10/13/2015 11:00:00 AM,61,32,29
10/13/2015 12:00:00 PM,74,37,37
10/13/2015 01:00:00 PM,75,41,34
10/13/2015 02:00:00 PM,101,52,49
10/13/2015 03:00:00 PM,147,68,79
10/13/2015 04:00:00 PM,308,119,189
10/13/2015 05:00:00 PM,569,159,410
10/13/2015 06:00:00 PM,375,142,233
10/13/2015 07:00:00 PM,154,55,99
10/13/2015 08:00:00 PM,85,35,50
10/13/2015 09:00:00 PM,56,28,28
10/13/2015 10:00:00 PM,39,15,24
10/13/2015 11:00:00 PM,14,6,8
10/14/2015 12:00:00 AM,13,10,3
10/14/2015 01:00:00 AM,5,5,0
10/14/2015 02:00:00 AM,3,2,1
10/14/2015 03:00:00 AM,5,5,0
10/14/2015 04:00:00 AM,14,8,6
10/14/2015 05:00:00 AM,48,31,17
10/14/2015 06:00:00 AM,145,96,49
10/14/2015 07:00:00 AM,397,280,117
10/14/2015 08:00:00 AM,496,345,151
10/14/2015 09:00:00 AM,244,152,92
10/14/2015 10:00:00 AM,111,56,55
10/14/2015 11:00:00 AM,82,36,46
10/14/2015 12:00:00 PM,71,39,32
10/14/2015 01:00:00 PM,71,32,39
10/14/2015 02:00:00 PM,91,39,52
10/14/2015 03:00:00 PM,150,68,82
10/14/2015 04:00:00 PM,294,117,177
10/14/2015 05:00:00 PM,634,189,445
10/14/2015 06:00:00 PM,394,124,270
10/14/2015 07:00:00 PM,138,45,93
10/14/2015 08:00:00 PM,88,38,50
10/14/2015 09:00:00 PM,52,21,31
10/14/2015 10:00:00 PM,44,22,22
10/14/2015 11:00:00 PM,16,8,8
10/15/2015 12:00:00 AM,15,9,6
10/15/2015 01:00:00 AM,5,3,2
10/15/2015 02:00:00 AM,1,1,0
10/15/2015 03:00:00 AM,9,8,1
10/15/2015 04:00:00 AM,11,4,7
10/15/2015 05:00:00 AM,40,27,13
10/15/2015 06:00:00 AM,150,105,45
10/15/2015 07:00:00 AM,356,239,117
10/15/2015 08:00:00 AM,522,352,170
10/15/2015 09:00:00 AM,287,176,111
10/15/2015 10:00:00 AM,131,70,61
10/15/2015 11:00:00 AM,87,44,43
10/15/2015 12:00:00 PM,90,43,47
10/15/2015 01:00:00 PM,100,59,41
10/15/2015 02:00:00 PM,126,59,67
10/15/2015 03:00:00 PM,177,77,100
10/15/2015 04:00:00 PM,313,118,195
10/15/2015 05:00:00 PM,612,169,443
10/15/2015 06:00:00 PM,378,137,241
10/15/2015 07:00:00 PM,144,53,91
10/15/2015 08:00:00 PM,93,36,57
10/15/2015 09:00:00 PM,58,34,24
10/15/2015 10:00:00 PM,39,17,22
10/15/2015 11:00:00 PM,29,12,17
10/16/2015 12:00:00 AM,17,10,7
10/16/2015 01:00:00 AM,2,1,1
10/16/2015 02:00:00 AM,3,2,1
10/16/2015 03:00:00 AM,3,3,0
10/16/2015 04:00:00 AM,6,2,4
10/16/2015 05:00:00 AM,37,25,12
10/16/2015 06:00:00 AM,113,77,36
10/16/2015 07:00:00 AM,303,212,91
10/16/2015 08:00:00 AM,488,349,139
10/16/2015 09:00:00 AM,245,157,88
10/16/2015 10:00:00 AM,124,73,51
10/16/2015 11:00:00 AM,97,48,49
10/16/2015 12:00:00 PM,111,73,38
10/16/2015 01:00:00 PM,113,58,55
10/16/2015 02:00:00 PM,134,63,71
10/16/2015 03:00:00 PM,214,113,101
10/16/2015 04:00:00 PM,326,105,221
10/16/2015 05:00:00 PM,572,184,388
10/16/2015 06:00:00 PM,292,92,200
10/16/2015 07:00:00 PM,107,42,65
10/16/2015 08:00:00 PM,52,20,32
10/16/2015 09:00:00 PM,54,26,28
10/16/2015 10:00:00 PM,29,11,18
10/16/2015 11:00:00 PM,23,10,13
10/17/2015 12:00:00 AM,39,13,26
10/17/2015 01:00:00 AM,10,4,6
10/17/2015 02:00:00 AM,9,4,5
10/17/2015 03:00:00 AM,2,0,2
10/17/2015 04:00:00 AM,4,3,1
10/17/2015 05:00:00 AM,5,3,2
10/17/2015 06:00:00 AM,11,6,5
10/17/2015 07:00:00 AM,49,33,16
10/17/2015 08:00:00 AM,57,27,30
10/17/2015 09:00:00 AM,67,42,25
10/17/2015 10:00:00 AM,85,50,35
10/17/2015 11:00:00 AM,98,60,38
10/17/2015 12:00:00 PM,114,64,50
10/17/2015 01:00:00 PM,135,67,68
10/17/2015 02:00:00 PM,115,66,49
10/17/2015 03:00:00 PM,100,46,54
10/17/2015 04:00:00 PM,134,78,56
10/17/2015 05:00:00 PM,86,45,41
10/17/2015 06:00:00 PM,67,34,33
10/17/2015 07:00:00 PM,28,14,14
10/17/2015 08:00:00 PM,27,9,18
10/17/2015 09:00:00 PM,21,6,15
10/17/2015 10:00:00 PM,42,22,20
10/17/2015 11:00:00 PM,40,21,19
10/18/2015 12:00:00 AM,21,10,11
10/18/2015 01:00:00 AM,9,4,5
10/18/2015 02:00:00 AM,6,2,4
10/18/2015 03:00:00 AM,5,4,1
10/18/2015 04:00:00 AM,4,1,3
10/18/2015 05:00:00 AM,6,3,3
10/18/2015 06:00:00 AM,11,4,7
10/18/2015 07:00:00 AM,22,15,7
10/18/2015 08:00:00 AM,23,10,13
10/18/2015 09:00:00 AM,52,27,25
10/18/2015 10:00:00 AM,62,32,30
10/18/2015 11:00:00 AM,73,32,41
10/18/2015 12:00:00 PM,80,50,30
10/18/2015 01:00:00 PM,57,28,29
10/18/2015 02:00:00 PM,66,31,35
10/18/2015 03:00:00 PM,55,28,27
10/18/2015 04:00:00 PM,64,35,29
10/18/2015 05:00:00 PM,70,35,35
10/18/2015 06:00:00 PM,45,27,18
10/18/2015 07:00:00 PM,34,19,15
10/18/2015 08:00:00 PM,20,9,11
10/18/2015 09:00:00 PM,17,10,7
10/18/2015 10:00:00 PM,23,12,11
10/18/2015 11:00:00 PM,12,3,9
10/19/2015 12:00:00 AM,7,1,6
10/19/2015 01:00:00 AM,5,2,3
10/19/2015 02:00:00 AM,3,3,0
10/19/2015 03:00:00 AM,4,3,1
10/19/2015 04:00:00 AM,6,4,2
10/19/2015 05:00:00 AM,39,26,13
10/19/2015 06:00:00 AM,106,73,33
10/19/2015 07:00:00 AM,325,226,99
10/19/2015 08:00:00 AM,451,297,154
10/19/2015 09:00:00 AM,228,143,85
10/19/2015 10:00:00 AM,86,51,35
10/19/2015 11:00:00 AM,72,43,29
10/19/2015 12:00:00 PM,56,33,23
10/19/2015 01:00:00 PM,74,32,42
10/19/2015 02:00:00 PM,79,42,37
10/19/2015 03:00:00 PM,125,48,77
10/19/2015 04:00:00 PM,222,95,127
10/19/2015 05:00:00 PM,520,129,391
10/19/2015 06:00:00 PM,311,89,222
10/19/2015 07:00:00 PM,131,51,80
10/19/2015 08:00:00 PM,70,33,37
10/19/2015 09:00:00 PM,55,20,35
10/19/2015 10:00:00 PM,25,9,16
10/19/2015 11:00:00 PM,21,10,11
10/20/2015 12:00:00 AM,9,4,5
10/20/2015 01:00:00 AM,7,3,4
10/20/2015 02:00:00 AM,4,2,2
10/20/2015 03:00:00 AM,6,5,1
10/20/2015 04:00:00 AM,4,3,1
10/20/2015 05:00:00 AM,46,25,21
10/20/2015 06:00:00 AM,148,101,47
10/20/2015 07:00:00 AM,427,320,107
10/20/2015 08:00:00 AM,518,370,148
10/20/2015 09:00:00 AM,257,147,110
10/20/2015 10:00:00 AM,107,57,50
10/20/2015 11:00:00 AM,79,35,44
10/20/2015 12:00:00 PM,89,52,37
10/20/2015 01:00:00 PM,80,43,37
10/20/2015 02:00:00 PM,122,60,62
10/20/2015 03:00:00 PM,143,61,82
10/20/2015 04:00:00 PM,299,105,194
10/20/2015 05:00:00 PM,679,208,471
10/20/2015 06:00:00 PM,408,111,297
10/20/2015 07:00:00 PM,159,62,97
10/20/2015 08:00:00 PM,76,33,43
10/20/2015 09:00:00 PM,64,32,32
10/20/2015 10:00:00 PM,36,16,20
10/20/2015 11:00:00 PM,28,16,12
10/21/2015 12:00:00 AM,11,6,5
10/21/2015 01:00:00 AM,2,2,0
10/21/2015 02:00:00 AM,3,1,2
10/21/2015 03:00:00 AM,3,1,2
10/21/2015 04:00:00 AM,8,2,6
10/21/2015 05:00:00 AM,39,26,13
10/21/2015 06:00:00 AM,132,89,43
10/21/2015 07:00:00 AM,381,272,109
10/21/2015 08:00:00 AM,501,341,160
10/21/2015 09:00:00 AM,264,162,102
10/21/2015 10:00:00 AM,101,52,49
10/21/2015 11:00:00 AM,81,42,39
10/21/2015 12:00:00 PM,72,37,35
10/21/2015 01:00:00 PM,111,43,68
10/21/2015 02:00:00 PM,117,52,65
10/21/2015 03:00:00 PM,131,59,72
10/21/2015 04:00:00 PM,275,108,167
10/21/2015 05:00:00 PM,576,154,422
10/21/2015 06:00:00 PM,335,117,218
10/21/2015 07:00:00 PM,136,52,84
10/21/2015 08:00:00 PM,86,41,45
10/21/2015 09:00:00 PM,66,27,39
10/21/2015 10:00:00 PM,38,14,24
10/21/2015 11:00:00 PM,23,11,12
10/22/2015 12:00:00 AM,22,16,6
10/22/2015 01:00:00 AM,5,0,5
10/22/2015 02:00:00 AM,4,3,1
10/22/2015 03:00:00 AM,5,5,0
10/22/2015 04:00:00 AM,12,5,7
10/22/2015 05:00:00 AM,42,24,18
10/22/2015 06:00:00 AM,120,85,35
10/22/2015 07:00:00 AM,396,290,106
10/22/2015 08:00:00 AM,507,349,158
10/22/2015 09:00:00 AM,275,170,105
10/22/2015 10:00:00 AM,110,59,51
10/22/2015 11:00:00 AM,93,54,39
10/22/2015 12:00:00 PM,73,30,43
10/22/2015 01:00:00 PM,112,57,55
10/22/2015 02:00:00 PM,108,40,68
10/22/2015 03:00:00 PM,140,60,80
10/22/2015 04:00:00 PM,317,120,197
10/22/2015 05:00:00 PM,609,172,437
10/22/2015 06:00:00 PM,337,105,232
10/22/2015 07:00:00 PM,123,43,80
10/22/2015 08:00:00 PM,80,25,55
10/22/2015 09:00:00 PM,54,22,32
10/22/2015 10:00:00 PM,39,19,20
10/22/2015 11:00:00 PM,23,13,10
10/23/2015 12:00:00 AM,9,5,4
10/23/2015 01:00:00 AM,7,2,5
10/23/2015 02:00:00 AM,8,7,1
10/23/2015 03:00:00 AM,2,2,0
10/23/2015 04:00:00 AM,5,2,3
10/23/2015 05:00:00 AM,30,18,12
10/23/2015 06:00:00 AM,108,69,39
10/23/2015 07:00:00 AM,321,226,95
10/23/2015 08:00:00 AM,427,293,134
10/23/2015 09:00:00 AM,242,142,100
10/23/2015 10:00:00 AM,96,55,41
10/23/2015 11:00:00 AM,84,47,37
10/23/2015 12:00:00 PM,83,49,34
10/23/2015 01:00:00 PM,81,36,45
10/23/2015 02:00:00 PM,110,53,57
10/23/2015 03:00:00 PM,132,44,88
10/23/2015 04:00:00 PM,293,100,193
10/23/2015 05:00:00 PM,497,144,353
10/23/2015 06:00:00 PM,281,94,187
10/23/2015 07:00:00 PM,116,45,71
10/23/2015 08:00:00 PM,50,24,26
10/23/2015 09:00:00 PM,32,9,23
10/23/2015 10:00:00 PM,34,15,19
10/23/2015 11:00:00 PM,39,16,23
10/24/2015 12:00:00 AM,15,7,8
10/24/2015 01:00:00 AM,14,3,11
10/24/2015 02:00:00 AM,6,3,3
10/24/2015 03:00:00 AM,1,0,1
10/24/2015 04:00:00 AM,6,3,3
10/24/2015 05:00:00 AM,12,7,5
10/24/2015 06:00:00 AM,19,7,12
10/24/2015 07:00:00 AM,33,16,17
10/24/2015 08:00:00 AM,64,29,35
10/24/2015 09:00:00 AM,88,60,28
10/24/2015 10:00:00 AM,81,47,34
10/24/2015 11:00:00 AM,94,59,35
10/24/2015 12:00:00 PM,92,47,45
10/24/2015 01:00:00 PM,73,38,35
10/24/2015 02:00:00 PM,82,45,37
10/24/2015 03:00:00 PM,100,46,54
10/24/2015 04:00:00 PM,125,67,58
10/24/2015 05:00:00 PM,82,47,35
10/24/2015 06:00:00 PM,67,37,30
10/24/2015 07:00:00 PM,37,24,13
10/24/2015 08:00:00 PM,29,13,16
10/24/2015 09:00:00 PM,21,7,14
10/24/2015 10:00:00 PM,25,14,11
10/24/2015 11:00:00 PM,22,6,16
10/25/2015 12:00:00 AM,10,4,6
10/25/2015 01:00:00 AM,9,6,3
10/25/2015 02:00:00 AM,4,1,3
10/25/2015 03:00:00 AM,1,1,0
10/25/2015 04:00:00 AM,3,1,2
10/25/2015 05:00:00 AM,6,2,4
10/25/2015 06:00:00 AM,13,11,2
10/25/2015 07:00:00 AM,18,10,8
10/25/2015 08:00:00 AM,42,24,18
10/25/2015 09:00:00 AM,50,30,20
10/25/2015 10:00:00 AM,61,34,27
10/25/2015 11:00:00 AM,78,36,42
10/25/2015 12:00:00 PM,95,49,46
10/25/2015 01:00:00 PM,96,53,43
10/25/2015 02:00:00 PM,124,66,58
10/25/2015 03:00:00 PM,99,56,43
10/25/2015 04:00:00 PM,55,32,23
10/25/2015 05:00:00 PM,37,19,18
10/25/2015 06:00:00 PM,41,18,23
10/25/2015 07:00:00 PM,27,16,11
10/25/2015 08:00:00 PM,14,12,2
10/25/2015 09:00:00 PM,3,2,1
10/25/2015 10:00:00 PM,10,4,6
10/25/2015 11:00:00 PM,6,2,4
10/26/2015 12:00:00 AM,5,3,2
10/26/2015 01:00:00 AM,2,0,2
10/26/2015 02:00:00 AM,1,1,0
10/26/2015 03:00:00 AM,2,2,0
10/26/2015 04:00:00 AM,3,2,1
10/26/2015 05:00:00 AM,31,17,14
10/26/2015 06:00:00 AM,110,72,38
10/26/2015 07:00:00 AM,261,189,72
10/26/2015 08:00:00 AM,349,242,107
10/26/2015 09:00:00 AM,208,128,80
10/26/2015 10:00:00 AM,49,26,23
10/26/2015 11:00:00 AM,44,25,19
10/26/2015 12:00:00 PM,35,16,19
10/26/2015 01:00:00 PM,43,22,21
10/26/2015 02:00:00 PM,59,28,31
10/26/2015 03:00:00 PM,79,40,39
10/26/2015 04:00:00 PM,188,73,115
10/26/2015 05:00:00 PM,438,125,313
10/26/2015 06:00:00 PM,242,66,176
10/26/2015 07:00:00 PM,91,31,60
10/26/2015 08:00:00 PM,48,16,32
10/26/2015 09:00:00 PM,34,11,23
10/26/2015 10:00:00 PM,25,8,17
10/26/2015 11:00:00 PM,18,10,8
10/27/2015 12:00:00 AM,10,2,8
10/27/2015 01:00:00 AM,2,1,1
10/27/2015 02:00:00 AM,4,2,2
10/27/2015 03:00:00 AM,0,0,0
10/27/2015 04:00:00 AM,8,4,4
10/27/2015 05:00:00 AM,46,26,20
10/27/2015 06:00:00 AM,143,98,45
10/27/2015 07:00:00 AM,395,281,114
10/27/2015 08:00:00 AM,548,351,197
10/27/2015 09:00:00 AM,280,179,101
10/27/2015 10:00:00 AM,97,59,38
10/27/2015 11:00:00 AM,99,57,42
10/27/2015 12:00:00 PM,81,36,45
10/27/2015 01:00:00 PM,106,52,54
10/27/2015 02:00:00 PM,118,61,57
10/27/2015 03:00:00 PM,146,69,77
10/27/2015 04:00:00 PM,313,124,189
10/27/2015 05:00:00 PM,626,168,458
10/27/2015 06:00:00 PM,372,114,258
10/27/2015 07:00:00 PM,155,58,97
10/27/2015 08:00:00 PM,73,29,44
10/27/2015 09:00:00 PM,66,33,33
10/27/2015 10:00:00 PM,39,11,28
10/27/2015 11:00:00 PM,28,11,17
10/28/2015 12:00:00 AM,12,8,4
10/28/2015 01:00:00 AM,5,3,2
10/28/2015 02:00:00 AM,3,1,2
10/28/2015 03:00:00 AM,2,2,0
10/28/2015 04:00:00 AM,7,3,4
10/28/2015 05:00:00 AM,39,24,15
10/28/2015 06:00:00 AM,126,78,48
10/28/2015 07:00:00 AM,291,207,84
10/28/2015 08:00:00 AM,367,250,117
10/28/2015 09:00:00 AM,198,130,68
10/28/2015 10:00:00 AM,72,44,28
10/28/2015 11:00:00 AM,35,17,18
10/28/2015 12:00:00 PM,60,25,35
10/28/2015 01:00:00 PM,47,26,21
10/28/2015 02:00:00 PM,46,23,23
10/28/2015 03:00:00 PM,87,40,47
10/28/2015 04:00:00 PM,193,76,117
10/28/2015 05:00:00 PM,441,132,309
10/28/2015 06:00:00 PM,278,84,194
10/28/2015 07:00:00 PM,110,37,73
10/28/2015 08:00:00 PM,47,14,33
10/28/2015 09:00:00 PM,52,23,29
10/28/2015 10:00:00 PM,43,15,28
10/28/2015 11:00:00 PM,13,7,6
10/29/2015 12:00:00 AM,5,2,3
10/29/2015 01:00:00 AM,6,3,3
10/29/2015 02:00:00 AM,0,0,0
10/29/2015 03:00:00 AM,2,2,0
10/29/2015 04:00:00 AM,6,2,4
10/29/2015 05:00:00 AM,30,17,13
10/29/2015 06:00:00 AM,123,80,43
10/29/2015 07:00:00 AM,336,234,102
10/29/2015 08:00:00 AM,443,298,145
10/29/2015 09:00:00 AM,220,133,87
10/29/2015 10:00:00 AM,98,54,44
10/29/2015 11:00:00 AM,72,38,34
10/29/2015 12:00:00 PM,66,33,33
10/29/2015 01:00:00 PM,73,39,34
10/29/2015 02:00:00 PM,80,31,49
10/29/2015 03:00:00 PM,114,48,66
10/29/2015 04:00:00 PM,252,82,170
10/29/2015 05:00:00 PM,496,155,341
10/29/2015 06:00:00 PM,305,91,214
10/29/2015 07:00:00 PM,119,46,73
10/29/2015 08:00:00 PM,68,29,39
10/29/2015 09:00:00 PM,40,18,22
10/29/2015 10:00:00 PM,30,15,15
10/29/2015 11:00:00 PM,23,6,17
10/30/2015 12:00:00 AM,4,4,0
10/30/2015 01:00:00 AM,6,3,3
10/30/2015 02:00:00 AM,8,4,4
10/30/2015 03:00:00 AM,1,1,0
10/30/2015 04:00:00 AM,6,2,4
10/30/2015 05:00:00 AM,29,15,14
10/30/2015 06:00:00 AM,83,55,28
10/30/2015 07:00:00 AM,193,152,41
10/30/2015 08:00:00 AM,265,185,80
10/30/2015 09:00:00 AM,153,89,64
10/30/2015 10:00:00 AM,78,43,35
10/30/2015 11:00:00 AM,62,28,34
10/30/2015 12:00:00 PM,47,24,23
10/30/2015 01:00:00 PM,65,38,27
10/30/2015 02:00:00 PM,63,40,23
10/30/2015 03:00:00 PM,97,44,53
10/30/2015 04:00:00 PM,174,48,126
10/30/2015 05:00:00 PM,322,102,220
10/30/2015 06:00:00 PM,158,43,115
10/30/2015 07:00:00 PM,63,24,39
10/30/2015 08:00:00 PM,47,18,29
10/30/2015 09:00:00 PM,32,17,15
10/30/2015 10:00:00 PM,21,12,9
10/30/2015 11:00:00 PM,13,8,5
10/31/2015 12:00:00 AM,11,6,5
10/31/2015 01:00:00 AM,6,3,3
10/31/2015 02:00:00 AM,11,9,2
10/31/2015 03:00:00 AM,1,1,0
10/31/2015 04:00:00 AM,1,0,1
10/31/2015 05:00:00 AM,9,6,3
10/31/2015 06:00:00 AM,9,5,4
10/31/2015 07:00:00 AM,12,8,4
10/31/2015 08:00:00 AM,27,14,13
10/31/2015 09:00:00 AM,23,13,10
10/31/2015 10:00:00 AM,32,18,14
10/31/2015 11:00:00 AM,22,12,10
10/31/2015 12:00:00 PM,41,21,20
10/31/2015 01:00:00 PM,35,19,16
10/31/2015 02:00:00 PM,40,18,22
10/31/2015 03:00:00 PM,43,20,23
10/31/2015 04:00:00 PM,42,21,21
10/31/2015 05:00:00 PM,32,16,16
10/31/2015 06:00:00 PM,27,14,13
10/31/2015 07:00:00 PM,19,11,8
10/31/2015 08:00:00 PM,14,8,6
10/31/2015 09:00:00 PM,14,6,8
10/31/2015 10:00:00 PM,17,7,10
10/31/2015 11:00:00 PM,6,4,2
11/01/2015 12:00:00 AM,8,3,5
11/01/2015 01:00:00 AM,11,8,3
11/01/2015 02:00:00 AM,1,1,0
11/01/2015 03:00:00 AM,4,3,1
11/01/2015 04:00:00 AM,3,0,3
11/01/2015 05:00:00 AM,4,2,2
11/01/2015 06:00:00 AM,7,2,5
11/01/2015 07:00:00 AM,15,10,5
11/01/2015 08:00:00 AM,47,25,22
11/01/2015 09:00:00 AM,43,30,13
11/01/2015 10:00:00 AM,38,19,19
11/01/2015 11:00:00 AM,35,17,18
11/01/2015 12:00:00 PM,36,17,19
11/01/2015 01:00:00 PM,37,17,20
11/01/2015 02:00:00 PM,39,15,24
11/01/2015 03:00:00 PM,29,18,11
11/01/2015 04:00:00 PM,43,15,28
11/01/2015 05:00:00 PM,49,31,18
11/01/2015 06:00:00 PM,24,11,13
11/01/2015 07:00:00 PM,9,6,3
11/01/2015 08:00:00 PM,12,6,6
11/01/2015 09:00:00 PM,11,2,9
11/01/2015 10:00:00 PM,8,5,3
11/01/2015 11:00:00 PM,9,4,5
11/02/2015 12:00:00 AM,7,2,5
11/02/2015 01:00:00 AM,1,0,1
11/02/2015 02:00:00 AM,1,0,1
11/02/2015 03:00:00 AM,4,2,2
11/02/2015 04:00:00 AM,4,2,2
11/02/2015 05:00:00 AM,40,28,12
11/02/2015 06:00:00 AM,129,86,43
11/02/2015 07:00:00 AM,359,254,105
11/02/2015 08:00:00 AM,475,330,145
11/02/2015 09:00:00 AM,206,117,89
11/02/2015 10:00:00 AM,74,39,35
11/02/2015 11:00:00 AM,38,24,14
11/02/2015 12:00:00 PM,61,30,31
11/02/2015 01:00:00 PM,57,24,33
11/02/2015 02:00:00 PM,66,32,34
11/02/2015 03:00:00 PM,113,48,65
11/02/2015 04:00:00 PM,269,107,162
11/02/2015 05:00:00 PM,548,149,399
11/02/2015 06:00:00 PM,333,102,231
11/02/2015 07:00:00 PM,99,34,65
11/02/2015 08:00:00 PM,56,27,29
11/02/2015 09:00:00 PM,47,19,28
11/02/2015 10:00:00 PM,28,11,17
11/02/2015 11:00:00 PM,9,5,4
11/03/2015 12:00:00 AM,10,9,1
11/03/2015 01:00:00 AM,2,1,1
11/03/2015 02:00:00 AM,3,0,3
11/03/2015 03:00:00 AM,4,3,1
11/03/2015 04:00:00 AM,5,3,2
11/03/2015 05:00:00 AM,49,35,14
11/03/2015 06:00:00 AM,148,99,49
11/03/2015 07:00:00 AM,411,289,122
11/03/2015 08:00:00 AM,492,333,159
11/03/2015 09:00:00 AM,216,126,90
11/03/2015 10:00:00 AM,83,50,33
11/03/2015 11:00:00 AM,62,43,19
11/03/2015 12:00:00 PM,57,30,27
11/03/2015 01:00:00 PM,70,36,34
11/03/2015 02:00:00 PM,80,36,44
11/03/2015 03:00:00 PM,133,48,85
11/03/2015 04:00:00 PM,296,116,180
11/03/2015 05:00:00 PM,562,128,434
11/03/2015 06:00:00 PM,318,100,218
11/03/2015 07:00:00 PM,131,46,85
11/03/2015 08:00:00 PM,69,31,38
11/03/2015 09:00:00 PM,58,23,35
11/03/2015 10:00:00 PM,23,10,13
11/03/2015 11:00:00 PM,22,11,11
11/04/2015 12:00:00 AM,4,1,3
11/04/2015 01:00:00 AM,4,4,0
11/04/2015 02:00:00 AM,3,1,2
11/04/2015 03:00:00 AM,4,3,1
11/04/2015 04:00:00 AM,6,4,2
11/04/2015 05:00:00 AM,40,31,9
11/04/2015 06:00:00 AM,152,93,59
11/04/2015 07:00:00 AM,420,298,122
11/04/2015 08:00:00 AM,478,324,154
11/04/2015 09:00:00 AM,241,156,85
11/04/2015 10:00:00 AM,102,57,45
11/04/2015 11:00:00 AM,65,37,28
11/04/2015 12:00:00 PM,79,33,46
11/04/2015 01:00:00 PM,83,45,38
11/04/2015 02:00:00 PM,95,50,45
11/04/2015 03:00:00 PM,133,54,79
11/04/2015 04:00:00 PM,279,110,169
11/04/2015 05:00:00 PM,563,159,404
11/04/2015 06:00:00 PM,343,120,223
11/04/2015 07:00:00 PM,128,44,84
11/04/2015 08:00:00 PM,100,41,59
11/04/2015 09:00:00 PM,51,21,30
11/04/2015 10:00:00 PM,41,18,23
11/04/2015 11:00:00 PM,18,10,8
11/05/2015 12:00:00 AM,8,4,4
11/05/2015 01:00:00 AM,6,5,1
11/05/2015 02:00:00 AM,1,0,1
11/05/2015 03:00:00 AM,3,2,1
11/05/2015 04:00:00 AM,4,2,2
11/05/2015 05:00:00 AM,36,20,16
11/05/2015 06:00:00 AM,111,76,35
11/05/2015 07:00:00 AM,335,241,94
11/05/2015 08:00:00 AM,456,309,147
11/05/2015 09:00:00 AM,199,126,73
11/05/2015 10:00:00 AM,94,61,33
11/05/2015 11:00:00 AM,57,34,23
11/05/2015 12:00:00 PM,49,22,27
11/05/2015 01:00:00 PM,58,27,31
11/05/2015 02:00:00 PM,72,29,43
11/05/2015 03:00:00 PM,125,52,73
11/05/2015 04:00:00 PM,259,104,155
11/05/2015 05:00:00 PM,484,140,344
11/05/2015 06:00:00 PM,272,89,183
11/05/2015 07:00:00 PM,117,36,81
11/05/2015 08:00:00 PM,73,28,45
11/05/2015 09:00:00 PM,54,18,36
11/05/2015 10:00:00 PM,40,14,26
11/05/2015 11:00:00 PM,14,6,8
11/06/2015 12:00:00 AM,7,1,6
11/06/2015 01:00:00 AM,8,3,5
11/06/2015 02:00:00 AM,2,1,1
11/06/2015 03:00:00 AM,3,2,1
11/06/2015 04:00:00 AM,7,5,2
11/06/2015 05:00:00 AM,30,20,10
11/06/2015 06:00:00 AM,101,68,33
11/06/2015 07:00:00 AM,270,196,74
11/06/2015 08:00:00 AM,340,238,102
11/06/2015 09:00:00 AM,180,105,75
11/06/2015 10:00:00 AM,76,46,30
11/06/2015 11:00:00 AM,68,34,34
11/06/2015 12:00:00 PM,61,34,27
11/06/2015 01:00:00 PM,73,28,45
11/06/2015 02:00:00 PM,104,37,67
11/06/2015 03:00:00 PM,121,45,76
11/06/2015 04:00:00 PM,242,69,173
11/06/2015 05:00:00 PM,354,120,234
11/06/2015 06:00:00 PM,207,64,143
11/06/2015 07:00:00 PM,120,47,73
11/06/2015 08:00:00 PM,41,14,27
11/06/2015 09:00:00 PM,31,13,18
11/06/2015 10:00:00 PM,32,14,18
11/06/2015 11:00:00 PM,21,9,12
11/07/2015 12:00:00 AM,13,7,6
11/07/2015 01:00:00 AM,18,8,10
11/07/2015 02:00:00 AM,3,2,1
11/07/2015 03:00:00 AM,3,2,1
11/07/2015 04:00:00 AM,3,0,3
11/07/2015 05:00:00 AM,5,3,2
11/07/2015 06:00:00 AM,9,1,8
11/07/2015 07:00:00 AM,22,14,8
11/07/2015 08:00:00 AM,31,18,13
11/07/2015 09:00:00 AM,27,15,12
11/07/2015 10:00:00 AM,36,20,16
11/07/2015 11:00:00 AM,31,13,18
11/07/2015 12:00:00 PM,42,24,18
11/07/2015 01:00:00 PM,40,19,21
11/07/2015 02:00:00 PM,32,17,15
11/07/2015 03:00:00 PM,30,11,19
11/07/2015 04:00:00 PM,44,17,27
11/07/2015 05:00:00 PM,30,17,13
11/07/2015 06:00:00 PM,24,12,12
11/07/2015 07:00:00 PM,17,13,4
11/07/2015 08:00:00 PM,19,10,9
11/07/2015 09:00:00 PM,15,2,13
11/07/2015 10:00:00 PM,18,12,6
11/07/2015 11:00:00 PM,13,3,10
11/08/2015 12:00:00 AM,6,3,3
11/08/2015 01:00:00 AM,10,4,6
11/08/2015 02:00:00 AM,0,0,0
11/08/2015 03:00:00 AM,8,6,2
11/08/2015 04:00:00 AM,0,0,0
11/08/2015 05:00:00 AM,4,2,2
11/08/2015 06:00:00 AM,5,2,3
11/08/2015 07:00:00 AM,19,11,8
11/08/2015 08:00:00 AM,39,20,19
11/08/2015 09:00:00 AM,40,21,19
11/08/2015 10:00:00 AM,45,29,16
11/08/2015 11:00:00 AM,35,18,17
11/08/2015 12:00:00 PM,38,23,15
11/08/2015 01:00:00 PM,44,22,22
11/08/2015 02:00:00 PM,64,34,30
11/08/2015 03:00:00 PM,78,49,29
11/08/2015 04:00:00 PM,110,49,61
11/08/2015 05:00:00 PM,49,28,21
11/08/2015 06:00:00 PM,23,15,8
11/08/2015 07:00:00 PM,21,10,11
11/08/2015 08:00:00 PM,13,5,8
11/08/2015 09:00:00 PM,12,6,6
11/08/2015 10:00:00 PM,6,2,4
11/08/2015 11:00:00 PM,12,4,8
11/09/2015 12:00:00 AM,3,1,2
11/09/2015 01:00:00 AM,4,1,3
11/09/2015 02:00:00 AM,2,1,1
11/09/2015 03:00:00 AM,4,2,2
11/09/2015 04:00:00 AM,5,5,0
11/09/2015 05:00:00 AM,29,17,12
11/09/2015 06:00:00 AM,109,69,40
11/09/2015 07:00:00 AM,260,184,76
11/09/2015 08:00:00 AM,320,217,103
11/09/2015 09:00:00 AM,137,82,55
11/09/2015 10:00:00 AM,67,34,33
11/09/2015 11:00:00 AM,34,19,15
11/09/2015 12:00:00 PM,45,26,19
11/09/2015 01:00:00 PM,50,27,23
11/09/2015 02:00:00 PM,46,15,31
11/09/2015 03:00:00 PM,97,36,61
11/09/2015 04:00:00 PM,222,67,155
11/09/2015 05:00:00 PM,394,115,279
11/09/2015 06:00:00 PM,257,89,168
11/09/2015 07:00:00 PM,97,37,60
11/09/2015 08:00:00 PM,55,20,35
11/09/2015 09:00:00 PM,37,14,23
11/09/2015 10:00:00 PM,18,11,7
11/09/2015 11:00:00 PM,7,2,5
11/10/2015 12:00:00 AM,7,4,3
11/10/2015 01:00:00 AM,0,0,0
11/10/2015 02:00:00 AM,2,0,2
11/10/2015 03:00:00 AM,4,2,2
11/10/2015 04:00:00 AM,6,5,1
11/10/2015 05:00:00 AM,35,20,15
11/10/2015 06:00:00 AM,129,78,51
11/10/2015 07:00:00 AM,413,312,101
11/10/2015 08:00:00 AM,501,340,161
11/10/2015 09:00:00 AM,241,143,98
11/10/2015 10:00:00 AM,88,46,42
11/10/2015 11:00:00 AM,76,43,33
11/10/2015 12:00:00 PM,89,46,43
11/10/2015 01:00:00 PM,79,39,40
11/10/2015 02:00:00 PM,78,33,45
11/10/2015 03:00:00 PM,118,43,75
11/10/2015 04:00:00 PM,298,103,195
11/10/2015 05:00:00 PM,568,133,435
11/10/2015 06:00:00 PM,318,97,221
11/10/2015 07:00:00 PM,132,55,77
11/10/2015 08:00:00 PM,76,22,54
11/10/2015 09:00:00 PM,52,26,26
11/10/2015 10:00:00 PM,33,13,20
11/10/2015 11:00:00 PM,14,5,9
11/11/2015 12:00:00 AM,6,2,4
11/11/2015 01:00:00 AM,3,1,2
11/11/2015 02:00:00 AM,3,0,3
11/11/2015 03:00:00 AM,3,3,0
11/11/2015 04:00:00 AM,6,2,4
11/11/2015 05:00:00 AM,17,12,5
11/11/2015 06:00:00 AM,84,47,37
11/11/2015 07:00:00 AM,245,177,68
11/11/2015 08:00:00 AM,343,228,115
11/11/2015 09:00:00 AM,190,117,73
11/11/2015 10:00:00 AM,81,51,30
11/11/2015 11:00:00 AM,80,47,33
11/11/2015 12:00:00 PM,95,46,49
11/11/2015 01:00:00 PM,93,52,41
11/11/2015 02:00:00 PM,103,41,62
11/11/2015 03:00:00 PM,134,54,80
11/11/2015 04:00:00 PM,211,83,128
11/11/2015 05:00:00 PM,398,105,293
11/11/2015 06:00:00 PM,258,98,160
11/11/2015 07:00:00 PM,100,27,73
11/11/2015 08:00:00 PM,67,20,47
11/11/2015 09:00:00 PM,58,19,39
11/11/2015 10:00:00 PM,36,17,19
11/11/2015 11:00:00 PM,15,9,6
11/12/2015 12:00:00 AM,4,2,2
11/12/2015 01:00:00 AM,5,2,3
11/12/2015 02:00:00 AM,1,1,0
11/12/2015 03:00:00 AM,4,2,2
11/12/2015 04:00:00 AM,5,1,4
11/12/2015 05:00:00 AM,42,27,15
11/12/2015 06:00:00 AM,115,75,40
11/12/2015 07:00:00 AM,318,227,91
11/12/2015 08:00:00 AM,427,283,144
11/12/2015 09:00:00 AM,186,121,65
11/12/2015 10:00:00 AM,86,46,40
11/12/2015 11:00:00 AM,60,39,21
11/12/2015 12:00:00 PM,45,19,26
11/12/2015 01:00:00 PM,48,20,28
11/12/2015 02:00:00 PM,54,27,27
11/12/2015 03:00:00 PM,108,41,67
11/12/2015 04:00:00 PM,189,63,126
11/12/2015 05:00:00 PM,403,96,307
11/12/2015 06:00:00 PM,241,72,169
11/12/2015 07:00:00 PM,114,38,76
11/12/2015 08:00:00 PM,37,17,20
11/12/2015 09:00:00 PM,53,34,19
11/12/2015 10:00:00 PM,19,8,11
11/12/2015 11:00:00 PM,11,4,7
11/13/2015 12:00:00 AM,6,3,3
11/13/2015 01:00:00 AM,2,1,1
11/13/2015 02:00:00 AM,2,1,1
11/13/2015 03:00:00 AM,1,1,0
11/13/2015 04:00:00 AM,4,2,2
11/13/2015 05:00:00 AM,21,10,11
11/13/2015 06:00:00 AM,46,34,12
11/13/2015 07:00:00 AM,171,119,52
11/13/2015 08:00:00 AM,234,157,77
11/13/2015 09:00:00 AM,133,90,43
11/13/2015 10:00:00 AM,57,37,20
11/13/2015 11:00:00 AM,40,23,17
11/13/2015 12:00:00 PM,31,15,16
11/13/2015 01:00:00 PM,35,18,17
11/13/2015 02:00:00 PM,36,16,20
11/13/2015 03:00:00 PM,78,30,48
11/13/2015 04:00:00 PM,135,49,86
11/13/2015 05:00:00 PM,271,78,193
11/13/2015 06:00:00 PM,171,46,125
11/13/2015 07:00:00 PM,58,16,42
11/13/2015 08:00:00 PM,32,14,18
11/13/2015 09:00:00 PM,18,7,11
11/13/2015 10:00:00 PM,24,12,12
11/13/2015 11:00:00 PM,6,0,6
11/14/2015 12:00:00 AM,6,2,4
11/14/2015 01:00:00 AM,6,1,5
11/14/2015 02:00:00 AM,2,1,1
11/14/2015 03:00:00 AM,1,0,1
11/14/2015 04:00:00 AM,2,0,2
11/14/2015 05:00:00 AM,5,4,1
11/14/2015 06:00:00 AM,8,3,5
11/14/2015 07:00:00 AM,19,10,9
11/14/2015 08:00:00 AM,26,17,9
11/14/2015 09:00:00 AM,23,10,13
11/14/2015 10:00:00 AM,20,13,7
11/14/2015 11:00:00 AM,45,27,18
11/14/2015 12:00:00 PM,45,27,18
11/14/2015 01:00:00 PM,31,16,15
11/14/2015 02:00:00 PM,26,12,14
11/14/2015 03:00:00 PM,26,12,14
11/14/2015 04:00:00 PM,24,11,13
11/14/2015 05:00:00 PM,19,11,8
11/14/2015 06:00:00 PM,19,10,9
11/14/2015 07:00:00 PM,17,9,8
11/14/2015 08:00:00 PM,8,3,5
11/14/2015 09:00:00 PM,8,2,6
11/14/2015 10:00:00 PM,5,3,2
11/14/2015 11:00:00 PM,14,3,11
11/15/2015 12:00:00 AM,5,2,3
11/15/2015 01:00:00 AM,6,4,2
11/15/2015 02:00:00 AM,0,0,0
11/15/2015 03:00:00 AM,1,0,1
11/15/2015 04:00:00 AM,1,0,1
11/15/2015 05:00:00 AM,3,2,1
11/15/2015 06:00:00 AM,9,6,3
11/15/2015 07:00:00 AM,8,6,2
11/15/2015 08:00:00 AM,19,12,7
11/15/2015 09:00:00 AM,29,16,13
11/15/2015 10:00:00 AM,38,17,21
11/15/2015 11:00:00 AM,62,42,20
11/15/2015 12:00:00 PM,84,44,40
11/15/2015 01:00:00 PM,108,71,37
11/15/2015 02:00:00 PM,99,51,48
11/15/2015 03:00:00 PM,111,61,50
11/15/2015 04:00:00 PM,92,55,37
11/15/2015 05:00:00 PM,53,25,28
11/15/2015 06:00:00 PM,33,14,19
11/15/2015 07:00:00 PM,14,9,5
11/15/2015 08:00:00 PM,14,7,7
11/15/2015 09:00:00 PM,9,5,4
11/15/2015 10:00:00 PM,21,8,13
11/15/2015 11:00:00 PM,14,6,8
11/16/2015 12:00:00 AM,8,4,4
11/16/2015 01:00:00 AM,1,1,0
11/16/2015 02:00:00 AM,3,2,1
11/16/2015 03:00:00 AM,1,1,0
11/16/2015 04:00:00 AM,4,2,2
11/16/2015 05:00:00 AM,25,13,12
11/16/2015 06:00:00 AM,103,67,36
11/16/2015 07:00:00 AM,307,216,91
11/16/2015 08:00:00 AM,394,255,139
11/16/2015 09:00:00 AM,212,137,75
11/16/2015 10:00:00 AM,56,32,24
11/16/2015 11:00:00 AM,55,33,22
11/16/2015 12:00:00 PM,26,14,12
11/16/2015 01:00:00 PM,40,19,21
11/16/2015 02:00:00 PM,41,15,26
11/16/2015 03:00:00 PM,75,27,48
11/16/2015 04:00:00 PM,191,78,113
11/16/2015 05:00:00 PM,409,108,301
11/16/2015 06:00:00 PM,254,72,182
11/16/2015 07:00:00 PM,90,23,67
11/16/2015 08:00:00 PM,45,17,28
11/16/2015 09:00:00 PM,36,14,22
11/16/2015 10:00:00 PM,19,7,12
11/16/2015 11:00:00 PM,8,4,4
11/17/2015 12:00:00 AM,3,3,0
11/17/2015 01:00:00 AM,6,3,3
11/17/2015 02:00:00 AM,4,2,2
11/17/2015 03:00:00 AM,3,3,0
11/17/2015 04:00:00 AM,6,4,2
11/17/2015 05:00:00 AM,26,18,8
11/17/2015 06:00:00 AM,64,46,18
11/17/2015 07:00:00 AM,234,165,69
11/17/2015 08:00:00 AM,303,211,92
11/17/2015 09:00:00 AM,131,85,46
11/17/2015 10:00:00 AM,45,22,23
11/17/2015 11:00:00 AM,18,15,3
11/17/2015 12:00:00 PM,27,11,16
11/17/2015 01:00:00 PM,32,16,16
11/17/2015 02:00:00 PM,34,14,20
11/17/2015 03:00:00 PM,48,17,31
11/17/2015 04:00:00 PM,161,60,101
11/17/2015 05:00:00 PM,308,82,226
11/17/2015 06:00:00 PM,189,59,130
11/17/2015 07:00:00 PM,70,18,52
11/17/2015 08:00:00 PM,33,9,24
11/17/2015 09:00:00 PM,21,9,12
11/17/2015 10:00:00 PM,13,7,6
11/17/2015 11:00:00 PM,9,4,5
11/18/2015 12:00:00 AM,7,3,4
11/18/2015 01:00:00 AM,4,1,3
11/18/2015 02:00:00 AM,1,1,0
11/18/2015 03:00:00 AM,3,2,1
11/18/2015 04:00:00 AM,8,4,4
11/18/2015 05:00:00 AM,35,27,8
11/18/2015 06:00:00 AM,113,67,46
11/18/2015 07:00:00 AM,322,237,85
11/18/2015 08:00:00 AM,450,306,144
11/18/2015 09:00:00 AM,212,136,76
11/18/2015 10:00:00 AM,93,53,40
11/18/2015 11:00:00 AM,53,28,25
11/18/2015 12:00:00 PM,64,29,35
11/18/2015 01:00:00 PM,84,42,42
11/18/2015 02:00:00 PM,73,35,38
11/18/2015 03:00:00 PM,114,53,61
11/18/2015 04:00:00 PM,240,84,156
11/18/2015 05:00:00 PM,467,138,329
11/18/2015 06:00:00 PM,313,90,223
11/18/2015 07:00:00 PM,116,37,79
11/18/2015 08:00:00 PM,81,22,59
11/18/2015 09:00:00 PM,41,21,20
11/18/2015 10:00:00 PM,22,12,10
11/18/2015 11:00:00 PM,11,3,8
11/19/2015 12:00:00 AM,9,7,2
11/19/2015 01:00:00 AM,4,3,1
11/19/2015 02:00:00 AM,1,0,1
11/19/2015 03:00:00 AM,2,2,0
11/19/2015 04:00:00 AM,7,3,4
11/19/2015 05:00:00 AM,34,25,9
11/19/2015 06:00:00 AM,103,74,29
11/19/2015 07:00:00 AM,307,231,76
11/19/2015 08:00:00 AM,437,291,146
11/19/2015 09:00:00 AM,218,120,98
11/19/2015 10:00:00 AM,100,66,34
11/19/2015 11:00:00 AM,71,41,30
11/19/2015 12:00:00 PM,61,27,34
11/19/2015 01:00:00 PM,67,39,28
11/19/2015 02:00:00 PM,83,39,44
11/19/2015 03:00:00 PM,123,50,73
11/19/2015 04:00:00 PM,237,93,144
11/19/2015 05:00:00 PM,421,99,322
11/19/2015 06:00:00 PM,313,98,215
11/19/2015 07:00:00 PM,144,48,96
11/19/2015 08:00:00 PM,75,26,49
11/19/2015 09:00:00 PM,63,17,46
11/19/2015 10:00:00 PM,32,11,21
11/19/2015 11:00:00 PM,25,10,15
11/20/2015 12:00:00 AM,10,5,5
11/20/2015 01:00:00 AM,7,3,4
11/20/2015 02:00:00 AM,1,1,0
11/20/2015 03:00:00 AM,1,1,0
11/20/2015 04:00:00 AM,9,5,4
11/20/2015 05:00:00 AM,34,18,16
11/20/2015 06:00:00 AM,86,58,28
11/20/2015 07:00:00 AM,238,170,68
11/20/2015 08:00:00 AM,368,252,116
11/20/2015 09:00:00 AM,225,142,83
11/20/2015 10:00:00 AM,73,36,37
11/20/2015 11:00:00 AM,57,28,29
11/20/2015 12:00:00 PM,74,41,33
11/20/2015 01:00:00 PM,75,36,39
11/20/2015 02:00:00 PM,88,37,51
11/20/2015 03:00:00 PM,113,52,61
11/20/2015 04:00:00 PM,233,69,164
11/20/2015 05:00:00 PM,373,116,257
11/20/2015 06:00:00 PM,223,69,154
11/20/2015 07:00:00 PM,102,35,67
11/20/2015 08:00:00 PM,45,13,32
11/20/2015 09:00:00 PM,33,9,24
11/20/2015 10:00:00 PM,26,13,13
11/20/2015 11:00:00 PM,26,8,18
11/21/2015 12:00:00 AM,10,8,2
11/21/2015 01:00:00 AM,5,4,1
11/21/2015 02:00:00 AM,0,0,0
11/21/2015 03:00:00 AM,1,0,1
11/21/2015 04:00:00 AM,4,1,3
11/21/2015 05:00:00 AM,6,1,5
11/21/2015 06:00:00 AM,13,9,4
11/21/2015 07:00:00 AM,25,13,12
11/21/2015 08:00:00 AM,49,28,21
11/21/2015 09:00:00 AM,49,26,23
11/21/2015 10:00:00 AM,82,40,42
11/21/2015 11:00:00 AM,113,69,44
11/21/2015 12:00:00 PM,144,73,71
11/21/2015 01:00:00 PM,119,79,40
11/21/2015 02:00:00 PM,117,62,55
11/21/2015 03:00:00 PM,111,65,46
11/21/2015 04:00:00 PM,78,49,29
11/21/2015 05:00:00 PM,49,23,26
11/21/2015 06:00:00 PM,37,20,17
11/21/2015 07:00:00 PM,32,15,17
11/21/2015 08:00:00 PM,17,6,11
11/21/2015 09:00:00 PM,23,12,11
11/21/2015 10:00:00 PM,24,6,18
11/21/2015 11:00:00 PM,11,8,3
11/22/2015 12:00:00 AM,11,5,6
11/22/2015 01:00:00 AM,3,2,1
11/22/2015 02:00:00 AM,5,3,2
11/22/2015 03:00:00 AM,2,1,1
11/22/2015 04:00:00 AM,1,1,0
11/22/2015 05:00:00 AM,2,1,1
11/22/2015 06:00:00 AM,5,2,3
11/22/2015 07:00:00 AM,15,10,5
11/22/2015 08:00:00 AM,39,22,17
11/22/2015 09:00:00 AM,64,29,35
11/22/2015 10:00:00 AM,64,35,29
11/22/2015 11:00:00 AM,85,52,33
11/22/2015 12:00:00 PM,92,48,44
11/22/2015 01:00:00 PM,97,56,41
11/22/2015 02:00:00 PM,130,70,60
11/22/2015 03:00:00 PM,123,81,42
11/22/2015 04:00:00 PM,67,36,31
11/22/2015 05:00:00 PM,57,33,24
11/22/2015 06:00:00 PM,38,21,17
11/22/2015 07:00:00 PM,20,7,13
11/22/2015 08:00:00 PM,13,3,10
11/22/2015 09:00:00 PM,5,2,3
11/22/2015 10:00:00 PM,9,3,6
11/22/2015 11:00:00 PM,11,2,9
11/23/2015 12:00:00 AM,3,1,2
11/23/2015 01:00:00 AM,1,1,0
11/23/2015 02:00:00 AM,1,0,1
11/23/2015 03:00:00 AM,4,3,1
11/23/2015 04:00:00 AM,5,0,5
11/23/2015 05:00:00 AM,28,19,9
11/23/2015 06:00:00 AM,99,64,35
11/23/2015 07:00:00 AM,294,211,83
11/23/2015 08:00:00 AM,333,222,111
11/23/2015 09:00:00 AM,199,127,72
11/23/2015 10:00:00 AM,61,28,33
11/23/2015 11:00:00 AM,63,40,23
11/23/2015 12:00:00 PM,57,30,27
11/23/2015 01:00:00 PM,42,26,16
11/23/2015 02:00:00 PM,48,16,32
11/23/2015 03:00:00 PM,82,34,48
11/23/2015 04:00:00 PM,190,61,129
11/23/2015 05:00:00 PM,375,89,286
11/23/2015 06:00:00 PM,221,60,161
11/23/2015 07:00:00 PM,93,29,64
11/23/2015 08:00:00 PM,39,13,26
11/23/2015 09:00:00 PM,17,9,8
11/23/2015 10:00:00 PM,18,9,9
11/23/2015 11:00:00 PM,5,4,1
11/24/2015 12:00:00 AM,4,2,2
11/24/2015 01:00:00 AM,4,2,2
11/24/2015 02:00:00 AM,2,1,1
11/24/2015 03:00:00 AM,2,0,2
11/24/2015 04:00:00 AM,5,3,2
11/24/2015 05:00:00 AM,23,12,11
11/24/2015 06:00:00 AM,74,47,27
11/24/2015 07:00:00 AM,191,132,59
11/24/2015 08:00:00 AM,275,192,83
11/24/2015 09:00:00 AM,153,99,54
11/24/2015 10:00:00 AM,68,36,32
11/24/2015 11:00:00 AM,44,18,26
11/24/2015 12:00:00 PM,48,17,31
11/24/2015 01:00:00 PM,45,23,22
11/24/2015 02:00:00 PM,51,22,29
11/24/2015 03:00:00 PM,93,33,60
11/24/2015 04:00:00 PM,166,57,109
11/24/2015 05:00:00 PM,323,94,229
11/24/2015 06:00:00 PM,218,53,165
11/24/2015 07:00:00 PM,77,22,55
11/24/2015 08:00:00 PM,35,10,25
11/24/2015 09:00:00 PM,24,15,9
11/24/2015 10:00:00 PM,20,12,8
11/24/2015 11:00:00 PM,7,3,4
11/25/2015 12:00:00 AM,6,3,3
11/25/2015 01:00:00 AM,1,1,0
11/25/2015 02:00:00 AM,5,2,3
11/25/2015 03:00:00 AM,2,1,1
11/25/2015 04:00:00 AM,6,0,6
11/25/2015 05:00:00 AM,22,14,8
11/25/2015 06:00:00 AM,78,46,32
11/25/2015 07:00:00 AM,210,153,57
11/25/2015 08:00:00 AM,271,187,84
11/25/2015 09:00:00 AM,152,91,61
11/25/2015 10:00:00 AM,61,35,26
11/25/2015 11:00:00 AM,60,28,32
11/25/2015 12:00:00 PM,57,30,27
11/25/2015 01:00:00 PM,76,32,44
11/25/2015 02:00:00 PM,107,42,65
11/25/2015 03:00:00 PM,184,72,112
11/25/2015 04:00:00 PM,226,70,156
11/25/2015 05:00:00 PM,246,79,167
11/25/2015 06:00:00 PM,127,34,93
11/25/2015 07:00:00 PM,46,22,24
11/25/2015 08:00:00 PM,31,8,23
11/25/2015 09:00:00 PM,21,10,11
11/25/2015 10:00:00 PM,9,7,2
11/25/2015 11:00:00 PM,12,5,7
11/26/2015 12:00:00 AM,7,3,4
11/26/2015 01:00:00 AM,7,4,3
11/26/2015 02:00:00 AM,3,3,0
11/26/2015 03:00:00 AM,2,1,1
11/26/2015 04:00:00 AM,1,0,1
11/26/2015 05:00:00 AM,4,2,2
11/26/2015 06:00:00 AM,7,5,2
11/26/2015 07:00:00 AM,10,6,4
11/26/2015 08:00:00 AM,13,5,8
11/26/2015 09:00:00 AM,24,12,12
11/26/2015 10:00:00 AM,38,22,16
11/26/2015 11:00:00 AM,53,33,20
11/26/2015 12:00:00 PM,80,46,34
11/26/2015 01:00:00 PM,61,28,33
11/26/2015 02:00:00 PM,65,34,31
11/26/2015 03:00:00 PM,26,14,12
11/26/2015 04:00:00 PM,21,14,7
11/26/2015 05:00:00 PM,7,5,2
11/26/2015 06:00:00 PM,9,5,4
11/26/2015 07:00:00 PM,9,4,5
11/26/2015 08:00:00 PM,8,1,7
11/26/2015 09:00:00 PM,65,5,60
11/26/2015 10:00:00 PM,4,2,2
11/26/2015 11:00:00 PM,8,5,3
11/27/2015 12:00:00 AM,9,4,5
11/27/2015 01:00:00 AM,4,3,1
11/27/2015 02:00:00 AM,3,3,0
11/27/2015 03:00:00 AM,1,0,1
11/27/2015 04:00:00 AM,4,2,2
11/27/2015 05:00:00 AM,9,7,2
11/27/2015 06:00:00 AM,16,9,7
11/27/2015 07:00:00 AM,20,13,7
11/27/2015 08:00:00 AM,27,15,12
11/27/2015 09:00:00 AM,58,35,23
11/27/2015 10:00:00 AM,65,28,37
11/27/2015 11:00:00 AM,97,69,28
11/27/2015 12:00:00 PM,66,28,38
11/27/2015 01:00:00 PM,63,32,31
11/27/2015 02:00:00 PM,99,52,47
11/27/2015 03:00:00 PM,92,45,47
11/27/2015 04:00:00 PM,78,46,32
11/27/2015 05:00:00 PM,42,20,22
11/27/2015 06:00:00 PM,49,19,30
11/27/2015 07:00:00 PM,23,9,14
11/27/2015 08:00:00 PM,25,7,18
11/27/2015 09:00:00 PM,7,3,4
11/27/2015 10:00:00 PM,18,10,8
11/27/2015 11:00:00 PM,7,2,5
11/28/2015 12:00:00 AM,5,2,3
11/28/2015 01:00:00 AM,5,0,5
11/28/2015 02:00:00 AM,1,0,1
11/28/2015 03:00:00 AM,4,4,0
11/28/2015 04:00:00 AM,5,3,2
11/28/2015 05:00:00 AM,5,4,1
11/28/2015 06:00:00 AM,4,2,2
11/28/2015 07:00:00 AM,15,7,8
11/28/2015 08:00:00 AM,26,12,14
11/28/2015 09:00:00 AM,34,23,11
11/28/2015 10:00:00 AM,53,32,21
11/28/2015 11:00:00 AM,64,35,29
11/28/2015 12:00:00 PM,76,57,19
11/28/2015 01:00:00 PM,93,53,40
11/28/2015 02:00:00 PM,99,59,40
11/28/2015 03:00:00 PM,106,55,51
11/28/2015 04:00:00 PM,74,35,39
11/28/2015 05:00:00 PM,37,14,23
11/28/2015 06:00:00 PM,26,9,17
11/28/2015 07:00:00 PM,21,8,13
11/28/2015 08:00:00 PM,12,3,9
11/28/2015 09:00:00 PM,13,10,3
11/28/2015 10:00:00 PM,11,8,3
11/28/2015 11:00:00 PM,9,4,5
11/29/2015 12:00:00 AM,4,2,2
11/29/2015 01:00:00 AM,4,0,4
11/29/2015 02:00:00 AM,2,1,1
11/29/2015 03:00:00 AM,2,1,1
11/29/2015 04:00:00 AM,0,0,0
11/29/2015 05:00:00 AM,3,2,1
11/29/2015 06:00:00 AM,2,1,1
11/29/2015 07:00:00 AM,11,4,7
11/29/2015 08:00:00 AM,14,10,4
11/29/2015 09:00:00 AM,25,13,12
11/29/2015 10:00:00 AM,41,24,17
11/29/2015 11:00:00 AM,68,32,36
11/29/2015 12:00:00 PM,64,29,35
11/29/2015 01:00:00 PM,74,33,41
11/29/2015 02:00:00 PM,63,33,30
11/29/2015 03:00:00 PM,63,33,30
11/29/2015 04:00:00 PM,41,24,17
11/29/2015 05:00:00 PM,44,13,31
11/29/2015 06:00:00 PM,25,12,13
11/29/2015 07:00:00 PM,14,7,7
11/29/2015 08:00:00 PM,14,5,9
11/29/2015 09:00:00 PM,13,6,7
11/29/2015 10:00:00 PM,8,3,5
11/29/2015 11:00:00 PM,6,5,1
11/30/2015 12:00:00 AM,2,0,2
11/30/2015 01:00:00 AM,3,0,3
11/30/2015 02:00:00 AM,1,0,1
11/30/2015 03:00:00 AM,5,3,2
11/30/2015 04:00:00 AM,3,2,1
11/30/2015 05:00:00 AM,32,20,12
11/30/2015 06:00:00 AM,79,45,34
11/30/2015 07:00:00 AM,264,201,63
11/30/2015 08:00:00 AM,372,251,121
11/30/2015 09:00:00 AM,184,115,69
11/30/2015 10:00:00 AM,52,36,16
11/30/2015 11:00:00 AM,57,36,21
11/30/2015 12:00:00 PM,48,31,17
11/30/2015 01:00:00 PM,65,26,39
11/30/2015 02:00:00 PM,70,34,36
11/30/2015 03:00:00 PM,83,36,47
11/30/2015 04:00:00 PM,185,70,115
11/30/2015 05:00:00 PM,379,102,277
11/30/2015 06:00:00 PM,279,69,210
11/30/2015 07:00:00 PM,82,22,60
11/30/2015 08:00:00 PM,47,21,26
11/30/2015 09:00:00 PM,19,6,13
11/30/2015 10:00:00 PM,13,4,9
11/30/2015 11:00:00 PM,5,2,3
12/01/2015 12:00:00 AM,8,4,4
12/01/2015 01:00:00 AM,2,2,0
12/01/2015 02:00:00 AM,2,1,1
12/01/2015 03:00:00 AM,3,3,0
12/01/2015 04:00:00 AM,5,2,3
12/01/2015 05:00:00 AM,36,21,15
12/01/2015 06:00:00 AM,96,66,30
12/01/2015 07:00:00 AM,310,225,85
12/01/2015 08:00:00 AM,405,294,111
12/01/2015 09:00:00 AM,208,127,81
12/01/2015 10:00:00 AM,76,42,34
12/01/2015 11:00:00 AM,61,27,34
12/01/2015 12:00:00 PM,48,20,28
12/01/2015 01:00:00 PM,63,31,32
12/01/2015 02:00:00 PM,64,27,37
12/01/2015 03:00:00 PM,110,42,68
12/01/2015 04:00:00 PM,231,83,148
12/01/2015 05:00:00 PM,419,109,310
12/01/2015 06:00:00 PM,254,73,181
12/01/2015 07:00:00 PM,103,35,68
12/01/2015 08:00:00 PM,50,11,39
12/01/2015 09:00:00 PM,25,5,20
12/01/2015 10:00:00 PM,13,7,6
12/01/2015 11:00:00 PM,6,2,4
12/02/2015 12:00:00 AM,5,1,4
12/02/2015 01:00:00 AM,1,1,0
12/02/2015 02:00:00 AM,3,1,2
12/02/2015 03:00:00 AM,6,5,1
12/02/2015 04:00:00 AM,8,7,1
12/02/2015 05:00:00 AM,29,21,8
12/02/2015 06:00:00 AM,116,77,39
12/02/2015 07:00:00 AM,274,198,76
12/02/2015 08:00:00 AM,358,230,128
12/02/2015 09:00:00 AM,176,111,65
12/02/2015 10:00:00 AM,80,57,23
12/02/2015 11:00:00 AM,51,22,29
12/02/2015 12:00:00 PM,50,26,24
12/02/2015 01:00:00 PM,47,26,21
12/02/2015 02:00:00 PM,70,33,37
12/02/2015 03:00:00 PM,91,32,59
12/02/2015 04:00:00 PM,196,81,115
12/02/2015 05:00:00 PM,419,103,316
12/02/2015 06:00:00 PM,272,83,189
12/02/2015 07:00:00 PM,98,27,71
12/02/2015 08:00:00 PM,72,22,50
12/02/2015 09:00:00 PM,50,18,32
12/02/2015 10:00:00 PM,23,10,13
12/02/2015 11:00:00 PM,20,8,12
12/03/2015 12:00:00 AM,5,5,0
12/03/2015 01:00:00 AM,4,1,3
12/03/2015 02:00:00 AM,0,0,0
12/03/2015 03:00:00 AM,1,1,0
12/03/2015 04:00:00 AM,2,1,1
12/03/2015 05:00:00 AM,24,13,11
12/03/2015 06:00:00 AM,85,51,34
12/03/2015 07:00:00 AM,178,129,49
12/03/2015 08:00:00 AM,288,200,88
12/03/2015 09:00:00 AM,158,86,72
12/03/2015 10:00:00 AM,81,49,32
12/03/2015 11:00:00 AM,45,27,18
12/03/2015 12:00:00 PM,33,17,16
12/03/2015 01:00:00 PM,49,23,26
12/03/2015 02:00:00 PM,50,25,25
12/03/2015 03:00:00 PM,82,30,52
12/03/2015 04:00:00 PM,152,59,93
12/03/2015 05:00:00 PM,270,74,196
12/03/2015 06:00:00 PM,190,66,124
12/03/2015 07:00:00 PM,86,24,62
12/03/2015 08:00:00 PM,47,14,33
12/03/2015 09:00:00 PM,32,8,24
12/03/2015 10:00:00 PM,7,2,5
12/03/2015 11:00:00 PM,15,5,10
12/04/2015 12:00:00 AM,7,1,6
12/04/2015 01:00:00 AM,2,0,2
12/04/2015 02:00:00 AM,2,1,1
12/04/2015 03:00:00 AM,3,2,1
12/04/2015 04:00:00 AM,5,2,3
12/04/2015 05:00:00 AM,22,14,8
12/04/2015 06:00:00 AM,76,49,27
12/04/2015 07:00:00 AM,221,158,63
12/04/2015 08:00:00 AM,319,210,109
12/04/2015 09:00:00 AM,205,122,83
12/04/2015 10:00:00 AM,70,42,28
12/04/2015 11:00:00 AM,55,31,24
12/04/2015 12:00:00 PM,60,36,24
12/04/2015 01:00:00 PM,62,34,28
12/04/2015 02:00:00 PM,85,45,40
12/04/2015 03:00:00 PM,119,53,66
12/04/2015 04:00:00 PM,216,74,142
12/04/2015 05:00:00 PM,337,103,234
12/04/2015 06:00:00 PM,191,65,126
12/04/2015 07:00:00 PM,83,27,56
12/04/2015 08:00:00 PM,42,13,29
12/04/2015 09:00:00 PM,38,11,27
12/04/2015 10:00:00 PM,23,9,14
12/04/2015 11:00:00 PM,25,11,14
12/05/2015 12:00:00 AM,19,7,12
12/05/2015 01:00:00 AM,10,6,4
12/05/2015 02:00:00 AM,3,2,1
12/05/2015 03:00:00 AM,3,0,3
12/05/2015 04:00:00 AM,5,3,2
12/05/2015 05:00:00 AM,5,4,1
12/05/2015 06:00:00 AM,15,12,3
12/05/2015 07:00:00 AM,18,9,9
12/05/2015 08:00:00 AM,48,24,24
12/05/2015 09:00:00 AM,28,21,7
12/05/2015 10:00:00 AM,25,17,8
12/05/2015 11:00:00 AM,29,18,11
12/05/2015 12:00:00 PM,23,11,12
12/05/2015 01:00:00 PM,24,13,11
12/05/2015 02:00:00 PM,22,11,11
12/05/2015 03:00:00 PM,15,8,7
12/05/2015 04:00:00 PM,21,5,16
12/05/2015 05:00:00 PM,25,18,7
12/05/2015 06:00:00 PM,23,9,14
12/05/2015 07:00:00 PM,10,7,3
12/05/2015 08:00:00 PM,11,7,4
12/05/2015 09:00:00 PM,12,3,9
12/05/2015 10:00:00 PM,8,5,3
12/05/2015 11:00:00 PM,6,1,5
12/06/2015 12:00:00 AM,1,1,0
12/06/2015 01:00:00 AM,4,2,2
12/06/2015 02:00:00 AM,1,1,0
12/06/2015 03:00:00 AM,1,0,1
12/06/2015 04:00:00 AM,0,0,0
12/06/2015 05:00:00 AM,2,0,2
12/06/2015 06:00:00 AM,6,4,2
12/06/2015 07:00:00 AM,4,1,3
12/06/2015 08:00:00 AM,16,9,7
12/06/2015 09:00:00 AM,34,16,18
12/06/2015 10:00:00 AM,22,12,10
12/06/2015 11:00:00 AM,28,12,16
12/06/2015 12:00:00 PM,55,31,24
12/06/2015 01:00:00 PM,61,27,34
12/06/2015 02:00:00 PM,73,41,32
12/06/2015 03:00:00 PM,64,29,35
12/06/2015 04:00:00 PM,25,17,8
12/06/2015 05:00:00 PM,22,7,15
12/06/2015 06:00:00 PM,19,8,11
12/06/2015 07:00:00 PM,13,5,8
12/06/2015 08:00:00 PM,14,4,10
12/06/2015 09:00:00 PM,5,2,3
12/06/2015 10:00:00 PM,5,4,1
12/06/2015 11:00:00 PM,5,3,2
12/07/2015 12:00:00 AM,3,2,1
12/07/2015 01:00:00 AM,2,1,1
12/07/2015 02:00:00 AM,3,1,2
12/07/2015 03:00:00 AM,2,2,0
12/07/2015 04:00:00 AM,5,4,1
12/07/2015 05:00:00 AM,35,26,9
12/07/2015 06:00:00 AM,88,50,38
12/07/2015 07:00:00 AM,252,199,53
12/07/2015 08:00:00 AM,342,235,107
12/07/2015 09:00:00 AM,177,115,62
12/07/2015 10:00:00 AM,46,34,12
12/07/2015 11:00:00 AM,17,7,10
12/07/2015 12:00:00 PM,22,11,11
12/07/2015 01:00:00 PM,18,4,14
12/07/2015 02:00:00 PM,29,15,14
12/07/2015 03:00:00 PM,70,26,44
12/07/2015 04:00:00 PM,142,52,90
12/07/2015 05:00:00 PM,370,96,274
12/07/2015 06:00:00 PM,245,74,171
12/07/2015 07:00:00 PM,78,23,55
12/07/2015 08:00:00 PM,39,14,25
12/07/2015 09:00:00 PM,24,10,14
12/07/2015 10:00:00 PM,28,11,17
12/07/2015 11:00:00 PM,4,1,3
12/08/2015 12:00:00 AM,3,1,2
12/08/2015 01:00:00 AM,3,0,3
12/08/2015 02:00:00 AM,3,1,2
12/08/2015 03:00:00 AM,4,4,0
12/08/2015 04:00:00 AM,4,3,1
12/08/2015 05:00:00 AM,21,15,6
12/08/2015 06:00:00 AM,73,50,23
12/08/2015 07:00:00 AM,194,137,57
12/08/2015 08:00:00 AM,307,208,99
12/08/2015 09:00:00 AM,161,99,62
12/08/2015 10:00:00 AM,43,25,18
12/08/2015 11:00:00 AM,29,15,14
12/08/2015 12:00:00 PM,23,9,14
12/08/2015 01:00:00 PM,20,11,9
12/08/2015 02:00:00 PM,32,16,16
12/08/2015 03:00:00 PM,67,30,37
12/08/2015 04:00:00 PM,110,42,68
12/08/2015 05:00:00 PM,298,77,221
12/08/2015 06:00:00 PM,196,55,141
12/08/2015 07:00:00 PM,85,33,52
12/08/2015 08:00:00 PM,35,14,21
12/08/2015 09:00:00 PM,21,6,15
12/08/2015 10:00:00 PM,13,3,10
12/08/2015 11:00:00 PM,11,1,10
12/09/2015 12:00:00 AM,4,3,1
12/09/2015 01:00:00 AM,0,0,0
12/09/2015 02:00:00 AM,1,0,1
12/09/2015 03:00:00 AM,4,4,0
12/09/2015 04:00:00 AM,4,2,2
12/09/2015 05:00:00 AM,25,15,10
12/09/2015 06:00:00 AM,66,43,23
12/09/2015 07:00:00 AM,200,142,58
12/09/2015 08:00:00 AM,302,205,97
12/09/2015 09:00:00 AM,190,117,73
12/09/2015 10:00:00 AM,80,48,32
12/09/2015 11:00:00 AM,51,26,25
12/09/2015 12:00:00 PM,45,25,20
12/09/2015 01:00:00 PM,54,28,26
12/09/2015 02:00:00 PM,82,38,44
12/09/2015 03:00:00 PM,104,56,48
12/09/2015 04:00:00 PM,167,68,99
12/09/2015 05:00:00 PM,364,100,264
12/09/2015 06:00:00 PM,238,82,156
12/09/2015 07:00:00 PM,96,28,68
12/09/2015 08:00:00 PM,50,21,29
12/09/2015 09:00:00 PM,41,14,27
12/09/2015 10:00:00 PM,26,8,18
12/09/2015 11:00:00 PM,26,12,14
12/10/2015 12:00:00 AM,3,0,3
12/10/2015 01:00:00 AM,5,3,2
12/10/2015 02:00:00 AM,2,0,2
12/10/2015 03:00:00 AM,3,2,1
12/10/2015 04:00:00 AM,5,4,1
12/10/2015 05:00:00 AM,23,14,9
12/10/2015 06:00:00 AM,81,53,28
12/10/2015 07:00:00 AM,239,169,70
12/10/2015 08:00:00 AM,317,214,103
12/10/2015 09:00:00 AM,131,72,59
12/10/2015 10:00:00 AM,53,34,19
12/10/2015 11:00:00 AM,19,12,7
12/10/2015 12:00:00 PM,13,8,5
12/10/2015 01:00:00 PM,21,10,11
12/10/2015 02:00:00 PM,35,10,25
12/10/2015 03:00:00 PM,62,30,32
12/10/2015 04:00:00 PM,155,56,99
12/10/2015 05:00:00 PM,287,71,216
12/10/2015 06:00:00 PM,194,59,135
12/10/2015 07:00:00 PM,77,20,57
12/10/2015 08:00:00 PM,49,17,32
12/10/2015 09:00:00 PM,32,9,23
12/10/2015 10:00:00 PM,20,10,10
12/10/2015 11:00:00 PM,15,4,11
12/11/2015 12:00:00 AM,7,2,5
12/11/2015 01:00:00 AM,2,1,1
12/11/2015 02:00:00 AM,3,1,2
12/11/2015 03:00:00 AM,1,1,0
12/11/2015 04:00:00 AM,7,2,5
12/11/2015 05:00:00 AM,22,15,7
12/11/2015 06:00:00 AM,66,46,20
12/11/2015 07:00:00 AM,207,157,50
12/11/2015 08:00:00 AM,294,183,111
12/11/2015 09:00:00 AM,174,109,65
12/11/2015 10:00:00 AM,73,42,31
12/11/2015 11:00:00 AM,61,35,26
12/11/2015 12:00:00 PM,63,27,36
12/11/2015 01:00:00 PM,47,22,25
12/11/2015 02:00:00 PM,75,45,30
12/11/2015 03:00:00 PM,106,45,61
12/11/2015 04:00:00 PM,189,68,121
12/11/2015 05:00:00 PM,321,86,235
12/11/2015 06:00:00 PM,159,43,116
12/11/2015 07:00:00 PM,68,21,47
12/11/2015 08:00:00 PM,41,11,30
12/11/2015 09:00:00 PM,30,13,17
12/11/2015 10:00:00 PM,25,10,15
12/11/2015 11:00:00 PM,16,7,9
12/12/2015 12:00:00 AM,13,6,7
12/12/2015 01:00:00 AM,10,3,7
12/12/2015 02:00:00 AM,8,4,4
12/12/2015 03:00:00 AM,1,0,1
12/12/2015 04:00:00 AM,5,3,2
12/12/2015 05:00:00 AM,12,7,5
12/12/2015 06:00:00 AM,15,7,8
12/12/2015 07:00:00 AM,18,6,12
12/12/2015 08:00:00 AM,32,18,14
12/12/2015 09:00:00 AM,27,15,12
12/12/2015 10:00:00 AM,41,25,16
12/12/2015 11:00:00 AM,30,17,13
12/12/2015 12:00:00 PM,26,13,13
12/12/2015 01:00:00 PM,19,9,10
12/12/2015 02:00:00 PM,25,14,11
12/12/2015 03:00:00 PM,30,15,15
12/12/2015 04:00:00 PM,36,12,24
12/12/2015 05:00:00 PM,24,14,10
12/12/2015 06:00:00 PM,27,13,14
12/12/2015 07:00:00 PM,13,6,7
12/12/2015 08:00:00 PM,12,3,9
12/12/2015 09:00:00 PM,7,4,3
12/12/2015 10:00:00 PM,10,8,2
12/12/2015 11:00:00 PM,6,3,3
12/13/2015 12:00:00 AM,9,5,4
12/13/2015 01:00:00 AM,1,1,0
12/13/2015 02:00:00 AM,4,4,0
12/13/2015 03:00:00 AM,4,3,1
12/13/2015 04:00:00 AM,1,1,0
12/13/2015 05:00:00 AM,9,4,5
12/13/2015 06:00:00 AM,6,2,4
12/13/2015 07:00:00 AM,13,7,6
12/13/2015 08:00:00 AM,22,11,11
12/13/2015 09:00:00 AM,38,18,20
12/13/2015 10:00:00 AM,34,18,16
12/13/2015 11:00:00 AM,28,18,10
12/13/2015 12:00:00 PM,52,25,27
12/13/2015 01:00:00 PM,42,26,16
12/13/2015 02:00:00 PM,55,34,21
12/13/2015 03:00:00 PM,62,31,31
12/13/2015 04:00:00 PM,23,11,12
12/13/2015 05:00:00 PM,25,8,17
12/13/2015 06:00:00 PM,19,9,10
12/13/2015 07:00:00 PM,14,5,9
12/13/2015 08:00:00 PM,8,6,2
12/13/2015 09:00:00 PM,4,3,1
12/13/2015 10:00:00 PM,9,3,6
12/13/2015 11:00:00 PM,8,3,5
12/14/2015 12:00:00 AM,5,2,3
12/14/2015 01:00:00 AM,2,1,1
12/14/2015 02:00:00 AM,3,1,2
12/14/2015 03:00:00 AM,2,2,0
12/14/2015 04:00:00 AM,11,8,3
12/14/2015 05:00:00 AM,32,19,13
12/14/2015 06:00:00 AM,88,55,33
12/14/2015 07:00:00 AM,288,209,79
12/14/2015 08:00:00 AM,406,277,129
12/14/2015 09:00:00 AM,172,104,68
12/14/2015 10:00:00 AM,72,40,32
12/14/2015 11:00:00 AM,52,40,12
12/14/2015 12:00:00 PM,58,28,30
12/14/2015 01:00:00 PM,58,32,26
12/14/2015 02:00:00 PM,54,24,30
12/14/2015 03:00:00 PM,105,51,54
12/14/2015 04:00:00 PM,191,72,119
12/14/2015 05:00:00 PM,403,103,300
12/14/2015 06:00:00 PM,290,93,197
12/14/2015 07:00:00 PM,102,34,68
12/14/2015 08:00:00 PM,48,18,30
12/14/2015 09:00:00 PM,42,14,28
12/14/2015 10:00:00 PM,23,11,12
12/14/2015 11:00:00 PM,14,5,9
12/15/2015 12:00:00 AM,9,5,4
12/15/2015 01:00:00 AM,2,1,1
12/15/2015 02:00:00 AM,3,0,3
12/15/2015 03:00:00 AM,5,3,2
12/15/2015 04:00:00 AM,6,3,3
12/15/2015 05:00:00 AM,31,21,10
12/15/2015 06:00:00 AM,102,61,41
12/15/2015 07:00:00 AM,279,208,71
12/15/2015 08:00:00 AM,357,238,119
12/15/2015 09:00:00 AM,199,133,66
12/15/2015 10:00:00 AM,68,41,27
12/15/2015 11:00:00 AM,51,31,20
12/15/2015 12:00:00 PM,55,33,22
12/15/2015 01:00:00 PM,53,23,30
12/15/2015 02:00:00 PM,55,25,30
12/15/2015 03:00:00 PM,98,46,52
12/15/2015 04:00:00 PM,195,66,129
12/15/2015 05:00:00 PM,384,95,289
12/15/2015 06:00:00 PM,265,83,182
12/15/2015 07:00:00 PM,94,31,63
12/15/2015 08:00:00 PM,55,22,33
12/15/2015 09:00:00 PM,29,8,21
12/15/2015 10:00:00 PM,21,9,12
12/15/2015 11:00:00 PM,14,5,9
12/16/2015 12:00:00 AM,10,7,3
12/16/2015 01:00:00 AM,1,0,1
12/16/2015 02:00:00 AM,2,1,1
12/16/2015 03:00:00 AM,2,2,0
12/16/2015 04:00:00 AM,7,4,3
12/16/2015 05:00:00 AM,29,22,7
12/16/2015 06:00:00 AM,101,66,35
12/16/2015 07:00:00 AM,244,175,69
12/16/2015 08:00:00 AM,349,226,123
12/16/2015 09:00:00 AM,193,124,69
12/16/2015 10:00:00 AM,85,55,30
12/16/2015 11:00:00 AM,52,30,22
12/16/2015 12:00:00 PM,54,24,30
12/16/2015 01:00:00 PM,60,30,30
12/16/2015 02:00:00 PM,66,26,40
12/16/2015 03:00:00 PM,105,48,57
12/16/2015 04:00:00 PM,167,74,93
12/16/2015 05:00:00 PM,407,122,285
12/16/2015 06:00:00 PM,257,84,173
12/16/2015 07:00:00 PM,103,39,64
12/16/2015 08:00:00 PM,56,19,37
12/16/2015 09:00:00 PM,41,12,29
12/16/2015 10:00:00 PM,23,8,15
12/16/2015 11:00:00 PM,22,10,12
12/17/2015 12:00:00 AM,8,4,4
12/17/2015 01:00:00 AM,4,3,1
12/17/2015 02:00:00 AM,3,2,1
12/17/2015 03:00:00 AM,2,2,0
12/17/2015 04:00:00 AM,4,2,2
12/17/2015 05:00:00 AM,22,14,8
12/17/2015 06:00:00 AM,80,55,25
12/17/2015 07:00:00 AM,202,154,48
12/17/2015 08:00:00 AM,243,158,85
12/17/2015 09:00:00 AM,150,90,60
12/17/2015 10:00:00 AM,49,30,19
12/17/2015 11:00:00 AM,20,14,6
12/17/2015 12:00:00 PM,22,11,11
12/17/2015 01:00:00 PM,27,9,18
12/17/2015 02:00:00 PM,31,13,18
12/17/2015 03:00:00 PM,59,23,36
12/17/2015 04:00:00 PM,118,51,67
12/17/2015 05:00:00 PM,257,87,170
12/17/2015 06:00:00 PM,168,48,120
12/17/2015 07:00:00 PM,78,21,57
12/17/2015 08:00:00 PM,68,18,50
12/17/2015 09:00:00 PM,17,5,12
12/17/2015 10:00:00 PM,17,4,13
12/17/2015 11:00:00 PM,9,3,6
12/18/2015 12:00:00 AM,3,2,1
12/18/2015 01:00:00 AM,4,4,0
12/18/2015 02:00:00 AM,1,1,0
12/18/2015 03:00:00 AM,0,0,0
12/18/2015 04:00:00 AM,3,1,2
12/18/2015 05:00:00 AM,16,9,7
12/18/2015 06:00:00 AM,59,44,15
12/18/2015 07:00:00 AM,169,127,42
12/18/2015 08:00:00 AM,246,167,79
12/18/2015 09:00:00 AM,144,92,52
12/18/2015 10:00:00 AM,65,37,28
12/18/2015 11:00:00 AM,45,28,17
12/18/2015 12:00:00 PM,50,24,26
12/18/2015 01:00:00 PM,43,15,28
12/18/2015 02:00:00 PM,59,33,26
12/18/2015 03:00:00 PM,97,40,57
12/18/2015 04:00:00 PM,159,62,97
12/18/2015 05:00:00 PM,276,70,206
12/18/2015 06:00:00 PM,133,44,89
12/18/2015 07:00:00 PM,60,12,48
12/18/2015 08:00:00 PM,25,8,17
12/18/2015 09:00:00 PM,24,7,17
12/18/2015 10:00:00 PM,17,10,7
12/18/2015 11:00:00 PM,10,5,5
12/19/2015 12:00:00 AM,7,3,4
12/19/2015 01:00:00 AM,7,3,4
12/19/2015 02:00:00 AM,1,0,1
12/19/2015 03:00:00 AM,0,0,0
12/19/2015 04:00:00 AM,0,0,0
12/19/2015 05:00:00 AM,10,4,6
12/19/2015 06:00:00 AM,10,4,6
12/19/2015 07:00:00 AM,21,14,7
12/19/2015 08:00:00 AM,35,19,16
12/19/2015 09:00:00 AM,52,34,18
12/19/2015 10:00:00 AM,56,37,19
12/19/2015 11:00:00 AM,85,51,34
12/19/2015 12:00:00 PM,86,50,36
12/19/2015 01:00:00 PM,80,36,44
12/19/2015 02:00:00 PM,95,58,37
12/19/2015 03:00:00 PM,73,36,37
12/19/2015 04:00:00 PM,46,25,21
12/19/2015 05:00:00 PM,38,23,15
12/19/2015 06:00:00 PM,31,16,15
12/19/2015 07:00:00 PM,9,3,6
12/19/2015 08:00:00 PM,16,7,9
12/19/2015 09:00:00 PM,15,7,8
12/19/2015 10:00:00 PM,17,8,9
12/19/2015 11:00:00 PM,18,4,14
12/20/2015 12:00:00 AM,4,2,2
12/20/2015 01:00:00 AM,6,4,2
12/20/2015 02:00:00 AM,0,0,0
12/20/2015 03:00:00 AM,2,2,0
12/20/2015 04:00:00 AM,4,2,2
12/20/2015 05:00:00 AM,4,2,2
12/20/2015 06:00:00 AM,6,0,6
12/20/2015 07:00:00 AM,6,4,2
12/20/2015 08:00:00 AM,27,18,9
12/20/2015 09:00:00 AM,19,11,8
12/20/2015 10:00:00 AM,42,16,26
12/20/2015 11:00:00 AM,59,33,26
12/20/2015 12:00:00 PM,46,28,18
12/20/2015 01:00:00 PM,48,32,16
12/20/2015 02:00:00 PM,52,30,22
12/20/2015 03:00:00 PM,41,17,24
12/20/2015 04:00:00 PM,40,22,18
12/20/2015 05:00:00 PM,32,16,16
12/20/2015 06:00:00 PM,21,7,14
12/20/2015 07:00:00 PM,8,1,7
12/20/2015 08:00:00 PM,22,13,9
12/20/2015 09:00:00 PM,11,6,5
12/20/2015 10:00:00 PM,5,4,1
12/20/2015 11:00:00 PM,7,3,4
12/21/2015 12:00:00 AM,5,2,3
12/21/2015 01:00:00 AM,0,0,0
12/21/2015 02:00:00 AM,1,0,1
12/21/2015 03:00:00 AM,4,1,3
12/21/2015 04:00:00 AM,4,3,1
12/21/2015 05:00:00 AM,16,11,5
12/21/2015 06:00:00 AM,74,41,33
12/21/2015 07:00:00 AM,167,126,41
12/21/2015 08:00:00 AM,201,130,71
12/21/2015 09:00:00 AM,89,52,37
12/21/2015 10:00:00 AM,30,19,11
12/21/2015 11:00:00 AM,12,8,4
12/21/2015 12:00:00 PM,19,10,9
12/21/2015 01:00:00 PM,19,9,10
12/21/2015 02:00:00 PM,25,6,19
12/21/2015 03:00:00 PM,38,11,27
12/21/2015 04:00:00 PM,97,41,56
12/21/2015 05:00:00 PM,227,60,167
12/21/2015 06:00:00 PM,145,38,107
12/21/2015 07:00:00 PM,52,24,28
12/21/2015 08:00:00 PM,19,8,11
12/21/2015 09:00:00 PM,13,6,7
12/21/2015 10:00:00 PM,14,8,6
12/21/2015 11:00:00 PM,4,2,2
12/22/2015 12:00:00 AM,1,0,1
12/22/2015 01:00:00 AM,4,2,2
12/22/2015 02:00:00 AM,2,2,0
12/22/2015 03:00:00 AM,3,3,0
12/22/2015 04:00:00 AM,2,1,1
12/22/2015 05:00:00 AM,21,13,8
12/22/2015 06:00:00 AM,74,44,30
12/22/2015 07:00:00 AM,177,126,51
12/22/2015 08:00:00 AM,219,147,72
12/22/2015 09:00:00 AM,135,95,40
12/22/2015 10:00:00 AM,62,37,25
12/22/2015 11:00:00 AM,39,19,20
12/22/2015 12:00:00 PM,51,23,28
12/22/2015 01:00:00 PM,39,21,18
12/22/2015 02:00:00 PM,54,20,34
12/22/2015 03:00:00 PM,80,33,47
12/22/2015 04:00:00 PM,158,46,112
12/22/2015 05:00:00 PM,249,69,180
12/22/2015 06:00:00 PM,148,34,114
12/22/2015 07:00:00 PM,54,20,34
12/22/2015 08:00:00 PM,24,6,18
12/22/2015 09:00:00 PM,18,9,9
12/22/2015 10:00:00 PM,12,6,6
12/22/2015 11:00:00 PM,9,1,8
12/23/2015 12:00:00 AM,3,3,0
12/23/2015 01:00:00 AM,4,3,1
12/23/2015 02:00:00 AM,0,0,0
12/23/2015 03:00:00 AM,1,1,0
12/23/2015 04:00:00 AM,3,0,3
12/23/2015 05:00:00 AM,27,19,8
12/23/2015 06:00:00 AM,59,38,21
12/23/2015 07:00:00 AM,121,83,38
12/23/2015 08:00:00 AM,149,100,49
12/23/2015 09:00:00 AM,100,66,34
12/23/2015 10:00:00 AM,37,20,17
12/23/2015 11:00:00 AM,37,26,11
12/23/2015 12:00:00 PM,46,24,22
12/23/2015 01:00:00 PM,41,23,18
12/23/2015 02:00:00 PM,58,20,38
12/23/2015 03:00:00 PM,77,30,47
12/23/2015 04:00:00 PM,131,38,93
12/23/2015 05:00:00 PM,159,40,119
12/23/2015 06:00:00 PM,69,28,41
12/23/2015 07:00:00 PM,41,12,29
12/23/2015 08:00:00 PM,23,9,14
12/23/2015 09:00:00 PM,13,7,6
12/23/2015 10:00:00 PM,8,4,4
12/23/2015 11:00:00 PM,12,8,4
12/24/2015 12:00:00 AM,6,1,5
12/24/2015 01:00:00 AM,3,1,2
12/24/2015 02:00:00 AM,1,0,1
12/24/2015 03:00:00 AM,1,0,1
12/24/2015 04:00:00 AM,2,0,2
12/24/2015 05:00:00 AM,6,4,2
12/24/2015 06:00:00 AM,22,17,5
12/24/2015 07:00:00 AM,52,29,23
12/24/2015 08:00:00 AM,54,37,17
12/24/2015 09:00:00 AM,46,27,19
12/24/2015 10:00:00 AM,28,19,9
12/24/2015 11:00:00 AM,36,16,20
12/24/2015 12:00:00 PM,48,26,22
12/24/2015 01:00:00 PM,62,29,33
12/24/2015 02:00:00 PM,65,35,30
12/24/2015 03:00:00 PM,60,26,34
12/24/2015 04:00:00 PM,30,8,22
12/24/2015 05:00:00 PM,25,8,17
12/24/2015 06:00:00 PM,18,8,10
12/24/2015 07:00:00 PM,10,5,5
12/24/2015 08:00:00 PM,6,1,5
12/24/2015 09:00:00 PM,4,4,0
12/24/2015 10:00:00 PM,5,3,2
12/24/2015 11:00:00 PM,2,2,0
12/25/2015 12:00:00 AM,1,0,1
12/25/2015 01:00:00 AM,3,0,3
12/25/2015 02:00:00 AM,4,0,4
12/25/2015 03:00:00 AM,0,0,0
12/25/2015 04:00:00 AM,1,0,1
12/25/2015 05:00:00 AM,1,1,0
12/25/2015 06:00:00 AM,1,0,1
12/25/2015 07:00:00 AM,6,4,2
12/25/2015 08:00:00 AM,4,0,4
12/25/2015 09:00:00 AM,4,4,0
12/25/2015 10:00:00 AM,11,5,6
12/25/2015 11:00:00 AM,23,21,2
12/25/2015 12:00:00 PM,26,13,13
12/25/2015 01:00:00 PM,24,11,13
12/25/2015 02:00:00 PM,45,26,19
12/25/2015 03:00:00 PM,43,26,17
12/25/2015 04:00:00 PM,20,10,10
12/25/2015 05:00:00 PM,11,10,1
12/25/2015 06:00:00 PM,8,5,3
12/25/2015 07:00:00 PM,10,3,7
12/25/2015 08:00:00 PM,6,4,2
12/25/2015 09:00:00 PM,6,4,2
12/25/2015 10:00:00 PM,4,1,3
12/25/2015 11:00:00 PM,2,2,0
12/26/2015 12:00:00 AM,2,1,1
12/26/2015 01:00:00 AM,0,0,0
12/26/2015 02:00:00 AM,0,0,0
12/26/2015 03:00:00 AM,0,0,0
12/26/2015 04:00:00 AM,1,0,1
12/26/2015 05:00:00 AM,10,8,2
12/26/2015 06:00:00 AM,6,3,3
12/26/2015 07:00:00 AM,9,4,5
12/26/2015 08:00:00 AM,11,8,3
12/26/2015 09:00:00 AM,19,6,13
12/26/2015 10:00:00 AM,42,29,13
12/26/2015 11:00:00 AM,46,30,16
12/26/2015 12:00:00 PM,43,22,21
12/26/2015 01:00:00 PM,50,26,24
12/26/2015 02:00:00 PM,55,25,30
12/26/2015 03:00:00 PM,53,26,27
12/26/2015 04:00:00 PM,37,19,18
12/26/2015 05:00:00 PM,33,15,18
12/26/2015 06:00:00 PM,21,8,13
12/26/2015 07:00:00 PM,7,4,3
12/26/2015 08:00:00 PM,16,4,12
12/26/2015 09:00:00 PM,14,6,8
12/26/2015 10:00:00 PM,7,4,3
12/26/2015 11:00:00 PM,6,2,4
12/27/2015 12:00:00 AM,5,2,3
12/27/2015 01:00:00 AM,5,1,4
12/27/2015 02:00:00 AM,2,2,0
12/27/2015 03:00:00 AM,2,1,1
12/27/2015 04:00:00 AM,1,0,1
12/27/2015 05:00:00 AM,3,1,2
12/27/2015 06:00:00 AM,9,5,4
12/27/2015 07:00:00 AM,5,3,2
12/27/2015 08:00:00 AM,14,7,7
12/27/2015 09:00:00 AM,16,4,12
12/27/2015 10:00:00 AM,20,12,8
12/27/2015 11:00:00 AM,18,15,3
12/27/2015 12:00:00 PM,12,5,7
12/27/2015 01:00:00 PM,14,7,7
12/27/2015 02:00:00 PM,16,9,7
12/27/2015 03:00:00 PM,11,5,6
12/27/2015 04:00:00 PM,14,5,9
12/27/2015 05:00:00 PM,5,1,4
12/27/2015 06:00:00 PM,5,3,2
12/27/2015 07:00:00 PM,6,2,4
12/27/2015 08:00:00 PM,2,1,1
12/27/2015 09:00:00 PM,5,1,4
12/27/2015 10:00:00 PM,7,4,3
12/27/2015 11:00:00 PM,5,4,1
12/28/2015 12:00:00 AM,4,1,3
12/28/2015 01:00:00 AM,0,0,0
12/28/2015 02:00:00 AM,1,0,1
12/28/2015 03:00:00 AM,1,1,0
12/28/2015 04:00:00 AM,3,2,1
12/28/2015 05:00:00 AM,12,6,6
12/28/2015 06:00:00 AM,47,30,17
12/28/2015 07:00:00 AM,118,88,30
12/28/2015 08:00:00 AM,158,111,47
12/28/2015 09:00:00 AM,85,56,29
12/28/2015 10:00:00 AM,43,19,24
12/28/2015 11:00:00 AM,32,24,8
12/28/2015 12:00:00 PM,29,14,15
12/28/2015 01:00:00 PM,43,21,22
12/28/2015 02:00:00 PM,41,14,27
12/28/2015 03:00:00 PM,82,33,49
12/28/2015 04:00:00 PM,115,40,75
12/28/2015 05:00:00 PM,208,69,139
12/28/2015 06:00:00 PM,93,32,61
12/28/2015 07:00:00 PM,30,8,22
12/28/2015 08:00:00 PM,24,7,17
12/28/2015 09:00:00 PM,5,2,3
12/28/2015 10:00:00 PM,13,5,8
12/28/2015 11:00:00 PM,19,11,8
12/29/2015 12:00:00 AM,3,1,2
12/29/2015 01:00:00 AM,0,0,0
12/29/2015 02:00:00 AM,1,0,1
12/29/2015 03:00:00 AM,0,0,0
12/29/2015 04:00:00 AM,6,3,3
12/29/2015 05:00:00 AM,12,9,3
12/29/2015 06:00:00 AM,52,29,23
12/29/2015 07:00:00 AM,134,101,33
12/29/2015 08:00:00 AM,199,135,64
12/29/2015 09:00:00 AM,108,65,43
12/29/2015 10:00:00 AM,72,31,41
12/29/2015 11:00:00 AM,42,23,19
12/29/2015 12:00:00 PM,45,24,21
12/29/2015 01:00:00 PM,74,40,34
12/29/2015 02:00:00 PM,63,33,30
12/29/2015 03:00:00 PM,81,34,47
12/29/2015 04:00:00 PM,149,57,92
12/29/2015 05:00:00 PM,204,59,145
12/29/2015 06:00:00 PM,141,50,91
12/29/2015 07:00:00 PM,49,18,31
12/29/2015 08:00:00 PM,29,17,12
12/29/2015 09:00:00 PM,18,4,14
12/29/2015 10:00:00 PM,16,7,9
12/29/2015 11:00:00 PM,10,4,6
12/30/2015 12:00:00 AM,7,2,5
12/30/2015 01:00:00 AM,2,2,0
12/30/2015 02:00:00 AM,0,0,0
12/30/2015 03:00:00 AM,0,0,0
12/30/2015 04:00:00 AM,5,3,2
12/30/2015 05:00:00 AM,21,17,4
12/30/2015 06:00:00 AM,42,25,17
12/30/2015 07:00:00 AM,134,101,33
12/30/2015 08:00:00 AM,166,113,53
12/30/2015 09:00:00 AM,98,65,33
12/30/2015 10:00:00 AM,64,33,31
12/30/2015 11:00:00 AM,46,24,22
12/30/2015 12:00:00 PM,53,34,19
12/30/2015 01:00:00 PM,66,33,33
12/30/2015 02:00:00 PM,84,37,47
12/30/2015 03:00:00 PM,92,47,45
12/30/2015 04:00:00 PM,150,70,80
12/30/2015 05:00:00 PM,212,66,146
12/30/2015 06:00:00 PM,107,26,81
12/30/2015 07:00:00 PM,41,7,34
12/30/2015 08:00:00 PM,29,9,20
12/30/2015 09:00:00 PM,14,4,10
12/30/2015 10:00:00 PM,9,5,4
12/30/2015 11:00:00 PM,18,8,10
12/31/2015 12:00:00 AM,5,3,2
12/31/2015 01:00:00 AM,3,1,2
12/31/2015 02:00:00 AM,2,1,1
12/31/2015 03:00:00 AM,0,0,0
12/31/2015 04:00:00 AM,5,3,2
12/31/2015 05:00:00 AM,16,12,4
12/31/2015 06:00:00 AM,33,17,16
12/31/2015 07:00:00 AM,74,49,25
12/31/2015 08:00:00 AM,100,68,32
12/31/2015 09:00:00 AM,65,38,27
12/31/2015 10:00:00 AM,43,21,22
12/31/2015 11:00:00 AM,46,28,18
12/31/2015 12:00:00 PM,68,41,27
12/31/2015 01:00:00 PM,80,48,32
12/31/2015 02:00:00 PM,105,41,64
12/31/2015 03:00:00 PM,110,46,64
12/31/2015 04:00:00 PM,109,48,61
12/31/2015 05:00:00 PM,81,23,58
12/31/2015 06:00:00 PM,44,14,30
12/31/2015 07:00:00 PM,23,10,13
12/31/2015 08:00:00 PM,12,2,10
12/31/2015 09:00:00 PM,16,8,8
12/31/2015 10:00:00 PM,12,7,5
12/31/2015 11:00:00 PM,13,7,6
01/01/2016 12:00:00 AM,18,9,9
01/01/2016 01:00:00 AM,15,3,12
01/01/2016 02:00:00 AM,11,6,5
01/01/2016 03:00:00 AM,7,1,6
01/01/2016 04:00:00 AM,2,0,2
01/01/2016 05:00:00 AM,6,4,2
01/01/2016 06:00:00 AM,3,2,1
01/01/2016 07:00:00 AM,3,1,2
01/01/2016 08:00:00 AM,11,2,9
01/01/2016 09:00:00 AM,19,10,9
01/01/2016 10:00:00 AM,24,10,14
01/01/2016 11:00:00 AM,23,14,9
01/01/2016 12:00:00 PM,51,31,20
01/01/2016 01:00:00 PM,78,55,23
01/01/2016 02:00:00 PM,84,57,27
01/01/2016 03:00:00 PM,65,36,29
01/01/2016 04:00:00 PM,57,30,27
01/01/2016 05:00:00 PM,26,14,12
01/01/2016 06:00:00 PM,11,8,3
01/01/2016 07:00:00 PM,12,6,6
01/01/2016 08:00:00 PM,12,5,7
01/01/2016 09:00:00 PM,9,6,3
01/01/2016 10:00:00 PM,11,3,8
01/01/2016 11:00:00 PM,4,3,1
01/02/2016 12:00:00 AM,3,2,1
01/02/2016 01:00:00 AM,0,0,0
01/02/2016 02:00:00 AM,1,1,0
01/02/2016 03:00:00 AM,0,0,0
01/02/2016 04:00:00 AM,3,1,2
01/02/2016 05:00:00 AM,2,1,1
01/02/2016 06:00:00 AM,6,2,4
01/02/2016 07:00:00 AM,11,6,5
01/02/2016 08:00:00 AM,22,12,10
01/02/2016 09:00:00 AM,33,18,15
01/02/2016 10:00:00 AM,45,27,18
01/02/2016 11:00:00 AM,64,48,16
01/02/2016 12:00:00 PM,63,26,37
01/02/2016 01:00:00 PM,100,63,37
01/02/2016 02:00:00 PM,101,60,41
01/02/2016 03:00:00 PM,96,48,48
01/02/2016 04:00:00 PM,59,35,24
01/02/2016 05:00:00 PM,33,17,16
01/02/2016 06:00:00 PM,30,7,23
01/02/2016 07:00:00 PM,20,8,12
01/02/2016 08:00:00 PM,11,5,6
01/02/2016 09:00:00 PM,9,0,9
01/02/2016 10:00:00 PM,14,6,8
01/02/2016 11:00:00 PM,7,3,4
01/03/2016 12:00:00 AM,2,2,0
01/03/2016 01:00:00 AM,4,2,2
01/03/2016 02:00:00 AM,4,3,1
01/03/2016 03:00:00 AM,1,0,1
01/03/2016 04:00:00 AM,0,0,0
01/03/2016 05:00:00 AM,6,4,2
01/03/2016 06:00:00 AM,6,1,5
01/03/2016 07:00:00 AM,11,4,7
01/03/2016 08:00:00 AM,20,10,10
01/03/2016 09:00:00 AM,38,19,19
01/03/2016 10:00:00 AM,47,25,22
01/03/2016 11:00:00 AM,60,34,26
01/03/2016 12:00:00 PM,43,21,22
01/03/2016 01:00:00 PM,51,27,24
01/03/2016 02:00:00 PM,29,19,10
01/03/2016 03:00:00 PM,34,16,18
01/03/2016 04:00:00 PM,28,14,14
01/03/2016 05:00:00 PM,16,9,7
01/03/2016 06:00:00 PM,12,7,5
01/03/2016 07:00:00 PM,10,4,6
01/03/2016 08:00:00 PM,11,5,6
01/03/2016 09:00:00 PM,5,2,3
01/03/2016 10:00:00 PM,3,2,1
01/03/2016 11:00:00 PM,3,1,2
01/04/2016 12:00:00 AM,0,0,0
01/04/2016 01:00:00 AM,1,1,0
01/04/2016 02:00:00 AM,0,0,0
01/04/2016 03:00:00 AM,3,2,1
01/04/2016 04:00:00 AM,5,2,3
01/04/2016 05:00:00 AM,20,12,8
01/04/2016 06:00:00 AM,71,42,29
01/04/2016 07:00:00 AM,195,146,49
01/04/2016 08:00:00 AM,295,194,101
01/04/2016 09:00:00 AM,147,94,53
01/04/2016 10:00:00 AM,54,28,26
01/04/2016 11:00:00 AM,24,11,13
01/04/2016 12:00:00 PM,21,9,12
01/04/2016 01:00:00 PM,33,17,16
01/04/2016 02:00:00 PM,41,15,26
01/04/2016 03:00:00 PM,58,19,39
01/04/2016 04:00:00 PM,148,54,94
01/04/2016 05:00:00 PM,321,96,225
01/04/2016 06:00:00 PM,224,69,155
01/04/2016 07:00:00 PM,65,21,44
01/04/2016 08:00:00 PM,37,13,24
01/04/2016 09:00:00 PM,16,9,7
01/04/2016 10:00:00 PM,13,5,8
01/04/2016 11:00:00 PM,9,1,8
01/05/2016 12:00:00 AM,4,4,0
01/05/2016 01:00:00 AM,1,1,0
01/05/2016 02:00:00 AM,1,1,0
01/05/2016 03:00:00 AM,0,0,0
01/05/2016 04:00:00 AM,6,3,3
01/05/2016 05:00:00 AM,26,17,9
01/05/2016 06:00:00 AM,85,58,27
01/05/2016 07:00:00 AM,248,181,67
01/05/2016 08:00:00 AM,300,207,93
01/05/2016 09:00:00 AM,160,103,57
01/05/2016 10:00:00 AM,72,36,36
01/05/2016 11:00:00 AM,33,14,19
01/05/2016 12:00:00 PM,30,15,15
01/05/2016 01:00:00 PM,36,20,16
01/05/2016 02:00:00 PM,45,12,33
01/05/2016 03:00:00 PM,82,23,59
01/05/2016 04:00:00 PM,179,55,124
01/05/2016 05:00:00 PM,366,101,265
01/05/2016 06:00:00 PM,229,64,165
01/05/2016 07:00:00 PM,87,27,60
01/05/2016 08:00:00 PM,37,13,24
01/05/2016 09:00:00 PM,28,9,19
01/05/2016 10:00:00 PM,16,7,9
01/05/2016 11:00:00 PM,7,3,4
01/06/2016 12:00:00 AM,5,4,1
01/06/2016 01:00:00 AM,2,1,1
01/06/2016 02:00:00 AM,2,1,1
01/06/2016 03:00:00 AM,4,2,2
01/06/2016 04:00:00 AM,7,5,2
01/06/2016 05:00:00 AM,31,19,12
01/06/2016 06:00:00 AM,99,67,32
01/06/2016 07:00:00 AM,300,220,80
01/06/2016 08:00:00 AM,374,256,118
01/06/2016 09:00:00 AM,233,146,87
01/06/2016 10:00:00 AM,71,38,33
01/06/2016 11:00:00 AM,62,33,29
01/06/2016 12:00:00 PM,71,44,27
01/06/2016 01:00:00 PM,66,32,34
01/06/2016 02:00:00 PM,70,31,39
01/06/2016 03:00:00 PM,97,43,54
01/06/2016 04:00:00 PM,240,85,155
01/06/2016 05:00:00 PM,428,129,299
01/06/2016 06:00:00 PM,270,105,165
01/06/2016 07:00:00 PM,120,24,96
01/06/2016 08:00:00 PM,54,26,28
01/06/2016 09:00:00 PM,35,11,24
01/06/2016 10:00:00 PM,35,15,20
01/06/2016 11:00:00 PM,8,3,5
01/07/2016 12:00:00 AM,10,7,3
01/07/2016 01:00:00 AM,3,1,2
01/07/2016 02:00:00 AM,0,0,0
01/07/2016 03:00:00 AM,1,1,0
01/07/2016 04:00:00 AM,5,3,2
01/07/2016 05:00:00 AM,29,18,11
01/07/2016 06:00:00 AM,113,82,31
01/07/2016 07:00:00 AM,271,200,71
01/07/2016 08:00:00 AM,373,261,112
01/07/2016 09:00:00 AM,208,130,78
01/07/2016 10:00:00 AM,69,46,23
01/07/2016 11:00:00 AM,35,19,16
01/07/2016 12:00:00 PM,54,23,31
01/07/2016 01:00:00 PM,40,19,21
01/07/2016 02:00:00 PM,60,33,27
01/07/2016 03:00:00 PM,112,49,63
01/07/2016 04:00:00 PM,178,57,121
01/07/2016 05:00:00 PM,420,120,300
01/07/2016 06:00:00 PM,278,106,172
01/07/2016 07:00:00 PM,170,45,125
01/07/2016 08:00:00 PM,61,17,44
01/07/2016 09:00:00 PM,35,13,22
01/07/2016 10:00:00 PM,29,10,19
01/07/2016 11:00:00 PM,28,20,8
01/08/2016 12:00:00 AM,12,8,4
01/08/2016 01:00:00 AM,9,9,0
01/08/2016 02:00:00 AM,2,2,0
01/08/2016 03:00:00 AM,0,0,0
01/08/2016 04:00:00 AM,5,2,3
01/08/2016 05:00:00 AM,33,20,13
01/08/2016 06:00:00 AM,79,52,27
01/08/2016 07:00:00 AM,264,194,70
01/08/2016 08:00:00 AM,329,222,107
01/08/2016 09:00:00 AM,184,100,84
01/08/2016 10:00:00 AM,64,44,20
01/08/2016 11:00:00 AM,57,26,31
01/08/2016 12:00:00 PM,61,30,31
01/08/2016 01:00:00 PM,67,32,35
01/08/2016 02:00:00 PM,84,42,42
01/08/2016 03:00:00 PM,123,56,67
01/08/2016 04:00:00 PM,227,94,133
01/08/2016 05:00:00 PM,354,96,258
01/08/2016 06:00:00 PM,227,78,149
01/08/2016 07:00:00 PM,79,31,48
01/08/2016 08:00:00 PM,49,18,31
01/08/2016 09:00:00 PM,28,14,14
01/08/2016 10:00:00 PM,24,14,10
01/08/2016 11:00:00 PM,23,11,12
01/09/2016 12:00:00 AM,8,4,4
01/09/2016 01:00:00 AM,7,1,6
01/09/2016 02:00:00 AM,6,3,3
01/09/2016 03:00:00 AM,1,1,0
01/09/2016 04:00:00 AM,1,0,1
01/09/2016 05:00:00 AM,13,7,6
01/09/2016 06:00:00 AM,9,4,5
01/09/2016 07:00:00 AM,18,10,8
01/09/2016 08:00:00 AM,41,21,20
01/09/2016 09:00:00 AM,48,23,25
01/09/2016 10:00:00 AM,74,54,20
01/09/2016 11:00:00 AM,66,35,31
01/09/2016 12:00:00 PM,113,63,50
01/09/2016 01:00:00 PM,104,54,50
01/09/2016 02:00:00 PM,97,60,37
01/09/2016 03:00:00 PM,107,65,42
01/09/2016 04:00:00 PM,70,40,30
01/09/2016 05:00:00 PM,55,19,36
01/09/2016 06:00:00 PM,27,12,15
01/09/2016 07:00:00 PM,35,14,21
01/09/2016 08:00:00 PM,16,5,11
01/09/2016 09:00:00 PM,17,6,11
01/09/2016 10:00:00 PM,17,11,6
01/09/2016 11:00:00 PM,10,5,5
01/10/2016 12:00:00 AM,6,1,5
01/10/2016 01:00:00 AM,4,0,4
01/10/2016 02:00:00 AM,3,2,1
01/10/2016 03:00:00 AM,2,1,1
01/10/2016 04:00:00 AM,0,0,0
01/10/2016 05:00:00 AM,6,3,3
01/10/2016 06:00:00 AM,6,3,3
01/10/2016 07:00:00 AM,18,13,5
01/10/2016 08:00:00 AM,23,17,6
01/10/2016 09:00:00 AM,58,27,31
01/10/2016 10:00:00 AM,60,40,20
01/10/2016 11:00:00 AM,63,32,31
01/10/2016 12:00:00 PM,77,40,37
01/10/2016 01:00:00 PM,125,70,55
01/10/2016 02:00:00 PM,166,103,63
01/10/2016 03:00:00 PM,135,84,51
01/10/2016 04:00:00 PM,110,60,50
01/10/2016 05:00:00 PM,46,25,21
01/10/2016 06:00:00 PM,24,15,9
01/10/2016 07:00:00 PM,19,7,12
01/10/2016 08:00:00 PM,14,6,8
01/10/2016 09:00:00 PM,11,6,5
01/10/2016 10:00:00 PM,12,5,7
01/10/2016 11:00:00 PM,5,2,3
01/11/2016 12:00:00 AM,3,0,3
01/11/2016 01:00:00 AM,4,0,4
01/11/2016 02:00:00 AM,0,0,0
01/11/2016 03:00:00 AM,2,2,0
01/11/2016 04:00:00 AM,9,6,3
01/11/2016 05:00:00 AM,27,13,14
01/11/2016 06:00:00 AM,90,63,27
01/11/2016 07:00:00 AM,284,219,65
01/11/2016 08:00:00 AM,339,225,114
01/11/2016 09:00:00 AM,151,100,51
01/11/2016 10:00:00 AM,60,31,29
01/11/2016 11:00:00 AM,31,23,8
01/11/2016 12:00:00 PM,27,15,12
01/11/2016 01:00:00 PM,30,11,19
01/11/2016 02:00:00 PM,44,21,23
01/11/2016 03:00:00 PM,69,28,41
01/11/2016 04:00:00 PM,177,63,114
01/11/2016 05:00:00 PM,369,92,277
01/11/2016 06:00:00 PM,247,72,175
01/11/2016 07:00:00 PM,93,30,63
01/11/2016 08:00:00 PM,46,15,31
01/11/2016 09:00:00 PM,25,7,18
01/11/2016 10:00:00 PM,17,10,7
01/11/2016 11:00:00 PM,10,4,6
01/12/2016 12:00:00 AM,2,1,1
01/12/2016 01:00:00 AM,1,0,1
01/12/2016 02:00:00 AM,1,0,1
01/12/2016 03:00:00 AM,1,1,0
01/12/2016 04:00:00 AM,5,2,3
01/12/2016 05:00:00 AM,26,18,8
01/12/2016 06:00:00 AM,90,57,33
01/12/2016 07:00:00 AM,254,186,68
01/12/2016 08:00:00 AM,313,226,87
01/12/2016 09:00:00 AM,169,106,63
01/12/2016 10:00:00 AM,56,28,28
01/12/2016 11:00:00 AM,36,21,15
01/12/2016 12:00:00 PM,34,16,18
01/12/2016 01:00:00 PM,25,15,10
01/12/2016 02:00:00 PM,45,12,33
01/12/2016 03:00:00 PM,73,29,44
01/12/2016 04:00:00 PM,157,56,101
01/12/2016 05:00:00 PM,338,88,250
01/12/2016 06:00:00 PM,206,46,160
01/12/2016 07:00:00 PM,74,21,53
01/12/2016 08:00:00 PM,34,11,23
01/12/2016 09:00:00 PM,20,10,10
01/12/2016 10:00:00 PM,16,10,6
01/12/2016 11:00:00 PM,2,1,1
01/13/2016 12:00:00 AM,3,2,1
01/13/2016 01:00:00 AM,5,3,2
01/13/2016 02:00:00 AM,1,0,1
01/13/2016 03:00:00 AM,1,1,0
01/13/2016 04:00:00 AM,3,1,2
01/13/2016 05:00:00 AM,32,21,11
01/13/2016 06:00:00 AM,92,63,29
01/13/2016 07:00:00 AM,194,138,56
01/13/2016 08:00:00 AM,238,156,82
01/13/2016 09:00:00 AM,124,76,48
01/13/2016 10:00:00 AM,49,27,22
01/13/2016 11:00:00 AM,40,22,18
01/13/2016 12:00:00 PM,28,17,11
01/13/2016 01:00:00 PM,30,18,12
01/13/2016 02:00:00 PM,42,13,29
01/13/2016 03:00:00 PM,89,34,55
01/13/2016 04:00:00 PM,140,51,89
01/13/2016 05:00:00 PM,333,114,219
01/13/2016 06:00:00 PM,203,53,150
01/13/2016 07:00:00 PM,63,19,44
01/13/2016 08:00:00 PM,44,8,36
01/13/2016 09:00:00 PM,25,7,18
01/13/2016 10:00:00 PM,22,9,13
01/13/2016 11:00:00 PM,5,3,2
01/14/2016 12:00:00 AM,3,2,1
01/14/2016 01:00:00 AM,4,2,2
01/14/2016 02:00:00 AM,1,1,0
01/14/2016 03:00:00 AM,1,1,0
01/14/2016 04:00:00 AM,4,2,2
01/14/2016 05:00:00 AM,27,16,11
01/14/2016 06:00:00 AM,102,70,32
01/14/2016 07:00:00 AM,268,194,74
01/14/2016 08:00:00 AM,372,261,111
01/14/2016 09:00:00 AM,179,113,66
01/14/2016 10:00:00 AM,105,62,43
01/14/2016 11:00:00 AM,43,30,13
01/14/2016 12:00:00 PM,69,39,30
01/14/2016 01:00:00 PM,72,34,38
01/14/2016 02:00:00 PM,76,30,46
01/14/2016 03:00:00 PM,118,53,65
01/14/2016 04:00:00 PM,211,70,141
01/14/2016 05:00:00 PM,404,129,275
01/14/2016 06:00:00 PM,285,102,183
01/14/2016 07:00:00 PM,108,38,70
01/14/2016 08:00:00 PM,65,22,43
01/14/2016 09:00:00 PM,58,29,29
01/14/2016 10:00:00 PM,27,6,21
01/14/2016 11:00:00 PM,21,10,11
01/15/2016 12:00:00 AM,11,5,6
01/15/2016 01:00:00 AM,1,0,1
01/15/2016 02:00:00 AM,1,1,0
01/15/2016 03:00:00 AM,2,2,0
01/15/2016 04:00:00 AM,3,0,3
01/15/2016 05:00:00 AM,23,15,8
01/15/2016 06:00:00 AM,79,50,29
01/15/2016 07:00:00 AM,207,154,53
01/15/2016 08:00:00 AM,277,189,88
01/15/2016 09:00:00 AM,182,117,65
01/15/2016 10:00:00 AM,54,27,27
01/15/2016 11:00:00 AM,32,13,19
01/15/2016 12:00:00 PM,34,17,17
01/15/2016 01:00:00 PM,46,23,23
01/15/2016 02:00:00 PM,60,19,41
01/15/2016 03:00:00 PM,85,37,48
01/15/2016 04:00:00 PM,167,65,102
01/15/2016 05:00:00 PM,312,91,221
01/15/2016 06:00:00 PM,178,53,125
01/15/2016 07:00:00 PM,78,31,47
01/15/2016 08:00:00 PM,34,11,23
01/15/2016 09:00:00 PM,15,8,7
01/15/2016 10:00:00 PM,17,10,7
01/15/2016 11:00:00 PM,14,3,11
01/16/2016 12:00:00 AM,7,2,5
01/16/2016 01:00:00 AM,5,2,3
01/16/2016 02:00:00 AM,1,1,0
01/16/2016 03:00:00 AM,0,0,0
01/16/2016 04:00:00 AM,2,1,1
01/16/2016 05:00:00 AM,9,4,5
01/16/2016 06:00:00 AM,11,6,5
01/16/2016 07:00:00 AM,14,7,7
01/16/2016 08:00:00 AM,23,10,13
01/16/2016 09:00:00 AM,18,6,12
01/16/2016 10:00:00 AM,33,20,13
01/16/2016 11:00:00 AM,58,31,27
01/16/2016 12:00:00 PM,63,37,26
01/16/2016 01:00:00 PM,73,46,27
01/16/2016 02:00:00 PM,58,26,32
01/16/2016 03:00:00 PM,34,19,15
01/16/2016 04:00:00 PM,33,14,19
01/16/2016 05:00:00 PM,28,15,13
01/16/2016 06:00:00 PM,17,7,10
01/16/2016 07:00:00 PM,22,8,14
01/16/2016 08:00:00 PM,15,6,9
01/16/2016 09:00:00 PM,17,6,11
01/16/2016 10:00:00 PM,15,9,6
01/16/2016 11:00:00 PM,18,7,11
01/17/2016 12:00:00 AM,10,1,9
01/17/2016 01:00:00 AM,7,6,1
01/17/2016 02:00:00 AM,0,0,0
01/17/2016 03:00:00 AM,1,0,1
01/17/2016 04:00:00 AM,1,0,1
01/17/2016 05:00:00 AM,4,2,2
01/17/2016 06:00:00 AM,5,2,3
01/17/2016 07:00:00 AM,7,3,4
01/17/2016 08:00:00 AM,24,12,12
01/17/2016 09:00:00 AM,15,8,7
01/17/2016 10:00:00 AM,21,11,10
01/17/2016 11:00:00 AM,19,9,10
01/17/2016 12:00:00 PM,36,20,16
01/17/2016 01:00:00 PM,29,13,16
01/17/2016 02:00:00 PM,37,18,19
01/17/2016 03:00:00 PM,40,24,16
01/17/2016 04:00:00 PM,36,24,12
01/17/2016 05:00:00 PM,34,10,24
01/17/2016 06:00:00 PM,11,3,8
01/17/2016 07:00:00 PM,18,4,14
01/17/2016 08:00:00 PM,12,7,5
01/17/2016 09:00:00 PM,15,3,12
01/17/2016 10:00:00 PM,12,2,10
01/17/2016 11:00:00 PM,8,4,4
01/18/2016 12:00:00 AM,2,0,2
01/18/2016 01:00:00 AM,0,0,0
01/18/2016 02:00:00 AM,0,0,0
01/18/2016 03:00:00 AM,1,0,1
01/18/2016 04:00:00 AM,4,2,2
01/18/2016 05:00:00 AM,16,10,6
01/18/2016 06:00:00 AM,53,34,19
01/18/2016 07:00:00 AM,132,88,44
01/18/2016 08:00:00 AM,181,125,56
01/18/2016 09:00:00 AM,128,83,45
01/18/2016 10:00:00 AM,66,33,33
01/18/2016 11:00:00 AM,65,38,27
01/18/2016 12:00:00 PM,73,44,29
01/18/2016 01:00:00 PM,92,47,45
01/18/2016 02:00:00 PM,128,78,50
01/18/2016 03:00:00 PM,108,49,59
01/18/2016 04:00:00 PM,125,50,75
01/18/2016 05:00:00 PM,233,73,160
01/18/2016 06:00:00 PM,170,55,115
01/18/2016 07:00:00 PM,56,18,38
01/18/2016 08:00:00 PM,44,25,19
01/18/2016 09:00:00 PM,12,5,7
01/18/2016 10:00:00 PM,13,6,7
01/18/2016 11:00:00 PM,6,1,5
01/19/2016 12:00:00 AM,5,4,1
01/19/2016 01:00:00 AM,0,0,0
01/19/2016 02:00:00 AM,2,0,2
01/19/2016 03:00:00 AM,1,1,0
01/19/2016 04:00:00 AM,4,1,3
01/19/2016 05:00:00 AM,39,30,9
01/19/2016 06:00:00 AM,103,68,35
01/19/2016 07:00:00 AM,288,212,76
01/19/2016 08:00:00 AM,415,267,148
01/19/2016 09:00:00 AM,199,125,74
01/19/2016 10:00:00 AM,53,27,26
01/19/2016 11:00:00 AM,64,36,28
01/19/2016 12:00:00 PM,42,17,25
01/19/2016 01:00:00 PM,33,17,16
01/19/2016 02:00:00 PM,48,18,30
01/19/2016 03:00:00 PM,71,30,41
01/19/2016 04:00:00 PM,170,60,110
01/19/2016 05:00:00 PM,362,89,273
01/19/2016 06:00:00 PM,251,68,183
01/19/2016 07:00:00 PM,114,31,83
01/19/2016 08:00:00 PM,44,14,30
01/19/2016 09:00:00 PM,29,9,20
01/19/2016 10:00:00 PM,15,5,10
01/19/2016 11:00:00 PM,7,1,6
01/20/2016 12:00:00 AM,6,4,2
01/20/2016 01:00:00 AM,4,3,1
01/20/2016 02:00:00 AM,2,0,2
01/20/2016 03:00:00 AM,0,0,0
01/20/2016 04:00:00 AM,9,7,2
01/20/2016 05:00:00 AM,29,18,11
01/20/2016 06:00:00 AM,96,62,34
01/20/2016 07:00:00 AM,276,194,82
01/20/2016 08:00:00 AM,369,257,112
01/20/2016 09:00:00 AM,213,140,73
01/20/2016 10:00:00 AM,70,40,30
01/20/2016 11:00:00 AM,43,22,21
01/20/2016 12:00:00 PM,47,25,22
01/20/2016 01:00:00 PM,48,23,25
01/20/2016 02:00:00 PM,80,32,48
01/20/2016 03:00:00 PM,100,38,62
01/20/2016 04:00:00 PM,236,85,151
01/20/2016 05:00:00 PM,412,106,306
01/20/2016 06:00:00 PM,293,88,205
01/20/2016 07:00:00 PM,124,37,87
01/20/2016 08:00:00 PM,60,21,39
01/20/2016 09:00:00 PM,43,20,23
01/20/2016 10:00:00 PM,19,6,13
01/20/2016 11:00:00 PM,9,5,4
01/21/2016 12:00:00 AM,5,3,2
01/21/2016 01:00:00 AM,0,0,0
01/21/2016 02:00:00 AM,0,0,0
01/21/2016 03:00:00 AM,1,1,0
01/21/2016 04:00:00 AM,4,2,2
01/21/2016 05:00:00 AM,20,11,9
01/21/2016 06:00:00 AM,74,51,23
01/21/2016 07:00:00 AM,181,141,40
01/21/2016 08:00:00 AM,203,131,72
01/21/2016 09:00:00 AM,104,70,34
01/21/2016 10:00:00 AM,38,20,18
01/21/2016 11:00:00 AM,17,13,4
01/21/2016 12:00:00 PM,12,6,6
01/21/2016 01:00:00 PM,15,8,7
01/21/2016 02:00:00 PM,30,12,18
01/21/2016 03:00:00 PM,36,11,25
01/21/2016 04:00:00 PM,96,33,63
01/21/2016 05:00:00 PM,235,67,168
01/21/2016 06:00:00 PM,165,51,114
01/21/2016 07:00:00 PM,49,13,36
01/21/2016 08:00:00 PM,42,14,28
01/21/2016 09:00:00 PM,22,6,16
01/21/2016 10:00:00 PM,16,10,6
01/21/2016 11:00:00 PM,3,0,3
01/22/2016 12:00:00 AM,11,4,7
01/22/2016 01:00:00 AM,2,0,2
01/22/2016 02:00:00 AM,0,0,0
01/22/2016 03:00:00 AM,2,1,1
01/22/2016 04:00:00 AM,4,1,3
01/22/2016 05:00:00 AM,17,11,6
01/22/2016 06:00:00 AM,56,36,20
01/22/2016 07:00:00 AM,185,136,49
01/22/2016 08:00:00 AM,306,206,100
01/22/2016 09:00:00 AM,168,104,64
01/22/2016 10:00:00 AM,65,35,30
01/22/2016 11:00:00 AM,53,30,23
01/22/2016 12:00:00 PM,72,39,33
01/22/2016 01:00:00 PM,52,27,25
01/22/2016 02:00:00 PM,91,39,52
01/22/2016 03:00:00 PM,109,57,52
01/22/2016 04:00:00 PM,212,85,127
01/22/2016 05:00:00 PM,333,98,235
01/22/2016 06:00:00 PM,207,58,149
01/22/2016 07:00:00 PM,92,35,57
01/22/2016 08:00:00 PM,44,22,22
01/22/2016 09:00:00 PM,31,12,19
01/22/2016 10:00:00 PM,25,9,16
01/22/2016 11:00:00 PM,23,10,13
01/23/2016 12:00:00 AM,9,5,4
01/23/2016 01:00:00 AM,11,6,5
01/23/2016 02:00:00 AM,7,1,6
01/23/2016 03:00:00 AM,1,1,0
01/23/2016 04:00:00 AM,3,0,3
01/23/2016 05:00:00 AM,6,3,3
01/23/2016 06:00:00 AM,4,0,4
01/23/2016 07:00:00 AM,13,9,4
01/23/2016 08:00:00 AM,23,10,13
01/23/2016 09:00:00 AM,29,14,15
01/23/2016 10:00:00 AM,27,13,14
01/23/2016 11:00:00 AM,30,17,13
01/23/2016 12:00:00 PM,29,15,14
01/23/2016 01:00:00 PM,26,9,17
01/23/2016 02:00:00 PM,34,13,21
01/23/2016 03:00:00 PM,34,19,15
01/23/2016 04:00:00 PM,18,11,7
01/23/2016 05:00:00 PM,30,15,15
01/23/2016 06:00:00 PM,28,9,19
01/23/2016 07:00:00 PM,12,4,8
01/23/2016 08:00:00 PM,10,5,5
01/23/2016 09:00:00 PM,13,5,8
01/23/2016 10:00:00 PM,14,11,3
01/23/2016 11:00:00 PM,7,2,5
01/24/2016 12:00:00 AM,4,3,1
01/24/2016 01:00:00 AM,4,2,2
01/24/2016 02:00:00 AM,3,2,1
01/24/2016 03:00:00 AM,1,0,1
01/24/2016 04:00:00 AM,1,1,0
01/24/2016 05:00:00 AM,5,3,2
01/24/2016 06:00:00 AM,8,5,3
01/24/2016 07:00:00 AM,13,9,4
01/24/2016 08:00:00 AM,35,25,10
01/24/2016 09:00:00 AM,45,27,18
01/24/2016 10:00:00 AM,65,39,26
01/24/2016 11:00:00 AM,128,65,63
01/24/2016 12:00:00 PM,123,74,49
01/24/2016 01:00:00 PM,123,77,46
01/24/2016 02:00:00 PM,133,81,52
01/24/2016 03:00:00 PM,98,49,49
01/24/2016 04:00:00 PM,108,54,54
01/24/2016 05:00:00 PM,63,35,28
01/24/2016 06:00:00 PM,38,26,12
01/24/2016 07:00:00 PM,11,7,4
01/24/2016 08:00:00 PM,16,9,7
01/24/2016 09:00:00 PM,10,4,6
01/24/2016 10:00:00 PM,8,4,4
01/24/2016 11:00:00 PM,9,4,5
01/25/2016 12:00:00 AM,3,2,1
01/25/2016 01:00:00 AM,1,0,1
01/25/2016 02:00:00 AM,2,0,2
01/25/2016 03:00:00 AM,2,1,1
01/25/2016 04:00:00 AM,5,3,2
01/25/2016 05:00:00 AM,30,21,9
01/25/2016 06:00:00 AM,119,87,32
01/25/2016 07:00:00 AM,329,248,81
01/25/2016 08:00:00 AM,429,292,137
01/25/2016 09:00:00 AM,214,138,76
01/25/2016 10:00:00 AM,86,44,42
01/25/2016 11:00:00 AM,87,49,38
01/25/2016 12:00:00 PM,50,34,16
01/25/2016 01:00:00 PM,74,42,32
01/25/2016 02:00:00 PM,86,37,49
01/25/2016 03:00:00 PM,141,65,76
01/25/2016 04:00:00 PM,245,83,162
01/25/2016 05:00:00 PM,501,143,358
01/25/2016 06:00:00 PM,312,121,191
01/25/2016 07:00:00 PM,132,44,88
01/25/2016 08:00:00 PM,50,20,30
01/25/2016 09:00:00 PM,28,15,13
01/25/2016 10:00:00 PM,28,15,13
01/25/2016 11:00:00 PM,14,7,7
01/26/2016 12:00:00 AM,3,2,1
01/26/2016 01:00:00 AM,4,1,3
01/26/2016 02:00:00 AM,2,0,2
01/26/2016 03:00:00 AM,2,1,1
01/26/2016 04:00:00 AM,3,2,1
01/26/2016 05:00:00 AM,26,12,14
01/26/2016 06:00:00 AM,99,71,28
01/26/2016 07:00:00 AM,267,190,77
01/26/2016 08:00:00 AM,340,233,107
01/26/2016 09:00:00 AM,145,90,55
01/26/2016 10:00:00 AM,55,30,25
01/26/2016 11:00:00 AM,30,13,17
01/26/2016 12:00:00 PM,34,14,20
01/26/2016 01:00:00 PM,33,21,12
01/26/2016 02:00:00 PM,47,17,30
01/26/2016 03:00:00 PM,79,36,43
01/26/2016 04:00:00 PM,162,47,115
01/26/2016 05:00:00 PM,368,97,271
01/26/2016 06:00:00 PM,254,80,174
01/26/2016 07:00:00 PM,95,33,62
01/26/2016 08:00:00 PM,65,25,40
01/26/2016 09:00:00 PM,31,16,15
01/26/2016 10:00:00 PM,14,7,7
01/26/2016 11:00:00 PM,10,4,6
01/27/2016 12:00:00 AM,4,3,1
01/27/2016 01:00:00 AM,2,1,1
01/27/2016 02:00:00 AM,2,0,2
01/27/2016 03:00:00 AM,2,2,0
01/27/2016 04:00:00 AM,3,0,3
01/27/2016 05:00:00 AM,30,20,10
01/27/2016 06:00:00 AM,102,64,38
01/27/2016 07:00:00 AM,283,218,65
01/27/2016 08:00:00 AM,362,251,111
01/27/2016 09:00:00 AM,194,124,70
01/27/2016 10:00:00 AM,76,46,30
01/27/2016 11:00:00 AM,48,23,25
01/27/2016 12:00:00 PM,50,30,20
01/27/2016 01:00:00 PM,53,31,22
01/27/2016 02:00:00 PM,59,31,28
01/27/2016 03:00:00 PM,88,41,47
01/27/2016 04:00:00 PM,191,53,138
01/27/2016 05:00:00 PM,370,90,280
01/27/2016 06:00:00 PM,226,53,173
01/27/2016 07:00:00 PM,95,30,65
01/27/2016 08:00:00 PM,48,14,34
01/27/2016 09:00:00 PM,44,18,26
01/27/2016 10:00:00 PM,13,3,10
01/27/2016 11:00:00 PM,5,1,4
01/28/2016 12:00:00 AM,3,3,0
01/28/2016 01:00:00 AM,3,1,2
01/28/2016 02:00:00 AM,2,2,0
01/28/2016 03:00:00 AM,1,1,0
01/28/2016 04:00:00 AM,3,2,1
01/28/2016 05:00:00 AM,23,12,11
01/28/2016 06:00:00 AM,77,61,16
01/28/2016 07:00:00 AM,209,147,62
01/28/2016 08:00:00 AM,267,169,98
01/28/2016 09:00:00 AM,160,101,59
01/28/2016 10:00:00 AM,58,29,29
01/28/2016 11:00:00 AM,34,19,15
01/28/2016 12:00:00 PM,23,8,15
01/28/2016 01:00:00 PM,41,16,25
01/28/2016 02:00:00 PM,63,19,44
01/28/2016 03:00:00 PM,86,38,48
01/28/2016 04:00:00 PM,174,61,113
01/28/2016 05:00:00 PM,388,122,266
01/28/2016 06:00:00 PM,209,61,148
01/28/2016 07:00:00 PM,114,35,79
01/28/2016 08:00:00 PM,72,34,38
01/28/2016 09:00:00 PM,31,8,23
01/28/2016 10:00:00 PM,33,15,18
01/28/2016 11:00:00 PM,19,11,8
01/29/2016 12:00:00 AM,8,4,4
01/29/2016 01:00:00 AM,3,2,1
01/29/2016 02:00:00 AM,0,0,0
01/29/2016 03:00:00 AM,1,0,1
01/29/2016 04:00:00 AM,4,1,3
01/29/2016 05:00:00 AM,31,19,12
01/29/2016 06:00:00 AM,84,64,20
01/29/2016 07:00:00 AM,234,166,68
01/29/2016 08:00:00 AM,265,176,89
01/29/2016 09:00:00 AM,151,97,54
01/29/2016 10:00:00 AM,50,20,30
01/29/2016 11:00:00 AM,33,15,18
01/29/2016 12:00:00 PM,35,19,16
01/29/2016 01:00:00 PM,46,26,20
01/29/2016 02:00:00 PM,55,21,34
01/29/2016 03:00:00 PM,106,52,54
01/29/2016 04:00:00 PM,196,80,116
01/29/2016 05:00:00 PM,330,93,237
01/29/2016 06:00:00 PM,183,63,120
01/29/2016 07:00:00 PM,76,27,49
01/29/2016 08:00:00 PM,38,18,20
01/29/2016 09:00:00 PM,18,7,11
01/29/2016 10:00:00 PM,23,8,15
01/29/2016 11:00:00 PM,19,7,12
01/30/2016 12:00:00 AM,9,6,3
01/30/2016 01:00:00 AM,1,1,0
01/30/2016 02:00:00 AM,5,4,1
01/30/2016 03:00:00 AM,1,0,1
01/30/2016 04:00:00 AM,5,2,3
01/30/2016 05:00:00 AM,13,6,7
01/30/2016 06:00:00 AM,15,8,7
01/30/2016 07:00:00 AM,29,13,16
01/30/2016 08:00:00 AM,46,19,27
01/30/2016 09:00:00 AM,74,44,30
01/30/2016 10:00:00 AM,84,41,43
01/30/2016 11:00:00 AM,75,40,35
01/30/2016 12:00:00 PM,89,53,36
01/30/2016 01:00:00 PM,92,52,40
01/30/2016 02:00:00 PM,104,68,36
01/30/2016 03:00:00 PM,101,49,52
01/30/2016 04:00:00 PM,92,54,38
01/30/2016 05:00:00 PM,52,29,23
01/30/2016 06:00:00 PM,42,18,24
01/30/2016 07:00:00 PM,30,15,15
01/30/2016 08:00:00 PM,14,6,8
01/30/2016 09:00:00 PM,13,5,8
01/30/2016 10:00:00 PM,21,9,12
01/30/2016 11:00:00 PM,20,16,4
01/31/2016 12:00:00 AM,5,1,4
01/31/2016 01:00:00 AM,4,2,2
01/31/2016 02:00:00 AM,2,2,0
01/31/2016 03:00:00 AM,3,0,3
01/31/2016 04:00:00 AM,0,0,0
01/31/2016 05:00:00 AM,6,4,2
01/31/2016 06:00:00 AM,6,3,3
01/31/2016 07:00:00 AM,12,4,8
01/31/2016 08:00:00 AM,30,14,16
01/31/2016 09:00:00 AM,65,34,31
01/31/2016 10:00:00 AM,74,48,26
01/31/2016 11:00:00 AM,89,42,47
01/31/2016 12:00:00 PM,80,44,36
01/31/2016 01:00:00 PM,92,52,40
01/31/2016 02:00:00 PM,73,39,34
01/31/2016 03:00:00 PM,66,36,30
01/31/2016 04:00:00 PM,63,26,37
01/31/2016 05:00:00 PM,38,22,16
01/31/2016 06:00:00 PM,50,25,25
01/31/2016 07:00:00 PM,21,11,10
01/31/2016 08:00:00 PM,15,12,3
01/31/2016 09:00:00 PM,10,6,4
01/31/2016 10:00:00 PM,5,3,2
01/31/2016 11:00:00 PM,6,1,5
02/01/2016 12:00:00 AM,6,1,5
02/01/2016 01:00:00 AM,2,0,2
02/01/2016 02:00:00 AM,2,0,2
02/01/2016 03:00:00 AM,0,0,0
02/01/2016 04:00:00 AM,4,4,0
02/01/2016 05:00:00 AM,30,19,11
02/01/2016 06:00:00 AM,126,86,40
02/01/2016 07:00:00 AM,321,241,80
02/01/2016 08:00:00 AM,392,269,123
02/01/2016 09:00:00 AM,196,124,72
02/01/2016 10:00:00 AM,94,46,48
02/01/2016 11:00:00 AM,60,38,22
02/01/2016 12:00:00 PM,39,18,21
02/01/2016 01:00:00 PM,66,43,23
02/01/2016 02:00:00 PM,78,23,55
02/01/2016 03:00:00 PM,87,40,47
02/01/2016 04:00:00 PM,222,82,140
02/01/2016 05:00:00 PM,476,112,364
02/01/2016 06:00:00 PM,286,81,205
02/01/2016 07:00:00 PM,132,44,88
02/01/2016 08:00:00 PM,58,22,36
02/01/2016 09:00:00 PM,22,10,12
02/01/2016 10:00:00 PM,21,13,8
02/01/2016 11:00:00 PM,7,5,2
02/02/2016 12:00:00 AM,2,1,1
02/02/2016 01:00:00 AM,1,0,1
02/02/2016 02:00:00 AM,1,0,1
02/02/2016 03:00:00 AM,3,3,0
02/02/2016 04:00:00 AM,7,4,3
02/02/2016 05:00:00 AM,38,22,16
02/02/2016 06:00:00 AM,115,80,35
02/02/2016 07:00:00 AM,369,274,95
02/02/2016 08:00:00 AM,432,286,146
02/02/2016 09:00:00 AM,234,156,78
02/02/2016 10:00:00 AM,82,44,38
02/02/2016 11:00:00 AM,63,38,25
02/02/2016 12:00:00 PM,84,43,41
02/02/2016 01:00:00 PM,84,48,36
02/02/2016 02:00:00 PM,84,41,43
02/02/2016 03:00:00 PM,140,49,91
02/02/2016 04:00:00 PM,259,94,165
02/02/2016 05:00:00 PM,513,117,396
02/02/2016 06:00:00 PM,324,100,224
02/02/2016 07:00:00 PM,133,51,82
02/02/2016 08:00:00 PM,70,30,40
02/02/2016 09:00:00 PM,43,16,27
02/02/2016 10:00:00 PM,40,16,24
02/02/2016 11:00:00 PM,13,4,9
02/03/2016 12:00:00 AM,5,4,1
02/03/2016 01:00:00 AM,3,2,1
02/03/2016 02:00:00 AM,2,0,2
02/03/2016 03:00:00 AM,2,1,1
02/03/2016 04:00:00 AM,5,4,1
02/03/2016 05:00:00 AM,31,19,12
02/03/2016 06:00:00 AM,115,77,38
02/03/2016 07:00:00 AM,290,212,78
02/03/2016 08:00:00 AM,366,244,122
02/03/2016 09:00:00 AM,202,128,74
02/03/2016 10:00:00 AM,73,48,25
02/03/2016 11:00:00 AM,51,30,21
02/03/2016 12:00:00 PM,36,23,13
02/03/2016 01:00:00 PM,40,14,26
02/03/2016 02:00:00 PM,46,15,31
02/03/2016 03:00:00 PM,73,28,45
02/03/2016 04:00:00 PM,161,54,107
02/03/2016 05:00:00 PM,378,97,281
02/03/2016 06:00:00 PM,216,50,166
02/03/2016 07:00:00 PM,92,27,65
02/03/2016 08:00:00 PM,49,15,34
02/03/2016 09:00:00 PM,29,11,18
02/03/2016 10:00:00 PM,18,2,16
02/03/2016 11:00:00 PM,4,1,3
02/04/2016 12:00:00 AM,7,6,1
02/04/2016 01:00:00 AM,2,0,2
02/04/2016 02:00:00 AM,0,0,0
02/04/2016 03:00:00 AM,2,1,1
02/04/2016 04:00:00 AM,5,4,1
02/04/2016 05:00:00 AM,30,17,13
02/04/2016 06:00:00 AM,124,84,40
02/04/2016 07:00:00 AM,242,172,70
02/04/2016 08:00:00 AM,334,226,108
02/04/2016 09:00:00 AM,192,124,68
02/04/2016 10:00:00 AM,62,39,23
02/04/2016 11:00:00 AM,36,17,19
02/04/2016 12:00:00 PM,41,25,16
02/04/2016 01:00:00 PM,46,23,23
02/04/2016 02:00:00 PM,55,23,32
02/04/2016 03:00:00 PM,88,39,49
02/04/2016 04:00:00 PM,188,55,133
02/04/2016 05:00:00 PM,370,110,260
02/04/2016 06:00:00 PM,247,79,168
02/04/2016 07:00:00 PM,106,31,75
02/04/2016 08:00:00 PM,54,16,38
02/04/2016 09:00:00 PM,43,9,34
02/04/2016 10:00:00 PM,34,14,20
02/04/2016 11:00:00 PM,13,8,5
02/05/2016 12:00:00 AM,7,5,2
02/05/2016 01:00:00 AM,4,3,1
02/05/2016 02:00:00 AM,2,1,1
02/05/2016 03:00:00 AM,2,0,2
02/05/2016 04:00:00 AM,5,2,3
02/05/2016 05:00:00 AM,28,15,13
02/05/2016 06:00:00 AM,99,71,28
02/05/2016 07:00:00 AM,245,172,73
02/05/2016 08:00:00 AM,320,208,112
02/05/2016 09:00:00 AM,191,121,70
02/05/2016 10:00:00 AM,76,48,28
02/05/2016 11:00:00 AM,59,34,25
02/05/2016 12:00:00 PM,63,41,22
02/05/2016 01:00:00 PM,61,29,32
02/05/2016 02:00:00 PM,62,25,37
02/05/2016 03:00:00 PM,89,37,52
02/05/2016 04:00:00 PM,160,54,106
02/05/2016 05:00:00 PM,293,73,220
02/05/2016 06:00:00 PM,178,47,131
02/05/2016 07:00:00 PM,79,28,51
02/05/2016 08:00:00 PM,31,11,20
02/05/2016 09:00:00 PM,18,6,12
02/05/2016 10:00:00 PM,22,11,11
02/05/2016 11:00:00 PM,7,3,4
02/06/2016 12:00:00 AM,9,5,4
02/06/2016 01:00:00 AM,6,4,2
02/06/2016 02:00:00 AM,3,3,0
02/06/2016 03:00:00 AM,0,0,0
02/06/2016 04:00:00 AM,2,1,1
02/06/2016 05:00:00 AM,11,6,5
02/06/2016 06:00:00 AM,12,4,8
02/06/2016 07:00:00 AM,26,13,13
02/06/2016 08:00:00 AM,43,27,16
02/06/2016 09:00:00 AM,46,35,11
02/06/2016 10:00:00 AM,53,33,20
02/06/2016 11:00:00 AM,73,31,42
02/06/2016 12:00:00 PM,68,45,23
02/06/2016 01:00:00 PM,87,56,31
02/06/2016 02:00:00 PM,81,41,40
02/06/2016 03:00:00 PM,80,40,40
02/06/2016 04:00:00 PM,74,40,34
02/06/2016 05:00:00 PM,56,29,27
02/06/2016 06:00:00 PM,47,21,26
02/06/2016 07:00:00 PM,29,15,14
02/06/2016 08:00:00 PM,24,11,13
02/06/2016 09:00:00 PM,16,5,11
02/06/2016 10:00:00 PM,19,6,13
02/06/2016 11:00:00 PM,19,10,9
02/07/2016 12:00:00 AM,12,7,5
02/07/2016 01:00:00 AM,8,3,5
02/07/2016 02:00:00 AM,2,2,0
02/07/2016 03:00:00 AM,4,2,2
02/07/2016 04:00:00 AM,2,1,1
02/07/2016 05:00:00 AM,5,5,0
02/07/2016 06:00:00 AM,7,1,6
02/07/2016 07:00:00 AM,20,12,8
02/07/2016 08:00:00 AM,32,19,13
02/07/2016 09:00:00 AM,64,31,33
02/07/2016 10:00:00 AM,80,44,36
02/07/2016 11:00:00 AM,89,45,44
02/07/2016 12:00:00 PM,128,64,64
02/07/2016 01:00:00 PM,119,70,49
02/07/2016 02:00:00 PM,133,69,64
02/07/2016 03:00:00 PM,91,43,48
02/07/2016 04:00:00 PM,48,23,25
02/07/2016 05:00:00 PM,45,24,21
02/07/2016 06:00:00 PM,33,15,18
02/07/2016 07:00:00 PM,30,17,13
02/07/2016 08:00:00 PM,24,10,14
02/07/2016 09:00:00 PM,12,8,4
02/07/2016 10:00:00 PM,13,5,8
02/07/2016 11:00:00 PM,9,4,5
02/08/2016 12:00:00 AM,4,1,3
02/08/2016 01:00:00 AM,0,0,0
02/08/2016 02:00:00 AM,4,3,1
02/08/2016 03:00:00 AM,2,2,0
02/08/2016 04:00:00 AM,2,1,1
02/08/2016 05:00:00 AM,39,27,12
02/08/2016 06:00:00 AM,121,83,38
02/08/2016 07:00:00 AM,332,232,100
02/08/2016 08:00:00 AM,454,315,139
02/08/2016 09:00:00 AM,236,172,64
02/08/2016 10:00:00 AM,68,33,35
02/08/2016 11:00:00 AM,62,35,27
02/08/2016 12:00:00 PM,72,39,33
02/08/2016 01:00:00 PM,89,40,49
02/08/2016 02:00:00 PM,107,47,60
02/08/2016 03:00:00 PM,153,69,84
02/08/2016 04:00:00 PM,272,117,155
02/08/2016 05:00:00 PM,535,151,384
02/08/2016 06:00:00 PM,334,92,242
02/08/2016 07:00:00 PM,143,44,99
02/08/2016 08:00:00 PM,67,18,49
02/08/2016 09:00:00 PM,28,11,17
02/08/2016 10:00:00 PM,27,11,16
02/08/2016 11:00:00 PM,9,4,5
02/09/2016 12:00:00 AM,10,4,6
02/09/2016 01:00:00 AM,5,0,5
02/09/2016 02:00:00 AM,4,2,2
02/09/2016 03:00:00 AM,1,1,0
02/09/2016 04:00:00 AM,6,3,3
02/09/2016 05:00:00 AM,33,26,7
02/09/2016 06:00:00 AM,133,92,41
02/09/2016 07:00:00 AM,374,266,108
02/09/2016 08:00:00 AM,502,342,160
02/09/2016 09:00:00 AM,228,159,69
02/09/2016 10:00:00 AM,80,40,40
02/09/2016 11:00:00 AM,56,26,30
02/09/2016 12:00:00 PM,90,48,42
02/09/2016 01:00:00 PM,93,45,48
02/09/2016 02:00:00 PM,115,41,74
02/09/2016 03:00:00 PM,158,75,83
02/09/2016 04:00:00 PM,341,131,210
02/09/2016 05:00:00 PM,598,176,422
02/09/2016 06:00:00 PM,332,109,223
02/09/2016 07:00:00 PM,141,44,97
02/09/2016 08:00:00 PM,79,30,49
02/09/2016 09:00:00 PM,41,21,20
02/09/2016 10:00:00 PM,20,6,14
02/09/2016 11:00:00 PM,15,6,9
02/10/2016 12:00:00 AM,5,2,3
02/10/2016 01:00:00 AM,4,2,2
02/10/2016 02:00:00 AM,5,1,4
02/10/2016 03:00:00 AM,2,1,1
02/10/2016 04:00:00 AM,6,4,2
02/10/2016 05:00:00 AM,30,19,11
02/10/2016 06:00:00 AM,130,88,42
02/10/2016 07:00:00 AM,313,226,87
02/10/2016 08:00:00 AM,419,290,129
02/10/2016 09:00:00 AM,197,117,80
02/10/2016 10:00:00 AM,74,45,29
02/10/2016 11:00:00 AM,29,19,10
02/10/2016 12:00:00 PM,26,13,13
02/10/2016 01:00:00 PM,34,19,15
02/10/2016 02:00:00 PM,57,27,30
02/10/2016 03:00:00 PM,77,31,46
02/10/2016 04:00:00 PM,174,64,110
02/10/2016 05:00:00 PM,422,116,306
02/10/2016 06:00:00 PM,275,84,191
02/10/2016 07:00:00 PM,98,26,72
02/10/2016 08:00:00 PM,47,16,31
02/10/2016 09:00:00 PM,37,16,21
02/10/2016 10:00:00 PM,22,10,12
02/10/2016 11:00:00 PM,12,7,5
02/11/2016 12:00:00 AM,7,5,2
02/11/2016 01:00:00 AM,4,2,2
02/11/2016 02:00:00 AM,5,2,3
02/11/2016 03:00:00 AM,4,1,3
02/11/2016 04:00:00 AM,9,3,6
02/11/2016 05:00:00 AM,30,14,16
02/11/2016 06:00:00 AM,106,67,39
02/11/2016 07:00:00 AM,290,206,84
02/11/2016 08:00:00 AM,340,239,101
02/11/2016 09:00:00 AM,170,108,62
02/11/2016 10:00:00 AM,56,25,31
02/11/2016 11:00:00 AM,42,18,24
02/11/2016 12:00:00 PM,46,16,30
02/11/2016 01:00:00 PM,44,25,19
02/11/2016 02:00:00 PM,53,21,32
02/11/2016 03:00:00 PM,83,34,49
02/11/2016 04:00:00 PM,159,62,97
02/11/2016 05:00:00 PM,348,101,247
02/11/2016 06:00:00 PM,238,66,172
02/11/2016 07:00:00 PM,100,32,68
02/11/2016 08:00:00 PM,49,10,39
02/11/2016 09:00:00 PM,33,8,25
02/11/2016 10:00:00 PM,23,9,14
02/11/2016 11:00:00 PM,14,7,7
02/12/2016 12:00:00 AM,5,1,4
02/12/2016 01:00:00 AM,1,0,1
02/12/2016 02:00:00 AM,5,2,3
02/12/2016 03:00:00 AM,0,0,0
02/12/2016 04:00:00 AM,7,2,5
02/12/2016 05:00:00 AM,26,19,7
02/12/2016 06:00:00 AM,76,50,26
02/12/2016 07:00:00 AM,213,151,62
02/12/2016 08:00:00 AM,297,196,101
02/12/2016 09:00:00 AM,105,64,41
02/12/2016 10:00:00 AM,35,23,12
02/12/2016 11:00:00 AM,18,3,15
02/12/2016 12:00:00 PM,41,17,24
02/12/2016 01:00:00 PM,49,26,23
02/12/2016 02:00:00 PM,72,31,41
02/12/2016 03:00:00 PM,102,46,56
02/12/2016 04:00:00 PM,197,67,130
02/12/2016 05:00:00 PM,323,98,225
02/12/2016 06:00:00 PM,165,53,112
02/12/2016 07:00:00 PM,84,31,53
02/12/2016 08:00:00 PM,40,20,20
02/12/2016 09:00:00 PM,23,9,14
02/12/2016 10:00:00 PM,19,11,8
02/12/2016 11:00:00 PM,17,9,8
02/13/2016 12:00:00 AM,14,6,8
02/13/2016 01:00:00 AM,6,2,4
02/13/2016 02:00:00 AM,3,2,1
02/13/2016 03:00:00 AM,0,0,0
02/13/2016 04:00:00 AM,1,0,1
02/13/2016 05:00:00 AM,12,7,5
02/13/2016 06:00:00 AM,11,5,6
02/13/2016 07:00:00 AM,23,15,8
02/13/2016 08:00:00 AM,58,29,29
02/13/2016 09:00:00 AM,47,22,25
02/13/2016 10:00:00 AM,95,53,42
02/13/2016 11:00:00 AM,65,39,26
02/13/2016 12:00:00 PM,72,38,34
02/13/2016 01:00:00 PM,38,20,18
02/13/2016 02:00:00 PM,46,24,22
02/13/2016 03:00:00 PM,32,20,12
02/13/2016 04:00:00 PM,26,18,8
02/13/2016 05:00:00 PM,26,8,18
02/13/2016 06:00:00 PM,22,11,11
02/13/2016 07:00:00 PM,11,4,7
02/13/2016 08:00:00 PM,22,9,13
02/13/2016 09:00:00 PM,15,7,8
02/13/2016 10:00:00 PM,12,5,7
02/13/2016 11:00:00 PM,16,9,7
02/14/2016 12:00:00 AM,3,1,2
02/14/2016 01:00:00 AM,3,1,2
02/14/2016 02:00:00 AM,2,1,1
02/14/2016 03:00:00 AM,0,0,0
02/14/2016 04:00:00 AM,1,1,0
02/14/2016 05:00:00 AM,7,4,3
02/14/2016 06:00:00 AM,7,3,4
02/14/2016 07:00:00 AM,13,7,6
02/14/2016 08:00:00 AM,26,17,9
02/14/2016 09:00:00 AM,24,20,4
02/14/2016 10:00:00 AM,41,24,17
02/14/2016 11:00:00 AM,59,29,30
02/14/2016 12:00:00 PM,60,25,35
02/14/2016 01:00:00 PM,54,25,29
02/14/2016 02:00:00 PM,70,26,44
02/14/2016 03:00:00 PM,61,30,31
02/14/2016 04:00:00 PM,52,17,35
02/14/2016 05:00:00 PM,29,15,14
02/14/2016 06:00:00 PM,30,16,14
02/14/2016 07:00:00 PM,18,10,8
02/14/2016 08:00:00 PM,19,5,14
02/14/2016 09:00:00 PM,13,6,7
02/14/2016 10:00:00 PM,11,3,8
02/14/2016 11:00:00 PM,3,1,2
02/15/2016 12:00:00 AM,6,3,3
02/15/2016 01:00:00 AM,1,1,0
02/15/2016 02:00:00 AM,2,1,1
02/15/2016 03:00:00 AM,2,1,1
02/15/2016 04:00:00 AM,3,3,0
02/15/2016 05:00:00 AM,11,8,3
02/15/2016 06:00:00 AM,40,25,15
02/15/2016 07:00:00 AM,85,57,28
02/15/2016 08:00:00 AM,138,96,42
02/15/2016 09:00:00 AM,86,47,39
02/15/2016 10:00:00 AM,35,21,14
02/15/2016 11:00:00 AM,29,13,16
02/15/2016 12:00:00 PM,27,10,17
02/15/2016 01:00:00 PM,27,12,15
02/15/2016 02:00:00 PM,37,16,21
02/15/2016 03:00:00 PM,45,19,26
02/15/2016 04:00:00 PM,73,21,52
02/15/2016 05:00:00 PM,131,31,100
02/15/2016 06:00:00 PM,96,26,70
02/15/2016 07:00:00 PM,49,15,34
02/15/2016 08:00:00 PM,23,12,11
02/15/2016 09:00:00 PM,16,7,9
02/15/2016 10:00:00 PM,12,4,8
02/15/2016 11:00:00 PM,3,2,1
02/16/2016 12:00:00 AM,4,3,1
02/16/2016 01:00:00 AM,2,0,2
02/16/2016 02:00:00 AM,5,1,4
02/16/2016 03:00:00 AM,2,1,1
02/16/2016 04:00:00 AM,5,3,2
02/16/2016 05:00:00 AM,26,13,13
02/16/2016 06:00:00 AM,93,62,31
02/16/2016 07:00:00 AM,248,170,78
02/16/2016 08:00:00 AM,345,225,120
02/16/2016 09:00:00 AM,172,111,61
02/16/2016 10:00:00 AM,81,53,28
02/16/2016 11:00:00 AM,58,24,34
02/16/2016 12:00:00 PM,50,29,21
02/16/2016 01:00:00 PM,73,39,34
02/16/2016 02:00:00 PM,66,30,36
02/16/2016 03:00:00 PM,96,52,44
02/16/2016 04:00:00 PM,193,69,124
02/16/2016 05:00:00 PM,387,106,281
02/16/2016 06:00:00 PM,297,95,202
02/16/2016 07:00:00 PM,131,40,91
02/16/2016 08:00:00 PM,63,22,41
02/16/2016 09:00:00 PM,43,19,24
02/16/2016 10:00:00 PM,19,7,12
02/16/2016 11:00:00 PM,10,6,4
02/17/2016 12:00:00 AM,5,2,3
02/17/2016 01:00:00 AM,2,1,1
02/17/2016 02:00:00 AM,0,0,0
02/17/2016 03:00:00 AM,2,1,1
02/17/2016 04:00:00 AM,6,4,2
02/17/2016 05:00:00 AM,28,21,7
02/17/2016 06:00:00 AM,99,69,30
02/17/2016 07:00:00 AM,315,220,95
02/17/2016 08:00:00 AM,361,241,120
02/17/2016 09:00:00 AM,207,137,70
02/17/2016 10:00:00 AM,78,52,26
02/17/2016 11:00:00 AM,51,24,27
02/17/2016 12:00:00 PM,58,36,22
02/17/2016 01:00:00 PM,52,25,27
02/17/2016 02:00:00 PM,53,27,26
02/17/2016 03:00:00 PM,73,29,44
02/17/2016 04:00:00 PM,164,61,103
02/17/2016 05:00:00 PM,410,96,314
02/17/2016 06:00:00 PM,270,92,178
02/17/2016 07:00:00 PM,102,31,71
02/17/2016 08:00:00 PM,56,17,39
02/17/2016 09:00:00 PM,28,16,12
02/17/2016 10:00:00 PM,13,7,6
02/17/2016 11:00:00 PM,9,4,5
02/18/2016 12:00:00 AM,8,6,2
02/18/2016 01:00:00 AM,1,0,1
02/18/2016 02:00:00 AM,2,0,2
02/18/2016 03:00:00 AM,2,1,1
02/18/2016 04:00:00 AM,4,2,2
02/18/2016 05:00:00 AM,25,15,10
02/18/2016 06:00:00 AM,101,68,33
02/18/2016 07:00:00 AM,261,175,86
02/18/2016 08:00:00 AM,306,211,95
02/18/2016 09:00:00 AM,189,116,73
02/18/2016 10:00:00 AM,78,48,30
02/18/2016 11:00:00 AM,38,20,18
02/18/2016 12:00:00 PM,40,19,21
02/18/2016 01:00:00 PM,54,23,31
02/18/2016 02:00:00 PM,60,27,33
02/18/2016 03:00:00 PM,83,37,46
02/18/2016 04:00:00 PM,183,49,134
02/18/2016 05:00:00 PM,389,127,262
02/18/2016 06:00:00 PM,263,95,168
02/18/2016 07:00:00 PM,110,34,76
02/18/2016 08:00:00 PM,63,19,44
02/18/2016 09:00:00 PM,33,13,20
02/18/2016 10:00:00 PM,26,8,18
02/18/2016 11:00:00 PM,14,4,10
02/19/2016 12:00:00 AM,12,2,10
02/19/2016 01:00:00 AM,5,2,3
02/19/2016 02:00:00 AM,4,0,4
02/19/2016 03:00:00 AM,1,0,1
02/19/2016 04:00:00 AM,6,3,3
02/19/2016 05:00:00 AM,26,15,11
02/19/2016 06:00:00 AM,75,50,25
02/19/2016 07:00:00 AM,199,134,65
02/19/2016 08:00:00 AM,237,158,79
02/19/2016 09:00:00 AM,109,61,48
02/19/2016 10:00:00 AM,44,27,17
02/19/2016 11:00:00 AM,23,9,14
02/19/2016 12:00:00 PM,32,17,15
02/19/2016 01:00:00 PM,22,12,10
02/19/2016 02:00:00 PM,42,12,30
02/19/2016 03:00:00 PM,70,32,38
02/19/2016 04:00:00 PM,121,44,77
02/19/2016 05:00:00 PM,245,69,176
02/19/2016 06:00:00 PM,135,43,92
02/19/2016 07:00:00 PM,78,25,53
02/19/2016 08:00:00 PM,33,13,20
02/19/2016 09:00:00 PM,27,11,16
02/19/2016 10:00:00 PM,14,9,5
02/19/2016 11:00:00 PM,7,4,3
02/20/2016 12:00:00 AM,4,0,4
02/20/2016 01:00:00 AM,4,1,3
02/20/2016 02:00:00 AM,5,2,3
02/20/2016 03:00:00 AM,3,2,1
02/20/2016 04:00:00 AM,4,2,2
02/20/2016 05:00:00 AM,9,7,2
02/20/2016 06:00:00 AM,11,7,4
02/20/2016 07:00:00 AM,37,18,19
02/20/2016 08:00:00 AM,62,36,26
02/20/2016 09:00:00 AM,108,61,47
02/20/2016 10:00:00 AM,111,61,50
02/20/2016 11:00:00 AM,135,71,64
02/20/2016 12:00:00 PM,170,103,67
02/20/2016 01:00:00 PM,223,86,137
02/20/2016 02:00:00 PM,187,121,66
02/20/2016 03:00:00 PM,147,83,64
02/20/2016 04:00:00 PM,168,96,72
02/20/2016 05:00:00 PM,112,66,46
02/20/2016 06:00:00 PM,81,49,32
02/20/2016 07:00:00 PM,23,11,12
02/20/2016 08:00:00 PM,35,16,19
02/20/2016 09:00:00 PM,15,7,8
02/20/2016 10:00:00 PM,20,10,10
02/20/2016 11:00:00 PM,18,13,5
02/21/2016 12:00:00 AM,13,7,6
02/21/2016 01:00:00 AM,9,5,4
02/21/2016 02:00:00 AM,1,1,0
02/21/2016 03:00:00 AM,2,1,1
02/21/2016 04:00:00 AM,4,3,1
02/21/2016 05:00:00 AM,3,3,0
02/21/2016 06:00:00 AM,2,1,1
02/21/2016 07:00:00 AM,14,10,4
02/21/2016 08:00:00 AM,46,32,14
02/21/2016 09:00:00 AM,54,30,24
02/21/2016 10:00:00 AM,52,28,24
02/21/2016 11:00:00 AM,76,44,32
02/21/2016 12:00:00 PM,38,25,13
02/21/2016 01:00:00 PM,23,11,12
02/21/2016 02:00:00 PM,57,27,30
02/21/2016 03:00:00 PM,57,35,22
02/21/2016 04:00:00 PM,67,27,40
02/21/2016 05:00:00 PM,44,16,28
02/21/2016 06:00:00 PM,28,11,17
02/21/2016 07:00:00 PM,18,9,9
02/21/2016 08:00:00 PM,28,4,24
02/21/2016 09:00:00 PM,20,11,9
02/21/2016 10:00:00 PM,12,3,9
02/21/2016 11:00:00 PM,3,1,2
02/22/2016 12:00:00 AM,7,1,6
02/22/2016 01:00:00 AM,1,1,0
02/22/2016 02:00:00 AM,2,1,1
02/22/2016 03:00:00 AM,1,1,0
02/22/2016 04:00:00 AM,4,3,1
02/22/2016 05:00:00 AM,33,24,9
02/22/2016 06:00:00 AM,109,67,42
02/22/2016 07:00:00 AM,321,235,86
02/22/2016 08:00:00 AM,406,272,134
02/22/2016 09:00:00 AM,216,132,84
02/22/2016 10:00:00 AM,67,32,35
02/22/2016 11:00:00 AM,53,30,23
02/22/2016 12:00:00 PM,31,14,17
02/22/2016 01:00:00 PM,52,29,23
02/22/2016 02:00:00 PM,69,32,37
02/22/2016 03:00:00 PM,113,47,66
02/22/2016 04:00:00 PM,224,87,137
02/22/2016 05:00:00 PM,514,125,389
02/22/2016 06:00:00 PM,301,81,220
02/22/2016 07:00:00 PM,116,47,69
02/22/2016 08:00:00 PM,69,18,51
02/22/2016 09:00:00 PM,37,15,22
02/22/2016 10:00:00 PM,16,9,7
02/22/2016 11:00:00 PM,7,5,2
02/23/2016 12:00:00 AM,9,6,3
02/23/2016 01:00:00 AM,1,0,1
02/23/2016 02:00:00 AM,3,2,1
02/23/2016 03:00:00 AM,2,1,1
02/23/2016 04:00:00 AM,8,4,4
02/23/2016 05:00:00 AM,43,31,12
02/23/2016 06:00:00 AM,123,79,44
02/23/2016 07:00:00 AM,384,292,92
02/23/2016 08:00:00 AM,442,315,127
02/23/2016 09:00:00 AM,226,135,91
02/23/2016 10:00:00 AM,102,56,46
02/23/2016 11:00:00 AM,88,49,39
02/23/2016 12:00:00 PM,69,34,35
02/23/2016 01:00:00 PM,80,43,37
02/23/2016 02:00:00 PM,113,53,60
02/23/2016 03:00:00 PM,134,62,72
02/23/2016 04:00:00 PM,286,111,175
02/23/2016 05:00:00 PM,549,147,402
02/23/2016 06:00:00 PM,321,99,222
02/23/2016 07:00:00 PM,117,37,80
02/23/2016 08:00:00 PM,86,33,53
02/23/2016 09:00:00 PM,51,16,35
02/23/2016 10:00:00 PM,35,15,20
02/23/2016 11:00:00 PM,14,6,8
02/24/2016 12:00:00 AM,9,3,6
02/24/2016 01:00:00 AM,1,1,0
02/24/2016 02:00:00 AM,0,0,0
02/24/2016 03:00:00 AM,1,1,0
02/24/2016 04:00:00 AM,11,8,3
02/24/2016 05:00:00 AM,36,26,10
02/24/2016 06:00:00 AM,139,91,48
02/24/2016 07:00:00 AM,311,217,94
02/24/2016 08:00:00 AM,431,300,131
02/24/2016 09:00:00 AM,210,136,74
02/24/2016 10:00:00 AM,108,61,47
02/24/2016 11:00:00 AM,64,39,25
02/24/2016 12:00:00 PM,58,29,29
02/24/2016 01:00:00 PM,68,27,41
02/24/2016 02:00:00 PM,54,22,32
02/24/2016 03:00:00 PM,114,43,71
02/24/2016 04:00:00 PM,254,92,162
02/24/2016 05:00:00 PM,522,145,377
02/24/2016 06:00:00 PM,304,103,201
02/24/2016 07:00:00 PM,130,39,91
02/24/2016 08:00:00 PM,67,22,45
02/24/2016 09:00:00 PM,45,19,26
02/24/2016 10:00:00 PM,30,15,15
02/24/2016 11:00:00 PM,15,6,9
02/25/2016 12:00:00 AM,6,3,3
02/25/2016 01:00:00 AM,1,1,0
02/25/2016 02:00:00 AM,2,0,2
02/25/2016 03:00:00 AM,2,2,0
02/25/2016 04:00:00 AM,8,6,2
02/25/2016 05:00:00 AM,37,22,15
02/25/2016 06:00:00 AM,132,81,51
02/25/2016 07:00:00 AM,352,256,96
02/25/2016 08:00:00 AM,470,338,132
02/25/2016 09:00:00 AM,214,133,81
02/25/2016 10:00:00 AM,116,70,46
02/25/2016 11:00:00 AM,64,33,31
02/25/2016 12:00:00 PM,78,39,39
02/25/2016 01:00:00 PM,99,45,54
02/25/2016 02:00:00 PM,95,42,53
02/25/2016 03:00:00 PM,142,65,77
02/25/2016 04:00:00 PM,286,90,196
02/25/2016 05:00:00 PM,560,159,401
02/25/2016 06:00:00 PM,327,120,207
02/25/2016 07:00:00 PM,137,46,91
02/25/2016 08:00:00 PM,89,39,50
02/25/2016 09:00:00 PM,43,20,23
02/25/2016 10:00:00 PM,41,14,27
02/25/2016 11:00:00 PM,21,14,7
02/26/2016 12:00:00 AM,10,6,4
02/26/2016 01:00:00 AM,6,5,1
02/26/2016 02:00:00 AM,2,1,1
02/26/2016 03:00:00 AM,0,0,0
02/26/2016 04:00:00 AM,5,4,1
02/26/2016 05:00:00 AM,29,19,10
02/26/2016 06:00:00 AM,88,60,28
02/26/2016 07:00:00 AM,278,194,84
02/26/2016 08:00:00 AM,366,242,124
02/26/2016 09:00:00 AM,189,122,67
02/26/2016 10:00:00 AM,112,59,53
02/26/2016 11:00:00 AM,83,40,43
02/26/2016 12:00:00 PM,81,38,43
02/26/2016 01:00:00 PM,68,30,38
02/26/2016 02:00:00 PM,85,34,51
02/26/2016 03:00:00 PM,116,52,64
02/26/2016 04:00:00 PM,201,69,132
02/26/2016 05:00:00 PM,331,90,241
02/26/2016 06:00:00 PM,175,51,124
02/26/2016 07:00:00 PM,79,28,51
02/26/2016 08:00:00 PM,29,9,20
02/26/2016 09:00:00 PM,27,15,12
02/26/2016 10:00:00 PM,21,12,9
02/26/2016 11:00:00 PM,14,6,8
02/27/2016 12:00:00 AM,6,4,2
02/27/2016 01:00:00 AM,3,3,0
02/27/2016 02:00:00 AM,0,0,0
02/27/2016 03:00:00 AM,2,2,0
02/27/2016 04:00:00 AM,5,2,3
02/27/2016 05:00:00 AM,7,6,1
02/27/2016 06:00:00 AM,5,4,1
02/27/2016 07:00:00 AM,33,19,14
02/27/2016 08:00:00 AM,48,25,23
02/27/2016 09:00:00 AM,47,22,25
02/27/2016 10:00:00 AM,72,38,34
02/27/2016 11:00:00 AM,101,60,41
02/27/2016 12:00:00 PM,117,47,70
02/27/2016 01:00:00 PM,107,55,52
02/27/2016 02:00:00 PM,113,69,44
02/27/2016 03:00:00 PM,145,92,53
02/27/2016 04:00:00 PM,138,70,68
02/27/2016 05:00:00 PM,119,63,56
02/27/2016 06:00:00 PM,56,29,27
02/27/2016 07:00:00 PM,40,17,23
02/27/2016 08:00:00 PM,38,17,21
02/27/2016 09:00:00 PM,15,4,11
02/27/2016 10:00:00 PM,23,12,11
02/27/2016 11:00:00 PM,17,10,7
02/28/2016 12:00:00 AM,13,11,2
02/28/2016 01:00:00 AM,14,7,7
02/28/2016 02:00:00 AM,5,3,2
02/28/2016 03:00:00 AM,1,1,0
02/28/2016 04:00:00 AM,2,0,2
02/28/2016 05:00:00 AM,7,5,2
02/28/2016 06:00:00 AM,25,19,6
02/28/2016 07:00:00 AM,57,51,6
02/28/2016 08:00:00 AM,54,39,15
02/28/2016 09:00:00 AM,37,31,6
02/28/2016 10:00:00 AM,29,20,9
02/28/2016 11:00:00 AM,46,30,16
02/28/2016 12:00:00 PM,46,24,22
02/28/2016 01:00:00 PM,47,22,25
02/28/2016 02:00:00 PM,56,20,36
02/28/2016 03:00:00 PM,55,21,34
02/28/2016 04:00:00 PM,53,21,32
02/28/2016 05:00:00 PM,34,13,21
02/28/2016 06:00:00 PM,29,16,13
02/28/2016 07:00:00 PM,12,7,5
02/28/2016 08:00:00 PM,11,5,6
02/28/2016 09:00:00 PM,15,12,3
02/28/2016 10:00:00 PM,9,5,4
02/28/2016 11:00:00 PM,7,4,3
02/29/2016 12:00:00 AM,4,2,2
02/29/2016 01:00:00 AM,0,0,0
02/29/2016 02:00:00 AM,0,0,0
02/29/2016 03:00:00 AM,1,1,0
02/29/2016 04:00:00 AM,4,3,1
02/29/2016 05:00:00 AM,30,24,6
02/29/2016 06:00:00 AM,109,77,32
02/29/2016 07:00:00 AM,263,189,74
02/29/2016 08:00:00 AM,352,235,117
02/29/2016 09:00:00 AM,179,97,82
02/29/2016 10:00:00 AM,63,39,24
02/29/2016 11:00:00 AM,58,29,29
02/29/2016 12:00:00 PM,65,33,32
02/29/2016 01:00:00 PM,64,37,27
02/29/2016 02:00:00 PM,78,30,48
02/29/2016 03:00:00 PM,95,33,62
02/29/2016 04:00:00 PM,217,72,145
02/29/2016 05:00:00 PM,446,130,316
02/29/2016 06:00:00 PM,276,85,191
02/29/2016 07:00:00 PM,109,46,63
02/29/2016 08:00:00 PM,57,25,32
02/29/2016 09:00:00 PM,32,16,16
02/29/2016 10:00:00 PM,15,5,10
02/29/2016 11:00:00 PM,12,3,9
03/01/2016 12:00:00 AM,4,3,1
03/01/2016 01:00:00 AM,0,0,0
03/01/2016 02:00:00 AM,3,2,1
03/01/2016 03:00:00 AM,0,0,0
03/01/2016 04:00:00 AM,9,6,3
03/01/2016 05:00:00 AM,24,17,7
03/01/2016 06:00:00 AM,76,55,21
03/01/2016 07:00:00 AM,218,146,72
03/01/2016 08:00:00 AM,332,224,108
03/01/2016 09:00:00 AM,144,93,51
03/01/2016 10:00:00 AM,43,21,22
03/01/2016 11:00:00 AM,22,12,10
03/01/2016 12:00:00 PM,27,16,11
03/01/2016 01:00:00 PM,26,11,15
03/01/2016 02:00:00 PM,30,12,18
03/01/2016 03:00:00 PM,57,25,32
03/01/2016 04:00:00 PM,135,37,98
03/01/2016 05:00:00 PM,339,92,247
03/01/2016 06:00:00 PM,231,62,169
03/01/2016 07:00:00 PM,70,22,48
03/01/2016 08:00:00 PM,31,11,20
03/01/2016 09:00:00 PM,17,9,8
03/01/2016 10:00:00 PM,13,8,5
03/01/2016 11:00:00 PM,8,3,5
03/02/2016 12:00:00 AM,0,0,0
03/02/2016 01:00:00 AM,1,1,0
03/02/2016 02:00:00 AM,2,2,0
03/02/2016 03:00:00 AM,1,1,0
03/02/2016 04:00:00 AM,4,3,1
03/02/2016 05:00:00 AM,37,24,13
03/02/2016 06:00:00 AM,113,72,41
03/02/2016 07:00:00 AM,271,190,81
03/02/2016 08:00:00 AM,391,270,121
03/02/2016 09:00:00 AM,204,134,70
03/02/2016 10:00:00 AM,68,34,34
03/02/2016 11:00:00 AM,55,25,30
03/02/2016 12:00:00 PM,64,36,28
03/02/2016 01:00:00 PM,59,27,32
03/02/2016 02:00:00 PM,71,36,35
03/02/2016 03:00:00 PM,99,41,58
03/02/2016 04:00:00 PM,213,77,136
03/02/2016 05:00:00 PM,426,121,305
03/02/2016 06:00:00 PM,232,71,161
03/02/2016 07:00:00 PM,107,33,74
03/02/2016 08:00:00 PM,64,28,36
03/02/2016 09:00:00 PM,23,13,10
03/02/2016 10:00:00 PM,20,10,10
03/02/2016 11:00:00 PM,7,4,3
03/03/2016 12:00:00 AM,8,7,1
03/03/2016 01:00:00 AM,6,5,1
03/03/2016 02:00:00 AM,2,1,1
03/03/2016 03:00:00 AM,0,0,0
03/03/2016 04:00:00 AM,10,5,5
03/03/2016 05:00:00 AM,34,23,11
03/03/2016 06:00:00 AM,111,68,43
03/03/2016 07:00:00 AM,266,191,75
03/03/2016 08:00:00 AM,373,256,117
03/03/2016 09:00:00 AM,195,131,64
03/03/2016 10:00:00 AM,65,33,32
03/03/2016 11:00:00 AM,51,28,23
03/03/2016 12:00:00 PM,38,18,20
03/03/2016 01:00:00 PM,44,15,29
03/03/2016 02:00:00 PM,50,22,28
03/03/2016 03:00:00 PM,79,31,48
03/03/2016 04:00:00 PM,198,68,130
03/03/2016 05:00:00 PM,422,122,300
03/03/2016 06:00:00 PM,269,84,185
03/03/2016 07:00:00 PM,125,34,91
03/03/2016 08:00:00 PM,70,26,44
03/03/2016 09:00:00 PM,37,14,23
03/03/2016 10:00:00 PM,27,13,14
03/03/2016 11:00:00 PM,15,8,7
03/04/2016 12:00:00 AM,8,4,4
03/04/2016 01:00:00 AM,2,1,1
03/04/2016 02:00:00 AM,6,2,4
03/04/2016 03:00:00 AM,1,1,0
03/04/2016 04:00:00 AM,10,2,8
03/04/2016 05:00:00 AM,31,21,10
03/04/2016 06:00:00 AM,85,57,28
03/04/2016 07:00:00 AM,289,195,94
03/04/2016 08:00:00 AM,362,247,115
03/04/2016 09:00:00 AM,199,124,75
03/04/2016 10:00:00 AM,77,38,39
03/04/2016 11:00:00 AM,58,27,31
03/04/2016 12:00:00 PM,64,33,31
03/04/2016 01:00:00 PM,51,24,27
03/04/2016 02:00:00 PM,61,28,33
03/04/2016 03:00:00 PM,81,27,54
03/04/2016 04:00:00 PM,173,58,115
03/04/2016 05:00:00 PM,331,76,255
03/04/2016 06:00:00 PM,184,64,120
03/04/2016 07:00:00 PM,78,28,50
03/04/2016 08:00:00 PM,43,11,32
03/04/2016 09:00:00 PM,25,9,16
03/04/2016 10:00:00 PM,21,14,7
03/04/2016 11:00:00 PM,15,4,11
03/05/2016 12:00:00 AM,12,5,7
03/05/2016 01:00:00 AM,5,1,4
03/05/2016 02:00:00 AM,2,1,1
03/05/2016 03:00:00 AM,2,1,1
03/05/2016 04:00:00 AM,4,1,3
03/05/2016 05:00:00 AM,7,3,4
03/05/2016 06:00:00 AM,6,2,4
03/05/2016 07:00:00 AM,28,17,11
03/05/2016 08:00:00 AM,73,39,34
03/05/2016 09:00:00 AM,109,58,51
03/05/2016 10:00:00 AM,124,77,47
03/05/2016 11:00:00 AM,156,84,72
03/05/2016 12:00:00 PM,172,86,86
03/05/2016 01:00:00 PM,181,102,79
03/05/2016 02:00:00 PM,230,121,109
03/05/2016 03:00:00 PM,187,96,91
03/05/2016 04:00:00 PM,135,63,72
03/05/2016 05:00:00 PM,94,47,47
03/05/2016 06:00:00 PM,66,35,31
03/05/2016 07:00:00 PM,30,12,18
03/05/2016 08:00:00 PM,23,13,10
03/05/2016 09:00:00 PM,17,7,10
03/05/2016 10:00:00 PM,17,6,11
03/05/2016 11:00:00 PM,20,7,13
03/06/2016 12:00:00 AM,10,2,8
03/06/2016 01:00:00 AM,5,3,2
03/06/2016 02:00:00 AM,4,2,2
03/06/2016 03:00:00 AM,1,0,1
03/06/2016 04:00:00 AM,5,2,3
03/06/2016 05:00:00 AM,2,1,1
03/06/2016 06:00:00 AM,18,12,6
03/06/2016 07:00:00 AM,17,9,8
03/06/2016 08:00:00 AM,37,23,14
03/06/2016 09:00:00 AM,42,25,17
03/06/2016 10:00:00 AM,53,32,21
03/06/2016 11:00:00 AM,56,32,24
03/06/2016 12:00:00 PM,39,19,20
03/06/2016 01:00:00 PM,42,24,18
03/06/2016 02:00:00 PM,83,57,26
03/06/2016 03:00:00 PM,57,30,27
03/06/2016 04:00:00 PM,62,29,33
03/06/2016 05:00:00 PM,53,35,18
03/06/2016 06:00:00 PM,32,18,14
03/06/2016 07:00:00 PM,19,6,13
03/06/2016 08:00:00 PM,18,10,8
03/06/2016 09:00:00 PM,12,7,5
03/06/2016 10:00:00 PM,10,4,6
03/06/2016 11:00:00 PM,5,2,3
03/07/2016 12:00:00 AM,2,0,2
03/07/2016 01:00:00 AM,2,0,2
03/07/2016 02:00:00 AM,2,0,2
03/07/2016 03:00:00 AM,2,1,1
03/07/2016 04:00:00 AM,7,4,3
03/07/2016 05:00:00 AM,24,16,8
03/07/2016 06:00:00 AM,107,68,39
03/07/2016 07:00:00 AM,212,146,66
03/07/2016 08:00:00 AM,275,196,79
03/07/2016 09:00:00 AM,133,85,48
03/07/2016 10:00:00 AM,30,12,18
03/07/2016 11:00:00 AM,26,16,10
03/07/2016 12:00:00 PM,32,15,17
03/07/2016 01:00:00 PM,39,16,23
03/07/2016 02:00:00 PM,55,29,26
03/07/2016 03:00:00 PM,72,26,46
03/07/2016 04:00:00 PM,177,62,115
03/07/2016 05:00:00 PM,375,109,266
03/07/2016 06:00:00 PM,222,69,153
03/07/2016 07:00:00 PM,105,34,71
03/07/2016 08:00:00 PM,58,27,31
03/07/2016 09:00:00 PM,28,11,17
03/07/2016 10:00:00 PM,24,13,11
03/07/2016 11:00:00 PM,13,11,2
03/08/2016 12:00:00 AM,4,1,3
03/08/2016 01:00:00 AM,4,2,2
03/08/2016 02:00:00 AM,2,1,1
03/08/2016 03:00:00 AM,0,0,0
03/08/2016 04:00:00 AM,8,4,4
03/08/2016 05:00:00 AM,30,19,11
03/08/2016 06:00:00 AM,129,83,46
03/08/2016 07:00:00 AM,331,240,91
03/08/2016 08:00:00 AM,443,301,142
03/08/2016 09:00:00 AM,202,127,75
03/08/2016 10:00:00 AM,78,33,45
03/08/2016 11:00:00 AM,69,39,30
03/08/2016 12:00:00 PM,58,24,34
03/08/2016 01:00:00 PM,81,45,36
03/08/2016 02:00:00 PM,69,32,37
03/08/2016 03:00:00 PM,82,26,56
03/08/2016 04:00:00 PM,237,87,150
03/08/2016 05:00:00 PM,483,143,340
03/08/2016 06:00:00 PM,312,109,203
03/08/2016 07:00:00 PM,136,36,100
03/08/2016 08:00:00 PM,70,29,41
03/08/2016 09:00:00 PM,36,20,16
03/08/2016 10:00:00 PM,23,9,14
03/08/2016 11:00:00 PM,14,7,7
03/09/2016 12:00:00 AM,2,1,1
03/09/2016 01:00:00 AM,4,1,3
03/09/2016 02:00:00 AM,1,0,1
03/09/2016 03:00:00 AM,2,1,1
03/09/2016 04:00:00 AM,6,3,3
03/09/2016 05:00:00 AM,32,19,13
03/09/2016 06:00:00 AM,118,70,48
03/09/2016 07:00:00 AM,252,181,71
03/09/2016 08:00:00 AM,335,235,100
03/09/2016 09:00:00 AM,177,115,62
03/09/2016 10:00:00 AM,63,37,26
03/09/2016 11:00:00 AM,46,24,22
03/09/2016 12:00:00 PM,41,15,26
03/09/2016 01:00:00 PM,29,18,11
03/09/2016 02:00:00 PM,37,19,18
03/09/2016 03:00:00 PM,52,14,38
03/09/2016 04:00:00 PM,139,47,92
03/09/2016 05:00:00 PM,311,80,231
03/09/2016 06:00:00 PM,205,41,164
03/09/2016 07:00:00 PM,84,26,58
03/09/2016 08:00:00 PM,50,17,33
03/09/2016 09:00:00 PM,18,5,13
03/09/2016 10:00:00 PM,14,7,7
03/09/2016 11:00:00 PM,6,1,5
03/10/2016 12:00:00 AM,3,3,0
03/10/2016 01:00:00 AM,1,1,0
03/10/2016 02:00:00 AM,4,2,2
03/10/2016 03:00:00 AM,2,1,1
03/10/2016 04:00:00 AM,7,3,4
03/10/2016 05:00:00 AM,25,15,10
03/10/2016 06:00:00 AM,76,45,31
03/10/2016 07:00:00 AM,203,136,67
03/10/2016 08:00:00 AM,256,181,75
03/10/2016 09:00:00 AM,146,89,57
03/10/2016 10:00:00 AM,65,38,27
03/10/2016 11:00:00 AM,51,32,19
03/10/2016 12:00:00 PM,42,19,23
03/10/2016 01:00:00 PM,44,22,22
03/10/2016 02:00:00 PM,47,15,32
03/10/2016 03:00:00 PM,82,27,55
03/10/2016 04:00:00 PM,152,60,92
03/10/2016 05:00:00 PM,368,106,262
03/10/2016 06:00:00 PM,214,74,140
03/10/2016 07:00:00 PM,106,38,68
03/10/2016 08:00:00 PM,57,16,41
03/10/2016 09:00:00 PM,55,24,31
03/10/2016 10:00:00 PM,25,8,17
03/10/2016 11:00:00 PM,11,7,4
03/11/2016 12:00:00 AM,7,5,2
03/11/2016 01:00:00 AM,5,3,2
03/11/2016 02:00:00 AM,4,1,3
03/11/2016 03:00:00 AM,2,2,0
03/11/2016 04:00:00 AM,7,2,5
03/11/2016 05:00:00 AM,35,23,12
03/11/2016 06:00:00 AM,75,47,28
03/11/2016 07:00:00 AM,255,180,75
03/11/2016 08:00:00 AM,364,254,110
03/11/2016 09:00:00 AM,187,115,72
03/11/2016 10:00:00 AM,79,51,28
03/11/2016 11:00:00 AM,61,33,28
03/11/2016 12:00:00 PM,97,57,40
03/11/2016 01:00:00 PM,55,28,27
03/11/2016 02:00:00 PM,39,17,22
03/11/2016 03:00:00 PM,78,31,47
03/11/2016 04:00:00 PM,180,61,119
03/11/2016 05:00:00 PM,337,81,256
03/11/2016 06:00:00 PM,173,57,116
03/11/2016 07:00:00 PM,87,30,57
03/11/2016 08:00:00 PM,42,15,27
03/11/2016 09:00:00 PM,28,10,18
03/11/2016 10:00:00 PM,19,7,12
03/11/2016 11:00:00 PM,10,4,6
03/12/2016 12:00:00 AM,6,3,3
03/12/2016 01:00:00 AM,2,0,2
03/12/2016 02:00:00 AM,5,2,3
03/12/2016 03:00:00 AM,0,0,0
03/12/2016 04:00:00 AM,6,1,5
03/12/2016 05:00:00 AM,10,7,3
03/12/2016 06:00:00 AM,7,5,2
03/12/2016 07:00:00 AM,21,11,10
03/12/2016 08:00:00 AM,24,13,11
03/12/2016 09:00:00 AM,21,8,13
03/12/2016 10:00:00 AM,62,25,37
03/12/2016 11:00:00 AM,73,43,30
03/12/2016 12:00:00 PM,88,48,40
03/12/2016 01:00:00 PM,64,35,29
03/12/2016 02:00:00 PM,63,39,24
03/12/2016 03:00:00 PM,61,33,28
03/12/2016 04:00:00 PM,60,30,30
03/12/2016 05:00:00 PM,26,13,13
03/12/2016 06:00:00 PM,25,13,12
03/12/2016 07:00:00 PM,18,7,11
03/12/2016 08:00:00 PM,21,13,8
03/12/2016 09:00:00 PM,11,5,6
03/12/2016 10:00:00 PM,15,10,5
03/12/2016 11:00:00 PM,7,3,4
03/13/2016 12:00:00 AM,4,2,2
03/13/2016 01:00:00 AM,4,3,1
03/13/2016 02:00:00 AM,,,
03/13/2016 03:00:00 AM,1,1,0
03/13/2016 04:00:00 AM,0,0,0
03/13/2016 05:00:00 AM,2,0,2
03/13/2016 06:00:00 AM,5,3,2
03/13/2016 07:00:00 AM,8,4,4
03/13/2016 08:00:00 AM,21,11,10
03/13/2016 09:00:00 AM,23,9,14
03/13/2016 10:00:00 AM,16,7,9
03/13/2016 11:00:00 AM,16,6,10
03/13/2016 12:00:00 PM,19,7,12
03/13/2016 01:00:00 PM,29,21,8
03/13/2016 02:00:00 PM,28,13,15
03/13/2016 03:00:00 PM,36,17,19
03/13/2016 04:00:00 PM,24,12,12
03/13/2016 05:00:00 PM,22,14,8
03/13/2016 06:00:00 PM,30,14,16
03/13/2016 07:00:00 PM,11,6,5
03/13/2016 08:00:00 PM,13,9,4
03/13/2016 09:00:00 PM,9,2,7
03/13/2016 10:00:00 PM,10,7,3
03/13/2016 11:00:00 PM,3,2,1
03/14/2016 12:00:00 AM,2,0,2
03/14/2016 01:00:00 AM,2,1,1
03/14/2016 02:00:00 AM,2,0,2
03/14/2016 03:00:00 AM,1,1,0
03/14/2016 04:00:00 AM,6,4,2
03/14/2016 05:00:00 AM,23,16,7
03/14/2016 06:00:00 AM,86,56,30
03/14/2016 07:00:00 AM,218,161,57
03/14/2016 08:00:00 AM,324,226,98
03/14/2016 09:00:00 AM,181,113,68
03/14/2016 10:00:00 AM,53,26,27
03/14/2016 11:00:00 AM,41,20,21
03/14/2016 12:00:00 PM,40,22,18
03/14/2016 01:00:00 PM,45,26,19
03/14/2016 02:00:00 PM,58,27,31
03/14/2016 03:00:00 PM,103,48,55
03/14/2016 04:00:00 PM,145,62,83
03/14/2016 05:00:00 PM,353,89,264
03/14/2016 06:00:00 PM,270,95,175
03/14/2016 07:00:00 PM,99,20,79
03/14/2016 08:00:00 PM,56,25,31
03/14/2016 09:00:00 PM,18,5,13
03/14/2016 10:00:00 PM,11,6,5
03/14/2016 11:00:00 PM,10,5,5
03/15/2016 12:00:00 AM,4,1,3
03/15/2016 01:00:00 AM,1,0,1
03/15/2016 02:00:00 AM,3,0,3
03/15/2016 03:00:00 AM,0,0,0
03/15/2016 04:00:00 AM,3,2,1
03/15/2016 05:00:00 AM,30,18,12
03/15/2016 06:00:00 AM,116,80,36
03/15/2016 07:00:00 AM,252,195,57
03/15/2016 08:00:00 AM,354,240,114
03/15/2016 09:00:00 AM,193,133,60
03/15/2016 10:00:00 AM,76,33,43
03/15/2016 11:00:00 AM,60,32,28
03/15/2016 12:00:00 PM,34,15,19
03/15/2016 01:00:00 PM,50,25,25
03/15/2016 02:00:00 PM,56,25,31
03/15/2016 03:00:00 PM,104,49,55
03/15/2016 04:00:00 PM,179,72,107
03/15/2016 05:00:00 PM,434,123,311
03/15/2016 06:00:00 PM,313,90,223
03/15/2016 07:00:00 PM,127,45,82
03/15/2016 08:00:00 PM,64,23,41
03/15/2016 09:00:00 PM,41,24,17
03/15/2016 10:00:00 PM,30,20,10
03/15/2016 11:00:00 PM,15,6,9
03/16/2016 12:00:00 AM,12,6,6
03/16/2016 01:00:00 AM,4,0,4
03/16/2016 02:00:00 AM,5,2,3
03/16/2016 03:00:00 AM,1,1,0
03/16/2016 04:00:00 AM,4,2,2
03/16/2016 05:00:00 AM,31,21,10
03/16/2016 06:00:00 AM,104,68,36
03/16/2016 07:00:00 AM,304,222,82
03/16/2016 08:00:00 AM,443,311,132
03/16/2016 09:00:00 AM,234,139,95
03/16/2016 10:00:00 AM,110,63,47
03/16/2016 11:00:00 AM,63,32,31
03/16/2016 12:00:00 PM,64,31,33
03/16/2016 01:00:00 PM,78,38,40
03/16/2016 02:00:00 PM,68,29,39
03/16/2016 03:00:00 PM,109,51,58
03/16/2016 04:00:00 PM,243,83,160
03/16/2016 05:00:00 PM,514,149,365
03/16/2016 06:00:00 PM,400,136,264
03/16/2016 07:00:00 PM,148,56,92
03/16/2016 08:00:00 PM,92,32,60
03/16/2016 09:00:00 PM,48,26,22
03/16/2016 10:00:00 PM,30,14,16
03/16/2016 11:00:00 PM,5,4,1
03/17/2016 12:00:00 AM,7,4,3
03/17/2016 01:00:00 AM,2,0,2
03/17/2016 02:00:00 AM,1,0,1
03/17/2016 03:00:00 AM,1,1,0
03/17/2016 04:00:00 AM,2,0,2
03/17/2016 05:00:00 AM,29,16,13
03/17/2016 06:00:00 AM,127,84,43
03/17/2016 07:00:00 AM,291,212,79
03/17/2016 08:00:00 AM,427,304,123
03/17/2016 09:00:00 AM,236,149,87
03/17/2016 10:00:00 AM,105,52,53
03/17/2016 11:00:00 AM,64,32,32
03/17/2016 12:00:00 PM,93,45,48
03/17/2016 01:00:00 PM,82,40,42
03/17/2016 02:00:00 PM,104,48,56
03/17/2016 03:00:00 PM,147,79,68
03/17/2016 04:00:00 PM,244,92,152
03/17/2016 05:00:00 PM,526,167,359
03/17/2016 06:00:00 PM,393,143,250
03/17/2016 07:00:00 PM,157,62,95
03/17/2016 08:00:00 PM,83,27,56
03/17/2016 09:00:00 PM,50,23,27
03/17/2016 10:00:00 PM,46,24,22
03/17/2016 11:00:00 PM,31,17,14
03/18/2016 12:00:00 AM,11,6,5
03/18/2016 01:00:00 AM,5,1,4
03/18/2016 02:00:00 AM,0,0,0
03/18/2016 03:00:00 AM,0,0,0
03/18/2016 04:00:00 AM,7,2,5
03/18/2016 05:00:00 AM,30,17,13
03/18/2016 06:00:00 AM,85,62,23
03/18/2016 07:00:00 AM,249,180,69
03/18/2016 08:00:00 AM,359,255,104
03/18/2016 09:00:00 AM,219,132,87
03/18/2016 10:00:00 AM,117,59,58
03/18/2016 11:00:00 AM,70,41,29
03/18/2016 12:00:00 PM,96,54,42
03/18/2016 01:00:00 PM,84,47,37
03/18/2016 02:00:00 PM,115,48,67
03/18/2016 03:00:00 PM,161,66,95
03/18/2016 04:00:00 PM,252,90,162
03/18/2016 05:00:00 PM,411,135,276
03/18/2016 06:00:00 PM,292,97,195
03/18/2016 07:00:00 PM,106,32,74
03/18/2016 08:00:00 PM,63,28,35
03/18/2016 09:00:00 PM,37,15,22
03/18/2016 10:00:00 PM,29,13,16
03/18/2016 11:00:00 PM,13,8,5
03/19/2016 12:00:00 AM,13,7,6
03/19/2016 01:00:00 AM,7,2,5
03/19/2016 02:00:00 AM,6,2,4
03/19/2016 03:00:00 AM,3,2,1
03/19/2016 04:00:00 AM,3,0,3
03/19/2016 05:00:00 AM,8,2,6
03/19/2016 06:00:00 AM,15,8,7
03/19/2016 07:00:00 AM,36,20,16
03/19/2016 08:00:00 AM,57,25,32
03/19/2016 09:00:00 AM,101,53,48
03/19/2016 10:00:00 AM,140,88,52
03/19/2016 11:00:00 AM,120,70,50
03/19/2016 12:00:00 PM,100,60,40
03/19/2016 01:00:00 PM,153,71,82
03/19/2016 02:00:00 PM,121,76,45
03/19/2016 03:00:00 PM,132,66,66
03/19/2016 04:00:00 PM,123,79,44
03/19/2016 05:00:00 PM,123,65,58
03/19/2016 06:00:00 PM,73,37,36
03/19/2016 07:00:00 PM,51,18,33
03/19/2016 08:00:00 PM,33,19,14
03/19/2016 09:00:00 PM,38,24,14
03/19/2016 10:00:00 PM,24,19,5
03/19/2016 11:00:00 PM,14,2,12
03/20/2016 12:00:00 AM,5,3,2
03/20/2016 01:00:00 AM,6,3,3
03/20/2016 02:00:00 AM,3,2,1
03/20/2016 03:00:00 AM,0,0,0
03/20/2016 04:00:00 AM,2,2,0
03/20/2016 05:00:00 AM,5,4,1
03/20/2016 06:00:00 AM,4,3,1
03/20/2016 07:00:00 AM,13,6,7
03/20/2016 08:00:00 AM,32,19,13
03/20/2016 09:00:00 AM,53,28,25
03/20/2016 10:00:00 AM,55,29,26
03/20/2016 11:00:00 AM,59,38,21
03/20/2016 12:00:00 PM,32,25,7
03/20/2016 01:00:00 PM,37,19,18
03/20/2016 02:00:00 PM,42,23,19
03/20/2016 03:00:00 PM,46,18,28
03/20/2016 04:00:00 PM,32,10,22
03/20/2016 05:00:00 PM,35,14,21
03/20/2016 06:00:00 PM,19,6,13
03/20/2016 07:00:00 PM,20,4,16
03/20/2016 08:00:00 PM,19,6,13
03/20/2016 09:00:00 PM,11,8,3
03/20/2016 10:00:00 PM,7,4,3
03/20/2016 11:00:00 PM,4,3,1
03/21/2016 12:00:00 AM,2,1,1
03/21/2016 01:00:00 AM,5,3,2
03/21/2016 02:00:00 AM,1,1,0
03/21/2016 03:00:00 AM,0,0,0
03/21/2016 04:00:00 AM,3,1,2
03/21/2016 05:00:00 AM,21,13,8
03/21/2016 06:00:00 AM,105,66,39
03/21/2016 07:00:00 AM,233,166,67
03/21/2016 08:00:00 AM,315,218,97
03/21/2016 09:00:00 AM,151,92,59
03/21/2016 10:00:00 AM,43,25,18
03/21/2016 11:00:00 AM,26,13,13
03/21/2016 12:00:00 PM,29,19,10
03/21/2016 01:00:00 PM,39,20,19
03/21/2016 02:00:00 PM,36,13,23
03/21/2016 03:00:00 PM,67,27,40
03/21/2016 04:00:00 PM,138,42,96
03/21/2016 05:00:00 PM,391,102,289
03/21/2016 06:00:00 PM,268,68,200
03/21/2016 07:00:00 PM,87,25,62
03/21/2016 08:00:00 PM,42,20,22
03/21/2016 09:00:00 PM,22,6,16
03/21/2016 10:00:00 PM,18,5,13
03/21/2016 11:00:00 PM,6,1,5
03/22/2016 12:00:00 AM,2,1,1
03/22/2016 01:00:00 AM,1,0,1
03/22/2016 02:00:00 AM,1,1,0
03/22/2016 03:00:00 AM,3,3,0
03/22/2016 04:00:00 AM,5,3,2
03/22/2016 05:00:00 AM,31,19,12
03/22/2016 06:00:00 AM,112,70,42
03/22/2016 07:00:00 AM,298,208,90
03/22/2016 08:00:00 AM,366,259,107
03/22/2016 09:00:00 AM,183,115,68
03/22/2016 10:00:00 AM,67,34,33
03/22/2016 11:00:00 AM,43,27,16
03/22/2016 12:00:00 PM,63,30,33
03/22/2016 01:00:00 PM,67,31,36
03/22/2016 02:00:00 PM,74,31,43
03/22/2016 03:00:00 PM,102,43,59
03/22/2016 04:00:00 PM,221,79,142
03/22/2016 05:00:00 PM,419,119,300
03/22/2016 06:00:00 PM,300,98,202
03/22/2016 07:00:00 PM,114,33,81
03/22/2016 08:00:00 PM,74,30,44
03/22/2016 09:00:00 PM,36,17,19
03/22/2016 10:00:00 PM,20,9,11
03/22/2016 11:00:00 PM,9,2,7
03/23/2016 12:00:00 AM,6,3,3
03/23/2016 01:00:00 AM,3,1,2
03/23/2016 02:00:00 AM,3,1,2
03/23/2016 03:00:00 AM,4,1,3
03/23/2016 04:00:00 AM,4,3,1
03/23/2016 05:00:00 AM,28,19,9
03/23/2016 06:00:00 AM,104,68,36
03/23/2016 07:00:00 AM,250,177,73
03/23/2016 08:00:00 AM,350,238,112
03/23/2016 09:00:00 AM,209,122,87
03/23/2016 10:00:00 AM,72,42,30
03/23/2016 11:00:00 AM,47,20,27
03/23/2016 12:00:00 PM,33,20,13
03/23/2016 01:00:00 PM,42,16,26
03/23/2016 02:00:00 PM,36,20,16
03/23/2016 03:00:00 PM,84,28,56
03/23/2016 04:00:00 PM,168,59,109
03/23/2016 05:00:00 PM,401,110,291
03/23/2016 06:00:00 PM,287,63,224
03/23/2016 07:00:00 PM,108,29,79
03/23/2016 08:00:00 PM,53,18,35
03/23/2016 09:00:00 PM,22,10,12
03/23/2016 10:00:00 PM,13,7,6
03/23/2016 11:00:00 PM,9,5,4
03/24/2016 12:00:00 AM,7,2,5
03/24/2016 01:00:00 AM,2,1,1
03/24/2016 02:00:00 AM,2,1,1
03/24/2016 03:00:00 AM,1,1,0
03/24/2016 04:00:00 AM,3,2,1
03/24/2016 05:00:00 AM,25,17,8
03/24/2016 06:00:00 AM,113,83,30
03/24/2016 07:00:00 AM,250,180,70
03/24/2016 08:00:00 AM,385,259,126
03/24/2016 09:00:00 AM,185,117,68
03/24/2016 10:00:00 AM,104,61,43
03/24/2016 11:00:00 AM,64,41,23
03/24/2016 12:00:00 PM,74,39,35
03/24/2016 01:00:00 PM,59,31,28
03/24/2016 02:00:00 PM,65,29,36
03/24/2016 03:00:00 PM,109,53,56
03/24/2016 04:00:00 PM,219,78,141
03/24/2016 05:00:00 PM,443,140,303
03/24/2016 06:00:00 PM,290,103,187
03/24/2016 07:00:00 PM,122,46,76
03/24/2016 08:00:00 PM,79,25,54
03/24/2016 09:00:00 PM,30,8,22
03/24/2016 10:00:00 PM,27,15,12
03/24/2016 11:00:00 PM,11,8,3
03/25/2016 12:00:00 AM,11,2,9
03/25/2016 01:00:00 AM,4,2,2
03/25/2016 02:00:00 AM,2,0,2
03/25/2016 03:00:00 AM,1,1,0
03/25/2016 04:00:00 AM,7,5,2
03/25/2016 05:00:00 AM,29,17,12
03/25/2016 06:00:00 AM,95,65,30
03/25/2016 07:00:00 AM,248,183,65
03/25/2016 08:00:00 AM,361,226,135
03/25/2016 09:00:00 AM,191,127,64
03/25/2016 10:00:00 AM,96,50,46
03/25/2016 11:00:00 AM,52,30,22
03/25/2016 12:00:00 PM,79,35,44
03/25/2016 01:00:00 PM,75,38,37
03/25/2016 02:00:00 PM,108,50,58
03/25/2016 03:00:00 PM,144,60,84
03/25/2016 04:00:00 PM,234,87,147
03/25/2016 05:00:00 PM,424,112,312
03/25/2016 06:00:00 PM,257,96,161
03/25/2016 07:00:00 PM,128,46,82
03/25/2016 08:00:00 PM,47,16,31
03/25/2016 09:00:00 PM,54,12,42
03/25/2016 10:00:00 PM,28,14,14
03/25/2016 11:00:00 PM,16,6,10
03/26/2016 12:00:00 AM,9,5,4
03/26/2016 01:00:00 AM,4,1,3
03/26/2016 02:00:00 AM,12,5,7
03/26/2016 03:00:00 AM,2,0,2
03/26/2016 04:00:00 AM,3,0,3
03/26/2016 05:00:00 AM,8,4,4
03/26/2016 06:00:00 AM,18,9,9
03/26/2016 07:00:00 AM,36,20,16
03/26/2016 08:00:00 AM,45,22,23
03/26/2016 09:00:00 AM,87,43,44
03/26/2016 10:00:00 AM,84,43,41
03/26/2016 11:00:00 AM,140,96,44
03/26/2016 12:00:00 PM,187,86,101
03/26/2016 01:00:00 PM,221,119,102
03/26/2016 02:00:00 PM,223,110,113
03/26/2016 03:00:00 PM,186,95,91
03/26/2016 04:00:00 PM,151,78,73
03/26/2016 05:00:00 PM,120,61,59
03/26/2016 06:00:00 PM,113,48,65
03/26/2016 07:00:00 PM,73,45,28
03/26/2016 08:00:00 PM,29,14,15
03/26/2016 09:00:00 PM,18,9,9
03/26/2016 10:00:00 PM,17,8,9
03/26/2016 11:00:00 PM,19,6,13
03/27/2016 12:00:00 AM,8,4,4
03/27/2016 01:00:00 AM,8,3,5
03/27/2016 02:00:00 AM,5,2,3
03/27/2016 03:00:00 AM,3,1,2
03/27/2016 04:00:00 AM,2,1,1
03/27/2016 05:00:00 AM,1,1,0
03/27/2016 06:00:00 AM,6,2,4
03/27/2016 07:00:00 AM,8,5,3
03/27/2016 08:00:00 AM,30,17,13
03/27/2016 09:00:00 AM,34,23,11
03/27/2016 10:00:00 AM,33,15,18
03/27/2016 11:00:00 AM,30,20,10
03/27/2016 12:00:00 PM,25,18,7
03/27/2016 01:00:00 PM,35,19,16
03/27/2016 02:00:00 PM,48,25,23
03/27/2016 03:00:00 PM,39,24,15
03/27/2016 04:00:00 PM,40,17,23
03/27/2016 05:00:00 PM,24,9,15
03/27/2016 06:00:00 PM,19,8,11
03/27/2016 07:00:00 PM,15,5,10
03/27/2016 08:00:00 PM,10,5,5
03/27/2016 09:00:00 PM,12,7,5
03/27/2016 10:00:00 PM,9,4,5
03/27/2016 11:00:00 PM,2,1,1
03/28/2016 12:00:00 AM,2,0,2
03/28/2016 01:00:00 AM,1,1,0
03/28/2016 02:00:00 AM,2,0,2
03/28/2016 03:00:00 AM,1,1,0
03/28/2016 04:00:00 AM,7,5,2
03/28/2016 05:00:00 AM,35,24,11
03/28/2016 06:00:00 AM,131,87,44
03/28/2016 07:00:00 AM,330,242,88
03/28/2016 08:00:00 AM,488,339,149
03/28/2016 09:00:00 AM,216,135,81
03/28/2016 10:00:00 AM,66,31,35
03/28/2016 11:00:00 AM,42,24,18
03/28/2016 12:00:00 PM,42,26,16
03/28/2016 01:00:00 PM,55,22,33
03/28/2016 02:00:00 PM,56,28,28
03/28/2016 03:00:00 PM,101,43,58
03/28/2016 04:00:00 PM,242,85,157
03/28/2016 05:00:00 PM,541,145,396
03/28/2016 06:00:00 PM,390,135,255
03/28/2016 07:00:00 PM,198,77,121
03/28/2016 08:00:00 PM,79,31,48
03/28/2016 09:00:00 PM,51,20,31
03/28/2016 10:00:00 PM,24,13,11
03/28/2016 11:00:00 PM,11,4,7
03/29/2016 12:00:00 AM,6,2,4
03/29/2016 01:00:00 AM,5,2,3
03/29/2016 02:00:00 AM,2,2,0
03/29/2016 03:00:00 AM,2,0,2
03/29/2016 04:00:00 AM,8,3,5
03/29/2016 05:00:00 AM,36,23,13
03/29/2016 06:00:00 AM,152,100,52
03/29/2016 07:00:00 AM,395,286,109
03/29/2016 08:00:00 AM,544,372,172
03/29/2016 09:00:00 AM,273,156,117
03/29/2016 10:00:00 AM,109,52,57
03/29/2016 11:00:00 AM,81,47,34
03/29/2016 12:00:00 PM,100,53,47
03/29/2016 01:00:00 PM,94,58,36
03/29/2016 02:00:00 PM,89,45,44
03/29/2016 03:00:00 PM,175,86,89
03/29/2016 04:00:00 PM,323,119,204
03/29/2016 05:00:00 PM,649,194,455
03/29/2016 06:00:00 PM,447,147,300
03/29/2016 07:00:00 PM,224,101,123
03/29/2016 08:00:00 PM,108,36,72
03/29/2016 09:00:00 PM,61,25,36
03/29/2016 10:00:00 PM,31,11,20
03/29/2016 11:00:00 PM,12,4,8
03/30/2016 12:00:00 AM,7,5,2
03/30/2016 01:00:00 AM,4,1,3
03/30/2016 02:00:00 AM,6,3,3
03/30/2016 03:00:00 AM,3,2,1
03/30/2016 04:00:00 AM,8,6,2
03/30/2016 05:00:00 AM,38,24,14
03/30/2016 06:00:00 AM,151,102,49
03/30/2016 07:00:00 AM,432,315,117
03/30/2016 08:00:00 AM,518,365,153
03/30/2016 09:00:00 AM,297,172,125
03/30/2016 10:00:00 AM,103,60,43
03/30/2016 11:00:00 AM,121,64,57
03/30/2016 12:00:00 PM,97,51,46
03/30/2016 01:00:00 PM,95,49,46
03/30/2016 02:00:00 PM,114,55,59
03/30/2016 03:00:00 PM,170,79,91
03/30/2016 04:00:00 PM,353,124,229
03/30/2016 05:00:00 PM,726,262,464
03/30/2016 06:00:00 PM,530,193,337
03/30/2016 07:00:00 PM,249,94,155
03/30/2016 08:00:00 PM,120,59,61
03/30/2016 09:00:00 PM,86,42,44
03/30/2016 10:00:00 PM,46,19,27
03/30/2016 11:00:00 PM,27,12,15
03/31/2016 12:00:00 AM,14,5,9
03/31/2016 01:00:00 AM,3,2,1
03/31/2016 02:00:00 AM,1,0,1
03/31/2016 03:00:00 AM,2,1,1
03/31/2016 04:00:00 AM,6,3,3
03/31/2016 05:00:00 AM,40,30,10
03/31/2016 06:00:00 AM,139,95,44
03/31/2016 07:00:00 AM,438,323,115
03/31/2016 08:00:00 AM,527,359,168
03/31/2016 09:00:00 AM,298,174,124
03/31/2016 10:00:00 AM,144,76,68
03/31/2016 11:00:00 AM,97,61,36
03/31/2016 12:00:00 PM,114,64,50
03/31/2016 01:00:00 PM,105,53,52
03/31/2016 02:00:00 PM,125,63,62
03/31/2016 03:00:00 PM,170,84,86
03/31/2016 04:00:00 PM,369,120,249
03/31/2016 05:00:00 PM,658,198,460
03/31/2016 06:00:00 PM,486,180,306
03/31/2016 07:00:00 PM,225,102,123
03/31/2016 08:00:00 PM,105,49,56
03/31/2016 09:00:00 PM,65,31,34
03/31/2016 10:00:00 PM,41,21,20
03/31/2016 11:00:00 PM,26,10,16
04/01/2016 12:00:00 AM,13,6,7
04/01/2016 01:00:00 AM,8,5,3
04/01/2016 02:00:00 AM,6,4,2
04/01/2016 03:00:00 AM,5,2,3
04/01/2016 04:00:00 AM,2,0,2
04/01/2016 05:00:00 AM,35,22,13
04/01/2016 06:00:00 AM,137,94,43
04/01/2016 07:00:00 AM,362,256,106
04/01/2016 08:00:00 AM,499,346,153
04/01/2016 09:00:00 AM,243,150,93
04/01/2016 10:00:00 AM,140,77,63
04/01/2016 11:00:00 AM,98,54,44
04/01/2016 12:00:00 PM,130,72,58
04/01/2016 01:00:00 PM,117,49,68
04/01/2016 02:00:00 PM,173,83,90
04/01/2016 03:00:00 PM,210,96,114
04/01/2016 04:00:00 PM,431,158,273
04/01/2016 05:00:00 PM,602,178,424
04/01/2016 06:00:00 PM,316,113,203
04/01/2016 07:00:00 PM,181,74,107
04/01/2016 08:00:00 PM,80,28,52
04/01/2016 09:00:00 PM,51,22,29
04/01/2016 10:00:00 PM,37,22,15
04/01/2016 11:00:00 PM,40,17,23
04/02/2016 12:00:00 AM,23,11,12
04/02/2016 01:00:00 AM,11,7,4
04/02/2016 02:00:00 AM,5,2,3
04/02/2016 03:00:00 AM,1,0,1
04/02/2016 04:00:00 AM,2,1,1
04/02/2016 05:00:00 AM,8,5,3
04/02/2016 06:00:00 AM,30,13,17
04/02/2016 07:00:00 AM,34,16,18
04/02/2016 08:00:00 AM,61,36,25
04/02/2016 09:00:00 AM,95,50,45
04/02/2016 10:00:00 AM,115,56,59
04/02/2016 11:00:00 AM,133,58,75
04/02/2016 12:00:00 PM,172,99,73
04/02/2016 01:00:00 PM,159,91,68
04/02/2016 02:00:00 PM,174,97,77
04/02/2016 03:00:00 PM,239,118,121
04/02/2016 04:00:00 PM,168,91,77
04/02/2016 05:00:00 PM,169,76,93
04/02/2016 06:00:00 PM,135,87,48
04/02/2016 07:00:00 PM,79,30,49
04/02/2016 08:00:00 PM,62,29,33
04/02/2016 09:00:00 PM,39,22,17
04/02/2016 10:00:00 PM,27,12,15
04/02/2016 11:00:00 PM,27,7,20
04/03/2016 12:00:00 AM,16,7,9
04/03/2016 01:00:00 AM,5,3,2
04/03/2016 02:00:00 AM,7,3,4
04/03/2016 03:00:00 AM,4,2,2
04/03/2016 04:00:00 AM,2,1,1
04/03/2016 05:00:00 AM,11,3,8
04/03/2016 06:00:00 AM,93,26,67
04/03/2016 07:00:00 AM,101,32,69
04/03/2016 08:00:00 AM,62,40,22
04/03/2016 09:00:00 AM,111,69,42
04/03/2016 10:00:00 AM,185,121,64
04/03/2016 11:00:00 AM,183,112,71
04/03/2016 12:00:00 PM,171,113,58
04/03/2016 01:00:00 PM,231,125,106
04/03/2016 02:00:00 PM,178,96,82
04/03/2016 03:00:00 PM,201,102,99
04/03/2016 04:00:00 PM,173,96,77
04/03/2016 05:00:00 PM,153,81,72
04/03/2016 06:00:00 PM,90,51,39
04/03/2016 07:00:00 PM,63,32,31
04/03/2016 08:00:00 PM,52,26,26
04/03/2016 09:00:00 PM,17,9,8
04/03/2016 10:00:00 PM,14,4,10
04/03/2016 11:00:00 PM,4,4,0
04/04/2016 12:00:00 AM,1,1,0
04/04/2016 01:00:00 AM,1,0,1
04/04/2016 02:00:00 AM,1,0,1
04/04/2016 03:00:00 AM,0,0,0
04/04/2016 04:00:00 AM,4,3,1
04/04/2016 05:00:00 AM,30,22,8
04/04/2016 06:00:00 AM,110,68,42
04/04/2016 07:00:00 AM,300,221,79
04/04/2016 08:00:00 AM,439,312,127
04/04/2016 09:00:00 AM,216,132,84
04/04/2016 10:00:00 AM,98,47,51
04/04/2016 11:00:00 AM,49,24,25
04/04/2016 12:00:00 PM,57,34,23
04/04/2016 01:00:00 PM,52,31,21
04/04/2016 02:00:00 PM,55,26,29
04/04/2016 03:00:00 PM,81,35,46
04/04/2016 04:00:00 PM,199,66,133
04/04/2016 05:00:00 PM,497,131,366
04/04/2016 06:00:00 PM,304,109,195
04/04/2016 07:00:00 PM,152,51,101
04/04/2016 08:00:00 PM,70,33,37
04/04/2016 09:00:00 PM,46,20,26
04/04/2016 10:00:00 PM,31,18,13
04/04/2016 11:00:00 PM,11,3,8
04/05/2016 12:00:00 AM,6,3,3
04/05/2016 01:00:00 AM,4,1,3
04/05/2016 02:00:00 AM,3,2,1
04/05/2016 03:00:00 AM,1,0,1
04/05/2016 04:00:00 AM,8,5,3
04/05/2016 05:00:00 AM,42,30,12
04/05/2016 06:00:00 AM,137,95,42
04/05/2016 07:00:00 AM,413,295,118
04/05/2016 08:00:00 AM,527,368,159
04/05/2016 09:00:00 AM,257,150,107
04/05/2016 10:00:00 AM,96,56,40
04/05/2016 11:00:00 AM,77,42,35
04/05/2016 12:00:00 PM,67,34,33
04/05/2016 01:00:00 PM,61,28,33
04/05/2016 02:00:00 PM,83,38,45
04/05/2016 03:00:00 PM,122,56,66
04/05/2016 04:00:00 PM,291,104,187
04/05/2016 05:00:00 PM,600,167,433
04/05/2016 06:00:00 PM,386,126,260
04/05/2016 07:00:00 PM,192,69,123
04/05/2016 08:00:00 PM,94,31,63
04/05/2016 09:00:00 PM,42,24,18
04/05/2016 10:00:00 PM,23,7,16
04/05/2016 11:00:00 PM,12,6,6
04/06/2016 12:00:00 AM,6,0,6
04/06/2016 01:00:00 AM,6,2,4
04/06/2016 02:00:00 AM,3,0,3
04/06/2016 03:00:00 AM,2,1,1
04/06/2016 04:00:00 AM,9,5,4
04/06/2016 05:00:00 AM,42,29,13
04/06/2016 06:00:00 AM,136,100,36
04/06/2016 07:00:00 AM,457,330,127
04/06/2016 08:00:00 AM,541,380,161
04/06/2016 09:00:00 AM,255,141,114
04/06/2016 10:00:00 AM,143,77,66
04/06/2016 11:00:00 AM,87,49,38
04/06/2016 12:00:00 PM,105,57,48
04/06/2016 01:00:00 PM,77,36,41
04/06/2016 02:00:00 PM,110,59,51
04/06/2016 03:00:00 PM,182,83,99
04/06/2016 04:00:00 PM,367,143,224
04/06/2016 05:00:00 PM,730,228,502
04/06/2016 06:00:00 PM,503,180,323
04/06/2016 07:00:00 PM,225,80,145
04/06/2016 08:00:00 PM,111,51,60
04/06/2016 09:00:00 PM,66,38,28
04/06/2016 10:00:00 PM,32,18,14
04/06/2016 11:00:00 PM,25,13,12
04/07/2016 12:00:00 AM,7,3,4
04/07/2016 01:00:00 AM,6,3,3
04/07/2016 02:00:00 AM,2,1,1
04/07/2016 03:00:00 AM,2,1,1
04/07/2016 04:00:00 AM,8,4,4
04/07/2016 05:00:00 AM,48,32,16
04/07/2016 06:00:00 AM,171,123,48
04/07/2016 07:00:00 AM,446,332,114
04/07/2016 08:00:00 AM,581,413,168
04/07/2016 09:00:00 AM,262,153,109
04/07/2016 10:00:00 AM,128,70,58
04/07/2016 11:00:00 AM,121,65,56
04/07/2016 12:00:00 PM,124,68,56
04/07/2016 01:00:00 PM,119,65,54
04/07/2016 02:00:00 PM,139,70,69
04/07/2016 03:00:00 PM,208,93,115
04/07/2016 04:00:00 PM,444,157,287
04/07/2016 05:00:00 PM,724,224,500
04/07/2016 06:00:00 PM,504,184,320
04/07/2016 07:00:00 PM,256,93,163
04/07/2016 08:00:00 PM,127,56,71
04/07/2016 09:00:00 PM,80,38,42
04/07/2016 10:00:00 PM,41,21,20
04/07/2016 11:00:00 PM,35,16,19
04/08/2016 12:00:00 AM,18,11,7
04/08/2016 01:00:00 AM,7,1,6
04/08/2016 02:00:00 AM,5,5,0
04/08/2016 03:00:00 AM,1,1,0
04/08/2016 04:00:00 AM,10,5,5
04/08/2016 05:00:00 AM,44,34,10
04/08/2016 06:00:00 AM,129,91,38
04/08/2016 07:00:00 AM,377,265,112
04/08/2016 08:00:00 AM,483,335,148
04/08/2016 09:00:00 AM,298,175,123
04/08/2016 10:00:00 AM,136,71,65
04/08/2016 11:00:00 AM,96,52,44
04/08/2016 12:00:00 PM,107,55,52
04/08/2016 01:00:00 PM,113,53,60
04/08/2016 02:00:00 PM,125,66,59
04/08/2016 03:00:00 PM,184,74,110
04/08/2016 04:00:00 PM,375,133,242
04/08/2016 05:00:00 PM,622,187,435
04/08/2016 06:00:00 PM,344,121,223
04/08/2016 07:00:00 PM,172,71,101
04/08/2016 08:00:00 PM,117,59,58
04/08/2016 09:00:00 PM,55,26,29
04/08/2016 10:00:00 PM,36,13,23
04/08/2016 11:00:00 PM,29,17,12
04/09/2016 12:00:00 AM,23,8,15
04/09/2016 01:00:00 AM,18,7,11
04/09/2016 02:00:00 AM,7,5,2
04/09/2016 03:00:00 AM,1,1,0
04/09/2016 04:00:00 AM,4,0,4
04/09/2016 05:00:00 AM,8,5,3
04/09/2016 06:00:00 AM,17,9,8
04/09/2016 07:00:00 AM,59,27,32
04/09/2016 08:00:00 AM,97,50,47
04/09/2016 09:00:00 AM,129,73,56
04/09/2016 10:00:00 AM,139,66,73
04/09/2016 11:00:00 AM,146,78,68
04/09/2016 12:00:00 PM,218,131,87
04/09/2016 01:00:00 PM,210,109,101
04/09/2016 02:00:00 PM,215,118,97
04/09/2016 03:00:00 PM,215,128,87
04/09/2016 04:00:00 PM,239,147,92
04/09/2016 05:00:00 PM,177,83,94
04/09/2016 06:00:00 PM,150,82,68
04/09/2016 07:00:00 PM,106,60,46
04/09/2016 08:00:00 PM,51,24,27
04/09/2016 09:00:00 PM,60,34,26
04/09/2016 10:00:00 PM,30,13,17
04/09/2016 11:00:00 PM,28,12,16
04/10/2016 12:00:00 AM,25,10,15
04/10/2016 01:00:00 AM,13,5,8
04/10/2016 02:00:00 AM,10,1,9
04/10/2016 03:00:00 AM,2,0,2
04/10/2016 04:00:00 AM,3,1,2
04/10/2016 05:00:00 AM,7,5,2
04/10/2016 06:00:00 AM,8,3,5
04/10/2016 07:00:00 AM,28,16,12
04/10/2016 08:00:00 AM,55,27,28
04/10/2016 09:00:00 AM,82,39,43
04/10/2016 10:00:00 AM,103,54,49
04/10/2016 11:00:00 AM,156,74,82
04/10/2016 12:00:00 PM,146,90,56
04/10/2016 01:00:00 PM,150,77,73
04/10/2016 02:00:00 PM,147,83,64
04/10/2016 03:00:00 PM,136,79,57
04/10/2016 04:00:00 PM,145,72,73
04/10/2016 05:00:00 PM,147,80,67
04/10/2016 06:00:00 PM,103,49,54
04/10/2016 07:00:00 PM,64,31,33
04/10/2016 08:00:00 PM,27,18,9
04/10/2016 09:00:00 PM,19,11,8
04/10/2016 10:00:00 PM,22,11,11
04/10/2016 11:00:00 PM,5,2,3
04/11/2016 12:00:00 AM,4,0,4
04/11/2016 01:00:00 AM,3,1,2
04/11/2016 02:00:00 AM,3,1,2
04/11/2016 03:00:00 AM,1,1,0
04/11/2016 04:00:00 AM,3,2,1
04/11/2016 05:00:00 AM,35,25,10
04/11/2016 06:00:00 AM,116,79,37
04/11/2016 07:00:00 AM,335,233,102
04/11/2016 08:00:00 AM,480,307,173
04/11/2016 09:00:00 AM,264,158,106
04/11/2016 10:00:00 AM,91,47,44
04/11/2016 11:00:00 AM,58,28,30
04/11/2016 12:00:00 PM,60,40,20
04/11/2016 01:00:00 PM,64,26,38
04/11/2016 02:00:00 PM,83,49,34
04/11/2016 03:00:00 PM,127,59,68
04/11/2016 04:00:00 PM,260,100,160
04/11/2016 05:00:00 PM,543,158,385
04/11/2016 06:00:00 PM,363,109,254
04/11/2016 07:00:00 PM,162,73,89
04/11/2016 08:00:00 PM,81,22,59
04/11/2016 09:00:00 PM,38,13,25
04/11/2016 10:00:00 PM,30,13,17
04/11/2016 11:00:00 PM,21,10,11
04/12/2016 12:00:00 AM,8,3,5
04/12/2016 01:00:00 AM,3,2,1
04/12/2016 02:00:00 AM,3,3,0
04/12/2016 03:00:00 AM,2,1,1
04/12/2016 04:00:00 AM,7,3,4
04/12/2016 05:00:00 AM,34,26,8
04/12/2016 06:00:00 AM,112,72,40
04/12/2016 07:00:00 AM,288,192,96
04/12/2016 08:00:00 AM,402,282,120
04/12/2016 09:00:00 AM,219,125,94
04/12/2016 10:00:00 AM,98,57,41
04/12/2016 11:00:00 AM,68,35,33
04/12/2016 12:00:00 PM,75,46,29
04/12/2016 01:00:00 PM,64,36,28
04/12/2016 02:00:00 PM,57,17,40
04/12/2016 03:00:00 PM,88,43,45
04/12/2016 04:00:00 PM,143,50,93
04/12/2016 05:00:00 PM,325,88,237
04/12/2016 06:00:00 PM,275,75,200
04/12/2016 07:00:00 PM,112,30,82
04/12/2016 08:00:00 PM,65,21,44
04/12/2016 09:00:00 PM,32,15,17
04/12/2016 10:00:00 PM,17,7,10
04/12/2016 11:00:00 PM,6,2,4
04/13/2016 12:00:00 AM,5,3,2
04/13/2016 01:00:00 AM,4,3,1
04/13/2016 02:00:00 AM,1,1,0
04/13/2016 03:00:00 AM,1,1,0
04/13/2016 04:00:00 AM,3,2,1
04/13/2016 05:00:00 AM,26,18,8
04/13/2016 06:00:00 AM,112,68,44
04/13/2016 07:00:00 AM,271,189,82
04/13/2016 08:00:00 AM,369,263,106
04/13/2016 09:00:00 AM,212,121,91
04/13/2016 10:00:00 AM,78,43,35
04/13/2016 11:00:00 AM,74,37,37
04/13/2016 12:00:00 PM,66,37,29
04/13/2016 01:00:00 PM,77,40,37
04/13/2016 02:00:00 PM,63,33,30
04/13/2016 03:00:00 PM,99,39,60
04/13/2016 04:00:00 PM,229,78,151
04/13/2016 05:00:00 PM,505,136,369
04/13/2016 06:00:00 PM,359,130,229
04/13/2016 07:00:00 PM,176,62,114
04/13/2016 08:00:00 PM,106,45,61
04/13/2016 09:00:00 PM,60,23,37
04/13/2016 10:00:00 PM,26,8,18
04/13/2016 11:00:00 PM,16,7,9
04/14/2016 12:00:00 AM,10,3,7
04/14/2016 01:00:00 AM,3,1,2
04/14/2016 02:00:00 AM,3,1,2
04/14/2016 03:00:00 AM,0,0,0
04/14/2016 04:00:00 AM,3,2,1
04/14/2016 05:00:00 AM,33,22,11
04/14/2016 06:00:00 AM,109,76,33
04/14/2016 07:00:00 AM,305,221,84
04/14/2016 08:00:00 AM,425,305,120
04/14/2016 09:00:00 AM,227,136,91
04/14/2016 10:00:00 AM,100,59,41
04/14/2016 11:00:00 AM,77,35,42
04/14/2016 12:00:00 PM,76,39,37
04/14/2016 01:00:00 PM,81,42,39
04/14/2016 02:00:00 PM,87,46,41
04/14/2016 03:00:00 PM,150,73,77
04/14/2016 04:00:00 PM,275,92,183
04/14/2016 05:00:00 PM,531,166,365
04/14/2016 06:00:00 PM,375,154,221
04/14/2016 07:00:00 PM,169,61,108
04/14/2016 08:00:00 PM,98,38,60
04/14/2016 09:00:00 PM,52,23,29
04/14/2016 10:00:00 PM,28,10,18
04/14/2016 11:00:00 PM,24,17,7
04/15/2016 12:00:00 AM,9,5,4
04/15/2016 01:00:00 AM,7,2,5
04/15/2016 02:00:00 AM,3,1,2
04/15/2016 03:00:00 AM,0,0,0
04/15/2016 04:00:00 AM,6,3,3
04/15/2016 05:00:00 AM,34,24,10
04/15/2016 06:00:00 AM,102,71,31
04/15/2016 07:00:00 AM,281,191,90
04/15/2016 08:00:00 AM,361,242,119
04/15/2016 09:00:00 AM,217,138,79
04/15/2016 10:00:00 AM,101,60,41
04/15/2016 11:00:00 AM,96,44,52
04/15/2016 12:00:00 PM,78,43,35
04/15/2016 01:00:00 PM,79,39,40
04/15/2016 02:00:00 PM,98,41,57
04/15/2016 03:00:00 PM,151,68,83
04/15/2016 04:00:00 PM,255,95,160
04/15/2016 05:00:00 PM,438,125,313
04/15/2016 06:00:00 PM,243,76,167
04/15/2016 07:00:00 PM,147,58,89
04/15/2016 08:00:00 PM,60,26,34
04/15/2016 09:00:00 PM,46,25,21
04/15/2016 10:00:00 PM,30,16,14
04/15/2016 11:00:00 PM,26,9,17
04/16/2016 12:00:00 AM,13,10,3
04/16/2016 01:00:00 AM,6,3,3
04/16/2016 02:00:00 AM,2,2,0
04/16/2016 03:00:00 AM,2,0,2
04/16/2016 04:00:00 AM,4,0,4
04/16/2016 05:00:00 AM,17,10,7
04/16/2016 06:00:00 AM,16,12,4
04/16/2016 07:00:00 AM,49,22,27
04/16/2016 08:00:00 AM,111,59,52
04/16/2016 09:00:00 AM,109,49,60
04/16/2016 10:00:00 AM,154,88,66
04/16/2016 11:00:00 AM,207,112,95
04/16/2016 12:00:00 PM,213,126,87
04/16/2016 01:00:00 PM,195,114,81
04/16/2016 02:00:00 PM,209,121,88
04/16/2016 03:00:00 PM,207,119,88
04/16/2016 04:00:00 PM,175,85,90
04/16/2016 05:00:00 PM,172,92,80
04/16/2016 06:00:00 PM,161,84,77
04/16/2016 07:00:00 PM,86,36,50
04/16/2016 08:00:00 PM,67,34,33
04/16/2016 09:00:00 PM,56,21,35
04/16/2016 10:00:00 PM,38,14,24
04/16/2016 11:00:00 PM,12,4,8
04/17/2016 12:00:00 AM,17,5,12
04/17/2016 01:00:00 AM,8,4,4
04/17/2016 02:00:00 AM,10,6,4
04/17/2016 03:00:00 AM,5,3,2
04/17/2016 04:00:00 AM,2,0,2
04/17/2016 05:00:00 AM,7,3,4
04/17/2016 06:00:00 AM,11,7,4
04/17/2016 07:00:00 AM,37,21,16
04/17/2016 08:00:00 AM,76,50,26
04/17/2016 09:00:00 AM,102,49,53
04/17/2016 10:00:00 AM,120,54,66
04/17/2016 11:00:00 AM,217,115,102
04/17/2016 12:00:00 PM,174,83,91
04/17/2016 01:00:00 PM,269,155,114
04/17/2016 02:00:00 PM,231,124,107
04/17/2016 03:00:00 PM,200,116,84
04/17/2016 04:00:00 PM,203,112,91
04/17/2016 05:00:00 PM,172,76,96
04/17/2016 06:00:00 PM,141,78,63
04/17/2016 07:00:00 PM,83,56,27
04/17/2016 08:00:00 PM,72,40,32
04/17/2016 09:00:00 PM,32,19,13
04/17/2016 10:00:00 PM,17,8,9
04/17/2016 11:00:00 PM,17,9,8
04/18/2016 12:00:00 AM,9,0,9
04/18/2016 01:00:00 AM,5,1,4
04/18/2016 02:00:00 AM,4,0,4
04/18/2016 03:00:00 AM,1,1,0
04/18/2016 04:00:00 AM,5,4,1
04/18/2016 05:00:00 AM,38,22,16
04/18/2016 06:00:00 AM,169,113,56
04/18/2016 07:00:00 AM,496,363,133
04/18/2016 08:00:00 AM,632,447,185
04/18/2016 09:00:00 AM,271,170,101
04/18/2016 10:00:00 AM,135,75,60
04/18/2016 11:00:00 AM,95,48,47
04/18/2016 12:00:00 PM,103,50,53
04/18/2016 01:00:00 PM,110,40,70
04/18/2016 02:00:00 PM,118,63,55
04/18/2016 03:00:00 PM,182,95,87
04/18/2016 04:00:00 PM,371,131,240
04/18/2016 05:00:00 PM,813,220,593
04/18/2016 06:00:00 PM,594,209,385
04/18/2016 07:00:00 PM,265,89,176
04/18/2016 08:00:00 PM,135,71,64
04/18/2016 09:00:00 PM,64,23,41
04/18/2016 10:00:00 PM,48,29,19
04/18/2016 11:00:00 PM,15,7,8
04/19/2016 12:00:00 AM,10,2,8
04/19/2016 01:00:00 AM,5,2,3
04/19/2016 02:00:00 AM,4,1,3
04/19/2016 03:00:00 AM,3,0,3
04/19/2016 04:00:00 AM,8,4,4
04/19/2016 05:00:00 AM,49,32,17
04/19/2016 06:00:00 AM,179,124,55
04/19/2016 07:00:00 AM,539,396,143
04/19/2016 08:00:00 AM,656,455,201
04/19/2016 09:00:00 AM,317,188,129
04/19/2016 10:00:00 AM,128,83,45
04/19/2016 11:00:00 AM,98,58,40
04/19/2016 12:00:00 PM,114,53,61
04/19/2016 01:00:00 PM,112,52,60
04/19/2016 02:00:00 PM,132,59,73
04/19/2016 03:00:00 PM,206,100,106
04/19/2016 04:00:00 PM,382,126,256
04/19/2016 05:00:00 PM,816,248,568
04/19/2016 06:00:00 PM,523,180,343
04/19/2016 07:00:00 PM,251,114,137
04/19/2016 08:00:00 PM,183,85,98
04/19/2016 09:00:00 PM,90,46,44
04/19/2016 10:00:00 PM,45,14,31
04/19/2016 11:00:00 PM,27,13,14
04/20/2016 12:00:00 AM,9,2,7
04/20/2016 01:00:00 AM,8,5,3
04/20/2016 02:00:00 AM,5,2,3
04/20/2016 03:00:00 AM,4,3,1
04/20/2016 04:00:00 AM,9,5,4
04/20/2016 05:00:00 AM,53,38,15
04/20/2016 06:00:00 AM,272,202,70
04/20/2016 07:00:00 AM,486,343,143
04/20/2016 08:00:00 AM,601,396,205
04/20/2016 09:00:00 AM,327,184,143
04/20/2016 10:00:00 AM,121,61,60
04/20/2016 11:00:00 AM,99,51,48
04/20/2016 12:00:00 PM,112,54,58
04/20/2016 01:00:00 PM,103,49,54
04/20/2016 02:00:00 PM,136,72,64
04/20/2016 03:00:00 PM,181,82,99
04/20/2016 04:00:00 PM,378,128,250
04/20/2016 05:00:00 PM,783,259,524
04/20/2016 06:00:00 PM,512,189,323
04/20/2016 07:00:00 PM,271,115,156
04/20/2016 08:00:00 PM,152,75,77
04/20/2016 09:00:00 PM,85,44,41
04/20/2016 10:00:00 PM,57,23,34
04/20/2016 11:00:00 PM,22,9,13
04/21/2016 12:00:00 AM,14,6,8
04/21/2016 01:00:00 AM,5,1,4
04/21/2016 02:00:00 AM,4,1,3
04/21/2016 03:00:00 AM,0,0,0
04/21/2016 04:00:00 AM,7,5,2
04/21/2016 05:00:00 AM,47,28,19
04/21/2016 06:00:00 AM,146,96,50
04/21/2016 07:00:00 AM,493,352,141
04/21/2016 08:00:00 AM,552,387,165
04/21/2016 09:00:00 AM,284,172,112
04/21/2016 10:00:00 AM,113,68,45
04/21/2016 11:00:00 AM,92,53,39
04/21/2016 12:00:00 PM,88,49,39
04/21/2016 01:00:00 PM,94,50,44
04/21/2016 02:00:00 PM,114,58,56
04/21/2016 03:00:00 PM,180,73,107
04/21/2016 04:00:00 PM,356,133,223
04/21/2016 05:00:00 PM,687,226,461
04/21/2016 06:00:00 PM,498,179,319
04/21/2016 07:00:00 PM,216,92,124
04/21/2016 08:00:00 PM,124,49,75
04/21/2016 09:00:00 PM,79,38,41
04/21/2016 10:00:00 PM,57,27,30
04/21/2016 11:00:00 PM,26,16,10
04/22/2016 12:00:00 AM,18,11,7
04/22/2016 01:00:00 AM,9,7,2
04/22/2016 02:00:00 AM,2,0,2
04/22/2016 03:00:00 AM,2,0,2
04/22/2016 04:00:00 AM,7,3,4
04/22/2016 05:00:00 AM,31,18,13
04/22/2016 06:00:00 AM,110,74,36
04/22/2016 07:00:00 AM,292,211,81
04/22/2016 08:00:00 AM,408,290,118
04/22/2016 09:00:00 AM,207,135,72
04/22/2016 10:00:00 AM,114,57,57
04/22/2016 11:00:00 AM,66,35,31
04/22/2016 12:00:00 PM,64,28,36
04/22/2016 01:00:00 PM,65,35,30
04/22/2016 02:00:00 PM,77,36,41
04/22/2016 03:00:00 PM,120,49,71
04/22/2016 04:00:00 PM,222,72,150
04/22/2016 05:00:00 PM,411,125,286
04/22/2016 06:00:00 PM,236,84,152
04/22/2016 07:00:00 PM,125,43,82
04/22/2016 08:00:00 PM,48,17,31
04/22/2016 09:00:00 PM,47,23,24
04/22/2016 10:00:00 PM,21,8,13
04/22/2016 11:00:00 PM,16,6,10
04/23/2016 12:00:00 AM,17,12,5
04/23/2016 01:00:00 AM,1,0,1
04/23/2016 02:00:00 AM,6,3,3
04/23/2016 03:00:00 AM,5,1,4
04/23/2016 04:00:00 AM,2,0,2
04/23/2016 05:00:00 AM,8,6,2
04/23/2016 06:00:00 AM,8,2,6
04/23/2016 07:00:00 AM,37,21,16
04/23/2016 08:00:00 AM,81,39,42
04/23/2016 09:00:00 AM,166,122,44
04/23/2016 10:00:00 AM,135,85,50
04/23/2016 11:00:00 AM,119,75,44
04/23/2016 12:00:00 PM,146,81,65
04/23/2016 01:00:00 PM,169,88,81
04/23/2016 02:00:00 PM,154,92,62
04/23/2016 03:00:00 PM,143,67,76
04/23/2016 04:00:00 PM,135,71,64
04/23/2016 05:00:00 PM,108,60,48
04/23/2016 06:00:00 PM,71,26,45
04/23/2016 07:00:00 PM,54,33,21
04/23/2016 08:00:00 PM,39,18,21
04/23/2016 09:00:00 PM,19,8,11
04/23/2016 10:00:00 PM,23,15,8
04/23/2016 11:00:00 PM,25,10,15
04/24/2016 12:00:00 AM,8,6,2
04/24/2016 01:00:00 AM,6,2,4
04/24/2016 02:00:00 AM,5,3,2
04/24/2016 03:00:00 AM,0,0,0
04/24/2016 04:00:00 AM,5,0,5
04/24/2016 05:00:00 AM,2,1,1
04/24/2016 06:00:00 AM,11,4,7
04/24/2016 07:00:00 AM,22,15,7
04/24/2016 08:00:00 AM,39,20,19
04/24/2016 09:00:00 AM,28,13,15
04/24/2016 10:00:00 AM,18,10,8
04/24/2016 11:00:00 AM,26,15,11
04/24/2016 12:00:00 PM,22,10,12
04/24/2016 01:00:00 PM,21,12,9
04/24/2016 02:00:00 PM,39,25,14
04/24/2016 03:00:00 PM,38,17,21
04/24/2016 04:00:00 PM,38,25,13
04/24/2016 05:00:00 PM,46,26,20
04/24/2016 06:00:00 PM,31,18,13
04/24/2016 07:00:00 PM,16,6,10
04/24/2016 08:00:00 PM,16,9,7
04/24/2016 09:00:00 PM,8,2,6
04/24/2016 10:00:00 PM,13,7,6
04/24/2016 11:00:00 PM,5,3,2
04/25/2016 12:00:00 AM,5,2,3
04/25/2016 01:00:00 AM,1,0,1
04/25/2016 02:00:00 AM,1,0,1
04/25/2016 03:00:00 AM,0,0,0
04/25/2016 04:00:00 AM,7,5,2
04/25/2016 05:00:00 AM,36,25,11
04/25/2016 06:00:00 AM,109,74,35
04/25/2016 07:00:00 AM,267,184,83
04/25/2016 08:00:00 AM,395,275,120
04/25/2016 09:00:00 AM,234,157,77
04/25/2016 10:00:00 AM,81,45,36
04/25/2016 11:00:00 AM,40,20,20
04/25/2016 12:00:00 PM,61,39,22
04/25/2016 01:00:00 PM,69,40,29
04/25/2016 02:00:00 PM,63,28,35
04/25/2016 03:00:00 PM,135,68,67
04/25/2016 04:00:00 PM,229,90,139
04/25/2016 05:00:00 PM,516,166,350
04/25/2016 06:00:00 PM,355,138,217
04/25/2016 07:00:00 PM,161,70,91
04/25/2016 08:00:00 PM,74,35,39
04/25/2016 09:00:00 PM,31,14,17
04/25/2016 10:00:00 PM,33,19,14
04/25/2016 11:00:00 PM,26,15,11
04/26/2016 12:00:00 AM,11,6,5
04/26/2016 01:00:00 AM,5,1,4
04/26/2016 02:00:00 AM,4,3,1
04/26/2016 03:00:00 AM,3,2,1
04/26/2016 04:00:00 AM,8,5,3
04/26/2016 05:00:00 AM,36,26,10
04/26/2016 06:00:00 AM,167,114,53
04/26/2016 07:00:00 AM,444,317,127
04/26/2016 08:00:00 AM,571,396,175
04/26/2016 09:00:00 AM,268,162,106
04/26/2016 10:00:00 AM,115,61,54
04/26/2016 11:00:00 AM,83,41,42
04/26/2016 12:00:00 PM,92,49,43
04/26/2016 01:00:00 PM,72,37,35
04/26/2016 02:00:00 PM,109,53,56
04/26/2016 03:00:00 PM,158,75,83
04/26/2016 04:00:00 PM,324,112,212
04/26/2016 05:00:00 PM,703,195,508
04/26/2016 06:00:00 PM,476,148,328
04/26/2016 07:00:00 PM,227,86,141
04/26/2016 08:00:00 PM,119,49,70
04/26/2016 09:00:00 PM,56,24,32
04/26/2016 10:00:00 PM,49,23,26
04/26/2016 11:00:00 PM,18,8,10
04/27/2016 12:00:00 AM,10,4,6
04/27/2016 01:00:00 AM,3,2,1
04/27/2016 02:00:00 AM,4,3,1
04/27/2016 03:00:00 AM,1,1,0
04/27/2016 04:00:00 AM,10,8,2
04/27/2016 05:00:00 AM,37,25,12
04/27/2016 06:00:00 AM,168,112,56
04/27/2016 07:00:00 AM,392,278,114
04/27/2016 08:00:00 AM,537,351,186
04/27/2016 09:00:00 AM,256,158,98
04/27/2016 10:00:00 AM,110,77,33
04/27/2016 11:00:00 AM,82,43,39
04/27/2016 12:00:00 PM,70,31,39
04/27/2016 01:00:00 PM,81,40,41
04/27/2016 02:00:00 PM,99,43,56
04/27/2016 03:00:00 PM,127,61,66
04/27/2016 04:00:00 PM,310,114,196
04/27/2016 05:00:00 PM,599,193,406
04/27/2016 06:00:00 PM,466,175,291
04/27/2016 07:00:00 PM,193,74,119
04/27/2016 08:00:00 PM,109,46,63
04/27/2016 09:00:00 PM,71,28,43
04/27/2016 10:00:00 PM,39,19,20
04/27/2016 11:00:00 PM,19,13,6
04/28/2016 12:00:00 AM,16,13,3
04/28/2016 01:00:00 AM,4,3,1
04/28/2016 02:00:00 AM,4,1,3
04/28/2016 03:00:00 AM,2,2,0
04/28/2016 04:00:00 AM,8,4,4
04/28/2016 05:00:00 AM,33,21,12
04/28/2016 06:00:00 AM,159,106,53
04/28/2016 07:00:00 AM,404,291,113
04/28/2016 08:00:00 AM,526,365,161
04/28/2016 09:00:00 AM,261,154,107
04/28/2016 10:00:00 AM,129,80,49
04/28/2016 11:00:00 AM,82,34,48
04/28/2016 12:00:00 PM,81,33,48
04/28/2016 01:00:00 PM,84,45,39
04/28/2016 02:00:00 PM,109,43,66
04/28/2016 03:00:00 PM,145,62,83
04/28/2016 04:00:00 PM,338,118,220
04/28/2016 05:00:00 PM,637,173,464
04/28/2016 06:00:00 PM,426,143,283
04/28/2016 07:00:00 PM,204,65,139
04/28/2016 08:00:00 PM,95,35,60
04/28/2016 09:00:00 PM,61,28,33
04/28/2016 10:00:00 PM,33,15,18
04/28/2016 11:00:00 PM,29,15,14
04/29/2016 12:00:00 AM,16,5,11
04/29/2016 01:00:00 AM,5,4,1
04/29/2016 02:00:00 AM,2,1,1
04/29/2016 03:00:00 AM,3,0,3
04/29/2016 04:00:00 AM,8,4,4
04/29/2016 05:00:00 AM,33,21,12
04/29/2016 06:00:00 AM,124,89,35
04/29/2016 07:00:00 AM,307,225,82
04/29/2016 08:00:00 AM,370,246,124
04/29/2016 09:00:00 AM,209,128,81
04/29/2016 10:00:00 AM,82,40,42
04/29/2016 11:00:00 AM,59,33,26
04/29/2016 12:00:00 PM,50,28,22
04/29/2016 01:00:00 PM,60,22,38
04/29/2016 02:00:00 PM,74,38,36
04/29/2016 03:00:00 PM,161,76,85
04/29/2016 04:00:00 PM,268,89,179
04/29/2016 05:00:00 PM,493,144,349
04/29/2016 06:00:00 PM,276,91,185
04/29/2016 07:00:00 PM,145,59,86
04/29/2016 08:00:00 PM,77,38,39
04/29/2016 09:00:00 PM,51,26,25
04/29/2016 10:00:00 PM,43,12,31
04/29/2016 11:00:00 PM,25,8,17
04/30/2016 12:00:00 AM,13,6,7
04/30/2016 01:00:00 AM,8,4,4
04/30/2016 02:00:00 AM,8,4,4
04/30/2016 03:00:00 AM,3,1,2
04/30/2016 04:00:00 AM,2,0,2
04/30/2016 05:00:00 AM,12,8,4
04/30/2016 06:00:00 AM,16,7,9
04/30/2016 07:00:00 AM,56,24,32
04/30/2016 08:00:00 AM,93,42,51
04/30/2016 09:00:00 AM,118,61,57
04/30/2016 10:00:00 AM,139,86,53
04/30/2016 11:00:00 AM,191,108,83
04/30/2016 12:00:00 PM,194,117,77
04/30/2016 01:00:00 PM,168,88,80
04/30/2016 02:00:00 PM,200,102,98
04/30/2016 03:00:00 PM,218,105,113
04/30/2016 04:00:00 PM,208,112,96
04/30/2016 05:00:00 PM,204,98,106
04/30/2016 06:00:00 PM,144,77,67
04/30/2016 07:00:00 PM,102,51,51
04/30/2016 08:00:00 PM,54,27,27
04/30/2016 09:00:00 PM,43,27,16
04/30/2016 10:00:00 PM,24,12,12
04/30/2016 11:00:00 PM,27,10,17
05/01/2016 12:00:00 AM,19,8,11
05/01/2016 01:00:00 AM,16,12,4
05/01/2016 02:00:00 AM,5,3,2
05/01/2016 03:00:00 AM,6,0,6
05/01/2016 04:00:00 AM,2,1,1
05/01/2016 05:00:00 AM,8,6,2
05/01/2016 06:00:00 AM,16,9,7
05/01/2016 07:00:00 AM,40,24,16
05/01/2016 08:00:00 AM,85,47,38
05/01/2016 09:00:00 AM,112,62,50
05/01/2016 10:00:00 AM,207,125,82
05/01/2016 11:00:00 AM,194,95,99
05/01/2016 12:00:00 PM,226,132,94
05/01/2016 01:00:00 PM,258,125,133
05/01/2016 02:00:00 PM,249,111,138
05/01/2016 03:00:00 PM,229,128,101
05/01/2016 04:00:00 PM,243,135,108
05/01/2016 05:00:00 PM,185,96,89
05/01/2016 06:00:00 PM,133,65,68
05/01/2016 07:00:00 PM,96,53,43
05/01/2016 08:00:00 PM,67,40,27
05/01/2016 09:00:00 PM,39,21,18
05/01/2016 10:00:00 PM,38,20,18
05/01/2016 11:00:00 PM,15,5,10
05/02/2016 12:00:00 AM,13,5,8
05/02/2016 01:00:00 AM,6,0,6
05/02/2016 02:00:00 AM,6,2,4
05/02/2016 03:00:00 AM,3,2,1
05/02/2016 04:00:00 AM,11,7,4
05/02/2016 05:00:00 AM,59,38,21
05/02/2016 06:00:00 AM,227,165,62
05/02/2016 07:00:00 AM,622,461,161
05/02/2016 08:00:00 AM,819,560,259
05/02/2016 09:00:00 AM,377,232,145
05/02/2016 10:00:00 AM,146,79,67
05/02/2016 11:00:00 AM,112,50,62
05/02/2016 12:00:00 PM,102,54,48
05/02/2016 01:00:00 PM,132,53,79
05/02/2016 02:00:00 PM,135,64,71
05/02/2016 03:00:00 PM,223,103,120
05/02/2016 04:00:00 PM,470,159,311
05/02/2016 05:00:00 PM,952,261,691
05/02/2016 06:00:00 PM,609,203,406
05/02/2016 07:00:00 PM,292,120,172
05/02/2016 08:00:00 PM,170,84,86
05/02/2016 09:00:00 PM,77,35,42
05/02/2016 10:00:00 PM,59,23,36
05/02/2016 11:00:00 PM,34,18,16
05/03/2016 12:00:00 AM,17,2,15
05/03/2016 01:00:00 AM,6,4,2
05/03/2016 02:00:00 AM,2,0,2
05/03/2016 03:00:00 AM,4,2,2
05/03/2016 04:00:00 AM,12,6,6
05/03/2016 05:00:00 AM,63,50,13
05/03/2016 06:00:00 AM,254,173,81
05/03/2016 07:00:00 AM,606,453,153
05/03/2016 08:00:00 AM,731,521,210
05/03/2016 09:00:00 AM,325,186,139
05/03/2016 10:00:00 AM,167,94,73
05/03/2016 11:00:00 AM,86,50,36
05/03/2016 12:00:00 PM,128,56,72
05/03/2016 01:00:00 PM,105,61,44
05/03/2016 02:00:00 PM,132,57,75
05/03/2016 03:00:00 PM,204,90,114
05/03/2016 04:00:00 PM,419,142,277
05/03/2016 05:00:00 PM,921,255,666
05/03/2016 06:00:00 PM,592,191,401
05/03/2016 07:00:00 PM,288,95,193
05/03/2016 08:00:00 PM,116,50,66
05/03/2016 09:00:00 PM,73,32,41
05/03/2016 10:00:00 PM,42,16,26
05/03/2016 11:00:00 PM,20,13,7
05/04/2016 12:00:00 AM,20,6,14
05/04/2016 01:00:00 AM,7,3,4
05/04/2016 02:00:00 AM,4,2,2
05/04/2016 03:00:00 AM,3,2,1
05/04/2016 04:00:00 AM,10,4,6
05/04/2016 05:00:00 AM,65,45,20
05/04/2016 06:00:00 AM,208,150,58
05/04/2016 07:00:00 AM,442,323,119
05/04/2016 08:00:00 AM,552,391,161
05/04/2016 09:00:00 AM,295,182,113
05/04/2016 10:00:00 AM,113,70,43
05/04/2016 11:00:00 AM,63,37,26
05/04/2016 12:00:00 PM,64,39,25
05/04/2016 01:00:00 PM,83,43,40
05/04/2016 02:00:00 PM,89,48,41
05/04/2016 03:00:00 PM,134,55,79
05/04/2016 04:00:00 PM,310,98,212
05/04/2016 05:00:00 PM,718,201,517
05/04/2016 06:00:00 PM,444,137,307
05/04/2016 07:00:00 PM,230,91,139
05/04/2016 08:00:00 PM,119,46,73
05/04/2016 09:00:00 PM,57,29,28
05/04/2016 10:00:00 PM,38,16,22
05/04/2016 11:00:00 PM,21,5,16
05/05/2016 12:00:00 AM,10,7,3
05/05/2016 01:00:00 AM,0,0,0
05/05/2016 02:00:00 AM,3,0,3
05/05/2016 03:00:00 AM,5,4,1
05/05/2016 04:00:00 AM,10,9,1
05/05/2016 05:00:00 AM,46,33,13
05/05/2016 06:00:00 AM,208,146,62
05/05/2016 07:00:00 AM,552,388,164
05/05/2016 08:00:00 AM,679,458,221
05/05/2016 09:00:00 AM,347,213,134
05/05/2016 10:00:00 AM,162,91,71
05/05/2016 11:00:00 AM,97,58,39
05/05/2016 12:00:00 PM,102,60,42
05/05/2016 01:00:00 PM,109,57,52
05/05/2016 02:00:00 PM,103,46,57
05/05/2016 03:00:00 PM,189,89,100
05/05/2016 04:00:00 PM,403,142,261
05/05/2016 05:00:00 PM,779,223,556
05/05/2016 06:00:00 PM,525,166,359
05/05/2016 07:00:00 PM,265,102,163
05/05/2016 08:00:00 PM,166,74,92
05/05/2016 09:00:00 PM,111,40,71
05/05/2016 10:00:00 PM,55,19,36
05/05/2016 11:00:00 PM,32,10,22
05/06/2016 12:00:00 AM,21,12,9
05/06/2016 01:00:00 AM,9,6,3
05/06/2016 02:00:00 AM,4,2,2
05/06/2016 03:00:00 AM,1,0,1
05/06/2016 04:00:00 AM,13,6,7
05/06/2016 05:00:00 AM,53,38,15
05/06/2016 06:00:00 AM,192,125,67
05/06/2016 07:00:00 AM,533,390,143
05/06/2016 08:00:00 AM,592,421,171
05/06/2016 09:00:00 AM,315,198,117
05/06/2016 10:00:00 AM,131,77,54
05/06/2016 11:00:00 AM,115,75,40
05/06/2016 12:00:00 PM,131,60,71
05/06/2016 01:00:00 PM,124,75,49
05/06/2016 02:00:00 PM,160,70,90
05/06/2016 03:00:00 PM,224,103,121
05/06/2016 04:00:00 PM,479,149,330
05/06/2016 05:00:00 PM,680,208,472
05/06/2016 06:00:00 PM,414,158,256
05/06/2016 07:00:00 PM,226,106,120
05/06/2016 08:00:00 PM,118,55,63
05/06/2016 09:00:00 PM,72,36,36
05/06/2016 10:00:00 PM,68,24,44
05/06/2016 11:00:00 PM,42,11,31
05/07/2016 12:00:00 AM,26,9,17
05/07/2016 01:00:00 AM,16,8,8
05/07/2016 02:00:00 AM,12,5,7
05/07/2016 03:00:00 AM,1,0,1
05/07/2016 04:00:00 AM,4,1,3
05/07/2016 05:00:00 AM,13,7,6
05/07/2016 06:00:00 AM,31,15,16
05/07/2016 07:00:00 AM,78,44,34
05/07/2016 08:00:00 AM,109,50,59
05/07/2016 09:00:00 AM,166,97,69
05/07/2016 10:00:00 AM,192,113,79
05/07/2016 11:00:00 AM,208,120,88
05/07/2016 12:00:00 PM,318,180,138
05/07/2016 01:00:00 PM,241,151,90
05/07/2016 02:00:00 PM,251,154,97
05/07/2016 03:00:00 PM,219,125,94
05/07/2016 04:00:00 PM,183,107,76
05/07/2016 05:00:00 PM,172,94,78
05/07/2016 06:00:00 PM,174,86,88
05/07/2016 07:00:00 PM,115,51,64
05/07/2016 08:00:00 PM,70,43,27
05/07/2016 09:00:00 PM,92,42,50
05/07/2016 10:00:00 PM,49,25,24
05/07/2016 11:00:00 PM,30,9,21
05/08/2016 12:00:00 AM,17,9,8
05/08/2016 01:00:00 AM,12,1,11
05/08/2016 02:00:00 AM,13,5,8
05/08/2016 03:00:00 AM,1,1,0
05/08/2016 04:00:00 AM,2,2,0
05/08/2016 05:00:00 AM,9,5,4
05/08/2016 06:00:00 AM,5,2,3
05/08/2016 07:00:00 AM,16,8,8
05/08/2016 08:00:00 AM,23,16,7
05/08/2016 09:00:00 AM,51,25,26
05/08/2016 10:00:00 AM,52,34,18
05/08/2016 11:00:00 AM,92,48,44
05/08/2016 12:00:00 PM,101,66,35
05/08/2016 01:00:00 PM,101,58,43
05/08/2016 02:00:00 PM,109,56,53
05/08/2016 03:00:00 PM,97,59,38
05/08/2016 04:00:00 PM,133,69,64
05/08/2016 05:00:00 PM,129,74,55
05/08/2016 06:00:00 PM,81,39,42
05/08/2016 07:00:00 PM,52,22,30
05/08/2016 08:00:00 PM,35,27,8
05/08/2016 09:00:00 PM,26,13,13
05/08/2016 10:00:00 PM,18,6,12
05/08/2016 11:00:00 PM,3,3,0
05/09/2016 12:00:00 AM,6,3,3
05/09/2016 01:00:00 AM,3,2,1
05/09/2016 02:00:00 AM,7,0,7
05/09/2016 03:00:00 AM,4,2,2
05/09/2016 04:00:00 AM,6,4,2
05/09/2016 05:00:00 AM,53,33,20
05/09/2016 06:00:00 AM,190,125,65
05/09/2016 07:00:00 AM,534,392,142
05/09/2016 08:00:00 AM,669,458,211
05/09/2016 09:00:00 AM,330,208,122
05/09/2016 10:00:00 AM,101,67,34
05/09/2016 11:00:00 AM,82,47,35
05/09/2016 12:00:00 PM,98,52,46
05/09/2016 01:00:00 PM,103,56,47
05/09/2016 02:00:00 PM,117,63,54
05/09/2016 03:00:00 PM,196,97,99
05/09/2016 04:00:00 PM,369,124,245
05/09/2016 05:00:00 PM,864,235,629
05/09/2016 06:00:00 PM,560,178,382
05/09/2016 07:00:00 PM,258,106,152
05/09/2016 08:00:00 PM,158,57,101
05/09/2016 09:00:00 PM,67,24,43
05/09/2016 10:00:00 PM,44,24,20
05/09/2016 11:00:00 PM,33,10,23
05/10/2016 12:00:00 AM,11,4,7
05/10/2016 01:00:00 AM,7,3,4
05/10/2016 02:00:00 AM,5,3,2
05/10/2016 03:00:00 AM,5,2,3
05/10/2016 04:00:00 AM,12,7,5
05/10/2016 05:00:00 AM,59,42,17
05/10/2016 06:00:00 AM,259,184,75
05/10/2016 07:00:00 AM,629,465,164
05/10/2016 08:00:00 AM,766,533,233
05/10/2016 09:00:00 AM,338,207,131
05/10/2016 10:00:00 AM,130,73,57
05/10/2016 11:00:00 AM,83,49,34
05/10/2016 12:00:00 PM,110,55,55
05/10/2016 01:00:00 PM,132,65,67
05/10/2016 02:00:00 PM,118,63,55
05/10/2016 03:00:00 PM,218,96,122
05/10/2016 04:00:00 PM,430,144,286
05/10/2016 05:00:00 PM,957,240,717
05/10/2016 06:00:00 PM,597,235,362
05/10/2016 07:00:00 PM,323,143,180
05/10/2016 08:00:00 PM,189,90,99
05/10/2016 09:00:00 PM,86,39,47
05/10/2016 10:00:00 PM,55,21,34
05/10/2016 11:00:00 PM,30,18,12
05/11/2016 12:00:00 AM,21,10,11
05/11/2016 01:00:00 AM,6,5,1
05/11/2016 02:00:00 AM,5,1,4
05/11/2016 03:00:00 AM,4,3,1
05/11/2016 04:00:00 AM,12,9,3
05/11/2016 05:00:00 AM,45,30,15
05/11/2016 06:00:00 AM,244,170,74
05/11/2016 07:00:00 AM,600,435,165
05/11/2016 08:00:00 AM,741,490,251
05/11/2016 09:00:00 AM,341,213,128
05/11/2016 10:00:00 AM,165,104,61
05/11/2016 11:00:00 AM,101,52,49
05/11/2016 12:00:00 PM,120,58,62
05/11/2016 01:00:00 PM,134,59,75
05/11/2016 02:00:00 PM,142,67,75
05/11/2016 03:00:00 PM,228,100,128
05/11/2016 04:00:00 PM,421,139,282
05/11/2016 05:00:00 PM,873,256,617
05/11/2016 06:00:00 PM,593,228,365
05/11/2016 07:00:00 PM,307,108,199
05/11/2016 08:00:00 PM,183,82,101
05/11/2016 09:00:00 PM,103,51,52
05/11/2016 10:00:00 PM,69,30,39
05/11/2016 11:00:00 PM,36,17,19
05/12/2016 12:00:00 AM,14,5,9
05/12/2016 01:00:00 AM,4,2,2
05/12/2016 02:00:00 AM,2,0,2
05/12/2016 03:00:00 AM,1,0,1
05/12/2016 04:00:00 AM,10,8,2
05/12/2016 05:00:00 AM,50,36,14
05/12/2016 06:00:00 AM,227,150,77
05/12/2016 07:00:00 AM,565,402,163
05/12/2016 08:00:00 AM,674,462,212
05/12/2016 09:00:00 AM,327,195,132
05/12/2016 10:00:00 AM,134,82,52
05/12/2016 11:00:00 AM,107,60,47
05/12/2016 12:00:00 PM,106,56,50
05/12/2016 01:00:00 PM,123,59,64
05/12/2016 02:00:00 PM,147,62,85
05/12/2016 03:00:00 PM,194,86,108
05/12/2016 04:00:00 PM,424,140,284
05/12/2016 05:00:00 PM,799,210,589
05/12/2016 06:00:00 PM,535,190,345
05/12/2016 07:00:00 PM,325,148,177
05/12/2016 08:00:00 PM,181,72,109
05/12/2016 09:00:00 PM,105,51,54
05/12/2016 10:00:00 PM,70,32,38
05/12/2016 11:00:00 PM,35,16,19
05/13/2016 12:00:00 AM,22,4,18
05/13/2016 01:00:00 AM,12,8,4
05/13/2016 02:00:00 AM,11,1,10
05/13/2016 03:00:00 AM,4,2,2
05/13/2016 04:00:00 AM,9,4,5
05/13/2016 05:00:00 AM,46,28,18
05/13/2016 06:00:00 AM,194,134,60
05/13/2016 07:00:00 AM,506,354,152
05/13/2016 08:00:00 AM,618,433,185
05/13/2016 09:00:00 AM,362,207,155
05/13/2016 10:00:00 AM,161,86,75
05/13/2016 11:00:00 AM,121,69,52
05/13/2016 12:00:00 PM,109,53,56
05/13/2016 01:00:00 PM,141,65,76
05/13/2016 02:00:00 PM,148,66,82
05/13/2016 03:00:00 PM,279,108,171
05/13/2016 04:00:00 PM,465,157,308
05/13/2016 05:00:00 PM,779,223,556
05/13/2016 06:00:00 PM,432,169,263
05/13/2016 07:00:00 PM,213,86,127
05/13/2016 08:00:00 PM,136,72,64
05/13/2016 09:00:00 PM,70,40,30
05/13/2016 10:00:00 PM,72,33,39
05/13/2016 11:00:00 PM,55,23,32
05/14/2016 12:00:00 AM,14,8,6
05/14/2016 01:00:00 AM,21,6,15
05/14/2016 02:00:00 AM,13,7,6
05/14/2016 03:00:00 AM,3,0,3
05/14/2016 04:00:00 AM,4,2,2
05/14/2016 05:00:00 AM,18,13,5
05/14/2016 06:00:00 AM,34,17,17
05/14/2016 07:00:00 AM,55,25,30
05/14/2016 08:00:00 AM,93,53,40
05/14/2016 09:00:00 AM,132,84,48
05/14/2016 10:00:00 AM,146,81,65
05/14/2016 11:00:00 AM,133,67,66
05/14/2016 12:00:00 PM,120,72,48
05/14/2016 01:00:00 PM,86,54,32
05/14/2016 02:00:00 PM,186,98,88
05/14/2016 03:00:00 PM,171,75,96
05/14/2016 04:00:00 PM,91,55,36
05/14/2016 05:00:00 PM,58,28,30
05/14/2016 06:00:00 PM,71,25,46
05/14/2016 07:00:00 PM,47,31,16
05/14/2016 08:00:00 PM,31,18,13
05/14/2016 09:00:00 PM,27,8,19
05/14/2016 10:00:00 PM,22,10,12
05/14/2016 11:00:00 PM,21,13,8
05/15/2016 12:00:00 AM,10,4,6
05/15/2016 01:00:00 AM,5,3,2
05/15/2016 02:00:00 AM,3,0,3
05/15/2016 03:00:00 AM,3,2,1
05/15/2016 04:00:00 AM,0,0,0
05/15/2016 05:00:00 AM,4,3,1
05/15/2016 06:00:00 AM,14,11,3
05/15/2016 07:00:00 AM,34,15,19
05/15/2016 08:00:00 AM,34,22,12
05/15/2016 09:00:00 AM,71,34,37
05/15/2016 10:00:00 AM,59,32,27
05/15/2016 11:00:00 AM,78,46,32
05/15/2016 12:00:00 PM,106,73,33
05/15/2016 01:00:00 PM,100,53,47
05/15/2016 02:00:00 PM,91,46,45
05/15/2016 03:00:00 PM,89,38,51
05/15/2016 04:00:00 PM,107,47,60
05/15/2016 05:00:00 PM,76,40,36
05/15/2016 06:00:00 PM,52,21,31
05/15/2016 07:00:00 PM,35,17,18
05/15/2016 08:00:00 PM,19,15,4
05/15/2016 09:00:00 PM,17,8,9
05/15/2016 10:00:00 PM,20,6,14
05/15/2016 11:00:00 PM,13,6,7
05/16/2016 12:00:00 AM,3,1,2
05/16/2016 01:00:00 AM,2,2,0
05/16/2016 02:00:00 AM,2,0,2
05/16/2016 03:00:00 AM,3,2,1
05/16/2016 04:00:00 AM,5,2,3
05/16/2016 05:00:00 AM,43,28,15
05/16/2016 06:00:00 AM,162,110,52
05/16/2016 07:00:00 AM,434,304,130
05/16/2016 08:00:00 AM,563,384,179
05/16/2016 09:00:00 AM,261,162,99
05/16/2016 10:00:00 AM,100,58,42
05/16/2016 11:00:00 AM,71,33,38
05/16/2016 12:00:00 PM,50,27,23
05/16/2016 01:00:00 PM,56,25,31
05/16/2016 02:00:00 PM,73,37,36
05/16/2016 03:00:00 PM,147,63,84
05/16/2016 04:00:00 PM,305,102,203
05/16/2016 05:00:00 PM,678,160,518
05/16/2016 06:00:00 PM,427,144,283
05/16/2016 07:00:00 PM,204,59,145
05/16/2016 08:00:00 PM,96,34,62
05/16/2016 09:00:00 PM,74,30,44
05/16/2016 10:00:00 PM,30,17,13
05/16/2016 11:00:00 PM,14,7,7
05/17/2016 12:00:00 AM,10,5,5
05/17/2016 01:00:00 AM,6,1,5
05/17/2016 02:00:00 AM,2,1,1
05/17/2016 03:00:00 AM,3,2,1
05/17/2016 04:00:00 AM,8,4,4
05/17/2016 05:00:00 AM,56,42,14
05/17/2016 06:00:00 AM,216,144,72
05/17/2016 07:00:00 AM,563,415,148
05/17/2016 08:00:00 AM,699,462,237
05/17/2016 09:00:00 AM,324,201,123
05/17/2016 10:00:00 AM,147,79,68
05/17/2016 11:00:00 AM,89,52,37
05/17/2016 12:00:00 PM,95,35,60
05/17/2016 01:00:00 PM,106,64,42
05/17/2016 02:00:00 PM,134,52,82
05/17/2016 03:00:00 PM,214,85,129
05/17/2016 04:00:00 PM,426,135,291
05/17/2016 05:00:00 PM,889,243,646
05/17/2016 06:00:00 PM,558,184,374
05/17/2016 07:00:00 PM,266,111,155
05/17/2016 08:00:00 PM,153,67,86
05/17/2016 09:00:00 PM,100,47,53
05/17/2016 10:00:00 PM,63,31,32
05/17/2016 11:00:00 PM,38,16,22
05/18/2016 12:00:00 AM,15,8,7
05/18/2016 01:00:00 AM,7,4,3
05/18/2016 02:00:00 AM,4,1,3
05/18/2016 03:00:00 AM,4,1,3
05/18/2016 04:00:00 AM,10,4,6
05/18/2016 05:00:00 AM,66,42,24
05/18/2016 06:00:00 AM,227,160,67
05/18/2016 07:00:00 AM,534,383,151
05/18/2016 08:00:00 AM,630,437,193
05/18/2016 09:00:00 AM,336,204,132
05/18/2016 10:00:00 AM,123,66,57
05/18/2016 11:00:00 AM,84,46,38
05/18/2016 12:00:00 PM,85,49,36
05/18/2016 01:00:00 PM,96,51,45
05/18/2016 02:00:00 PM,116,44,72
05/18/2016 03:00:00 PM,153,73,80
05/18/2016 04:00:00 PM,358,110,248
05/18/2016 05:00:00 PM,763,203,560
05/18/2016 06:00:00 PM,466,180,286
05/18/2016 07:00:00 PM,200,75,125
05/18/2016 08:00:00 PM,141,51,90
05/18/2016 09:00:00 PM,78,36,42
05/18/2016 10:00:00 PM,41,24,17
05/18/2016 11:00:00 PM,18,6,12
05/19/2016 12:00:00 AM,10,2,8
05/19/2016 01:00:00 AM,2,2,0
05/19/2016 02:00:00 AM,3,2,1
05/19/2016 03:00:00 AM,0,0,0
05/19/2016 04:00:00 AM,7,4,3
05/19/2016 05:00:00 AM,33,24,9
05/19/2016 06:00:00 AM,157,106,51
05/19/2016 07:00:00 AM,392,283,109
05/19/2016 08:00:00 AM,446,320,126
05/19/2016 09:00:00 AM,226,138,88
05/19/2016 10:00:00 AM,76,44,32
05/19/2016 11:00:00 AM,51,33,18
05/19/2016 12:00:00 PM,69,30,39
05/19/2016 01:00:00 PM,93,38,55
05/19/2016 02:00:00 PM,87,31,56
05/19/2016 03:00:00 PM,120,43,77
05/19/2016 04:00:00 PM,251,88,163
05/19/2016 05:00:00 PM,543,170,373
05/19/2016 06:00:00 PM,368,109,259
05/19/2016 07:00:00 PM,173,57,116
05/19/2016 08:00:00 PM,70,27,43
05/19/2016 09:00:00 PM,38,20,18
05/19/2016 10:00:00 PM,30,12,18
05/19/2016 11:00:00 PM,14,6,8
05/20/2016 12:00:00 AM,9,3,6
05/20/2016 01:00:00 AM,4,1,3
05/20/2016 02:00:00 AM,6,1,5
05/20/2016 03:00:00 AM,0,0,0
05/20/2016 04:00:00 AM,7,3,4
05/20/2016 05:00:00 AM,51,34,17
05/20/2016 06:00:00 AM,232,169,63
05/20/2016 07:00:00 AM,615,487,128
05/20/2016 08:00:00 AM,699,504,195
05/20/2016 09:00:00 AM,333,215,118
05/20/2016 10:00:00 AM,129,72,57
05/20/2016 11:00:00 AM,79,43,36
05/20/2016 12:00:00 PM,110,59,51
05/20/2016 01:00:00 PM,111,57,54
05/20/2016 02:00:00 PM,148,72,76
05/20/2016 03:00:00 PM,218,78,140
05/20/2016 04:00:00 PM,423,156,267
05/20/2016 05:00:00 PM,672,216,456
05/20/2016 06:00:00 PM,439,127,312
05/20/2016 07:00:00 PM,200,81,119
05/20/2016 08:00:00 PM,104,37,67
05/20/2016 09:00:00 PM,56,25,31
05/20/2016 10:00:00 PM,35,16,19
05/20/2016 11:00:00 PM,31,8,23
05/21/2016 12:00:00 AM,16,7,9
05/21/2016 01:00:00 AM,12,5,7
05/21/2016 02:00:00 AM,6,1,5
05/21/2016 03:00:00 AM,4,2,2
05/21/2016 04:00:00 AM,6,3,3
05/21/2016 05:00:00 AM,4,2,2
05/21/2016 06:00:00 AM,15,6,9
05/21/2016 07:00:00 AM,22,16,6
05/21/2016 08:00:00 AM,48,28,20
05/21/2016 09:00:00 AM,31,22,9
05/21/2016 10:00:00 AM,30,12,18
05/21/2016 11:00:00 AM,31,14,17
05/21/2016 12:00:00 PM,51,31,20
05/21/2016 01:00:00 PM,46,22,24
05/21/2016 02:00:00 PM,56,30,26
05/21/2016 03:00:00 PM,63,32,31
05/21/2016 04:00:00 PM,61,36,25
05/21/2016 05:00:00 PM,67,31,36
05/21/2016 06:00:00 PM,50,22,28
05/21/2016 07:00:00 PM,40,15,25
05/21/2016 08:00:00 PM,28,9,19
05/21/2016 09:00:00 PM,23,6,17
05/21/2016 10:00:00 PM,17,8,9
05/21/2016 11:00:00 PM,14,5,9
05/22/2016 12:00:00 AM,9,5,4
05/22/2016 01:00:00 AM,12,4,8
05/22/2016 02:00:00 AM,5,3,2
05/22/2016 03:00:00 AM,2,0,2
05/22/2016 04:00:00 AM,6,1,5
05/22/2016 05:00:00 AM,6,4,2
05/22/2016 06:00:00 AM,24,10,14
05/22/2016 07:00:00 AM,33,14,19
05/22/2016 08:00:00 AM,52,24,28
05/22/2016 09:00:00 AM,77,49,28
05/22/2016 10:00:00 AM,119,74,45
05/22/2016 11:00:00 AM,171,94,77
05/22/2016 12:00:00 PM,173,89,84
05/22/2016 01:00:00 PM,208,105,103
05/22/2016 02:00:00 PM,205,108,97
05/22/2016 03:00:00 PM,197,99,98
05/22/2016 04:00:00 PM,181,80,101
05/22/2016 05:00:00 PM,158,78,80
05/22/2016 06:00:00 PM,137,68,69
05/22/2016 07:00:00 PM,78,36,42
05/22/2016 08:00:00 PM,37,19,18
05/22/2016 09:00:00 PM,29,17,12
05/22/2016 10:00:00 PM,26,11,15
05/22/2016 11:00:00 PM,13,4,9
05/23/2016 12:00:00 AM,5,1,4
05/23/2016 01:00:00 AM,3,1,2
05/23/2016 02:00:00 AM,3,1,2
05/23/2016 03:00:00 AM,3,3,0
05/23/2016 04:00:00 AM,8,4,4
05/23/2016 05:00:00 AM,43,30,13
05/23/2016 06:00:00 AM,162,109,53
05/23/2016 07:00:00 AM,471,327,144
05/23/2016 08:00:00 AM,607,404,203
05/23/2016 09:00:00 AM,321,188,133
05/23/2016 10:00:00 AM,99,61,38
05/23/2016 11:00:00 AM,84,43,41
05/23/2016 12:00:00 PM,80,43,37
05/23/2016 01:00:00 PM,80,33,47
05/23/2016 02:00:00 PM,83,41,42
05/23/2016 03:00:00 PM,120,56,64
05/23/2016 04:00:00 PM,336,112,224
05/23/2016 05:00:00 PM,734,172,562
05/23/2016 06:00:00 PM,496,169,327
05/23/2016 07:00:00 PM,209,71,138
05/23/2016 08:00:00 PM,114,49,65
05/23/2016 09:00:00 PM,77,32,45
05/23/2016 10:00:00 PM,49,19,30
05/23/2016 11:00:00 PM,20,6,14
05/24/2016 12:00:00 AM,6,4,2
05/24/2016 01:00:00 AM,1,0,1
05/24/2016 02:00:00 AM,0,0,0
05/24/2016 03:00:00 AM,3,2,1
05/24/2016 04:00:00 AM,9,5,4
05/24/2016 05:00:00 AM,49,32,17
05/24/2016 06:00:00 AM,223,143,80
05/24/2016 07:00:00 AM,501,351,150
05/24/2016 08:00:00 AM,663,433,230
05/24/2016 09:00:00 AM,292,173,119
05/24/2016 10:00:00 AM,103,64,39
05/24/2016 11:00:00 AM,98,55,43
05/24/2016 12:00:00 PM,88,52,36
05/24/2016 01:00:00 PM,90,42,48
05/24/2016 02:00:00 PM,119,58,61
05/24/2016 03:00:00 PM,177,79,98
05/24/2016 04:00:00 PM,401,132,269
05/24/2016 05:00:00 PM,734,204,530
05/24/2016 06:00:00 PM,505,168,337
05/24/2016 07:00:00 PM,273,104,169
05/24/2016 08:00:00 PM,167,81,86
05/24/2016 09:00:00 PM,70,29,41
05/24/2016 10:00:00 PM,55,16,39
05/24/2016 11:00:00 PM,24,11,13
05/25/2016 12:00:00 AM,16,10,6
05/25/2016 01:00:00 AM,7,5,2
05/25/2016 02:00:00 AM,2,0,2
05/25/2016 03:00:00 AM,4,3,1
05/25/2016 04:00:00 AM,9,3,6
05/25/2016 05:00:00 AM,54,37,17
05/25/2016 06:00:00 AM,197,128,69
05/25/2016 07:00:00 AM,482,325,157
05/25/2016 08:00:00 AM,605,408,197
05/25/2016 09:00:00 AM,307,190,117
05/25/2016 10:00:00 AM,126,73,53
05/25/2016 11:00:00 AM,73,43,30
05/25/2016 12:00:00 PM,146,50,96
05/25/2016 01:00:00 PM,154,86,68
05/25/2016 02:00:00 PM,123,53,70
05/25/2016 03:00:00 PM,173,77,96
05/25/2016 04:00:00 PM,362,113,249
05/25/2016 05:00:00 PM,695,208,487
05/25/2016 06:00:00 PM,455,157,298
05/25/2016 07:00:00 PM,223,78,145
05/25/2016 08:00:00 PM,127,49,78
05/25/2016 09:00:00 PM,76,33,43
05/25/2016 10:00:00 PM,50,19,31
05/25/2016 11:00:00 PM,37,20,17
05/26/2016 12:00:00 AM,8,5,3
05/26/2016 01:00:00 AM,7,5,2
05/26/2016 02:00:00 AM,2,2,0
05/26/2016 03:00:00 AM,3,0,3
05/26/2016 04:00:00 AM,10,8,2
05/26/2016 05:00:00 AM,43,26,17
05/26/2016 06:00:00 AM,164,117,47
05/26/2016 07:00:00 AM,437,301,136
05/26/2016 08:00:00 AM,603,406,197
05/26/2016 09:00:00 AM,278,171,107
05/26/2016 10:00:00 AM,113,68,45
05/26/2016 11:00:00 AM,72,43,29
05/26/2016 12:00:00 PM,100,38,62
05/26/2016 01:00:00 PM,94,46,48
05/26/2016 02:00:00 PM,91,39,52
05/26/2016 03:00:00 PM,143,61,82
05/26/2016 04:00:00 PM,312,108,204
05/26/2016 05:00:00 PM,636,183,453
05/26/2016 06:00:00 PM,422,141,281
05/26/2016 07:00:00 PM,182,71,111
05/26/2016 08:00:00 PM,112,36,76
05/26/2016 09:00:00 PM,76,34,42
05/26/2016 10:00:00 PM,31,8,23
05/26/2016 11:00:00 PM,31,10,21
05/27/2016 12:00:00 AM,8,6,2
05/27/2016 01:00:00 AM,7,5,2
05/27/2016 02:00:00 AM,2,2,0
05/27/2016 03:00:00 AM,1,0,1
05/27/2016 04:00:00 AM,4,1,3
05/27/2016 05:00:00 AM,30,21,9
05/27/2016 06:00:00 AM,85,58,27
05/27/2016 07:00:00 AM,267,184,83
05/27/2016 08:00:00 AM,412,278,134
05/27/2016 09:00:00 AM,222,134,88
05/27/2016 10:00:00 AM,95,54,41
05/27/2016 11:00:00 AM,77,37,40
05/27/2016 12:00:00 PM,86,50,36
05/27/2016 01:00:00 PM,120,49,71
05/27/2016 02:00:00 PM,124,54,70
05/27/2016 03:00:00 PM,175,70,105
05/27/2016 04:00:00 PM,282,95,187
05/27/2016 05:00:00 PM,404,131,273
05/27/2016 06:00:00 PM,199,66,133
05/27/2016 07:00:00 PM,94,36,58
05/27/2016 08:00:00 PM,61,26,35
05/27/2016 09:00:00 PM,47,19,28
05/27/2016 10:00:00 PM,40,14,26
05/27/2016 11:00:00 PM,21,11,10
05/28/2016 12:00:00 AM,14,7,7
05/28/2016 01:00:00 AM,6,2,4
05/28/2016 02:00:00 AM,11,4,7
05/28/2016 03:00:00 AM,2,0,2
05/28/2016 04:00:00 AM,2,1,1
05/28/2016 05:00:00 AM,7,4,3
05/28/2016 06:00:00 AM,17,8,9
05/28/2016 07:00:00 AM,24,12,12
05/28/2016 08:00:00 AM,53,32,21
05/28/2016 09:00:00 AM,59,27,32
05/28/2016 10:00:00 AM,77,42,35
05/28/2016 11:00:00 AM,106,67,39
05/28/2016 12:00:00 PM,116,55,61
05/28/2016 01:00:00 PM,94,56,38
05/28/2016 02:00:00 PM,90,45,45
05/28/2016 03:00:00 PM,117,54,63
05/28/2016 04:00:00 PM,100,52,48
05/28/2016 05:00:00 PM,93,43,50
05/28/2016 06:00:00 PM,67,38,29
05/28/2016 07:00:00 PM,35,11,24
05/28/2016 08:00:00 PM,29,7,22
05/28/2016 09:00:00 PM,37,9,28
05/28/2016 10:00:00 PM,16,4,12
05/28/2016 11:00:00 PM,13,1,12
05/29/2016 12:00:00 AM,11,3,8
05/29/2016 01:00:00 AM,7,0,7
05/29/2016 02:00:00 AM,4,2,2
05/29/2016 03:00:00 AM,5,1,4
05/29/2016 04:00:00 AM,0,0,0
05/29/2016 05:00:00 AM,3,1,2
05/29/2016 06:00:00 AM,11,5,6
05/29/2016 07:00:00 AM,18,8,10
05/29/2016 08:00:00 AM,38,14,24
05/29/2016 09:00:00 AM,26,11,15
05/29/2016 10:00:00 AM,37,21,16
05/29/2016 11:00:00 AM,37,18,19
05/29/2016 12:00:00 PM,67,36,31
05/29/2016 01:00:00 PM,52,30,22
05/29/2016 02:00:00 PM,68,32,36
05/29/2016 03:00:00 PM,78,41,37
05/29/2016 04:00:00 PM,112,65,47
05/29/2016 05:00:00 PM,83,37,46
05/29/2016 06:00:00 PM,72,36,36
05/29/2016 07:00:00 PM,42,22,20
05/29/2016 08:00:00 PM,56,20,36
05/29/2016 09:00:00 PM,26,10,16
05/29/2016 10:00:00 PM,29,8,21
05/29/2016 11:00:00 PM,17,6,11
05/30/2016 12:00:00 AM,10,8,2
05/30/2016 01:00:00 AM,5,3,2
05/30/2016 02:00:00 AM,3,0,3
05/30/2016 03:00:00 AM,3,2,1
05/30/2016 04:00:00 AM,5,1,4
05/30/2016 05:00:00 AM,11,7,4
05/30/2016 06:00:00 AM,32,15,17
05/30/2016 07:00:00 AM,48,23,25
05/30/2016 08:00:00 AM,89,36,53
05/30/2016 09:00:00 AM,167,75,92
05/30/2016 10:00:00 AM,205,126,79
05/30/2016 11:00:00 AM,226,127,99
05/30/2016 12:00:00 PM,278,155,123
05/30/2016 01:00:00 PM,284,159,125
05/30/2016 02:00:00 PM,344,196,148
05/30/2016 03:00:00 PM,254,125,129
05/30/2016 04:00:00 PM,265,123,142
05/30/2016 05:00:00 PM,257,127,130
05/30/2016 06:00:00 PM,174,82,92
05/30/2016 07:00:00 PM,112,51,61
05/30/2016 08:00:00 PM,80,41,39
05/30/2016 09:00:00 PM,67,23,44
05/30/2016 10:00:00 PM,25,16,9
05/30/2016 11:00:00 PM,21,13,8
05/31/2016 12:00:00 AM,7,2,5
05/31/2016 01:00:00 AM,1,1,0
05/31/2016 02:00:00 AM,1,1,0
05/31/2016 03:00:00 AM,3,1,2
05/31/2016 04:00:00 AM,8,5,3
05/31/2016 05:00:00 AM,51,37,14
05/31/2016 06:00:00 AM,203,145,58
05/31/2016 07:00:00 AM,556,390,166
05/31/2016 08:00:00 AM,681,467,214
05/31/2016 09:00:00 AM,345,206,139
05/31/2016 10:00:00 AM,140,84,56
05/31/2016 11:00:00 AM,95,44,51
05/31/2016 12:00:00 PM,112,62,50
05/31/2016 01:00:00 PM,109,60,49
05/31/2016 02:00:00 PM,126,61,65
05/31/2016 03:00:00 PM,179,89,90
05/31/2016 04:00:00 PM,381,118,263
05/31/2016 05:00:00 PM,841,210,631
05/31/2016 06:00:00 PM,505,210,295
05/31/2016 07:00:00 PM,291,124,167
05/31/2016 08:00:00 PM,124,59,65
05/31/2016 09:00:00 PM,79,47,32
05/31/2016 10:00:00 PM,41,18,23
05/31/2016 11:00:00 PM,20,9,11
06/01/2016 12:00:00 AM,13,7,6
06/01/2016 01:00:00 AM,3,1,2
06/01/2016 02:00:00 AM,1,0,1
06/01/2016 03:00:00 AM,3,3,0
06/01/2016 04:00:00 AM,7,5,2
06/01/2016 05:00:00 AM,56,38,18
06/01/2016 06:00:00 AM,217,150,67
06/01/2016 07:00:00 AM,544,375,169
06/01/2016 08:00:00 AM,635,420,215
06/01/2016 09:00:00 AM,308,204,104
06/01/2016 10:00:00 AM,161,88,73
06/01/2016 11:00:00 AM,105,60,45
06/01/2016 12:00:00 PM,107,55,52
06/01/2016 01:00:00 PM,111,64,47
06/01/2016 02:00:00 PM,142,76,66
06/01/2016 03:00:00 PM,173,67,106
06/01/2016 04:00:00 PM,391,130,261
06/01/2016 05:00:00 PM,751,191,560
06/01/2016 06:00:00 PM,524,189,335
06/01/2016 07:00:00 PM,249,98,151
06/01/2016 08:00:00 PM,171,76,95
06/01/2016 09:00:00 PM,62,28,34
06/01/2016 10:00:00 PM,55,22,33
06/01/2016 11:00:00 PM,20,7,13
06/02/2016 12:00:00 AM,14,6,8
06/02/2016 01:00:00 AM,4,3,1
06/02/2016 02:00:00 AM,3,1,2
06/02/2016 03:00:00 AM,1,0,1
06/02/2016 04:00:00 AM,12,6,6
06/02/2016 05:00:00 AM,48,27,21
06/02/2016 06:00:00 AM,152,104,48
06/02/2016 07:00:00 AM,414,261,153
06/02/2016 08:00:00 AM,559,384,175
06/02/2016 09:00:00 AM,281,180,101
06/02/2016 10:00:00 AM,112,70,42
06/02/2016 11:00:00 AM,81,48,33
06/02/2016 12:00:00 PM,82,38,44
06/02/2016 01:00:00 PM,79,34,45
06/02/2016 02:00:00 PM,107,33,74
06/02/2016 03:00:00 PM,155,67,88
06/02/2016 04:00:00 PM,333,122,211
06/02/2016 05:00:00 PM,682,195,487
06/02/2016 06:00:00 PM,456,145,311
06/02/2016 07:00:00 PM,217,74,143
06/02/2016 08:00:00 PM,124,54,70
06/02/2016 09:00:00 PM,84,37,47
06/02/2016 10:00:00 PM,55,25,30
06/02/2016 11:00:00 PM,30,17,13
06/03/2016 12:00:00 AM,19,9,10
06/03/2016 01:00:00 AM,3,2,1
06/03/2016 02:00:00 AM,3,3,0
06/03/2016 03:00:00 AM,3,1,2
06/03/2016 04:00:00 AM,11,7,4
06/03/2016 05:00:00 AM,46,28,18
06/03/2016 06:00:00 AM,158,114,44
06/03/2016 07:00:00 AM,461,324,137
06/03/2016 08:00:00 AM,599,393,206
06/03/2016 09:00:00 AM,297,183,114
06/03/2016 10:00:00 AM,118,65,53
06/03/2016 11:00:00 AM,119,68,51
06/03/2016 12:00:00 PM,116,61,55
06/03/2016 01:00:00 PM,112,55,57
06/03/2016 02:00:00 PM,146,62,84
06/03/2016 03:00:00 PM,218,95,123
06/03/2016 04:00:00 PM,481,158,323
06/03/2016 05:00:00 PM,650,185,465
06/03/2016 06:00:00 PM,405,146,259
06/03/2016 07:00:00 PM,185,72,113
06/03/2016 08:00:00 PM,132,68,64
06/03/2016 09:00:00 PM,95,43,52
06/03/2016 10:00:00 PM,55,27,28
06/03/2016 11:00:00 PM,38,12,26
06/04/2016 12:00:00 AM,26,7,19
06/04/2016 01:00:00 AM,18,5,13
06/04/2016 02:00:00 AM,8,3,5
06/04/2016 03:00:00 AM,6,3,3
06/04/2016 04:00:00 AM,4,0,4
06/04/2016 05:00:00 AM,12,9,3
06/04/2016 06:00:00 AM,30,13,17
06/04/2016 07:00:00 AM,75,36,39
06/04/2016 08:00:00 AM,143,66,77
06/04/2016 09:00:00 AM,197,119,78
06/04/2016 10:00:00 AM,157,90,67
06/04/2016 11:00:00 AM,209,104,105
06/04/2016 12:00:00 PM,190,94,96
06/04/2016 01:00:00 PM,227,121,106
06/04/2016 02:00:00 PM,234,129,105
06/04/2016 03:00:00 PM,219,111,108
06/04/2016 04:00:00 PM,200,107,93
06/04/2016 05:00:00 PM,157,83,74
06/04/2016 06:00:00 PM,163,84,79
06/04/2016 07:00:00 PM,121,64,57
06/04/2016 08:00:00 PM,69,25,44
06/04/2016 09:00:00 PM,95,43,52
06/04/2016 10:00:00 PM,42,23,19
06/04/2016 11:00:00 PM,37,22,15
06/05/2016 12:00:00 AM,23,9,14
06/05/2016 01:00:00 AM,13,6,7
06/05/2016 02:00:00 AM,2,0,2
06/05/2016 03:00:00 AM,5,2,3
06/05/2016 04:00:00 AM,4,2,2
06/05/2016 05:00:00 AM,12,6,6
06/05/2016 06:00:00 AM,24,7,17
06/05/2016 07:00:00 AM,55,33,22
06/05/2016 08:00:00 AM,107,61,46
06/05/2016 09:00:00 AM,121,62,59
06/05/2016 10:00:00 AM,177,93,84
06/05/2016 11:00:00 AM,192,100,92
06/05/2016 12:00:00 PM,173,107,66
06/05/2016 01:00:00 PM,203,110,93
06/05/2016 02:00:00 PM,219,116,103
06/05/2016 03:00:00 PM,203,112,91
06/05/2016 04:00:00 PM,134,77,57
06/05/2016 05:00:00 PM,116,54,62
06/05/2016 06:00:00 PM,113,57,56
06/05/2016 07:00:00 PM,80,37,43
06/05/2016 08:00:00 PM,64,36,28
06/05/2016 09:00:00 PM,45,24,21
06/05/2016 10:00:00 PM,24,14,10
06/05/2016 11:00:00 PM,24,7,17
06/06/2016 12:00:00 AM,7,1,6
06/06/2016 01:00:00 AM,3,1,2
06/06/2016 02:00:00 AM,3,0,3
06/06/2016 03:00:00 AM,1,0,1
06/06/2016 04:00:00 AM,14,9,5
06/06/2016 05:00:00 AM,52,34,18
06/06/2016 06:00:00 AM,194,126,68
06/06/2016 07:00:00 AM,494,344,150
06/06/2016 08:00:00 AM,645,432,213
06/06/2016 09:00:00 AM,328,208,120
06/06/2016 10:00:00 AM,126,81,45
06/06/2016 11:00:00 AM,111,51,60
06/06/2016 12:00:00 PM,87,54,33
06/06/2016 01:00:00 PM,122,61,61
06/06/2016 02:00:00 PM,112,60,52
06/06/2016 03:00:00 PM,187,78,109
06/06/2016 04:00:00 PM,376,119,257
06/06/2016 05:00:00 PM,784,186,598
06/06/2016 06:00:00 PM,556,185,371
06/06/2016 07:00:00 PM,243,92,151
06/06/2016 08:00:00 PM,163,78,85
06/06/2016 09:00:00 PM,85,29,56
06/06/2016 10:00:00 PM,46,21,25
06/06/2016 11:00:00 PM,25,13,12
06/07/2016 12:00:00 AM,13,6,7
06/07/2016 01:00:00 AM,5,0,5
06/07/2016 02:00:00 AM,4,0,4
06/07/2016 03:00:00 AM,4,2,2
06/07/2016 04:00:00 AM,7,5,2
06/07/2016 05:00:00 AM,49,34,15
06/07/2016 06:00:00 AM,230,155,75
06/07/2016 07:00:00 AM,540,372,168
06/07/2016 08:00:00 AM,709,477,232
06/07/2016 09:00:00 AM,329,183,146
06/07/2016 10:00:00 AM,152,90,62
06/07/2016 11:00:00 AM,127,83,44
06/07/2016 12:00:00 PM,110,55,55
06/07/2016 01:00:00 PM,125,56,69
06/07/2016 02:00:00 PM,114,54,60
06/07/2016 03:00:00 PM,168,69,99
06/07/2016 04:00:00 PM,394,135,259
06/07/2016 05:00:00 PM,825,214,611
06/07/2016 06:00:00 PM,558,186,372
06/07/2016 07:00:00 PM,296,116,180
06/07/2016 08:00:00 PM,150,65,85
06/07/2016 09:00:00 PM,98,40,58
06/07/2016 10:00:00 PM,56,20,36
06/07/2016 11:00:00 PM,24,11,13
06/08/2016 12:00:00 AM,14,8,6
06/08/2016 01:00:00 AM,10,4,6
06/08/2016 02:00:00 AM,6,2,4
06/08/2016 03:00:00 AM,4,2,2
06/08/2016 04:00:00 AM,8,5,3
06/08/2016 05:00:00 AM,63,35,28
06/08/2016 06:00:00 AM,202,137,65
06/08/2016 07:00:00 AM,495,343,152
06/08/2016 08:00:00 AM,641,430,211
06/08/2016 09:00:00 AM,353,217,136
06/08/2016 10:00:00 AM,140,79,61
06/08/2016 11:00:00 AM,84,48,36
06/08/2016 12:00:00 PM,91,56,35
06/08/2016 01:00:00 PM,80,38,42
06/08/2016 02:00:00 PM,116,51,65
06/08/2016 03:00:00 PM,165,65,100
06/08/2016 04:00:00 PM,353,106,247
06/08/2016 05:00:00 PM,788,229,559
06/08/2016 06:00:00 PM,487,161,326
06/08/2016 07:00:00 PM,239,95,144
06/08/2016 08:00:00 PM,140,48,92
06/08/2016 09:00:00 PM,71,38,33
06/08/2016 10:00:00 PM,44,21,23
06/08/2016 11:00:00 PM,33,17,16
06/09/2016 12:00:00 AM,13,3,10
06/09/2016 01:00:00 AM,9,4,5
06/09/2016 02:00:00 AM,0,0,0
06/09/2016 03:00:00 AM,2,1,1
06/09/2016 04:00:00 AM,9,5,4
06/09/2016 05:00:00 AM,45,29,16
06/09/2016 06:00:00 AM,170,109,61
06/09/2016 07:00:00 AM,412,280,132
06/09/2016 08:00:00 AM,562,392,170
06/09/2016 09:00:00 AM,277,162,115
06/09/2016 10:00:00 AM,122,80,42
06/09/2016 11:00:00 AM,66,34,32
06/09/2016 12:00:00 PM,86,36,50
06/09/2016 01:00:00 PM,101,45,56
06/09/2016 02:00:00 PM,88,46,42
06/09/2016 03:00:00 PM,152,74,78
06/09/2016 04:00:00 PM,324,99,225
06/09/2016 05:00:00 PM,625,169,456
06/09/2016 06:00:00 PM,447,138,309
06/09/2016 07:00:00 PM,190,72,118
06/09/2016 08:00:00 PM,143,55,88
06/09/2016 09:00:00 PM,53,24,29
06/09/2016 10:00:00 PM,43,15,28
06/09/2016 11:00:00 PM,31,13,18
06/10/2016 12:00:00 AM,17,6,11
06/10/2016 01:00:00 AM,9,6,3
06/10/2016 02:00:00 AM,2,2,0
06/10/2016 03:00:00 AM,3,0,3
06/10/2016 04:00:00 AM,6,0,6
06/10/2016 05:00:00 AM,47,28,19
06/10/2016 06:00:00 AM,117,79,38
06/10/2016 07:00:00 AM,349,221,128
06/10/2016 08:00:00 AM,458,295,163
06/10/2016 09:00:00 AM,250,148,102
06/10/2016 10:00:00 AM,106,61,45
06/10/2016 11:00:00 AM,79,38,41
06/10/2016 12:00:00 PM,96,53,43
06/10/2016 01:00:00 PM,112,58,54
06/10/2016 02:00:00 PM,113,54,59
06/10/2016 03:00:00 PM,130,52,78
06/10/2016 04:00:00 PM,293,90,203
06/10/2016 05:00:00 PM,520,159,361
06/10/2016 06:00:00 PM,267,87,180
06/10/2016 07:00:00 PM,128,44,84
06/10/2016 08:00:00 PM,65,28,37
06/10/2016 09:00:00 PM,43,17,26
06/10/2016 10:00:00 PM,45,17,28
06/10/2016 11:00:00 PM,23,7,16
06/11/2016 12:00:00 AM,25,7,18
06/11/2016 01:00:00 AM,12,9,3
06/11/2016 02:00:00 AM,5,2,3
06/11/2016 03:00:00 AM,1,1,0
06/11/2016 04:00:00 AM,4,2,2
06/11/2016 05:00:00 AM,16,11,5
06/11/2016 06:00:00 AM,24,12,12
06/11/2016 07:00:00 AM,39,22,17
06/11/2016 08:00:00 AM,74,31,43
06/11/2016 09:00:00 AM,96,46,50
06/11/2016 10:00:00 AM,116,66,50
06/11/2016 11:00:00 AM,128,82,46
06/11/2016 12:00:00 PM,129,67,62
06/11/2016 01:00:00 PM,123,70,53
06/11/2016 02:00:00 PM,162,86,76
06/11/2016 03:00:00 PM,131,74,57
06/11/2016 04:00:00 PM,96,50,46
06/11/2016 05:00:00 PM,94,50,44
06/11/2016 06:00:00 PM,93,53,40
06/11/2016 07:00:00 PM,93,40,53
06/11/2016 08:00:00 PM,66,37,29
06/11/2016 09:00:00 PM,80,53,27
06/11/2016 10:00:00 PM,28,14,14
06/11/2016 11:00:00 PM,25,16,9
06/12/2016 12:00:00 AM,20,9,11
06/12/2016 01:00:00 AM,9,2,7
06/12/2016 02:00:00 AM,11,3,8
06/12/2016 03:00:00 AM,1,0,1
06/12/2016 04:00:00 AM,3,0,3
06/12/2016 05:00:00 AM,11,5,6
06/12/2016 06:00:00 AM,18,8,10
06/12/2016 07:00:00 AM,49,19,30
06/12/2016 08:00:00 AM,74,29,45
06/12/2016 09:00:00 AM,98,48,50
06/12/2016 10:00:00 AM,116,67,49
06/12/2016 11:00:00 AM,166,95,71
06/12/2016 12:00:00 PM,175,92,83
06/12/2016 01:00:00 PM,182,95,87
06/12/2016 02:00:00 PM,250,125,125
06/12/2016 03:00:00 PM,202,106,96
06/12/2016 04:00:00 PM,197,102,95
06/12/2016 05:00:00 PM,211,98,113
06/12/2016 06:00:00 PM,131,61,70
06/12/2016 07:00:00 PM,103,48,55
06/12/2016 08:00:00 PM,66,33,33
06/12/2016 09:00:00 PM,39,16,23
06/12/2016 10:00:00 PM,23,9,14
06/12/2016 11:00:00 PM,19,8,11
06/13/2016 12:00:00 AM,13,5,8
06/13/2016 01:00:00 AM,3,1,2
06/13/2016 02:00:00 AM,3,1,2
06/13/2016 03:00:00 AM,3,2,1
06/13/2016 04:00:00 AM,6,4,2
06/13/2016 05:00:00 AM,58,35,23
06/13/2016 06:00:00 AM,144,79,65
06/13/2016 07:00:00 AM,375,244,131
06/13/2016 08:00:00 AM,545,359,186
06/13/2016 09:00:00 AM,220,149,71
06/13/2016 10:00:00 AM,83,41,42
06/13/2016 11:00:00 AM,72,40,32
06/13/2016 12:00:00 PM,42,17,25
06/13/2016 01:00:00 PM,54,27,27
06/13/2016 02:00:00 PM,86,39,47
06/13/2016 03:00:00 PM,135,62,73
06/13/2016 04:00:00 PM,305,93,212
06/13/2016 05:00:00 PM,614,162,452
06/13/2016 06:00:00 PM,401,127,274
06/13/2016 07:00:00 PM,190,75,115
06/13/2016 08:00:00 PM,96,41,55
06/13/2016 09:00:00 PM,61,20,41
06/13/2016 10:00:00 PM,38,18,20
06/13/2016 11:00:00 PM,14,3,11
06/14/2016 12:00:00 AM,7,2,5
06/14/2016 01:00:00 AM,8,2,6
06/14/2016 02:00:00 AM,6,4,2
06/14/2016 03:00:00 AM,3,1,2
06/14/2016 04:00:00 AM,7,6,1
06/14/2016 05:00:00 AM,39,22,17
06/14/2016 06:00:00 AM,126,84,42
06/14/2016 07:00:00 AM,351,214,137
06/14/2016 08:00:00 AM,500,335,165
06/14/2016 09:00:00 AM,235,145,90
06/14/2016 10:00:00 AM,74,45,29
06/14/2016 11:00:00 AM,60,37,23
06/14/2016 12:00:00 PM,84,41,43
06/14/2016 01:00:00 PM,67,38,29
06/14/2016 02:00:00 PM,63,33,30
06/14/2016 03:00:00 PM,120,48,72
06/14/2016 04:00:00 PM,245,78,167
06/14/2016 05:00:00 PM,541,136,405
06/14/2016 06:00:00 PM,321,105,216
06/14/2016 07:00:00 PM,172,60,112
06/14/2016 08:00:00 PM,79,37,42
06/14/2016 09:00:00 PM,56,21,35
06/14/2016 10:00:00 PM,33,13,20
06/14/2016 11:00:00 PM,17,4,13
06/15/2016 12:00:00 AM,14,7,7
06/15/2016 01:00:00 AM,7,3,4
06/15/2016 02:00:00 AM,1,0,1
06/15/2016 03:00:00 AM,3,1,2
06/15/2016 04:00:00 AM,7,3,4
06/15/2016 05:00:00 AM,52,31,21
06/15/2016 06:00:00 AM,182,119,63
06/15/2016 07:00:00 AM,424,277,147
06/15/2016 08:00:00 AM,553,371,182
06/15/2016 09:00:00 AM,281,174,107
06/15/2016 10:00:00 AM,141,79,62
06/15/2016 11:00:00 AM,91,48,43
06/15/2016 12:00:00 PM,95,46,49
06/15/2016 01:00:00 PM,93,51,42
06/15/2016 02:00:00 PM,122,58,64
06/15/2016 03:00:00 PM,167,84,83
06/15/2016 04:00:00 PM,352,110,242
06/15/2016 05:00:00 PM,761,238,523
06/15/2016 06:00:00 PM,501,158,343
06/15/2016 07:00:00 PM,241,91,150
06/15/2016 08:00:00 PM,150,65,85
06/15/2016 09:00:00 PM,80,31,49
06/15/2016 10:00:00 PM,42,16,26
06/15/2016 11:00:00 PM,28,12,16
06/16/2016 12:00:00 AM,13,5,8
06/16/2016 01:00:00 AM,6,4,2
06/16/2016 02:00:00 AM,5,1,4
06/16/2016 03:00:00 AM,1,1,0
06/16/2016 04:00:00 AM,7,6,1
06/16/2016 05:00:00 AM,41,27,14
06/16/2016 06:00:00 AM,156,103,53
06/16/2016 07:00:00 AM,427,279,148
06/16/2016 08:00:00 AM,599,394,205
06/16/2016 09:00:00 AM,304,189,115
06/16/2016 10:00:00 AM,108,67,41
06/16/2016 11:00:00 AM,89,42,47
06/16/2016 12:00:00 PM,96,46,50
06/16/2016 01:00:00 PM,98,52,46
06/16/2016 02:00:00 PM,115,41,74
06/16/2016 03:00:00 PM,179,82,97
06/16/2016 04:00:00 PM,376,140,236
06/16/2016 05:00:00 PM,702,207,495
06/16/2016 06:00:00 PM,469,155,314
06/16/2016 07:00:00 PM,198,72,126
06/16/2016 08:00:00 PM,120,55,65
06/16/2016 09:00:00 PM,116,41,75
06/16/2016 10:00:00 PM,59,22,37
06/16/2016 11:00:00 PM,35,13,22
06/17/2016 12:00:00 AM,22,7,15
06/17/2016 01:00:00 AM,8,4,4
06/17/2016 02:00:00 AM,4,1,3
06/17/2016 03:00:00 AM,3,2,1
06/17/2016 04:00:00 AM,6,2,4
06/17/2016 05:00:00 AM,39,24,15
06/17/2016 06:00:00 AM,129,78,51
06/17/2016 07:00:00 AM,387,268,119
06/17/2016 08:00:00 AM,520,338,182
06/17/2016 09:00:00 AM,271,149,122
06/17/2016 10:00:00 AM,143,87,56
06/17/2016 11:00:00 AM,107,56,51
06/17/2016 12:00:00 PM,104,47,57
06/17/2016 01:00:00 PM,108,56,52
06/17/2016 02:00:00 PM,107,42,65
06/17/2016 03:00:00 PM,188,72,116
06/17/2016 04:00:00 PM,337,118,219
06/17/2016 05:00:00 PM,494,119,375
06/17/2016 06:00:00 PM,272,103,169
06/17/2016 07:00:00 PM,139,39,100
06/17/2016 08:00:00 PM,53,19,34
06/17/2016 09:00:00 PM,57,26,31
06/17/2016 10:00:00 PM,28,12,16
06/17/2016 11:00:00 PM,27,10,17
06/18/2016 12:00:00 AM,12,9,3
06/18/2016 01:00:00 AM,7,2,5
06/18/2016 02:00:00 AM,3,1,2
06/18/2016 03:00:00 AM,2,0,2
06/18/2016 04:00:00 AM,1,0,1
06/18/2016 05:00:00 AM,11,9,2
06/18/2016 06:00:00 AM,28,15,13
06/18/2016 07:00:00 AM,43,20,23
06/18/2016 08:00:00 AM,52,29,23
06/18/2016 09:00:00 AM,83,34,49
06/18/2016 10:00:00 AM,69,33,36
06/18/2016 11:00:00 AM,101,45,56
06/18/2016 12:00:00 PM,89,37,52
06/18/2016 01:00:00 PM,115,49,66
06/18/2016 02:00:00 PM,42,20,22
06/18/2016 03:00:00 PM,15,6,9
06/18/2016 04:00:00 PM,25,11,14
06/18/2016 05:00:00 PM,80,31,49
06/18/2016 06:00:00 PM,101,59,42
06/18/2016 07:00:00 PM,70,32,38
06/18/2016 08:00:00 PM,39,21,18
06/18/2016 09:00:00 PM,51,23,28
06/18/2016 10:00:00 PM,39,24,15
06/18/2016 11:00:00 PM,39,21,18
06/19/2016 12:00:00 AM,15,6,9
06/19/2016 01:00:00 AM,17,9,8
06/19/2016 02:00:00 AM,6,4,2
06/19/2016 03:00:00 AM,1,1,0
06/19/2016 04:00:00 AM,2,1,1
06/19/2016 05:00:00 AM,6,5,1
06/19/2016 06:00:00 AM,17,3,14
06/19/2016 07:00:00 AM,53,32,21
06/19/2016 08:00:00 AM,70,30,40
06/19/2016 09:00:00 AM,123,56,67
06/19/2016 10:00:00 AM,189,105,84
06/19/2016 11:00:00 AM,145,65,80
06/19/2016 12:00:00 PM,201,115,86
06/19/2016 01:00:00 PM,196,85,111
06/19/2016 02:00:00 PM,244,118,126
06/19/2016 03:00:00 PM,229,105,124
06/19/2016 04:00:00 PM,210,93,117
06/19/2016 05:00:00 PM,200,108,92
06/19/2016 06:00:00 PM,124,69,55
06/19/2016 07:00:00 PM,72,42,30
06/19/2016 08:00:00 PM,68,33,35
06/19/2016 09:00:00 PM,43,28,15
06/19/2016 10:00:00 PM,21,10,11
06/19/2016 11:00:00 PM,21,8,13
06/20/2016 12:00:00 AM,5,1,4
06/20/2016 01:00:00 AM,2,0,2
06/20/2016 02:00:00 AM,1,0,1
06/20/2016 03:00:00 AM,2,0,2
06/20/2016 04:00:00 AM,10,6,4
06/20/2016 05:00:00 AM,54,33,21
06/20/2016 06:00:00 AM,184,121,63
06/20/2016 07:00:00 AM,428,288,140
06/20/2016 08:00:00 AM,588,394,194
06/20/2016 09:00:00 AM,334,206,128
06/20/2016 10:00:00 AM,114,59,55
06/20/2016 11:00:00 AM,58,34,24
06/20/2016 12:00:00 PM,87,42,45
06/20/2016 01:00:00 PM,87,44,43
06/20/2016 02:00:00 PM,89,43,46
06/20/2016 03:00:00 PM,151,56,95
06/20/2016 04:00:00 PM,340,122,218
06/20/2016 05:00:00 PM,719,180,539
06/20/2016 06:00:00 PM,512,167,345
06/20/2016 07:00:00 PM,249,100,149
06/20/2016 08:00:00 PM,160,68,92
06/20/2016 09:00:00 PM,109,61,48
06/20/2016 10:00:00 PM,49,26,23
06/20/2016 11:00:00 PM,16,2,14
06/21/2016 12:00:00 AM,2,0,2
06/21/2016 01:00:00 AM,2,2,0
06/21/2016 02:00:00 AM,1,0,1
06/21/2016 03:00:00 AM,2,1,1
06/21/2016 04:00:00 AM,7,2,5
06/21/2016 05:00:00 AM,43,34,9
06/21/2016 06:00:00 AM,179,114,65
06/21/2016 07:00:00 AM,429,291,138
06/21/2016 08:00:00 AM,620,408,212
06/21/2016 09:00:00 AM,275,176,99
06/21/2016 10:00:00 AM,129,61,68
06/21/2016 11:00:00 AM,88,47,41
06/21/2016 12:00:00 PM,104,48,56
06/21/2016 01:00:00 PM,90,45,45
06/21/2016 02:00:00 PM,120,41,79
06/21/2016 03:00:00 PM,140,66,74
06/21/2016 04:00:00 PM,362,116,246
06/21/2016 05:00:00 PM,784,221,563
06/21/2016 06:00:00 PM,450,143,307
06/21/2016 07:00:00 PM,244,107,137
06/21/2016 08:00:00 PM,155,82,73
06/21/2016 09:00:00 PM,130,58,72
06/21/2016 10:00:00 PM,41,17,24
06/21/2016 11:00:00 PM,28,10,18
06/22/2016 12:00:00 AM,21,5,16
06/22/2016 01:00:00 AM,8,5,3
06/22/2016 02:00:00 AM,4,0,4
06/22/2016 03:00:00 AM,3,2,1
06/22/2016 04:00:00 AM,11,9,2
06/22/2016 05:00:00 AM,45,25,20
06/22/2016 06:00:00 AM,204,140,64
06/22/2016 07:00:00 AM,470,294,176
06/22/2016 08:00:00 AM,606,367,239
06/22/2016 09:00:00 AM,347,217,130
06/22/2016 10:00:00 AM,160,98,62
06/22/2016 11:00:00 AM,108,64,44
06/22/2016 12:00:00 PM,111,60,51
06/22/2016 01:00:00 PM,114,58,56
06/22/2016 02:00:00 PM,102,40,62
06/22/2016 03:00:00 PM,189,80,109
06/22/2016 04:00:00 PM,362,126,236
06/22/2016 05:00:00 PM,789,234,555
06/22/2016 06:00:00 PM,520,178,342
06/22/2016 07:00:00 PM,253,86,167
06/22/2016 08:00:00 PM,156,62,94
06/22/2016 09:00:00 PM,72,28,44
06/22/2016 10:00:00 PM,46,25,21
06/22/2016 11:00:00 PM,23,10,13
06/23/2016 12:00:00 AM,17,10,7
06/23/2016 01:00:00 AM,6,5,1
06/23/2016 02:00:00 AM,2,0,2
06/23/2016 03:00:00 AM,2,0,2
06/23/2016 04:00:00 AM,4,4,0
06/23/2016 05:00:00 AM,40,24,16
06/23/2016 06:00:00 AM,88,56,32
06/23/2016 07:00:00 AM,242,162,80
06/23/2016 08:00:00 AM,363,253,110
06/23/2016 09:00:00 AM,205,135,70
06/23/2016 10:00:00 AM,94,51,43
06/23/2016 11:00:00 AM,55,30,25
06/23/2016 12:00:00 PM,68,37,31
06/23/2016 01:00:00 PM,94,38,56
06/23/2016 02:00:00 PM,66,32,34
06/23/2016 03:00:00 PM,87,31,56
06/23/2016 04:00:00 PM,187,49,138
06/23/2016 05:00:00 PM,399,111,288
06/23/2016 06:00:00 PM,271,86,185
06/23/2016 07:00:00 PM,137,50,87
06/23/2016 08:00:00 PM,62,18,44
06/23/2016 09:00:00 PM,45,23,22
06/23/2016 10:00:00 PM,26,12,14
06/23/2016 11:00:00 PM,12,6,6
06/24/2016 12:00:00 AM,9,6,3
06/24/2016 01:00:00 AM,8,3,5
06/24/2016 02:00:00 AM,0,0,0
06/24/2016 03:00:00 AM,1,0,1
06/24/2016 04:00:00 AM,8,3,5
06/24/2016 05:00:00 AM,29,21,8
06/24/2016 06:00:00 AM,95,56,39
06/24/2016 07:00:00 AM,249,167,82
06/24/2016 08:00:00 AM,359,222,137
06/24/2016 09:00:00 AM,181,100,81
06/24/2016 10:00:00 AM,92,47,45
06/24/2016 11:00:00 AM,58,27,31
06/24/2016 12:00:00 PM,73,39,34
06/24/2016 01:00:00 PM,90,47,43
06/24/2016 02:00:00 PM,103,43,60
06/24/2016 03:00:00 PM,140,54,86
06/24/2016 04:00:00 PM,216,71,145
06/24/2016 05:00:00 PM,415,112,303
06/24/2016 06:00:00 PM,243,79,164
06/24/2016 07:00:00 PM,98,33,65
06/24/2016 08:00:00 PM,58,19,39
06/24/2016 09:00:00 PM,39,14,25
06/24/2016 10:00:00 PM,33,10,23
06/24/2016 11:00:00 PM,18,7,11
06/25/2016 12:00:00 AM,12,3,9
06/25/2016 01:00:00 AM,9,1,8
06/25/2016 02:00:00 AM,9,5,4
06/25/2016 03:00:00 AM,5,2,3
06/25/2016 04:00:00 AM,7,4,3
06/25/2016 05:00:00 AM,8,3,5
06/25/2016 06:00:00 AM,35,8,27
06/25/2016 07:00:00 AM,51,35,16
06/25/2016 08:00:00 AM,126,74,52
06/25/2016 09:00:00 AM,101,42,59
06/25/2016 10:00:00 AM,135,69,66
06/25/2016 11:00:00 AM,138,89,49
06/25/2016 12:00:00 PM,161,95,66
06/25/2016 01:00:00 PM,188,108,80
06/25/2016 02:00:00 PM,168,81,87
06/25/2016 03:00:00 PM,211,113,98
06/25/2016 04:00:00 PM,218,112,106
06/25/2016 05:00:00 PM,172,86,86
06/25/2016 06:00:00 PM,172,88,84
06/25/2016 07:00:00 PM,117,61,56
06/25/2016 08:00:00 PM,61,30,31
06/25/2016 09:00:00 PM,45,26,19
06/25/2016 10:00:00 PM,42,23,19
06/25/2016 11:00:00 PM,32,12,20
06/26/2016 12:00:00 AM,27,4,23
06/26/2016 01:00:00 AM,11,4,7
06/26/2016 02:00:00 AM,5,2,3
06/26/2016 03:00:00 AM,8,4,4
06/26/2016 04:00:00 AM,1,0,1
06/26/2016 05:00:00 AM,10,6,4
06/26/2016 06:00:00 AM,19,10,9
06/26/2016 07:00:00 AM,41,19,22
06/26/2016 08:00:00 AM,92,48,44
06/26/2016 09:00:00 AM,141,79,62
06/26/2016 10:00:00 AM,176,92,84
06/26/2016 11:00:00 AM,214,118,96
06/26/2016 12:00:00 PM,208,117,91
06/26/2016 01:00:00 PM,252,145,107
06/26/2016 02:00:00 PM,229,115,114
06/26/2016 03:00:00 PM,236,103,133
06/26/2016 04:00:00 PM,247,101,146
06/26/2016 05:00:00 PM,165,74,91
06/26/2016 06:00:00 PM,147,84,63
06/26/2016 07:00:00 PM,81,36,45
06/26/2016 08:00:00 PM,102,45,57
06/26/2016 09:00:00 PM,36,19,17
06/26/2016 10:00:00 PM,30,10,20
06/26/2016 11:00:00 PM,22,8,14
06/27/2016 12:00:00 AM,10,2,8
06/27/2016 01:00:00 AM,8,4,4
06/27/2016 02:00:00 AM,4,0,4
06/27/2016 03:00:00 AM,4,4,0
06/27/2016 04:00:00 AM,10,8,2
06/27/2016 05:00:00 AM,55,38,17
06/27/2016 06:00:00 AM,174,101,73
06/27/2016 07:00:00 AM,464,295,169
06/27/2016 08:00:00 AM,589,391,198
06/27/2016 09:00:00 AM,311,200,111
06/27/2016 10:00:00 AM,108,66,42
06/27/2016 11:00:00 AM,83,42,41
06/27/2016 12:00:00 PM,97,61,36
06/27/2016 01:00:00 PM,116,64,52
06/27/2016 02:00:00 PM,82,36,46
06/27/2016 03:00:00 PM,180,65,115
06/27/2016 04:00:00 PM,361,118,243
06/27/2016 05:00:00 PM,743,208,535
06/27/2016 06:00:00 PM,500,152,348
06/27/2016 07:00:00 PM,285,109,176
06/27/2016 08:00:00 PM,178,69,109
06/27/2016 09:00:00 PM,105,48,57
06/27/2016 10:00:00 PM,60,35,25
06/27/2016 11:00:00 PM,19,11,8
06/28/2016 12:00:00 AM,12,6,6
06/28/2016 01:00:00 AM,5,2,3
06/28/2016 02:00:00 AM,3,1,2
06/28/2016 03:00:00 AM,3,2,1
06/28/2016 04:00:00 AM,9,5,4
06/28/2016 05:00:00 AM,54,31,23
06/28/2016 06:00:00 AM,193,121,72
06/28/2016 07:00:00 AM,477,319,158
06/28/2016 08:00:00 AM,630,394,236
06/28/2016 09:00:00 AM,309,181,128
06/28/2016 10:00:00 AM,116,73,43
06/28/2016 11:00:00 AM,85,44,41
06/28/2016 12:00:00 PM,94,45,49
06/28/2016 01:00:00 PM,102,49,53
06/28/2016 02:00:00 PM,125,55,70
06/28/2016 03:00:00 PM,194,78,116
06/28/2016 04:00:00 PM,432,142,290
06/28/2016 05:00:00 PM,735,188,547
06/28/2016 06:00:00 PM,549,201,348
06/28/2016 07:00:00 PM,277,112,165
06/28/2016 08:00:00 PM,168,66,102
06/28/2016 09:00:00 PM,80,40,40
06/28/2016 10:00:00 PM,49,27,22
06/28/2016 11:00:00 PM,44,15,29
06/29/2016 12:00:00 AM,10,5,5
06/29/2016 01:00:00 AM,3,1,2
06/29/2016 02:00:00 AM,1,0,1
06/29/2016 03:00:00 AM,4,1,3
06/29/2016 04:00:00 AM,13,12,1
06/29/2016 05:00:00 AM,46,26,20
06/29/2016 06:00:00 AM,185,119,66
06/29/2016 07:00:00 AM,436,300,136
06/29/2016 08:00:00 AM,584,367,217
06/29/2016 09:00:00 AM,298,185,113
06/29/2016 10:00:00 AM,136,79,57
06/29/2016 11:00:00 AM,80,42,38
06/29/2016 12:00:00 PM,93,44,49
06/29/2016 01:00:00 PM,86,43,43
06/29/2016 02:00:00 PM,94,42,52
06/29/2016 03:00:00 PM,187,84,103
06/29/2016 04:00:00 PM,354,105,249
06/29/2016 05:00:00 PM,724,199,525
06/29/2016 06:00:00 PM,504,165,339
06/29/2016 07:00:00 PM,284,136,148
06/29/2016 08:00:00 PM,160,64,96
06/29/2016 09:00:00 PM,104,43,61
06/29/2016 10:00:00 PM,70,36,34
06/29/2016 11:00:00 PM,28,15,13
06/30/2016 12:00:00 AM,18,11,7
06/30/2016 01:00:00 AM,5,1,4
06/30/2016 02:00:00 AM,2,0,2
06/30/2016 03:00:00 AM,1,0,1
06/30/2016 04:00:00 AM,9,6,3
06/30/2016 05:00:00 AM,59,38,21
06/30/2016 06:00:00 AM,160,116,44
06/30/2016 07:00:00 AM,399,264,135
06/30/2016 08:00:00 AM,565,359,206
06/30/2016 09:00:00 AM,301,179,122
06/30/2016 10:00:00 AM,129,64,65
06/30/2016 11:00:00 AM,71,43,28
06/30/2016 12:00:00 PM,93,57,36
06/30/2016 01:00:00 PM,97,58,39
06/30/2016 02:00:00 PM,137,75,62
06/30/2016 03:00:00 PM,164,62,102
06/30/2016 04:00:00 PM,380,117,263
06/30/2016 05:00:00 PM,671,170,501
06/30/2016 06:00:00 PM,475,174,301
06/30/2016 07:00:00 PM,248,102,146
06/30/2016 08:00:00 PM,156,58,98
06/30/2016 09:00:00 PM,91,41,50
06/30/2016 10:00:00 PM,60,27,33
06/30/2016 11:00:00 PM,23,8,15
07/01/2016 12:00:00 AM,22,8,14
07/01/2016 01:00:00 AM,12,8,4
07/01/2016 02:00:00 AM,5,4,1
07/01/2016 03:00:00 AM,5,2,3
07/01/2016 04:00:00 AM,13,8,5
07/01/2016 05:00:00 AM,42,29,13
07/01/2016 06:00:00 AM,125,85,40
07/01/2016 07:00:00 AM,326,222,104
07/01/2016 08:00:00 AM,436,280,156
07/01/2016 09:00:00 AM,263,147,116
07/01/2016 10:00:00 AM,155,76,79
07/01/2016 11:00:00 AM,109,54,55
07/01/2016 12:00:00 PM,116,55,61
07/01/2016 01:00:00 PM,112,54,58
07/01/2016 02:00:00 PM,144,63,81
07/01/2016 03:00:00 PM,232,86,146
07/01/2016 04:00:00 PM,385,119,266
07/01/2016 05:00:00 PM,492,156,336
07/01/2016 06:00:00 PM,273,117,156
07/01/2016 07:00:00 PM,148,63,85
07/01/2016 08:00:00 PM,114,43,71
07/01/2016 09:00:00 PM,79,38,41
07/01/2016 10:00:00 PM,51,29,22
07/01/2016 11:00:00 PM,39,24,15
07/02/2016 12:00:00 AM,23,10,13
07/02/2016 01:00:00 AM,15,7,8
07/02/2016 02:00:00 AM,5,4,1
07/02/2016 03:00:00 AM,3,0,3
07/02/2016 04:00:00 AM,5,3,2
07/02/2016 05:00:00 AM,11,8,3
07/02/2016 06:00:00 AM,22,10,12
07/02/2016 07:00:00 AM,58,32,26
07/02/2016 08:00:00 AM,76,34,42
07/02/2016 09:00:00 AM,114,61,53
07/02/2016 10:00:00 AM,112,71,41
07/02/2016 11:00:00 AM,182,101,81
07/02/2016 12:00:00 PM,139,67,72
07/02/2016 01:00:00 PM,162,88,74
07/02/2016 02:00:00 PM,159,87,72
07/02/2016 03:00:00 PM,216,117,99
07/02/2016 04:00:00 PM,139,76,63
07/02/2016 05:00:00 PM,165,89,76
07/02/2016 06:00:00 PM,135,80,55
07/02/2016 07:00:00 PM,111,60,51
07/02/2016 08:00:00 PM,68,30,38
07/02/2016 09:00:00 PM,35,16,19
07/02/2016 10:00:00 PM,30,13,17
07/02/2016 11:00:00 PM,29,9,20
07/03/2016 12:00:00 AM,22,7,15
07/03/2016 01:00:00 AM,5,1,4
07/03/2016 02:00:00 AM,8,7,1
07/03/2016 03:00:00 AM,4,1,3
07/03/2016 04:00:00 AM,5,0,5
07/03/2016 05:00:00 AM,10,3,7
07/03/2016 06:00:00 AM,15,4,11
07/03/2016 07:00:00 AM,24,11,13
07/03/2016 08:00:00 AM,58,32,26
07/03/2016 09:00:00 AM,69,36,33
07/03/2016 10:00:00 AM,76,35,41
07/03/2016 11:00:00 AM,149,60,89
07/03/2016 12:00:00 PM,127,64,63
07/03/2016 01:00:00 PM,173,87,86
07/03/2016 02:00:00 PM,169,77,92
07/03/2016 03:00:00 PM,170,74,96
07/03/2016 04:00:00 PM,178,86,92
07/03/2016 05:00:00 PM,158,56,102
07/03/2016 06:00:00 PM,121,60,61
07/03/2016 07:00:00 PM,80,45,35
07/03/2016 08:00:00 PM,51,25,26
07/03/2016 09:00:00 PM,48,27,21
07/03/2016 10:00:00 PM,32,15,17
07/03/2016 11:00:00 PM,29,11,18
07/04/2016 12:00:00 AM,18,8,10
07/04/2016 01:00:00 AM,6,3,3
07/04/2016 02:00:00 AM,3,2,1
07/04/2016 03:00:00 AM,0,0,0
07/04/2016 04:00:00 AM,3,0,3
07/04/2016 05:00:00 AM,9,5,4
07/04/2016 06:00:00 AM,30,11,19
07/04/2016 07:00:00 AM,30,12,18
07/04/2016 08:00:00 AM,59,31,28
07/04/2016 09:00:00 AM,87,55,32
07/04/2016 10:00:00 AM,108,58,50
07/04/2016 11:00:00 AM,143,80,63
07/04/2016 12:00:00 PM,144,82,62
07/04/2016 01:00:00 PM,183,67,116
07/04/2016 02:00:00 PM,165,85,80
07/04/2016 03:00:00 PM,197,91,106
07/04/2016 04:00:00 PM,177,93,84
07/04/2016 05:00:00 PM,142,64,78
07/04/2016 06:00:00 PM,126,56,70
07/04/2016 07:00:00 PM,104,59,45
07/04/2016 08:00:00 PM,110,53,57
07/04/2016 09:00:00 PM,109,56,53
07/04/2016 10:00:00 PM,83,39,44
07/04/2016 11:00:00 PM,172,48,124
07/05/2016 12:00:00 AM,32,17,15
07/05/2016 01:00:00 AM,9,4,5
07/05/2016 02:00:00 AM,5,1,4
07/05/2016 03:00:00 AM,4,2,2
07/05/2016 04:00:00 AM,8,7,1
07/05/2016 05:00:00 AM,37,24,13
07/05/2016 06:00:00 AM,112,80,32
07/05/2016 07:00:00 AM,300,200,100
07/05/2016 08:00:00 AM,459,304,155
07/05/2016 09:00:00 AM,216,124,92
07/05/2016 10:00:00 AM,123,60,63
07/05/2016 11:00:00 AM,58,23,35
07/05/2016 12:00:00 PM,63,40,23
07/05/2016 01:00:00 PM,73,46,27
07/05/2016 02:00:00 PM,92,48,44
07/05/2016 03:00:00 PM,119,44,75
07/05/2016 04:00:00 PM,241,76,165
07/05/2016 05:00:00 PM,475,124,351
07/05/2016 06:00:00 PM,386,142,244
07/05/2016 07:00:00 PM,177,65,112
07/05/2016 08:00:00 PM,112,41,71
07/05/2016 09:00:00 PM,64,34,30
07/05/2016 10:00:00 PM,34,11,23
07/05/2016 11:00:00 PM,22,7,15
07/06/2016 12:00:00 AM,12,6,6
07/06/2016 01:00:00 AM,2,0,2
07/06/2016 02:00:00 AM,4,1,3
07/06/2016 03:00:00 AM,3,3,0
07/06/2016 04:00:00 AM,16,14,2
07/06/2016 05:00:00 AM,51,26,25
07/06/2016 06:00:00 AM,189,118,71
07/06/2016 07:00:00 AM,490,324,166
07/06/2016 08:00:00 AM,589,375,214
07/06/2016 09:00:00 AM,331,201,130
07/06/2016 10:00:00 AM,125,65,60
07/06/2016 11:00:00 AM,135,65,70
07/06/2016 12:00:00 PM,108,61,47
07/06/2016 01:00:00 PM,100,68,32
07/06/2016 02:00:00 PM,120,55,65
07/06/2016 03:00:00 PM,167,70,97
07/06/2016 04:00:00 PM,387,153,234
07/06/2016 05:00:00 PM,778,229,549
07/06/2016 06:00:00 PM,562,210,352
07/06/2016 07:00:00 PM,302,114,188
07/06/2016 08:00:00 PM,173,74,99
07/06/2016 09:00:00 PM,108,51,57
07/06/2016 10:00:00 PM,42,19,23
07/06/2016 11:00:00 PM,22,4,18
07/07/2016 12:00:00 AM,14,5,9
07/07/2016 01:00:00 AM,2,1,1
07/07/2016 02:00:00 AM,2,1,1
07/07/2016 03:00:00 AM,3,1,2
07/07/2016 04:00:00 AM,7,3,4
07/07/2016 05:00:00 AM,52,28,24
07/07/2016 06:00:00 AM,147,94,53
07/07/2016 07:00:00 AM,379,257,122
07/07/2016 08:00:00 AM,467,305,162
07/07/2016 09:00:00 AM,285,175,110
07/07/2016 10:00:00 AM,94,51,43
07/07/2016 11:00:00 AM,76,46,30
07/07/2016 12:00:00 PM,84,35,49
07/07/2016 01:00:00 PM,86,35,51
07/07/2016 02:00:00 PM,113,36,77
07/07/2016 03:00:00 PM,133,56,77
07/07/2016 04:00:00 PM,296,93,203
07/07/2016 05:00:00 PM,521,144,377
07/07/2016 06:00:00 PM,333,92,241
07/07/2016 07:00:00 PM,134,38,96
07/07/2016 08:00:00 PM,86,26,60
07/07/2016 09:00:00 PM,55,21,34
07/07/2016 10:00:00 PM,38,12,26
07/07/2016 11:00:00 PM,19,8,11
07/08/2016 12:00:00 AM,8,2,6
07/08/2016 01:00:00 AM,2,0,2
07/08/2016 02:00:00 AM,3,2,1
07/08/2016 03:00:00 AM,3,1,2
07/08/2016 04:00:00 AM,4,2,2
07/08/2016 05:00:00 AM,20,11,9
07/08/2016 06:00:00 AM,122,76,46
07/08/2016 07:00:00 AM,306,211,95
07/08/2016 08:00:00 AM,392,239,153
07/08/2016 09:00:00 AM,219,135,84
07/08/2016 10:00:00 AM,61,32,29
07/08/2016 11:00:00 AM,76,44,32
07/08/2016 12:00:00 PM,81,36,45
07/08/2016 01:00:00 PM,85,47,38
07/08/2016 02:00:00 PM,115,52,63
07/08/2016 03:00:00 PM,121,37,84
07/08/2016 04:00:00 PM,314,102,212
07/08/2016 05:00:00 PM,512,133,379
07/08/2016 06:00:00 PM,283,95,188
07/08/2016 07:00:00 PM,186,68,118
07/08/2016 08:00:00 PM,123,56,67
07/08/2016 09:00:00 PM,469,62,407
07/08/2016 10:00:00 PM,261,172,89
07/08/2016 11:00:00 PM,208,68,140
07/09/2016 12:00:00 AM,18,11,7
07/09/2016 01:00:00 AM,5,2,3
07/09/2016 02:00:00 AM,6,3,3
07/09/2016 03:00:00 AM,1,0,1
07/09/2016 04:00:00 AM,6,1,5
07/09/2016 05:00:00 AM,5,2,3
07/09/2016 06:00:00 AM,24,11,13
07/09/2016 07:00:00 AM,53,31,22
07/09/2016 08:00:00 AM,101,47,54
07/09/2016 09:00:00 AM,127,70,57
07/09/2016 10:00:00 AM,166,93,73
07/09/2016 11:00:00 AM,192,101,91
07/09/2016 12:00:00 PM,173,70,103
07/09/2016 01:00:00 PM,143,84,59
07/09/2016 02:00:00 PM,192,114,78
07/09/2016 03:00:00 PM,148,71,77
07/09/2016 04:00:00 PM,183,83,100
07/09/2016 05:00:00 PM,132,61,71
07/09/2016 06:00:00 PM,111,52,59
07/09/2016 07:00:00 PM,79,43,36
07/09/2016 08:00:00 PM,55,31,24
07/09/2016 09:00:00 PM,48,18,30
07/09/2016 10:00:00 PM,28,13,15
07/09/2016 11:00:00 PM,33,13,20
07/10/2016 12:00:00 AM,11,4,7
07/10/2016 01:00:00 AM,12,4,8
07/10/2016 02:00:00 AM,7,3,4
07/10/2016 03:00:00 AM,5,1,4
07/10/2016 04:00:00 AM,7,2,5
07/10/2016 05:00:00 AM,6,3,3
07/10/2016 06:00:00 AM,20,9,11
07/10/2016 07:00:00 AM,46,27,19
07/10/2016 08:00:00 AM,62,35,27
07/10/2016 09:00:00 AM,121,70,51
07/10/2016 10:00:00 AM,119,65,54
07/10/2016 11:00:00 AM,207,127,80
07/10/2016 12:00:00 PM,188,97,91
07/10/2016 01:00:00 PM,222,121,101
07/10/2016 02:00:00 PM,233,135,98
07/10/2016 03:00:00 PM,237,109,128
07/10/2016 04:00:00 PM,153,66,87
07/10/2016 05:00:00 PM,170,88,82
07/10/2016 06:00:00 PM,129,79,50
07/10/2016 07:00:00 PM,93,52,41
07/10/2016 08:00:00 PM,64,30,34
07/10/2016 09:00:00 PM,60,31,29
07/10/2016 10:00:00 PM,36,20,16
07/10/2016 11:00:00 PM,21,10,11
07/11/2016 12:00:00 AM,16,9,7
07/11/2016 01:00:00 AM,2,2,0
07/11/2016 02:00:00 AM,3,0,3
07/11/2016 03:00:00 AM,1,0,1
07/11/2016 04:00:00 AM,4,3,1
07/11/2016 05:00:00 AM,41,29,12
07/11/2016 06:00:00 AM,171,102,69
07/11/2016 07:00:00 AM,423,279,144
07/11/2016 08:00:00 AM,551,358,193
07/11/2016 09:00:00 AM,292,175,117
07/11/2016 10:00:00 AM,124,64,60
07/11/2016 11:00:00 AM,71,36,35
07/11/2016 12:00:00 PM,86,42,44
07/11/2016 01:00:00 PM,92,45,47
07/11/2016 02:00:00 PM,105,52,53
07/11/2016 03:00:00 PM,146,60,86
07/11/2016 04:00:00 PM,357,119,238
07/11/2016 05:00:00 PM,653,174,479
07/11/2016 06:00:00 PM,508,144,364
07/11/2016 07:00:00 PM,223,91,132
07/11/2016 08:00:00 PM,144,52,92
07/11/2016 09:00:00 PM,79,34,45
07/11/2016 10:00:00 PM,34,15,19
07/11/2016 11:00:00 PM,19,8,11
07/12/2016 12:00:00 AM,13,5,8
07/12/2016 01:00:00 AM,4,2,2
07/12/2016 02:00:00 AM,8,5,3
07/12/2016 03:00:00 AM,3,2,1
07/12/2016 04:00:00 AM,9,5,4
07/12/2016 05:00:00 AM,42,29,13
07/12/2016 06:00:00 AM,187,113,74
07/12/2016 07:00:00 AM,462,304,158
07/12/2016 08:00:00 AM,533,347,186
07/12/2016 09:00:00 AM,297,174,123
07/12/2016 10:00:00 AM,113,60,53
07/12/2016 11:00:00 AM,96,49,47
07/12/2016 12:00:00 PM,100,63,37
07/12/2016 01:00:00 PM,110,64,46
07/12/2016 02:00:00 PM,110,54,56
07/12/2016 03:00:00 PM,167,75,92
07/12/2016 04:00:00 PM,326,112,214
07/12/2016 05:00:00 PM,677,180,497
07/12/2016 06:00:00 PM,531,172,359
07/12/2016 07:00:00 PM,268,118,150
07/12/2016 08:00:00 PM,178,74,104
07/12/2016 09:00:00 PM,98,45,53
07/12/2016 10:00:00 PM,27,10,17
07/12/2016 11:00:00 PM,25,12,13
07/13/2016 12:00:00 AM,18,7,11
07/13/2016 01:00:00 AM,6,4,2
07/13/2016 02:00:00 AM,3,0,3
07/13/2016 03:00:00 AM,4,1,3
07/13/2016 04:00:00 AM,8,6,2
07/13/2016 05:00:00 AM,63,39,24
07/13/2016 06:00:00 AM,193,122,71
07/13/2016 07:00:00 AM,475,321,154
07/13/2016 08:00:00 AM,626,399,227
07/13/2016 09:00:00 AM,304,185,119
07/13/2016 10:00:00 AM,134,75,59
07/13/2016 11:00:00 AM,89,51,38
07/13/2016 12:00:00 PM,110,61,49
07/13/2016 01:00:00 PM,89,42,47
07/13/2016 02:00:00 PM,120,68,52
07/13/2016 03:00:00 PM,207,76,131
07/13/2016 04:00:00 PM,358,133,225
07/13/2016 05:00:00 PM,787,220,567
07/13/2016 06:00:00 PM,488,179,309
07/13/2016 07:00:00 PM,277,115,162
07/13/2016 08:00:00 PM,141,57,84
07/13/2016 09:00:00 PM,91,44,47
07/13/2016 10:00:00 PM,78,26,52
07/13/2016 11:00:00 PM,27,11,16
07/14/2016 12:00:00 AM,16,6,10
07/14/2016 01:00:00 AM,9,5,4
07/14/2016 02:00:00 AM,6,2,4
07/14/2016 03:00:00 AM,2,0,2
07/14/2016 04:00:00 AM,11,8,3
07/14/2016 05:00:00 AM,54,34,20
07/14/2016 06:00:00 AM,197,124,73
07/14/2016 07:00:00 AM,439,288,151
07/14/2016 08:00:00 AM,598,394,204
07/14/2016 09:00:00 AM,324,183,141
07/14/2016 10:00:00 AM,127,71,56
07/14/2016 11:00:00 AM,104,63,41
07/14/2016 12:00:00 PM,125,74,51
07/14/2016 01:00:00 PM,108,61,47
07/14/2016 02:00:00 PM,137,66,71
07/14/2016 03:00:00 PM,195,84,111
07/14/2016 04:00:00 PM,392,132,260
07/14/2016 05:00:00 PM,704,201,503
07/14/2016 06:00:00 PM,507,164,343
07/14/2016 07:00:00 PM,247,94,153
07/14/2016 08:00:00 PM,164,73,91
07/14/2016 09:00:00 PM,94,50,44
07/14/2016 10:00:00 PM,41,20,21
07/14/2016 11:00:00 PM,20,6,14
07/15/2016 12:00:00 AM,14,4,10
07/15/2016 01:00:00 AM,7,3,4
07/15/2016 02:00:00 AM,9,4,5
07/15/2016 03:00:00 AM,3,2,1
07/15/2016 04:00:00 AM,8,4,4
07/15/2016 05:00:00 AM,35,21,14
07/15/2016 06:00:00 AM,125,76,49
07/15/2016 07:00:00 AM,360,240,120
07/15/2016 08:00:00 AM,482,302,180
07/15/2016 09:00:00 AM,250,131,119
07/15/2016 10:00:00 AM,108,54,54
07/15/2016 11:00:00 AM,105,60,45
07/15/2016 12:00:00 PM,121,52,69
07/15/2016 01:00:00 PM,132,53,79
07/15/2016 02:00:00 PM,139,59,80
07/15/2016 03:00:00 PM,221,94,127
07/15/2016 04:00:00 PM,376,123,253
07/15/2016 05:00:00 PM,544,163,381
07/15/2016 06:00:00 PM,349,132,217
07/15/2016 07:00:00 PM,182,75,107
07/15/2016 08:00:00 PM,109,40,69
07/15/2016 09:00:00 PM,62,38,24
07/15/2016 10:00:00 PM,56,25,31
07/15/2016 11:00:00 PM,39,17,22
07/16/2016 12:00:00 AM,18,8,10
07/16/2016 01:00:00 AM,13,7,6
07/16/2016 02:00:00 AM,6,3,3
07/16/2016 03:00:00 AM,7,3,4
07/16/2016 04:00:00 AM,39,10,29
07/16/2016 05:00:00 AM,49,17,32
07/16/2016 06:00:00 AM,63,18,45
07/16/2016 07:00:00 AM,52,23,29
07/16/2016 08:00:00 AM,82,42,40
07/16/2016 09:00:00 AM,110,46,64
07/16/2016 10:00:00 AM,125,63,62
07/16/2016 11:00:00 AM,143,84,59
07/16/2016 12:00:00 PM,185,105,80
07/16/2016 01:00:00 PM,134,63,71
07/16/2016 02:00:00 PM,158,99,59
07/16/2016 03:00:00 PM,162,88,74
07/16/2016 04:00:00 PM,172,100,72
07/16/2016 05:00:00 PM,171,72,99
07/16/2016 06:00:00 PM,110,43,67
07/16/2016 07:00:00 PM,72,35,37
07/16/2016 08:00:00 PM,82,44,38
07/16/2016 09:00:00 PM,42,22,20
07/16/2016 10:00:00 PM,36,17,19
07/16/2016 11:00:00 PM,38,14,24
07/17/2016 12:00:00 AM,17,10,7
07/17/2016 01:00:00 AM,13,3,10
07/17/2016 02:00:00 AM,4,2,2
07/17/2016 03:00:00 AM,5,3,2
07/17/2016 04:00:00 AM,1,0,1
07/17/2016 05:00:00 AM,9,7,2
07/17/2016 06:00:00 AM,21,10,11
07/17/2016 07:00:00 AM,29,11,18
07/17/2016 08:00:00 AM,73,38,35
07/17/2016 09:00:00 AM,93,54,39
07/17/2016 10:00:00 AM,116,55,61
07/17/2016 11:00:00 AM,177,93,84
07/17/2016 12:00:00 PM,174,93,81
07/17/2016 01:00:00 PM,176,97,79
07/17/2016 02:00:00 PM,211,103,108
07/17/2016 03:00:00 PM,201,115,86
07/17/2016 04:00:00 PM,168,75,93
07/17/2016 05:00:00 PM,150,77,73
07/17/2016 06:00:00 PM,136,63,73
07/17/2016 07:00:00 PM,88,37,51
07/17/2016 08:00:00 PM,81,33,48
07/17/2016 09:00:00 PM,47,25,22
07/17/2016 10:00:00 PM,32,15,17
07/17/2016 11:00:00 PM,15,6,9
07/18/2016 12:00:00 AM,22,9,13
07/18/2016 01:00:00 AM,3,0,3
07/18/2016 02:00:00 AM,4,1,3
07/18/2016 03:00:00 AM,0,0,0
07/18/2016 04:00:00 AM,10,7,3
07/18/2016 05:00:00 AM,52,32,20
07/18/2016 06:00:00 AM,161,106,55
07/18/2016 07:00:00 AM,427,292,135
07/18/2016 08:00:00 AM,523,345,178
07/18/2016 09:00:00 AM,298,186,112
07/18/2016 10:00:00 AM,133,66,67
07/18/2016 11:00:00 AM,92,48,44
07/18/2016 12:00:00 PM,87,43,44
07/18/2016 01:00:00 PM,80,51,29
07/18/2016 02:00:00 PM,87,33,54
07/18/2016 03:00:00 PM,117,49,68
07/18/2016 04:00:00 PM,287,80,207
07/18/2016 05:00:00 PM,634,152,482
07/18/2016 06:00:00 PM,400,149,251
07/18/2016 07:00:00 PM,233,79,154
07/18/2016 08:00:00 PM,113,38,75
07/18/2016 09:00:00 PM,73,34,39
07/18/2016 10:00:00 PM,40,16,24
07/18/2016 11:00:00 PM,21,9,12
07/19/2016 12:00:00 AM,9,3,6
07/19/2016 01:00:00 AM,2,0,2
07/19/2016 02:00:00 AM,5,2,3
07/19/2016 03:00:00 AM,2,2,0
07/19/2016 04:00:00 AM,9,7,2
07/19/2016 05:00:00 AM,52,29,23
07/19/2016 06:00:00 AM,181,119,62
07/19/2016 07:00:00 AM,459,317,142
07/19/2016 08:00:00 AM,612,386,226
07/19/2016 09:00:00 AM,306,192,114
07/19/2016 10:00:00 AM,130,70,60
07/19/2016 11:00:00 AM,85,48,37
07/19/2016 12:00:00 PM,107,71,36
07/19/2016 01:00:00 PM,136,85,51
07/19/2016 02:00:00 PM,114,61,53
07/19/2016 03:00:00 PM,165,62,103
07/19/2016 04:00:00 PM,362,116,246
07/19/2016 05:00:00 PM,719,182,537
07/19/2016 06:00:00 PM,442,153,289
07/19/2016 07:00:00 PM,246,96,150
07/19/2016 08:00:00 PM,155,69,86
07/19/2016 09:00:00 PM,90,51,39
07/19/2016 10:00:00 PM,60,32,28
07/19/2016 11:00:00 PM,30,10,20
07/20/2016 12:00:00 AM,12,7,5
07/20/2016 01:00:00 AM,2,1,1
07/20/2016 02:00:00 AM,5,2,3
07/20/2016 03:00:00 AM,1,1,0
07/20/2016 04:00:00 AM,13,9,4
07/20/2016 05:00:00 AM,51,33,18
07/20/2016 06:00:00 AM,199,124,75
07/20/2016 07:00:00 AM,471,306,165
07/20/2016 08:00:00 AM,615,370,245
07/20/2016 09:00:00 AM,315,199,116
07/20/2016 10:00:00 AM,123,75,48
07/20/2016 11:00:00 AM,115,64,51
07/20/2016 12:00:00 PM,97,44,53
07/20/2016 01:00:00 PM,107,56,51
07/20/2016 02:00:00 PM,129,64,65
07/20/2016 03:00:00 PM,176,89,87
07/20/2016 04:00:00 PM,354,111,243
07/20/2016 05:00:00 PM,760,207,553
07/20/2016 06:00:00 PM,489,176,313
07/20/2016 07:00:00 PM,246,108,138
07/20/2016 08:00:00 PM,207,90,117
07/20/2016 09:00:00 PM,95,57,38
07/20/2016 10:00:00 PM,34,17,17
07/20/2016 11:00:00 PM,32,10,22
07/21/2016 12:00:00 AM,13,6,7
07/21/2016 01:00:00 AM,9,5,4
07/21/2016 02:00:00 AM,10,4,6
07/21/2016 03:00:00 AM,7,1,6
07/21/2016 04:00:00 AM,9,6,3
07/21/2016 05:00:00 AM,42,25,17
07/21/2016 06:00:00 AM,175,114,61
07/21/2016 07:00:00 AM,448,294,154
07/21/2016 08:00:00 AM,578,376,202
07/21/2016 09:00:00 AM,302,190,112
07/21/2016 10:00:00 AM,145,86,59
07/21/2016 11:00:00 AM,113,58,55
07/21/2016 12:00:00 PM,116,55,61
07/21/2016 01:00:00 PM,129,67,62
07/21/2016 02:00:00 PM,128,55,73
07/21/2016 03:00:00 PM,196,78,118
07/21/2016 04:00:00 PM,370,132,238
07/21/2016 05:00:00 PM,695,194,501
07/21/2016 06:00:00 PM,491,163,328
07/21/2016 07:00:00 PM,259,88,171
07/21/2016 08:00:00 PM,137,46,91
07/21/2016 09:00:00 PM,89,35,54
07/21/2016 10:00:00 PM,49,22,27
07/21/2016 11:00:00 PM,41,20,21
07/22/2016 12:00:00 AM,25,14,11
07/22/2016 01:00:00 AM,8,4,4
07/22/2016 02:00:00 AM,4,3,1
07/22/2016 03:00:00 AM,6,4,2
07/22/2016 04:00:00 AM,8,5,3
07/22/2016 05:00:00 AM,27,16,11
07/22/2016 06:00:00 AM,85,60,25
07/22/2016 07:00:00 AM,143,98,45
07/22/2016 08:00:00 AM,217,143,74
07/22/2016 09:00:00 AM,148,78,70
07/22/2016 10:00:00 AM,64,36,28
07/22/2016 11:00:00 AM,41,21,20
07/22/2016 12:00:00 PM,54,24,30
07/22/2016 01:00:00 PM,86,50,36
07/22/2016 02:00:00 PM,86,42,44
07/22/2016 03:00:00 PM,115,43,72
07/22/2016 04:00:00 PM,198,58,140
07/22/2016 05:00:00 PM,271,77,194
07/22/2016 06:00:00 PM,231,87,144
07/22/2016 07:00:00 PM,112,44,68
07/22/2016 08:00:00 PM,58,29,29
07/22/2016 09:00:00 PM,36,18,18
07/22/2016 10:00:00 PM,28,9,19
07/22/2016 11:00:00 PM,27,12,15
07/23/2016 12:00:00 AM,16,6,10
07/23/2016 01:00:00 AM,11,6,5
07/23/2016 02:00:00 AM,9,5,4
07/23/2016 03:00:00 AM,4,3,1
07/23/2016 04:00:00 AM,3,1,2
07/23/2016 05:00:00 AM,13,6,7
07/23/2016 06:00:00 AM,25,14,11
07/23/2016 07:00:00 AM,53,25,28
07/23/2016 08:00:00 AM,67,30,37
07/23/2016 09:00:00 AM,110,66,44
07/23/2016 10:00:00 AM,116,61,55
07/23/2016 11:00:00 AM,136,66,70
07/23/2016 12:00:00 PM,152,76,76
07/23/2016 01:00:00 PM,172,84,88
07/23/2016 02:00:00 PM,193,105,88
07/23/2016 03:00:00 PM,172,93,79
07/23/2016 04:00:00 PM,179,93,86
07/23/2016 05:00:00 PM,151,72,79
07/23/2016 06:00:00 PM,192,100,92
07/23/2016 07:00:00 PM,99,47,52
07/23/2016 08:00:00 PM,68,30,38
07/23/2016 09:00:00 PM,62,35,27
07/23/2016 10:00:00 PM,48,23,25
07/23/2016 11:00:00 PM,56,20,36
07/24/2016 12:00:00 AM,22,14,8
07/24/2016 01:00:00 AM,18,11,7
07/24/2016 02:00:00 AM,10,4,6
07/24/2016 03:00:00 AM,6,3,3
07/24/2016 04:00:00 AM,2,1,1
07/24/2016 05:00:00 AM,9,4,5
07/24/2016 06:00:00 AM,16,7,9
07/24/2016 07:00:00 AM,39,26,13
07/24/2016 08:00:00 AM,59,32,27
07/24/2016 09:00:00 AM,101,59,42
07/24/2016 10:00:00 AM,134,78,56
07/24/2016 11:00:00 AM,214,113,101
07/24/2016 12:00:00 PM,182,95,87
07/24/2016 01:00:00 PM,207,104,103
07/24/2016 02:00:00 PM,210,124,86
07/24/2016 03:00:00 PM,198,108,90
07/24/2016 04:00:00 PM,171,73,98
07/24/2016 05:00:00 PM,176,89,87
07/24/2016 06:00:00 PM,123,61,62
07/24/2016 07:00:00 PM,104,47,57
07/24/2016 08:00:00 PM,66,34,32
07/24/2016 09:00:00 PM,47,24,23
07/24/2016 10:00:00 PM,36,18,18
07/24/2016 11:00:00 PM,20,7,13
07/25/2016 12:00:00 AM,15,4,11
07/25/2016 01:00:00 AM,5,2,3
07/25/2016 02:00:00 AM,1,1,0
07/25/2016 03:00:00 AM,7,2,5
07/25/2016 04:00:00 AM,10,6,4
07/25/2016 05:00:00 AM,46,33,13
07/25/2016 06:00:00 AM,161,100,61
07/25/2016 07:00:00 AM,459,301,158
07/25/2016 08:00:00 AM,579,366,213
07/25/2016 09:00:00 AM,342,191,151
07/25/2016 10:00:00 AM,106,65,41
07/25/2016 11:00:00 AM,92,49,43
07/25/2016 12:00:00 PM,99,52,47
07/25/2016 01:00:00 PM,99,58,41
07/25/2016 02:00:00 PM,93,50,43
07/25/2016 03:00:00 PM,149,48,101
07/25/2016 04:00:00 PM,354,116,238
07/25/2016 05:00:00 PM,719,188,531
07/25/2016 06:00:00 PM,483,162,321
07/25/2016 07:00:00 PM,264,96,168
07/25/2016 08:00:00 PM,145,70,75
07/25/2016 09:00:00 PM,91,51,40
07/25/2016 10:00:00 PM,40,16,24
07/25/2016 11:00:00 PM,16,6,10
07/26/2016 12:00:00 AM,9,3,6
07/26/2016 01:00:00 AM,6,2,4
07/26/2016 02:00:00 AM,5,1,4
07/26/2016 03:00:00 AM,5,3,2
07/26/2016 04:00:00 AM,16,10,6
07/26/2016 05:00:00 AM,50,31,19
07/26/2016 06:00:00 AM,185,122,63
07/26/2016 07:00:00 AM,486,332,154
07/26/2016 08:00:00 AM,584,353,231
07/26/2016 09:00:00 AM,336,196,140
07/26/2016 10:00:00 AM,122,73,49
07/26/2016 11:00:00 AM,90,50,40
07/26/2016 12:00:00 PM,104,51,53
07/26/2016 01:00:00 PM,111,59,52
07/26/2016 02:00:00 PM,119,49,70
07/26/2016 03:00:00 PM,213,93,120
07/26/2016 04:00:00 PM,366,124,242
07/26/2016 05:00:00 PM,780,219,561
07/26/2016 06:00:00 PM,474,163,311
07/26/2016 07:00:00 PM,312,124,188
07/26/2016 08:00:00 PM,193,92,101
07/26/2016 09:00:00 PM,107,52,55
07/26/2016 10:00:00 PM,47,24,23
07/26/2016 11:00:00 PM,24,13,11
07/27/2016 12:00:00 AM,13,6,7
07/27/2016 01:00:00 AM,6,1,5
07/27/2016 02:00:00 AM,7,0,7
07/27/2016 03:00:00 AM,2,2,0
07/27/2016 04:00:00 AM,11,8,3
07/27/2016 05:00:00 AM,56,35,21
07/27/2016 06:00:00 AM,197,130,67
07/27/2016 07:00:00 AM,505,328,177
07/27/2016 08:00:00 AM,549,336,213
07/27/2016 09:00:00 AM,332,191,141
07/27/2016 10:00:00 AM,125,76,49
07/27/2016 11:00:00 AM,94,46,48
07/27/2016 12:00:00 PM,118,52,66
07/27/2016 01:00:00 PM,95,48,47
07/27/2016 02:00:00 PM,119,45,74
07/27/2016 03:00:00 PM,181,71,110
07/27/2016 04:00:00 PM,415,151,264
07/27/2016 05:00:00 PM,783,215,568
07/27/2016 06:00:00 PM,510,178,332
07/27/2016 07:00:00 PM,296,120,176
07/27/2016 08:00:00 PM,174,91,83
07/27/2016 09:00:00 PM,103,30,73
07/27/2016 10:00:00 PM,72,34,38
07/27/2016 11:00:00 PM,31,14,17
07/28/2016 12:00:00 AM,17,6,11
07/28/2016 01:00:00 AM,7,2,5
07/28/2016 02:00:00 AM,3,1,2
07/28/2016 03:00:00 AM,2,0,2
07/28/2016 04:00:00 AM,9,7,2
07/28/2016 05:00:00 AM,47,28,19
07/28/2016 06:00:00 AM,172,115,57
07/28/2016 07:00:00 AM,455,310,145
07/28/2016 08:00:00 AM,570,364,206
07/28/2016 09:00:00 AM,314,186,128
07/28/2016 10:00:00 AM,138,85,53
07/28/2016 11:00:00 AM,111,57,54
07/28/2016 12:00:00 PM,105,67,38
07/28/2016 01:00:00 PM,120,55,65
07/28/2016 02:00:00 PM,108,61,47
07/28/2016 03:00:00 PM,182,59,123
07/28/2016 04:00:00 PM,318,104,214
07/28/2016 05:00:00 PM,714,215,499
07/28/2016 06:00:00 PM,485,166,319
07/28/2016 07:00:00 PM,231,84,147
07/28/2016 08:00:00 PM,175,63,112
07/28/2016 09:00:00 PM,112,60,52
07/28/2016 10:00:00 PM,58,27,31
07/28/2016 11:00:00 PM,30,15,15
07/29/2016 12:00:00 AM,12,2,10
07/29/2016 01:00:00 AM,13,6,7
07/29/2016 02:00:00 AM,6,3,3
07/29/2016 03:00:00 AM,5,3,2
07/29/2016 04:00:00 AM,9,4,5
07/29/2016 05:00:00 AM,39,25,14
07/29/2016 06:00:00 AM,139,93,46
07/29/2016 07:00:00 AM,371,254,117
07/29/2016 08:00:00 AM,477,295,182
07/29/2016 09:00:00 AM,307,186,121
07/29/2016 10:00:00 AM,134,71,63
07/29/2016 11:00:00 AM,115,59,56
07/29/2016 12:00:00 PM,128,62,66
07/29/2016 01:00:00 PM,98,56,42
07/29/2016 02:00:00 PM,134,53,81
07/29/2016 03:00:00 PM,215,83,132
07/29/2016 04:00:00 PM,349,119,230
07/29/2016 05:00:00 PM,535,146,389
07/29/2016 06:00:00 PM,345,121,224
07/29/2016 07:00:00 PM,182,58,124
07/29/2016 08:00:00 PM,150,60,90
07/29/2016 09:00:00 PM,66,28,38
07/29/2016 10:00:00 PM,56,28,28
07/29/2016 11:00:00 PM,53,33,20
07/30/2016 12:00:00 AM,44,18,26
07/30/2016 01:00:00 AM,15,9,6
07/30/2016 02:00:00 AM,7,6,1
07/30/2016 03:00:00 AM,4,1,3
07/30/2016 04:00:00 AM,6,2,4
07/30/2016 05:00:00 AM,11,6,5
07/30/2016 06:00:00 AM,22,14,8
07/30/2016 07:00:00 AM,58,27,31
07/30/2016 08:00:00 AM,92,55,37
07/30/2016 09:00:00 AM,127,72,55
07/30/2016 10:00:00 AM,124,58,66
07/30/2016 11:00:00 AM,134,75,59
07/30/2016 12:00:00 PM,161,79,82
07/30/2016 01:00:00 PM,200,100,100
07/30/2016 02:00:00 PM,166,80,86
07/30/2016 03:00:00 PM,194,96,98
07/30/2016 04:00:00 PM,172,102,70
07/30/2016 05:00:00 PM,185,84,101
07/30/2016 06:00:00 PM,118,60,58
07/30/2016 07:00:00 PM,97,32,65
07/30/2016 08:00:00 PM,70,37,33
07/30/2016 09:00:00 PM,50,19,31
07/30/2016 10:00:00 PM,31,15,16
07/30/2016 11:00:00 PM,43,12,31
07/31/2016 12:00:00 AM,25,12,13
07/31/2016 01:00:00 AM,13,2,11
07/31/2016 02:00:00 AM,8,1,7
07/31/2016 03:00:00 AM,4,0,4
07/31/2016 04:00:00 AM,5,2,3
07/31/2016 05:00:00 AM,6,2,4
07/31/2016 06:00:00 AM,25,14,11
07/31/2016 07:00:00 AM,32,17,15
07/31/2016 08:00:00 AM,71,38,33
07/31/2016 09:00:00 AM,104,59,45
07/31/2016 10:00:00 AM,135,68,67
07/31/2016 11:00:00 AM,166,87,79
07/31/2016 12:00:00 PM,198,116,82
07/31/2016 01:00:00 PM,142,66,76
07/31/2016 02:00:00 PM,190,99,91
07/31/2016 03:00:00 PM,217,122,95
07/31/2016 04:00:00 PM,215,114,101
07/31/2016 05:00:00 PM,169,84,85
07/31/2016 06:00:00 PM,129,66,63
07/31/2016 07:00:00 PM,95,49,46
07/31/2016 08:00:00 PM,73,31,42
07/31/2016 09:00:00 PM,44,23,21
07/31/2016 10:00:00 PM,25,14,11
07/31/2016 11:00:00 PM,14,8,6
08/01/2016 12:00:00 AM,11,3,8
08/01/2016 01:00:00 AM,10,3,7
08/01/2016 02:00:00 AM,6,2,4
08/01/2016 03:00:00 AM,3,2,1
08/01/2016 04:00:00 AM,10,4,6
08/01/2016 05:00:00 AM,52,32,20
08/01/2016 06:00:00 AM,178,121,57
08/01/2016 07:00:00 AM,394,274,120
08/01/2016 08:00:00 AM,609,382,227
08/01/2016 09:00:00 AM,325,197,128
08/01/2016 10:00:00 AM,100,51,49
08/01/2016 11:00:00 AM,74,46,28
08/01/2016 12:00:00 PM,82,41,41
08/01/2016 01:00:00 PM,93,49,44
08/01/2016 02:00:00 PM,119,61,58
08/01/2016 03:00:00 PM,168,70,98
08/01/2016 04:00:00 PM,323,102,221
08/01/2016 05:00:00 PM,635,173,462
08/01/2016 06:00:00 PM,558,185,373
08/01/2016 07:00:00 PM,228,99,129
08/01/2016 08:00:00 PM,133,56,77
08/01/2016 09:00:00 PM,76,27,49
08/01/2016 10:00:00 PM,43,8,35
08/01/2016 11:00:00 PM,19,11,8
08/02/2016 12:00:00 AM,7,1,6
08/02/2016 01:00:00 AM,5,3,2
08/02/2016 02:00:00 AM,1,0,1
08/02/2016 03:00:00 AM,1,0,1
08/02/2016 04:00:00 AM,10,6,4
08/02/2016 05:00:00 AM,39,24,15
08/02/2016 06:00:00 AM,153,97,56
08/02/2016 07:00:00 AM,333,235,98
08/02/2016 08:00:00 AM,512,320,192
08/02/2016 09:00:00 AM,248,151,97
08/02/2016 10:00:00 AM,98,59,39
08/02/2016 11:00:00 AM,61,40,21
08/02/2016 12:00:00 PM,79,47,32
08/02/2016 01:00:00 PM,72,38,34
08/02/2016 02:00:00 PM,84,36,48
08/02/2016 03:00:00 PM,135,57,78
08/02/2016 04:00:00 PM,303,93,210
08/02/2016 05:00:00 PM,573,167,406
08/02/2016 06:00:00 PM,416,144,272
08/02/2016 07:00:00 PM,191,63,128
08/02/2016 08:00:00 PM,93,49,44
08/02/2016 09:00:00 PM,76,50,26
08/02/2016 10:00:00 PM,42,13,29
08/02/2016 11:00:00 PM,25,12,13
08/03/2016 12:00:00 AM,11,3,8
08/03/2016 01:00:00 AM,6,2,4
08/03/2016 02:00:00 AM,2,0,2
08/03/2016 03:00:00 AM,1,0,1
08/03/2016 04:00:00 AM,13,9,4
08/03/2016 05:00:00 AM,46,32,14
08/03/2016 06:00:00 AM,179,108,71
08/03/2016 07:00:00 AM,399,275,124
08/03/2016 08:00:00 AM,605,389,216
08/03/2016 09:00:00 AM,323,195,128
08/03/2016 10:00:00 AM,133,77,56
08/03/2016 11:00:00 AM,92,50,42
08/03/2016 12:00:00 PM,97,49,48
08/03/2016 01:00:00 PM,98,58,40
08/03/2016 02:00:00 PM,114,47,67
08/03/2016 03:00:00 PM,161,68,93
08/03/2016 04:00:00 PM,396,109,287
08/03/2016 05:00:00 PM,705,198,507
08/03/2016 06:00:00 PM,546,206,340
08/03/2016 07:00:00 PM,260,94,166
08/03/2016 08:00:00 PM,167,56,111
08/03/2016 09:00:00 PM,96,49,47
08/03/2016 10:00:00 PM,52,27,25
08/03/2016 11:00:00 PM,19,7,12
08/04/2016 12:00:00 AM,20,9,11
08/04/2016 01:00:00 AM,3,0,3
08/04/2016 02:00:00 AM,2,0,2
08/04/2016 03:00:00 AM,5,3,2
08/04/2016 04:00:00 AM,7,2,5
08/04/2016 05:00:00 AM,49,29,20
08/04/2016 06:00:00 AM,174,115,59
08/04/2016 07:00:00 AM,432,292,140
08/04/2016 08:00:00 AM,575,378,197
08/04/2016 09:00:00 AM,324,176,148
08/04/2016 10:00:00 AM,143,80,63
08/04/2016 11:00:00 AM,106,53,53
08/04/2016 12:00:00 PM,120,65,55
08/04/2016 01:00:00 PM,113,68,45
08/04/2016 02:00:00 PM,112,48,64
08/04/2016 03:00:00 PM,152,62,90
08/04/2016 04:00:00 PM,416,149,267
08/04/2016 05:00:00 PM,661,194,467
08/04/2016 06:00:00 PM,512,172,340
08/04/2016 07:00:00 PM,245,92,153
08/04/2016 08:00:00 PM,169,61,108
08/04/2016 09:00:00 PM,86,43,43
08/04/2016 10:00:00 PM,64,33,31
08/04/2016 11:00:00 PM,33,12,21
08/05/2016 12:00:00 AM,26,10,16
08/05/2016 01:00:00 AM,8,3,5
08/05/2016 02:00:00 AM,6,0,6
08/05/2016 03:00:00 AM,7,1,6
08/05/2016 04:00:00 AM,11,5,6
08/05/2016 05:00:00 AM,45,34,11
08/05/2016 06:00:00 AM,138,98,40
08/05/2016 07:00:00 AM,348,242,106
08/05/2016 08:00:00 AM,466,287,179
08/05/2016 09:00:00 AM,278,150,128
08/05/2016 10:00:00 AM,137,79,58
08/05/2016 11:00:00 AM,113,63,50
08/05/2016 12:00:00 PM,118,69,49
08/05/2016 01:00:00 PM,103,49,54
08/05/2016 02:00:00 PM,115,54,61
08/05/2016 03:00:00 PM,200,78,122
08/05/2016 04:00:00 PM,374,122,252
08/05/2016 05:00:00 PM,562,182,380
08/05/2016 06:00:00 PM,349,113,236
08/05/2016 07:00:00 PM,177,82,95
08/05/2016 08:00:00 PM,130,46,84
08/05/2016 09:00:00 PM,73,32,41
08/05/2016 10:00:00 PM,42,13,29
08/05/2016 11:00:00 PM,29,10,19
08/06/2016 12:00:00 AM,23,9,14
08/06/2016 01:00:00 AM,16,6,10
08/06/2016 02:00:00 AM,8,3,5
08/06/2016 03:00:00 AM,7,3,4
08/06/2016 04:00:00 AM,8,5,3
08/06/2016 05:00:00 AM,10,4,6
08/06/2016 06:00:00 AM,27,12,15
08/06/2016 07:00:00 AM,56,32,24
08/06/2016 08:00:00 AM,85,47,38
08/06/2016 09:00:00 AM,106,49,57
08/06/2016 10:00:00 AM,120,60,60
08/06/2016 11:00:00 AM,151,73,78
08/06/2016 12:00:00 PM,130,67,63
08/06/2016 01:00:00 PM,138,67,71
08/06/2016 02:00:00 PM,127,59,68
08/06/2016 03:00:00 PM,159,77,82
08/06/2016 04:00:00 PM,182,84,98
08/06/2016 05:00:00 PM,198,100,98
08/06/2016 06:00:00 PM,138,77,61
08/06/2016 07:00:00 PM,111,49,62
08/06/2016 08:00:00 PM,79,36,43
08/06/2016 09:00:00 PM,32,12,20
08/06/2016 10:00:00 PM,28,8,20
08/06/2016 11:00:00 PM,39,12,27
08/07/2016 12:00:00 AM,34,8,26
08/07/2016 01:00:00 AM,25,8,17
08/07/2016 02:00:00 AM,16,3,13
08/07/2016 03:00:00 AM,5,1,4
08/07/2016 04:00:00 AM,1,0,1
08/07/2016 05:00:00 AM,8,2,6
08/07/2016 06:00:00 AM,16,11,5
08/07/2016 07:00:00 AM,39,21,18
08/07/2016 08:00:00 AM,68,45,23
08/07/2016 09:00:00 AM,98,58,40
08/07/2016 10:00:00 AM,120,65,55
08/07/2016 11:00:00 AM,140,81,59
08/07/2016 12:00:00 PM,108,48,60
08/07/2016 01:00:00 PM,180,93,87
08/07/2016 02:00:00 PM,134,70,64
08/07/2016 03:00:00 PM,155,76,79
08/07/2016 04:00:00 PM,121,65,56
08/07/2016 05:00:00 PM,95,46,49
08/07/2016 06:00:00 PM,102,50,52
08/07/2016 07:00:00 PM,67,34,33
08/07/2016 08:00:00 PM,36,21,15
08/07/2016 09:00:00 PM,11,4,7
08/07/2016 10:00:00 PM,14,3,11
08/07/2016 11:00:00 PM,11,4,7
08/08/2016 12:00:00 AM,10,2,8
08/08/2016 01:00:00 AM,5,1,4
08/08/2016 02:00:00 AM,4,1,3
08/08/2016 03:00:00 AM,2,2,0
08/08/2016 04:00:00 AM,12,5,7
08/08/2016 05:00:00 AM,29,22,7
08/08/2016 06:00:00 AM,116,78,38
08/08/2016 07:00:00 AM,358,243,115
08/08/2016 08:00:00 AM,449,277,172
08/08/2016 09:00:00 AM,271,149,122
08/08/2016 10:00:00 AM,101,55,46
08/08/2016 11:00:00 AM,82,35,47
08/08/2016 12:00:00 PM,79,44,35
08/08/2016 01:00:00 PM,82,41,41
08/08/2016 02:00:00 PM,93,43,50
08/08/2016 03:00:00 PM,112,38,74
08/08/2016 04:00:00 PM,295,79,216
08/08/2016 05:00:00 PM,588,164,424
08/08/2016 06:00:00 PM,415,129,286
08/08/2016 07:00:00 PM,208,74,134
08/08/2016 08:00:00 PM,101,43,58
08/08/2016 09:00:00 PM,48,23,25
08/08/2016 10:00:00 PM,33,15,18
08/08/2016 11:00:00 PM,20,7,13
08/09/2016 12:00:00 AM,19,6,13
08/09/2016 01:00:00 AM,10,6,4
08/09/2016 02:00:00 AM,1,0,1
08/09/2016 03:00:00 AM,1,1,0
08/09/2016 04:00:00 AM,9,5,4
08/09/2016 05:00:00 AM,42,30,12
08/09/2016 06:00:00 AM,168,104,64
08/09/2016 07:00:00 AM,392,258,134
08/09/2016 08:00:00 AM,583,351,232
08/09/2016 09:00:00 AM,299,185,114
08/09/2016 10:00:00 AM,118,66,52
08/09/2016 11:00:00 AM,78,47,31
08/09/2016 12:00:00 PM,97,45,52
08/09/2016 01:00:00 PM,83,48,35
08/09/2016 02:00:00 PM,86,45,41
08/09/2016 03:00:00 PM,197,79,118
08/09/2016 04:00:00 PM,365,118,247
08/09/2016 05:00:00 PM,678,172,506
08/09/2016 06:00:00 PM,471,183,288
08/09/2016 07:00:00 PM,200,83,117
08/09/2016 08:00:00 PM,122,49,73
08/09/2016 09:00:00 PM,66,34,32
08/09/2016 10:00:00 PM,46,24,22
08/09/2016 11:00:00 PM,30,8,22
08/10/2016 12:00:00 AM,11,4,7
08/10/2016 01:00:00 AM,5,2,3
08/10/2016 02:00:00 AM,2,0,2
08/10/2016 03:00:00 AM,0,0,0
08/10/2016 04:00:00 AM,12,8,4
08/10/2016 05:00:00 AM,43,28,15
08/10/2016 06:00:00 AM,170,114,56
08/10/2016 07:00:00 AM,429,272,157
08/10/2016 08:00:00 AM,595,368,227
08/10/2016 09:00:00 AM,336,204,132
08/10/2016 10:00:00 AM,119,67,52
08/10/2016 11:00:00 AM,105,51,54
08/10/2016 12:00:00 PM,97,48,49
08/10/2016 01:00:00 PM,109,54,55
08/10/2016 02:00:00 PM,128,63,65
08/10/2016 03:00:00 PM,180,69,111
08/10/2016 04:00:00 PM,331,105,226
08/10/2016 05:00:00 PM,767,217,550
08/10/2016 06:00:00 PM,488,181,307
08/10/2016 07:00:00 PM,255,111,144
08/10/2016 08:00:00 PM,151,50,101
08/10/2016 09:00:00 PM,88,37,51
08/10/2016 10:00:00 PM,53,20,33
08/10/2016 11:00:00 PM,36,7,29
08/11/2016 12:00:00 AM,19,8,11
08/11/2016 01:00:00 AM,8,4,4
08/11/2016 02:00:00 AM,4,0,4
08/11/2016 03:00:00 AM,1,1,0
08/11/2016 04:00:00 AM,16,10,6
08/11/2016 05:00:00 AM,51,33,18
08/11/2016 06:00:00 AM,176,111,65
08/11/2016 07:00:00 AM,417,275,142
08/11/2016 08:00:00 AM,615,368,247
08/11/2016 09:00:00 AM,328,197,131
08/11/2016 10:00:00 AM,121,60,61
08/11/2016 11:00:00 AM,98,61,37
08/11/2016 12:00:00 PM,115,57,58
08/11/2016 01:00:00 PM,110,52,58
08/11/2016 02:00:00 PM,128,59,69
08/11/2016 03:00:00 PM,169,62,107
08/11/2016 04:00:00 PM,360,129,231
08/11/2016 05:00:00 PM,744,194,550
08/11/2016 06:00:00 PM,492,182,310
08/11/2016 07:00:00 PM,233,100,133
08/11/2016 08:00:00 PM,172,81,91
08/11/2016 09:00:00 PM,107,49,58
08/11/2016 10:00:00 PM,59,24,35
08/11/2016 11:00:00 PM,26,9,17
08/12/2016 12:00:00 AM,7,2,5
08/12/2016 01:00:00 AM,11,4,7
08/12/2016 02:00:00 AM,5,3,2
08/12/2016 03:00:00 AM,2,1,1
08/12/2016 04:00:00 AM,11,5,6
08/12/2016 05:00:00 AM,37,20,17
08/12/2016 06:00:00 AM,154,88,66
08/12/2016 07:00:00 AM,337,218,119
08/12/2016 08:00:00 AM,492,302,190
08/12/2016 09:00:00 AM,265,144,121
08/12/2016 10:00:00 AM,135,72,63
08/12/2016 11:00:00 AM,106,46,60
08/12/2016 12:00:00 PM,136,58,78
08/12/2016 01:00:00 PM,105,58,47
08/12/2016 02:00:00 PM,130,54,76
08/12/2016 03:00:00 PM,214,87,127
08/12/2016 04:00:00 PM,342,101,241
08/12/2016 05:00:00 PM,550,151,399
08/12/2016 06:00:00 PM,336,120,216
08/12/2016 07:00:00 PM,178,59,119
08/12/2016 08:00:00 PM,136,48,88
08/12/2016 09:00:00 PM,85,42,43
08/12/2016 10:00:00 PM,47,25,22
08/12/2016 11:00:00 PM,52,14,38
08/13/2016 12:00:00 AM,16,6,10
08/13/2016 01:00:00 AM,14,5,9
08/13/2016 02:00:00 AM,11,3,8
08/13/2016 03:00:00 AM,1,1,0
08/13/2016 04:00:00 AM,4,0,4
08/13/2016 05:00:00 AM,15,5,10
08/13/2016 06:00:00 AM,43,23,20
08/13/2016 07:00:00 AM,45,25,20
08/13/2016 08:00:00 AM,91,52,39
08/13/2016 09:00:00 AM,127,76,51
08/13/2016 10:00:00 AM,150,90,60
08/13/2016 11:00:00 AM,164,79,85
08/13/2016 12:00:00 PM,152,71,81
08/13/2016 01:00:00 PM,139,68,71
08/13/2016 02:00:00 PM,132,60,72
08/13/2016 03:00:00 PM,153,76,77
08/13/2016 04:00:00 PM,117,47,70
08/13/2016 05:00:00 PM,142,75,67
08/13/2016 06:00:00 PM,112,59,53
08/13/2016 07:00:00 PM,82,40,42
08/13/2016 08:00:00 PM,87,39,48
08/13/2016 09:00:00 PM,48,32,16
08/13/2016 10:00:00 PM,20,5,15
08/13/2016 11:00:00 PM,26,10,16
08/14/2016 12:00:00 AM,23,6,17
08/14/2016 01:00:00 AM,18,3,15
08/14/2016 02:00:00 AM,5,0,5
08/14/2016 03:00:00 AM,5,3,2
08/14/2016 04:00:00 AM,2,1,1
08/14/2016 05:00:00 AM,4,0,4
08/14/2016 06:00:00 AM,30,16,14
08/14/2016 07:00:00 AM,63,39,24
08/14/2016 08:00:00 AM,105,60,45
08/14/2016 09:00:00 AM,127,65,62
08/14/2016 10:00:00 AM,156,76,80
08/14/2016 11:00:00 AM,268,105,163
08/14/2016 12:00:00 PM,328,104,224
08/14/2016 01:00:00 PM,246,97,149
08/14/2016 02:00:00 PM,283,122,161
08/14/2016 03:00:00 PM,243,111,132
08/14/2016 04:00:00 PM,175,86,89
08/14/2016 05:00:00 PM,131,62,69
08/14/2016 06:00:00 PM,141,74,67
08/14/2016 07:00:00 PM,83,52,31
08/14/2016 08:00:00 PM,77,38,39
08/14/2016 09:00:00 PM,46,22,24
08/14/2016 10:00:00 PM,28,17,11
08/14/2016 11:00:00 PM,15,4,11
08/15/2016 12:00:00 AM,7,2,5
08/15/2016 01:00:00 AM,4,1,3
08/15/2016 02:00:00 AM,5,1,4
08/15/2016 03:00:00 AM,2,1,1
08/15/2016 04:00:00 AM,12,6,6
08/15/2016 05:00:00 AM,42,29,13
08/15/2016 06:00:00 AM,147,93,54
08/15/2016 07:00:00 AM,445,297,148
08/15/2016 08:00:00 AM,607,373,234
08/15/2016 09:00:00 AM,323,178,145
08/15/2016 10:00:00 AM,118,61,57
08/15/2016 11:00:00 AM,83,35,48
08/15/2016 12:00:00 PM,91,44,47
08/15/2016 01:00:00 PM,108,56,52
08/15/2016 02:00:00 PM,95,57,38
08/15/2016 03:00:00 PM,154,70,84
08/15/2016 04:00:00 PM,371,127,244
08/15/2016 05:00:00 PM,704,179,525
08/15/2016 06:00:00 PM,461,160,301
08/15/2016 07:00:00 PM,282,105,177
08/15/2016 08:00:00 PM,156,62,94
08/15/2016 09:00:00 PM,81,34,47
08/15/2016 10:00:00 PM,34,13,21
08/15/2016 11:00:00 PM,34,12,22
08/16/2016 12:00:00 AM,11,2,9
08/16/2016 01:00:00 AM,8,4,4
08/16/2016 02:00:00 AM,4,0,4
08/16/2016 03:00:00 AM,3,2,1
08/16/2016 04:00:00 AM,9,6,3
08/16/2016 05:00:00 AM,48,31,17
08/16/2016 06:00:00 AM,185,111,74
08/16/2016 07:00:00 AM,456,326,130
08/16/2016 08:00:00 AM,669,414,255
08/16/2016 09:00:00 AM,326,183,143
08/16/2016 10:00:00 AM,121,65,56
08/16/2016 11:00:00 AM,113,56,57
08/16/2016 12:00:00 PM,90,46,44
08/16/2016 01:00:00 PM,120,64,56
08/16/2016 02:00:00 PM,127,58,69
08/16/2016 03:00:00 PM,168,73,95
08/16/2016 04:00:00 PM,360,103,257
08/16/2016 05:00:00 PM,762,206,556
08/16/2016 06:00:00 PM,514,186,328
08/16/2016 07:00:00 PM,285,104,181
08/16/2016 08:00:00 PM,140,51,89
08/16/2016 09:00:00 PM,81,44,37
08/16/2016 10:00:00 PM,49,20,29
08/16/2016 11:00:00 PM,21,7,14
08/17/2016 12:00:00 AM,15,6,9
08/17/2016 01:00:00 AM,3,1,2
08/17/2016 02:00:00 AM,6,2,4
08/17/2016 03:00:00 AM,6,4,2
08/17/2016 04:00:00 AM,11,7,4
08/17/2016 05:00:00 AM,47,32,15
08/17/2016 06:00:00 AM,196,124,72
08/17/2016 07:00:00 AM,438,291,147
08/17/2016 08:00:00 AM,659,423,236
08/17/2016 09:00:00 AM,328,178,150
08/17/2016 10:00:00 AM,135,64,71
08/17/2016 11:00:00 AM,110,50,60
08/17/2016 12:00:00 PM,97,46,51
08/17/2016 01:00:00 PM,106,54,52
08/17/2016 02:00:00 PM,111,53,58
08/17/2016 03:00:00 PM,176,73,103
08/17/2016 04:00:00 PM,359,97,262
08/17/2016 05:00:00 PM,785,221,564
08/17/2016 06:00:00 PM,465,162,303
08/17/2016 07:00:00 PM,249,90,159
08/17/2016 08:00:00 PM,148,59,89
08/17/2016 09:00:00 PM,84,34,50
08/17/2016 10:00:00 PM,47,14,33
08/17/2016 11:00:00 PM,30,11,19
08/18/2016 12:00:00 AM,14,2,12
08/18/2016 01:00:00 AM,12,3,9
08/18/2016 02:00:00 AM,3,2,1
08/18/2016 03:00:00 AM,3,1,2
08/18/2016 04:00:00 AM,15,8,7
08/18/2016 05:00:00 AM,53,37,16
08/18/2016 06:00:00 AM,158,100,58
08/18/2016 07:00:00 AM,430,269,161
08/18/2016 08:00:00 AM,575,365,210
08/18/2016 09:00:00 AM,315,178,137
08/18/2016 10:00:00 AM,141,77,64
08/18/2016 11:00:00 AM,111,56,55
08/18/2016 12:00:00 PM,107,55,52
08/18/2016 01:00:00 PM,115,62,53
08/18/2016 02:00:00 PM,140,65,75
08/18/2016 03:00:00 PM,177,70,107
08/18/2016 04:00:00 PM,362,107,255
08/18/2016 05:00:00 PM,684,196,488
08/18/2016 06:00:00 PM,467,180,287
08/18/2016 07:00:00 PM,248,106,142
08/18/2016 08:00:00 PM,133,54,79
08/18/2016 09:00:00 PM,84,37,47
08/18/2016 10:00:00 PM,61,17,44
08/18/2016 11:00:00 PM,33,18,15
08/19/2016 12:00:00 AM,20,8,12
08/19/2016 01:00:00 AM,8,3,5
08/19/2016 02:00:00 AM,1,1,0
08/19/2016 03:00:00 AM,5,2,3
08/19/2016 04:00:00 AM,15,7,8
08/19/2016 05:00:00 AM,38,26,12
08/19/2016 06:00:00 AM,134,85,49
08/19/2016 07:00:00 AM,330,226,104
08/19/2016 08:00:00 AM,518,309,209
08/19/2016 09:00:00 AM,239,124,115
08/19/2016 10:00:00 AM,130,67,63
08/19/2016 11:00:00 AM,110,61,49
08/19/2016 12:00:00 PM,100,38,62
08/19/2016 01:00:00 PM,102,45,57
08/19/2016 02:00:00 PM,107,43,64
08/19/2016 03:00:00 PM,186,67,119
08/19/2016 04:00:00 PM,340,103,237
08/19/2016 05:00:00 PM,547,155,392
08/19/2016 06:00:00 PM,325,103,222
08/19/2016 07:00:00 PM,181,60,121
08/19/2016 08:00:00 PM,108,39,69
08/19/2016 09:00:00 PM,72,28,44
08/19/2016 10:00:00 PM,60,23,37
08/19/2016 11:00:00 PM,48,13,35
08/20/2016 12:00:00 AM,25,14,11
08/20/2016 01:00:00 AM,15,9,6
08/20/2016 02:00:00 AM,12,4,8
08/20/2016 03:00:00 AM,10,3,7
08/20/2016 04:00:00 AM,2,0,2
08/20/2016 05:00:00 AM,8,3,5
08/20/2016 06:00:00 AM,26,13,13
08/20/2016 07:00:00 AM,60,28,32
08/20/2016 08:00:00 AM,111,59,52
08/20/2016 09:00:00 AM,132,71,61
08/20/2016 10:00:00 AM,207,143,64
08/20/2016 11:00:00 AM,119,55,64
08/20/2016 12:00:00 PM,160,85,75
08/20/2016 01:00:00 PM,164,65,99
08/20/2016 02:00:00 PM,171,80,91
08/20/2016 03:00:00 PM,144,75,69
08/20/2016 04:00:00 PM,117,46,71
08/20/2016 05:00:00 PM,119,54,65
08/20/2016 06:00:00 PM,108,42,66
08/20/2016 07:00:00 PM,70,30,40
08/20/2016 08:00:00 PM,82,26,56
08/20/2016 09:00:00 PM,35,20,15
08/20/2016 10:00:00 PM,35,10,25
08/20/2016 11:00:00 PM,19,7,12
08/21/2016 12:00:00 AM,19,7,12
08/21/2016 01:00:00 AM,11,2,9
08/21/2016 02:00:00 AM,11,4,7
08/21/2016 03:00:00 AM,0,0,0
08/21/2016 04:00:00 AM,2,0,2
08/21/2016 05:00:00 AM,9,6,3
08/21/2016 06:00:00 AM,18,9,9
08/21/2016 07:00:00 AM,39,22,17
08/21/2016 08:00:00 AM,61,29,32
08/21/2016 09:00:00 AM,87,45,42
08/21/2016 10:00:00 AM,95,56,39
08/21/2016 11:00:00 AM,137,73,64
08/21/2016 12:00:00 PM,160,90,70
08/21/2016 01:00:00 PM,138,66,72
08/21/2016 02:00:00 PM,142,74,68
08/21/2016 03:00:00 PM,175,91,84
08/21/2016 04:00:00 PM,156,78,78
08/21/2016 05:00:00 PM,134,74,60
08/21/2016 06:00:00 PM,126,53,73
08/21/2016 07:00:00 PM,70,32,38
08/21/2016 08:00:00 PM,50,35,15
08/21/2016 09:00:00 PM,58,16,42
08/21/2016 10:00:00 PM,30,6,24
08/21/2016 11:00:00 PM,16,6,10
08/22/2016 12:00:00 AM,8,3,5
08/22/2016 01:00:00 AM,7,2,5
08/22/2016 02:00:00 AM,2,1,1
08/22/2016 03:00:00 AM,2,0,2
08/22/2016 04:00:00 AM,8,5,3
08/22/2016 05:00:00 AM,39,29,10
08/22/2016 06:00:00 AM,153,91,62
08/22/2016 07:00:00 AM,415,270,145
08/22/2016 08:00:00 AM,604,378,226
08/22/2016 09:00:00 AM,330,202,128
08/22/2016 10:00:00 AM,122,66,56
08/22/2016 11:00:00 AM,78,35,43
08/22/2016 12:00:00 PM,84,44,40
08/22/2016 01:00:00 PM,91,48,43
08/22/2016 02:00:00 PM,93,45,48
08/22/2016 03:00:00 PM,144,50,94
08/22/2016 04:00:00 PM,368,107,261
08/22/2016 05:00:00 PM,713,176,537
08/22/2016 06:00:00 PM,511,143,368
08/22/2016 07:00:00 PM,250,89,161
08/22/2016 08:00:00 PM,136,61,75
08/22/2016 09:00:00 PM,69,28,41
08/22/2016 10:00:00 PM,41,15,26
08/22/2016 11:00:00 PM,24,12,12
08/23/2016 12:00:00 AM,9,3,6
08/23/2016 01:00:00 AM,5,4,1
08/23/2016 02:00:00 AM,7,2,5
08/23/2016 03:00:00 AM,3,2,1
08/23/2016 04:00:00 AM,10,6,4
08/23/2016 05:00:00 AM,49,35,14
08/23/2016 06:00:00 AM,188,111,77
08/23/2016 07:00:00 AM,456,295,161
08/23/2016 08:00:00 AM,667,401,266
08/23/2016 09:00:00 AM,306,181,125
08/23/2016 10:00:00 AM,133,69,64
08/23/2016 11:00:00 AM,91,41,50
08/23/2016 12:00:00 PM,120,44,76
08/23/2016 01:00:00 PM,117,54,63
08/23/2016 02:00:00 PM,119,54,65
08/23/2016 03:00:00 PM,162,72,90
08/23/2016 04:00:00 PM,398,124,274
08/23/2016 05:00:00 PM,753,212,541
08/23/2016 06:00:00 PM,528,195,333
08/23/2016 07:00:00 PM,258,97,161
08/23/2016 08:00:00 PM,140,58,82
08/23/2016 09:00:00 PM,84,32,52
08/23/2016 10:00:00 PM,46,20,26
08/23/2016 11:00:00 PM,36,13,23
08/24/2016 12:00:00 AM,16,5,11
08/24/2016 01:00:00 AM,9,4,5
08/24/2016 02:00:00 AM,2,0,2
08/24/2016 03:00:00 AM,5,2,3
08/24/2016 04:00:00 AM,13,7,6
08/24/2016 05:00:00 AM,48,29,19
08/24/2016 06:00:00 AM,201,108,93
08/24/2016 07:00:00 AM,462,309,153
08/24/2016 08:00:00 AM,633,398,235
08/24/2016 09:00:00 AM,299,162,137
08/24/2016 10:00:00 AM,160,84,76
08/24/2016 11:00:00 AM,105,55,50
08/24/2016 12:00:00 PM,99,55,44
08/24/2016 01:00:00 PM,100,54,46
08/24/2016 02:00:00 PM,101,40,61
08/24/2016 03:00:00 PM,171,65,106
08/24/2016 04:00:00 PM,358,102,256
08/24/2016 05:00:00 PM,753,194,559
08/24/2016 06:00:00 PM,502,156,346
08/24/2016 07:00:00 PM,289,110,179
08/24/2016 08:00:00 PM,144,57,87
08/24/2016 09:00:00 PM,79,35,44
08/24/2016 10:00:00 PM,45,16,29
08/24/2016 11:00:00 PM,29,14,15
08/25/2016 12:00:00 AM,20,9,11
08/25/2016 01:00:00 AM,7,3,4
08/25/2016 02:00:00 AM,4,1,3
08/25/2016 03:00:00 AM,4,4,0
08/25/2016 04:00:00 AM,8,3,5
08/25/2016 05:00:00 AM,42,29,13
08/25/2016 06:00:00 AM,170,110,60
08/25/2016 07:00:00 AM,434,287,147
08/25/2016 08:00:00 AM,576,353,223
08/25/2016 09:00:00 AM,324,185,139
08/25/2016 10:00:00 AM,145,82,63
08/25/2016 11:00:00 AM,111,55,56
08/25/2016 12:00:00 PM,117,53,64
08/25/2016 01:00:00 PM,103,51,52
08/25/2016 02:00:00 PM,116,50,66
08/25/2016 03:00:00 PM,175,82,93
08/25/2016 04:00:00 PM,329,90,239
08/25/2016 05:00:00 PM,666,179,487
08/25/2016 06:00:00 PM,462,153,309
08/25/2016 07:00:00 PM,231,80,151
08/25/2016 08:00:00 PM,151,75,76
08/25/2016 09:00:00 PM,85,32,53
08/25/2016 10:00:00 PM,61,30,31
08/25/2016 11:00:00 PM,41,15,26
08/26/2016 12:00:00 AM,22,11,11
08/26/2016 01:00:00 AM,7,4,3
08/26/2016 02:00:00 AM,9,6,3
08/26/2016 03:00:00 AM,4,3,1
08/26/2016 04:00:00 AM,12,7,5
08/26/2016 05:00:00 AM,33,18,15
08/26/2016 06:00:00 AM,125,73,52
08/26/2016 07:00:00 AM,359,221,138
08/26/2016 08:00:00 AM,489,299,190
08/26/2016 09:00:00 AM,258,150,108
08/26/2016 10:00:00 AM,137,76,61
08/26/2016 11:00:00 AM,112,53,59
08/26/2016 12:00:00 PM,110,46,64
08/26/2016 01:00:00 PM,130,59,71
08/26/2016 02:00:00 PM,137,62,75
08/26/2016 03:00:00 PM,184,90,94
08/26/2016 04:00:00 PM,347,101,246
08/26/2016 05:00:00 PM,569,166,403
08/26/2016 06:00:00 PM,349,126,223
08/26/2016 07:00:00 PM,192,81,111
08/26/2016 08:00:00 PM,140,57,83
08/26/2016 09:00:00 PM,90,32,58
08/26/2016 10:00:00 PM,51,17,34
08/26/2016 11:00:00 PM,30,8,22
08/27/2016 12:00:00 AM,21,9,12
08/27/2016 01:00:00 AM,13,7,6
08/27/2016 02:00:00 AM,8,4,4
08/27/2016 03:00:00 AM,6,1,5
08/27/2016 04:00:00 AM,2,1,1
08/27/2016 05:00:00 AM,12,9,3
08/27/2016 06:00:00 AM,23,10,13
08/27/2016 07:00:00 AM,51,25,26
08/27/2016 08:00:00 AM,70,46,24
08/27/2016 09:00:00 AM,116,65,51
08/27/2016 10:00:00 AM,128,57,71
08/27/2016 11:00:00 AM,120,56,64
08/27/2016 12:00:00 PM,158,96,62
08/27/2016 01:00:00 PM,151,87,64
08/27/2016 02:00:00 PM,122,52,70
08/27/2016 03:00:00 PM,154,88,66
08/27/2016 04:00:00 PM,140,56,84
08/27/2016 05:00:00 PM,129,50,79
08/27/2016 06:00:00 PM,116,51,65
08/27/2016 07:00:00 PM,66,29,37
08/27/2016 08:00:00 PM,53,27,26
08/27/2016 09:00:00 PM,22,10,12
08/27/2016 10:00:00 PM,28,13,15
08/27/2016 11:00:00 PM,24,8,16
08/28/2016 12:00:00 AM,15,7,8
08/28/2016 01:00:00 AM,7,4,3
08/28/2016 02:00:00 AM,4,2,2
08/28/2016 03:00:00 AM,2,1,1
08/28/2016 04:00:00 AM,5,1,4
08/28/2016 05:00:00 AM,5,5,0
08/28/2016 06:00:00 AM,12,4,8
08/28/2016 07:00:00 AM,34,13,21
08/28/2016 08:00:00 AM,81,44,37
08/28/2016 09:00:00 AM,86,49,37
08/28/2016 10:00:00 AM,106,59,47
08/28/2016 11:00:00 AM,133,68,65
08/28/2016 12:00:00 PM,118,53,65
08/28/2016 01:00:00 PM,153,77,76
08/28/2016 02:00:00 PM,155,85,70
08/28/2016 03:00:00 PM,122,69,53
08/28/2016 04:00:00 PM,141,76,65
08/28/2016 05:00:00 PM,95,44,51
08/28/2016 06:00:00 PM,74,39,35
08/28/2016 07:00:00 PM,64,25,39
08/28/2016 08:00:00 PM,56,16,40
08/28/2016 09:00:00 PM,26,12,14
08/28/2016 10:00:00 PM,29,17,12
08/28/2016 11:00:00 PM,12,5,7
08/29/2016 12:00:00 AM,8,5,3
08/29/2016 01:00:00 AM,3,0,3
08/29/2016 02:00:00 AM,2,1,1
08/29/2016 03:00:00 AM,4,3,1
08/29/2016 04:00:00 AM,11,9,2
08/29/2016 05:00:00 AM,39,20,19
08/29/2016 06:00:00 AM,163,99,64
08/29/2016 07:00:00 AM,412,280,132
08/29/2016 08:00:00 AM,535,328,207
08/29/2016 09:00:00 AM,316,186,130
08/29/2016 10:00:00 AM,127,72,55
08/29/2016 11:00:00 AM,102,54,48
08/29/2016 12:00:00 PM,93,52,41
08/29/2016 01:00:00 PM,95,49,46
08/29/2016 02:00:00 PM,135,64,71
08/29/2016 03:00:00 PM,172,78,94
08/29/2016 04:00:00 PM,341,111,230
08/29/2016 05:00:00 PM,748,205,543
08/29/2016 06:00:00 PM,507,164,343
08/29/2016 07:00:00 PM,259,105,154
08/29/2016 08:00:00 PM,134,61,73
08/29/2016 09:00:00 PM,54,16,38
08/29/2016 10:00:00 PM,40,15,25
08/29/2016 11:00:00 PM,23,8,15
08/30/2016 12:00:00 AM,12,4,8
08/30/2016 01:00:00 AM,4,2,2
08/30/2016 02:00:00 AM,0,0,0
08/30/2016 03:00:00 AM,1,1,0
08/30/2016 04:00:00 AM,16,7,9
08/30/2016 05:00:00 AM,53,31,22
08/30/2016 06:00:00 AM,152,96,56
08/30/2016 07:00:00 AM,496,323,173
08/30/2016 08:00:00 AM,593,383,210
08/30/2016 09:00:00 AM,325,202,123
08/30/2016 10:00:00 AM,134,62,72
08/30/2016 11:00:00 AM,90,50,40
08/30/2016 12:00:00 PM,81,40,41
08/30/2016 01:00:00 PM,101,44,57
08/30/2016 02:00:00 PM,96,35,61
08/30/2016 03:00:00 PM,170,78,92
08/30/2016 04:00:00 PM,369,94,275
08/30/2016 05:00:00 PM,758,209,549
08/30/2016 06:00:00 PM,443,161,282
08/30/2016 07:00:00 PM,237,88,149
08/30/2016 08:00:00 PM,121,53,68
08/30/2016 09:00:00 PM,64,27,37
08/30/2016 10:00:00 PM,46,15,31
08/30/2016 11:00:00 PM,30,12,18
08/31/2016 12:00:00 AM,12,5,7
08/31/2016 01:00:00 AM,7,4,3
08/31/2016 02:00:00 AM,1,1,0
08/31/2016 03:00:00 AM,2,0,2
08/31/2016 04:00:00 AM,17,12,5
08/31/2016 05:00:00 AM,45,27,18
08/31/2016 06:00:00 AM,165,99,66
08/31/2016 07:00:00 AM,391,268,123
08/31/2016 08:00:00 AM,491,311,180
08/31/2016 09:00:00 AM,301,149,152
08/31/2016 10:00:00 AM,119,70,49
08/31/2016 11:00:00 AM,62,36,26
08/31/2016 12:00:00 PM,54,18,36
08/31/2016 01:00:00 PM,60,27,33
08/31/2016 02:00:00 PM,72,30,42
08/31/2016 03:00:00 PM,101,38,63
08/31/2016 04:00:00 PM,299,98,201
08/31/2016 05:00:00 PM,566,142,424
08/31/2016 06:00:00 PM,430,127,303
08/31/2016 07:00:00 PM,208,78,130
08/31/2016 08:00:00 PM,78,31,47
08/31/2016 09:00:00 PM,71,29,42
08/31/2016 10:00:00 PM,37,14,23
08/31/2016 11:00:00 PM,17,11,6
09/01/2016 12:00:00 AM,16,5,11
09/01/2016 01:00:00 AM,4,2,2
09/01/2016 02:00:00 AM,6,2,4
09/01/2016 03:00:00 AM,1,0,1
09/01/2016 04:00:00 AM,9,5,4
09/01/2016 05:00:00 AM,39,26,13
09/01/2016 06:00:00 AM,143,90,53
09/01/2016 07:00:00 AM,341,222,119
09/01/2016 08:00:00 AM,481,304,177
09/01/2016 09:00:00 AM,247,141,106
09/01/2016 10:00:00 AM,99,55,44
09/01/2016 11:00:00 AM,84,36,48
09/01/2016 12:00:00 PM,84,43,41
09/01/2016 01:00:00 PM,77,27,50
09/01/2016 02:00:00 PM,89,36,53
09/01/2016 03:00:00 PM,124,32,92
09/01/2016 04:00:00 PM,290,78,212
09/01/2016 05:00:00 PM,528,128,400
09/01/2016 06:00:00 PM,369,125,244
09/01/2016 07:00:00 PM,139,32,107
09/01/2016 08:00:00 PM,90,37,53
09/01/2016 09:00:00 PM,37,15,22
09/01/2016 10:00:00 PM,30,16,14
09/01/2016 11:00:00 PM,13,5,8
09/02/2016 12:00:00 AM,13,3,10
09/02/2016 01:00:00 AM,4,1,3
09/02/2016 02:00:00 AM,3,1,2
09/02/2016 03:00:00 AM,1,0,1
09/02/2016 04:00:00 AM,12,6,6
09/02/2016 05:00:00 AM,31,16,15
09/02/2016 06:00:00 AM,87,59,28
09/02/2016 07:00:00 AM,233,150,83
09/02/2016 08:00:00 AM,308,197,111
09/02/2016 09:00:00 AM,136,70,66
09/02/2016 10:00:00 AM,34,19,15
09/02/2016 11:00:00 AM,43,24,19
09/02/2016 12:00:00 PM,43,19,24
09/02/2016 01:00:00 PM,53,21,32
09/02/2016 02:00:00 PM,101,46,55
09/02/2016 03:00:00 PM,118,48,70
09/02/2016 04:00:00 PM,217,61,156
09/02/2016 05:00:00 PM,314,81,233
09/02/2016 06:00:00 PM,168,49,119
09/02/2016 07:00:00 PM,84,26,58
09/02/2016 08:00:00 PM,38,19,19
09/02/2016 09:00:00 PM,22,6,16
09/02/2016 10:00:00 PM,32,17,15
09/02/2016 11:00:00 PM,25,10,15
09/03/2016 12:00:00 AM,17,8,9
09/03/2016 01:00:00 AM,7,3,4
09/03/2016 02:00:00 AM,3,3,0
09/03/2016 03:00:00 AM,0,0,0
09/03/2016 04:00:00 AM,0,0,0
09/03/2016 05:00:00 AM,13,7,6
09/03/2016 06:00:00 AM,18,10,8
09/03/2016 07:00:00 AM,29,19,10
09/03/2016 08:00:00 AM,49,23,26
09/03/2016 09:00:00 AM,59,46,13
09/03/2016 10:00:00 AM,53,21,32
09/03/2016 11:00:00 AM,65,23,42
09/03/2016 12:00:00 PM,59,39,20
09/03/2016 01:00:00 PM,84,44,40
09/03/2016 02:00:00 PM,103,63,40
09/03/2016 03:00:00 PM,120,52,68
09/03/2016 04:00:00 PM,164,86,78
09/03/2016 05:00:00 PM,154,92,62
09/03/2016 06:00:00 PM,142,77,65
09/03/2016 07:00:00 PM,75,43,32
09/03/2016 08:00:00 PM,58,21,37
09/03/2016 09:00:00 PM,26,12,14
09/03/2016 10:00:00 PM,24,9,15
09/03/2016 11:00:00 PM,36,13,23
09/04/2016 12:00:00 AM,13,4,9
09/04/2016 01:00:00 AM,6,2,4
09/04/2016 02:00:00 AM,5,0,5
09/04/2016 03:00:00 AM,4,3,1
09/04/2016 04:00:00 AM,4,2,2
09/04/2016 05:00:00 AM,7,5,2
09/04/2016 06:00:00 AM,18,11,7
09/04/2016 07:00:00 AM,19,13,6
09/04/2016 08:00:00 AM,37,20,17
09/04/2016 09:00:00 AM,79,41,38
09/04/2016 10:00:00 AM,91,56,35
09/04/2016 11:00:00 AM,126,71,55
09/04/2016 12:00:00 PM,129,69,60
09/04/2016 01:00:00 PM,182,99,83
09/04/2016 02:00:00 PM,192,117,75
09/04/2016 03:00:00 PM,181,84,97
09/04/2016 04:00:00 PM,201,118,83
09/04/2016 05:00:00 PM,149,85,64
09/04/2016 06:00:00 PM,101,61,40
09/04/2016 07:00:00 PM,98,56,42
09/04/2016 08:00:00 PM,41,15,26
09/04/2016 09:00:00 PM,42,14,28
09/04/2016 10:00:00 PM,34,13,21
09/04/2016 11:00:00 PM,25,8,17
09/05/2016 12:00:00 AM,20,9,11
09/05/2016 01:00:00 AM,3,0,3
09/05/2016 02:00:00 AM,2,0,2
09/05/2016 03:00:00 AM,4,0,4
09/05/2016 04:00:00 AM,8,3,5
09/05/2016 05:00:00 AM,11,10,1
09/05/2016 06:00:00 AM,12,5,7
09/05/2016 07:00:00 AM,33,13,20
09/05/2016 08:00:00 AM,55,37,18
09/05/2016 09:00:00 AM,91,50,41
09/05/2016 10:00:00 AM,94,58,36
09/05/2016 11:00:00 AM,119,64,55
09/05/2016 12:00:00 PM,140,86,54
09/05/2016 01:00:00 PM,138,60,78
09/05/2016 02:00:00 PM,151,86,65
09/05/2016 03:00:00 PM,165,89,76
09/05/2016 04:00:00 PM,145,65,80
09/05/2016 05:00:00 PM,118,58,60
09/05/2016 06:00:00 PM,71,38,33
09/05/2016 07:00:00 PM,55,27,28
09/05/2016 08:00:00 PM,41,17,24
09/05/2016 09:00:00 PM,18,5,13
09/05/2016 10:00:00 PM,17,5,12
09/05/2016 11:00:00 PM,5,3,2
09/06/2016 12:00:00 AM,5,2,3
09/06/2016 01:00:00 AM,8,4,4
09/06/2016 02:00:00 AM,2,2,0
09/06/2016 03:00:00 AM,1,1,0
09/06/2016 04:00:00 AM,3,1,2
09/06/2016 05:00:00 AM,34,18,16
09/06/2016 06:00:00 AM,88,50,38
09/06/2016 07:00:00 AM,272,190,82
09/06/2016 08:00:00 AM,431,269,162
09/06/2016 09:00:00 AM,205,120,85
09/06/2016 10:00:00 AM,109,55,54
09/06/2016 11:00:00 AM,72,34,38
09/06/2016 12:00:00 PM,63,31,32
09/06/2016 01:00:00 PM,55,30,25
09/06/2016 02:00:00 PM,61,34,27
09/06/2016 03:00:00 PM,109,50,59
09/06/2016 04:00:00 PM,264,81,183
09/06/2016 05:00:00 PM,487,121,366
09/06/2016 06:00:00 PM,278,103,175
09/06/2016 07:00:00 PM,175,59,116
09/06/2016 08:00:00 PM,103,51,52
09/06/2016 09:00:00 PM,37,21,16
09/06/2016 10:00:00 PM,20,5,15
09/06/2016 11:00:00 PM,13,8,5
09/07/2016 12:00:00 AM,10,5,5
09/07/2016 01:00:00 AM,3,1,2
09/07/2016 02:00:00 AM,1,0,1
09/07/2016 03:00:00 AM,2,2,0
09/07/2016 04:00:00 AM,7,4,3
09/07/2016 05:00:00 AM,38,23,15
09/07/2016 06:00:00 AM,144,87,57
09/07/2016 07:00:00 AM,337,220,117
09/07/2016 08:00:00 AM,511,317,194
09/07/2016 09:00:00 AM,262,170,92
09/07/2016 10:00:00 AM,94,48,46
09/07/2016 11:00:00 AM,76,47,29
09/07/2016 12:00:00 PM,60,31,29
09/07/2016 01:00:00 PM,70,37,33
09/07/2016 02:00:00 PM,75,33,42
09/07/2016 03:00:00 PM,130,49,81
09/07/2016 04:00:00 PM,245,70,175
09/07/2016 05:00:00 PM,524,134,390
09/07/2016 06:00:00 PM,374,123,251
09/07/2016 07:00:00 PM,160,45,115
09/07/2016 08:00:00 PM,76,28,48
09/07/2016 09:00:00 PM,45,19,26
09/07/2016 10:00:00 PM,37,11,26
09/07/2016 11:00:00 PM,18,5,13
09/08/2016 12:00:00 AM,9,2,7
09/08/2016 01:00:00 AM,3,1,2
09/08/2016 02:00:00 AM,4,1,3
09/08/2016 03:00:00 AM,4,4,0
09/08/2016 04:00:00 AM,13,8,5
09/08/2016 05:00:00 AM,38,22,16
09/08/2016 06:00:00 AM,160,105,55
09/08/2016 07:00:00 AM,357,242,115
09/08/2016 08:00:00 AM,482,296,186
09/08/2016 09:00:00 AM,279,159,120
09/08/2016 10:00:00 AM,102,55,47
09/08/2016 11:00:00 AM,81,47,34
09/08/2016 12:00:00 PM,82,44,38
09/08/2016 01:00:00 PM,87,44,43
09/08/2016 02:00:00 PM,81,36,45
09/08/2016 03:00:00 PM,128,50,78
09/08/2016 04:00:00 PM,327,107,220
09/08/2016 05:00:00 PM,623,170,453
09/08/2016 06:00:00 PM,443,151,292
09/08/2016 07:00:00 PM,193,76,117
09/08/2016 08:00:00 PM,107,38,69
09/08/2016 09:00:00 PM,50,24,26
09/08/2016 10:00:00 PM,36,11,25
09/08/2016 11:00:00 PM,21,7,14
09/09/2016 12:00:00 AM,16,4,12
09/09/2016 01:00:00 AM,5,3,2
09/09/2016 02:00:00 AM,3,1,2
09/09/2016 03:00:00 AM,4,3,1
09/09/2016 04:00:00 AM,11,7,4
09/09/2016 05:00:00 AM,32,21,11
09/09/2016 06:00:00 AM,132,92,40
09/09/2016 07:00:00 AM,374,237,137
09/09/2016 08:00:00 AM,515,307,208
09/09/2016 09:00:00 AM,268,159,109
09/09/2016 10:00:00 AM,128,56,72
09/09/2016 11:00:00 AM,99,46,53
09/09/2016 12:00:00 PM,100,57,43
09/09/2016 01:00:00 PM,114,67,47
09/09/2016 02:00:00 PM,173,76,97
09/09/2016 03:00:00 PM,196,86,110
09/09/2016 04:00:00 PM,367,123,244
09/09/2016 05:00:00 PM,625,174,451
09/09/2016 06:00:00 PM,314,106,208
09/09/2016 07:00:00 PM,202,70,132
09/09/2016 08:00:00 PM,111,49,62
09/09/2016 09:00:00 PM,71,29,42
09/09/2016 10:00:00 PM,53,19,34
09/09/2016 11:00:00 PM,25,10,15
09/10/2016 12:00:00 AM,26,12,14
09/10/2016 01:00:00 AM,10,5,5
09/10/2016 02:00:00 AM,13,6,7
09/10/2016 03:00:00 AM,4,0,4
09/10/2016 04:00:00 AM,6,2,4
09/10/2016 05:00:00 AM,8,4,4
09/10/2016 06:00:00 AM,14,11,3
09/10/2016 07:00:00 AM,58,30,28
09/10/2016 08:00:00 AM,85,44,41
09/10/2016 09:00:00 AM,120,67,53
09/10/2016 10:00:00 AM,132,65,67
09/10/2016 11:00:00 AM,175,100,75
09/10/2016 12:00:00 PM,155,80,75
09/10/2016 01:00:00 PM,219,93,126
09/10/2016 02:00:00 PM,173,103,70
09/10/2016 03:00:00 PM,220,108,112
09/10/2016 04:00:00 PM,200,99,101
09/10/2016 05:00:00 PM,191,94,97
09/10/2016 06:00:00 PM,155,61,94
09/10/2016 07:00:00 PM,76,40,36
09/10/2016 08:00:00 PM,56,22,34
09/10/2016 09:00:00 PM,39,20,19
09/10/2016 10:00:00 PM,32,21,11
09/10/2016 11:00:00 PM,30,10,20
09/11/2016 12:00:00 AM,17,5,12
09/11/2016 01:00:00 AM,11,5,6
09/11/2016 02:00:00 AM,8,6,2
09/11/2016 03:00:00 AM,2,0,2
09/11/2016 04:00:00 AM,3,2,1
09/11/2016 05:00:00 AM,4,3,1
09/11/2016 06:00:00 AM,12,4,8
09/11/2016 07:00:00 AM,37,26,11
09/11/2016 08:00:00 AM,63,25,38
09/11/2016 09:00:00 AM,86,39,47
09/11/2016 10:00:00 AM,98,47,51
09/11/2016 11:00:00 AM,123,54,69
09/11/2016 12:00:00 PM,140,77,63
09/11/2016 01:00:00 PM,149,80,69
09/11/2016 02:00:00 PM,170,80,90
09/11/2016 03:00:00 PM,166,66,100
09/11/2016 04:00:00 PM,162,80,82
09/11/2016 05:00:00 PM,138,58,80
09/11/2016 06:00:00 PM,119,71,48
09/11/2016 07:00:00 PM,72,38,34
09/11/2016 08:00:00 PM,32,17,15
09/11/2016 09:00:00 PM,38,13,25
09/11/2016 10:00:00 PM,22,10,12
09/11/2016 11:00:00 PM,15,6,9
09/12/2016 12:00:00 AM,12,3,9
09/12/2016 01:00:00 AM,5,2,3
09/12/2016 02:00:00 AM,1,0,1
09/12/2016 03:00:00 AM,2,1,1
09/12/2016 04:00:00 AM,8,5,3
09/12/2016 05:00:00 AM,49,33,16
09/12/2016 06:00:00 AM,150,94,56
09/12/2016 07:00:00 AM,430,282,148
09/12/2016 08:00:00 AM,624,383,241
09/12/2016 09:00:00 AM,293,155,138
09/12/2016 10:00:00 AM,118,55,63
09/12/2016 11:00:00 AM,94,45,49
09/12/2016 12:00:00 PM,91,48,43
09/12/2016 01:00:00 PM,106,50,56
09/12/2016 02:00:00 PM,115,45,70
09/12/2016 03:00:00 PM,170,68,102
09/12/2016 04:00:00 PM,325,109,216
09/12/2016 05:00:00 PM,740,200,540
09/12/2016 06:00:00 PM,443,173,270
09/12/2016 07:00:00 PM,239,81,158
09/12/2016 08:00:00 PM,110,40,70
09/12/2016 09:00:00 PM,62,27,35
09/12/2016 10:00:00 PM,37,14,23
09/12/2016 11:00:00 PM,19,5,14
09/13/2016 12:00:00 AM,11,4,7
09/13/2016 01:00:00 AM,4,2,2
09/13/2016 02:00:00 AM,3,1,2
09/13/2016 03:00:00 AM,3,1,2
09/13/2016 04:00:00 AM,8,7,1
09/13/2016 05:00:00 AM,52,29,23
09/13/2016 06:00:00 AM,190,118,72
09/13/2016 07:00:00 AM,468,303,165
09/13/2016 08:00:00 AM,620,395,225
09/13/2016 09:00:00 AM,300,159,141
09/13/2016 10:00:00 AM,116,56,60
09/13/2016 11:00:00 AM,98,45,53
09/13/2016 12:00:00 PM,105,55,50
09/13/2016 01:00:00 PM,112,56,56
09/13/2016 02:00:00 PM,103,53,50
09/13/2016 03:00:00 PM,181,76,105
09/13/2016 04:00:00 PM,381,122,259
09/13/2016 05:00:00 PM,796,209,587
09/13/2016 06:00:00 PM,506,172,334
09/13/2016 07:00:00 PM,238,78,160
09/13/2016 08:00:00 PM,118,41,77
09/13/2016 09:00:00 PM,73,25,48
09/13/2016 10:00:00 PM,48,15,33
09/13/2016 11:00:00 PM,27,8,19
09/14/2016 12:00:00 AM,17,8,9
09/14/2016 01:00:00 AM,5,2,3
09/14/2016 02:00:00 AM,4,0,4
09/14/2016 03:00:00 AM,1,1,0
09/14/2016 04:00:00 AM,9,5,4
09/14/2016 05:00:00 AM,39,23,16
09/14/2016 06:00:00 AM,164,106,58
09/14/2016 07:00:00 AM,456,291,165
09/14/2016 08:00:00 AM,618,369,249
09/14/2016 09:00:00 AM,321,177,144
09/14/2016 10:00:00 AM,141,83,58
09/14/2016 11:00:00 AM,108,52,56
09/14/2016 12:00:00 PM,83,45,38
09/14/2016 01:00:00 PM,92,43,49
09/14/2016 02:00:00 PM,111,47,64
09/14/2016 03:00:00 PM,177,86,91
09/14/2016 04:00:00 PM,351,120,231
09/14/2016 05:00:00 PM,783,194,589
09/14/2016 06:00:00 PM,512,174,338
09/14/2016 07:00:00 PM,244,99,145
09/14/2016 08:00:00 PM,97,36,61
09/14/2016 09:00:00 PM,82,27,55
09/14/2016 10:00:00 PM,56,29,27
09/14/2016 11:00:00 PM,25,7,18
09/15/2016 12:00:00 AM,10,5,5
09/15/2016 01:00:00 AM,6,4,2
09/15/2016 02:00:00 AM,6,1,5
09/15/2016 03:00:00 AM,2,2,0
09/15/2016 04:00:00 AM,4,1,3
09/15/2016 05:00:00 AM,47,29,18
09/15/2016 06:00:00 AM,164,110,54
09/15/2016 07:00:00 AM,407,266,141
09/15/2016 08:00:00 AM,536,316,220
09/15/2016 09:00:00 AM,291,154,137
09/15/2016 10:00:00 AM,139,65,74
09/15/2016 11:00:00 AM,73,35,38
09/15/2016 12:00:00 PM,103,52,51
09/15/2016 01:00:00 PM,116,54,62
09/15/2016 02:00:00 PM,112,49,63
09/15/2016 03:00:00 PM,182,69,113
09/15/2016 04:00:00 PM,354,121,233
09/15/2016 05:00:00 PM,695,195,500
09/15/2016 06:00:00 PM,485,149,336
09/15/2016 07:00:00 PM,232,82,150
09/15/2016 08:00:00 PM,108,48,60
09/15/2016 09:00:00 PM,65,25,40
09/15/2016 10:00:00 PM,49,18,31
09/15/2016 11:00:00 PM,31,13,18
09/16/2016 12:00:00 AM,18,5,13
09/16/2016 01:00:00 AM,4,2,2
09/16/2016 02:00:00 AM,3,0,3
09/16/2016 03:00:00 AM,4,0,4
09/16/2016 04:00:00 AM,10,5,5
09/16/2016 05:00:00 AM,39,24,15
09/16/2016 06:00:00 AM,145,96,49
09/16/2016 07:00:00 AM,387,278,109
09/16/2016 08:00:00 AM,506,305,201
09/16/2016 09:00:00 AM,248,132,116
09/16/2016 10:00:00 AM,125,70,55
09/16/2016 11:00:00 AM,108,50,58
09/16/2016 12:00:00 PM,112,56,56
09/16/2016 01:00:00 PM,116,52,64
09/16/2016 02:00:00 PM,130,63,67
09/16/2016 03:00:00 PM,189,74,115
09/16/2016 04:00:00 PM,362,92,270
09/16/2016 05:00:00 PM,602,164,438
09/16/2016 06:00:00 PM,325,105,220
09/16/2016 07:00:00 PM,136,51,85
09/16/2016 08:00:00 PM,62,22,40
09/16/2016 09:00:00 PM,41,15,26
09/16/2016 10:00:00 PM,32,10,22
09/16/2016 11:00:00 PM,28,12,16
09/17/2016 12:00:00 AM,21,5,16
09/17/2016 01:00:00 AM,5,2,3
09/17/2016 02:00:00 AM,7,5,2
09/17/2016 03:00:00 AM,3,0,3
09/17/2016 04:00:00 AM,0,0,0
09/17/2016 05:00:00 AM,6,1,5
09/17/2016 06:00:00 AM,15,8,7
09/17/2016 07:00:00 AM,15,9,6
09/17/2016 08:00:00 AM,38,20,18
09/17/2016 09:00:00 AM,46,26,20
09/17/2016 10:00:00 AM,38,22,16
09/17/2016 11:00:00 AM,63,27,36
09/17/2016 12:00:00 PM,54,23,31
09/17/2016 01:00:00 PM,56,29,27
09/17/2016 02:00:00 PM,70,36,34
09/17/2016 03:00:00 PM,72,38,34
09/17/2016 04:00:00 PM,124,65,59
09/17/2016 05:00:00 PM,82,35,47
09/17/2016 06:00:00 PM,50,24,26
09/17/2016 07:00:00 PM,43,19,24
09/17/2016 08:00:00 PM,29,14,15
09/17/2016 09:00:00 PM,30,15,15
09/17/2016 10:00:00 PM,30,20,10
09/17/2016 11:00:00 PM,24,16,8
09/18/2016 12:00:00 AM,15,12,3
09/18/2016 01:00:00 AM,7,4,3
09/18/2016 02:00:00 AM,6,5,1
09/18/2016 03:00:00 AM,1,0,1
09/18/2016 04:00:00 AM,1,1,0
09/18/2016 05:00:00 AM,3,2,1
09/18/2016 06:00:00 AM,14,4,10
09/18/2016 07:00:00 AM,30,20,10
09/18/2016 08:00:00 AM,46,21,25
09/18/2016 09:00:00 AM,81,34,47
09/18/2016 10:00:00 AM,97,45,52
09/18/2016 11:00:00 AM,136,75,61
09/18/2016 12:00:00 PM,181,65,116
09/18/2016 01:00:00 PM,164,84,80
09/18/2016 02:00:00 PM,171,86,85
09/18/2016 03:00:00 PM,157,70,87
09/18/2016 04:00:00 PM,142,79,63
09/18/2016 05:00:00 PM,148,93,55
09/18/2016 06:00:00 PM,123,67,56
09/18/2016 07:00:00 PM,64,32,32
09/18/2016 08:00:00 PM,44,22,22
09/18/2016 09:00:00 PM,25,14,11
09/18/2016 10:00:00 PM,25,10,15
09/18/2016 11:00:00 PM,12,5,7
09/19/2016 12:00:00 AM,7,4,3
09/19/2016 01:00:00 AM,4,2,2
09/19/2016 02:00:00 AM,2,1,1
09/19/2016 03:00:00 AM,4,1,3
09/19/2016 04:00:00 AM,5,2,3
09/19/2016 05:00:00 AM,34,22,12
09/19/2016 06:00:00 AM,115,74,41
09/19/2016 07:00:00 AM,238,152,86
09/19/2016 08:00:00 AM,438,260,178
09/19/2016 09:00:00 AM,236,136,100
09/19/2016 10:00:00 AM,90,46,44
09/19/2016 11:00:00 AM,67,31,36
09/19/2016 12:00:00 PM,64,34,30
09/19/2016 01:00:00 PM,93,60,33
09/19/2016 02:00:00 PM,76,29,47
09/19/2016 03:00:00 PM,125,55,70
09/19/2016 04:00:00 PM,245,79,166
09/19/2016 05:00:00 PM,527,155,372
09/19/2016 06:00:00 PM,344,134,210
09/19/2016 07:00:00 PM,167,68,99
09/19/2016 08:00:00 PM,91,45,46
09/19/2016 09:00:00 PM,50,15,35
09/19/2016 10:00:00 PM,35,13,22
09/19/2016 11:00:00 PM,16,5,11
09/20/2016 12:00:00 AM,10,3,7
09/20/2016 01:00:00 AM,5,3,2
09/20/2016 02:00:00 AM,4,1,3
09/20/2016 03:00:00 AM,3,2,1
09/20/2016 04:00:00 AM,5,4,1
09/20/2016 05:00:00 AM,43,24,19
09/20/2016 06:00:00 AM,159,96,63
09/20/2016 07:00:00 AM,459,302,157
09/20/2016 08:00:00 AM,568,349,219
09/20/2016 09:00:00 AM,284,160,124
09/20/2016 10:00:00 AM,122,57,65
09/20/2016 11:00:00 AM,95,52,43
09/20/2016 12:00:00 PM,89,46,43
09/20/2016 01:00:00 PM,102,57,45
09/20/2016 02:00:00 PM,130,72,58
09/20/2016 03:00:00 PM,186,78,108
09/20/2016 04:00:00 PM,349,130,219
09/20/2016 05:00:00 PM,731,172,559
09/20/2016 06:00:00 PM,506,141,365
09/20/2016 07:00:00 PM,224,62,162
09/20/2016 08:00:00 PM,113,45,68
09/20/2016 09:00:00 PM,52,20,32
09/20/2016 10:00:00 PM,17,7,10
09/20/2016 11:00:00 PM,23,10,13
09/21/2016 12:00:00 AM,15,5,10
09/21/2016 01:00:00 AM,3,3,0
09/21/2016 02:00:00 AM,3,0,3
09/21/2016 03:00:00 AM,3,3,0
09/21/2016 04:00:00 AM,10,5,5
09/21/2016 05:00:00 AM,40,22,18
09/21/2016 06:00:00 AM,169,111,58
09/21/2016 07:00:00 AM,427,271,156
09/21/2016 08:00:00 AM,568,334,234
09/21/2016 09:00:00 AM,274,138,136
09/21/2016 10:00:00 AM,124,67,57
09/21/2016 11:00:00 AM,79,47,32
09/21/2016 12:00:00 PM,76,43,33
09/21/2016 01:00:00 PM,98,43,55
09/21/2016 02:00:00 PM,91,42,49
09/21/2016 03:00:00 PM,172,66,106
09/21/2016 04:00:00 PM,349,124,225
09/21/2016 05:00:00 PM,709,177,532
09/21/2016 06:00:00 PM,415,148,267
09/21/2016 07:00:00 PM,247,93,154
09/21/2016 08:00:00 PM,81,35,46
09/21/2016 09:00:00 PM,65,19,46
09/21/2016 10:00:00 PM,49,18,31
09/21/2016 11:00:00 PM,22,6,16
09/22/2016 12:00:00 AM,7,3,4
09/22/2016 01:00:00 AM,7,0,7
09/22/2016 02:00:00 AM,2,1,1
09/22/2016 03:00:00 AM,6,4,2
09/22/2016 04:00:00 AM,11,8,3
09/22/2016 05:00:00 AM,37,23,14
09/22/2016 06:00:00 AM,150,95,55
09/22/2016 07:00:00 AM,422,257,165
09/22/2016 08:00:00 AM,609,360,249
09/22/2016 09:00:00 AM,295,156,139
09/22/2016 10:00:00 AM,135,72,63
09/22/2016 11:00:00 AM,93,45,48
09/22/2016 12:00:00 PM,108,55,53
09/22/2016 01:00:00 PM,118,62,56
09/22/2016 02:00:00 PM,115,53,62
09/22/2016 03:00:00 PM,164,63,101
09/22/2016 04:00:00 PM,384,125,259
09/22/2016 05:00:00 PM,699,206,493
09/22/2016 06:00:00 PM,455,144,311
09/22/2016 07:00:00 PM,222,79,143
09/22/2016 08:00:00 PM,100,34,66
09/22/2016 09:00:00 PM,66,32,34
09/22/2016 10:00:00 PM,57,22,35
09/22/2016 11:00:00 PM,30,18,12
09/23/2016 12:00:00 AM,16,7,9
09/23/2016 01:00:00 AM,9,5,4
09/23/2016 02:00:00 AM,3,1,2
09/23/2016 03:00:00 AM,3,2,1
09/23/2016 04:00:00 AM,9,5,4
09/23/2016 05:00:00 AM,41,28,13
09/23/2016 06:00:00 AM,84,47,37
09/23/2016 07:00:00 AM,276,175,101
09/23/2016 08:00:00 AM,402,249,153
09/23/2016 09:00:00 AM,210,111,99
09/23/2016 10:00:00 AM,87,45,42
09/23/2016 11:00:00 AM,71,41,30
09/23/2016 12:00:00 PM,62,21,41
09/23/2016 01:00:00 PM,45,21,24
09/23/2016 02:00:00 PM,65,25,40
09/23/2016 03:00:00 PM,114,35,79
09/23/2016 04:00:00 PM,251,96,155
09/23/2016 05:00:00 PM,414,108,306
09/23/2016 06:00:00 PM,260,69,191
09/23/2016 07:00:00 PM,125,45,80
09/23/2016 08:00:00 PM,48,16,32
09/23/2016 09:00:00 PM,39,17,22
09/23/2016 10:00:00 PM,63,23,40
09/23/2016 11:00:00 PM,22,8,14
09/24/2016 12:00:00 AM,14,7,7
09/24/2016 01:00:00 AM,13,7,6
09/24/2016 02:00:00 AM,10,3,7
09/24/2016 03:00:00 AM,8,8,0
09/24/2016 04:00:00 AM,1,0,1
09/24/2016 05:00:00 AM,10,3,7
09/24/2016 06:00:00 AM,17,12,5
09/24/2016 07:00:00 AM,31,15,16
09/24/2016 08:00:00 AM,70,47,23
09/24/2016 09:00:00 AM,81,49,32
09/24/2016 10:00:00 AM,114,72,42
09/24/2016 11:00:00 AM,125,80,45
09/24/2016 12:00:00 PM,172,95,77
09/24/2016 01:00:00 PM,149,81,68
09/24/2016 02:00:00 PM,161,80,81
09/24/2016 03:00:00 PM,161,70,91
09/24/2016 04:00:00 PM,172,86,86
09/24/2016 05:00:00 PM,144,71,73
09/24/2016 06:00:00 PM,81,33,48
09/24/2016 07:00:00 PM,59,24,35
09/24/2016 08:00:00 PM,30,20,10
09/24/2016 09:00:00 PM,31,18,13
09/24/2016 10:00:00 PM,19,9,10
09/24/2016 11:00:00 PM,37,25,12
09/25/2016 12:00:00 AM,16,8,8
09/25/2016 01:00:00 AM,12,7,5
09/25/2016 02:00:00 AM,5,4,1
09/25/2016 03:00:00 AM,1,0,1
09/25/2016 04:00:00 AM,1,1,0
09/25/2016 05:00:00 AM,3,1,2
09/25/2016 06:00:00 AM,10,5,5
09/25/2016 07:00:00 AM,34,21,13
09/25/2016 08:00:00 AM,58,32,26
09/25/2016 09:00:00 AM,81,34,47
09/25/2016 10:00:00 AM,107,49,58
09/25/2016 11:00:00 AM,123,62,61
09/25/2016 12:00:00 PM,139,59,80
09/25/2016 01:00:00 PM,147,68,79
09/25/2016 02:00:00 PM,154,72,82
09/25/2016 03:00:00 PM,179,83,96
09/25/2016 04:00:00 PM,169,82,87
09/25/2016 05:00:00 PM,158,90,68
09/25/2016 06:00:00 PM,118,61,57
09/25/2016 07:00:00 PM,61,34,27
09/25/2016 08:00:00 PM,34,13,21
09/25/2016 09:00:00 PM,35,18,17
09/25/2016 10:00:00 PM,19,2,17
09/25/2016 11:00:00 PM,9,2,7
09/26/2016 12:00:00 AM,6,1,5
09/26/2016 01:00:00 AM,1,0,1
09/26/2016 02:00:00 AM,1,0,1
09/26/2016 03:00:00 AM,0,0,0
09/26/2016 04:00:00 AM,8,4,4
09/26/2016 05:00:00 AM,33,23,10
09/26/2016 06:00:00 AM,173,112,61
09/26/2016 07:00:00 AM,423,290,133
09/26/2016 08:00:00 AM,615,381,234
09/26/2016 09:00:00 AM,305,159,146
09/26/2016 10:00:00 AM,121,69,52
09/26/2016 11:00:00 AM,93,48,45
09/26/2016 12:00:00 PM,119,58,61
09/26/2016 01:00:00 PM,113,68,45
09/26/2016 02:00:00 PM,136,55,81
09/26/2016 03:00:00 PM,197,79,118
09/26/2016 04:00:00 PM,424,159,265
09/26/2016 05:00:00 PM,868,220,648
09/26/2016 06:00:00 PM,388,139,249
09/26/2016 07:00:00 PM,139,47,92
09/26/2016 08:00:00 PM,114,44,70
09/26/2016 09:00:00 PM,66,26,40
09/26/2016 10:00:00 PM,27,8,19
09/26/2016 11:00:00 PM,12,8,4
09/27/2016 12:00:00 AM,8,3,5
09/27/2016 01:00:00 AM,9,4,5
09/27/2016 02:00:00 AM,3,2,1
09/27/2016 03:00:00 AM,1,0,1
09/27/2016 04:00:00 AM,4,3,1
09/27/2016 05:00:00 AM,45,30,15
09/27/2016 06:00:00 AM,170,108,62
09/27/2016 07:00:00 AM,441,298,143
09/27/2016 08:00:00 AM,604,373,231
09/27/2016 09:00:00 AM,265,138,127
09/27/2016 10:00:00 AM,114,54,60
09/27/2016 11:00:00 AM,96,55,41
09/27/2016 12:00:00 PM,63,30,33
09/27/2016 01:00:00 PM,101,57,44
09/27/2016 02:00:00 PM,129,53,76
09/27/2016 03:00:00 PM,158,64,94
09/27/2016 04:00:00 PM,368,127,241
09/27/2016 05:00:00 PM,735,191,544
09/27/2016 06:00:00 PM,463,138,325
09/27/2016 07:00:00 PM,205,69,136
09/27/2016 08:00:00 PM,89,37,52
09/27/2016 09:00:00 PM,56,26,30
09/27/2016 10:00:00 PM,32,12,20
09/27/2016 11:00:00 PM,23,15,8
09/28/2016 12:00:00 AM,11,3,8
09/28/2016 01:00:00 AM,9,7,2
09/28/2016 02:00:00 AM,2,1,1
09/28/2016 03:00:00 AM,4,2,2
09/28/2016 04:00:00 AM,10,5,5
09/28/2016 05:00:00 AM,41,26,15
09/28/2016 06:00:00 AM,151,92,59
09/28/2016 07:00:00 AM,429,279,150
09/28/2016 08:00:00 AM,591,349,242
09/28/2016 09:00:00 AM,298,154,144
09/28/2016 10:00:00 AM,140,80,60
09/28/2016 11:00:00 AM,107,71,36
09/28/2016 12:00:00 PM,87,35,52
09/28/2016 01:00:00 PM,104,53,51
09/28/2016 02:00:00 PM,140,60,80
09/28/2016 03:00:00 PM,165,78,87
09/28/2016 04:00:00 PM,385,120,265
09/28/2016 05:00:00 PM,651,196,455
09/28/2016 06:00:00 PM,534,174,360
09/28/2016 07:00:00 PM,179,72,107
09/28/2016 08:00:00 PM,113,40,73
09/28/2016 09:00:00 PM,72,25,47
09/28/2016 10:00:00 PM,64,20,44
09/28/2016 11:00:00 PM,26,10,16
09/29/2016 12:00:00 AM,14,10,4
09/29/2016 01:00:00 AM,5,2,3
09/29/2016 02:00:00 AM,1,1,0
09/29/2016 03:00:00 AM,3,2,1
09/29/2016 04:00:00 AM,11,9,2
09/29/2016 05:00:00 AM,38,23,15
09/29/2016 06:00:00 AM,154,93,61
09/29/2016 07:00:00 AM,386,257,129
09/29/2016 08:00:00 AM,566,338,228
09/29/2016 09:00:00 AM,311,172,139
09/29/2016 10:00:00 AM,119,58,61
09/29/2016 11:00:00 AM,88,47,41
09/29/2016 12:00:00 PM,113,46,67
09/29/2016 01:00:00 PM,109,55,54
09/29/2016 02:00:00 PM,107,44,63
09/29/2016 03:00:00 PM,169,65,104
09/29/2016 04:00:00 PM,339,117,222
09/29/2016 05:00:00 PM,651,151,500
09/29/2016 06:00:00 PM,448,157,291
09/29/2016 07:00:00 PM,161,53,108
09/29/2016 08:00:00 PM,80,27,53
09/29/2016 09:00:00 PM,63,27,36
09/29/2016 10:00:00 PM,39,16,23
09/29/2016 11:00:00 PM,18,6,12
09/30/2016 12:00:00 AM,15,8,7
09/30/2016 01:00:00 AM,7,4,3
09/30/2016 02:00:00 AM,4,1,3
09/30/2016 03:00:00 AM,4,3,1
09/30/2016 04:00:00 AM,8,5,3
09/30/2016 05:00:00 AM,42,24,18
09/30/2016 06:00:00 AM,115,69,46
09/30/2016 07:00:00 AM,327,207,120
09/30/2016 08:00:00 AM,485,300,185
09/30/2016 09:00:00 AM,286,173,113
09/30/2016 10:00:00 AM,137,81,56
09/30/2016 11:00:00 AM,82,36,46
09/30/2016 12:00:00 PM,97,44,53
09/30/2016 01:00:00 PM,117,49,68
09/30/2016 02:00:00 PM,136,66,70
09/30/2016 03:00:00 PM,233,91,142
09/30/2016 04:00:00 PM,398,122,276
09/30/2016 05:00:00 PM,531,166,365
09/30/2016 06:00:00 PM,334,125,209
09/30/2016 07:00:00 PM,141,48,93
09/30/2016 08:00:00 PM,71,24,47
09/30/2016 09:00:00 PM,70,39,31
09/30/2016 10:00:00 PM,69,29,40
09/30/2016 11:00:00 PM,36,11,25
10/01/2016 12:00:00 AM,25,11,14
10/01/2016 01:00:00 AM,7,5,2
10/01/2016 02:00:00 AM,7,3,4
10/01/2016 03:00:00 AM,5,1,4
10/01/2016 04:00:00 AM,2,1,1
10/01/2016 05:00:00 AM,7,5,2
10/01/2016 06:00:00 AM,23,14,9
10/01/2016 07:00:00 AM,32,23,9
10/01/2016 08:00:00 AM,62,42,20
10/01/2016 09:00:00 AM,88,40,48
10/01/2016 10:00:00 AM,99,60,39
10/01/2016 11:00:00 AM,92,42,50
10/01/2016 12:00:00 PM,107,59,48
10/01/2016 01:00:00 PM,67,32,35
10/01/2016 02:00:00 PM,58,25,33
10/01/2016 03:00:00 PM,55,21,34
10/01/2016 04:00:00 PM,91,49,42
10/01/2016 05:00:00 PM,73,32,41
10/01/2016 06:00:00 PM,72,39,33
10/01/2016 07:00:00 PM,36,15,21
10/01/2016 08:00:00 PM,19,5,14
10/01/2016 09:00:00 PM,15,9,6
10/01/2016 10:00:00 PM,19,6,13
10/01/2016 11:00:00 PM,15,5,10
10/02/2016 12:00:00 AM,10,4,6
10/02/2016 01:00:00 AM,2,0,2
10/02/2016 02:00:00 AM,1,0,1
10/02/2016 03:00:00 AM,2,0,2
10/02/2016 04:00:00 AM,2,1,1
10/02/2016 05:00:00 AM,7,6,1
10/02/2016 06:00:00 AM,10,4,6
10/02/2016 07:00:00 AM,17,7,10
10/02/2016 08:00:00 AM,66,31,35
10/02/2016 09:00:00 AM,72,38,34
10/02/2016 10:00:00 AM,79,44,35
10/02/2016 11:00:00 AM,119,62,57
10/02/2016 12:00:00 PM,118,60,58
10/02/2016 01:00:00 PM,156,83,73
10/02/2016 02:00:00 PM,200,87,113
10/02/2016 03:00:00 PM,150,60,90
10/02/2016 04:00:00 PM,222,118,104
10/02/2016 05:00:00 PM,135,66,69
10/02/2016 06:00:00 PM,95,56,39
10/02/2016 07:00:00 PM,47,28,19
10/02/2016 08:00:00 PM,33,10,23
10/02/2016 09:00:00 PM,15,6,9
10/02/2016 10:00:00 PM,13,7,6
10/02/2016 11:00:00 PM,15,7,8
10/03/2016 12:00:00 AM,11,5,6
10/03/2016 01:00:00 AM,5,2,3
10/03/2016 02:00:00 AM,5,4,1
10/03/2016 03:00:00 AM,2,0,2
10/03/2016 04:00:00 AM,12,7,5
10/03/2016 05:00:00 AM,33,18,15
10/03/2016 06:00:00 AM,163,103,60
10/03/2016 07:00:00 AM,378,244,134
10/03/2016 08:00:00 AM,565,342,223
10/03/2016 09:00:00 AM,248,144,104
10/03/2016 10:00:00 AM,113,59,54
10/03/2016 11:00:00 AM,74,38,36
10/03/2016 12:00:00 PM,83,34,49
10/03/2016 01:00:00 PM,65,32,33
10/03/2016 02:00:00 PM,83,42,41
10/03/2016 03:00:00 PM,142,63,79
10/03/2016 04:00:00 PM,322,101,221
10/03/2016 05:00:00 PM,687,163,524
10/03/2016 06:00:00 PM,417,137,280
10/03/2016 07:00:00 PM,156,41,115
10/03/2016 08:00:00 PM,84,32,52
10/03/2016 09:00:00 PM,41,15,26
10/03/2016 10:00:00 PM,16,6,10
10/03/2016 11:00:00 PM,10,5,5
10/04/2016 12:00:00 AM,3,1,2
10/04/2016 01:00:00 AM,6,5,1
10/04/2016 02:00:00 AM,5,2,3
10/04/2016 03:00:00 AM,5,3,2
10/04/2016 04:00:00 AM,9,7,2
10/04/2016 05:00:00 AM,37,20,17
10/04/2016 06:00:00 AM,122,79,43
10/04/2016 07:00:00 AM,321,205,116
10/04/2016 08:00:00 AM,497,331,166
10/04/2016 09:00:00 AM,221,123,98
10/04/2016 10:00:00 AM,89,42,47
10/04/2016 11:00:00 AM,59,33,26
10/04/2016 12:00:00 PM,67,37,30
10/04/2016 01:00:00 PM,61,30,31
10/04/2016 02:00:00 PM,55,25,30
10/04/2016 03:00:00 PM,107,39,68
10/04/2016 04:00:00 PM,244,69,175
10/04/2016 05:00:00 PM,503,137,366
10/04/2016 06:00:00 PM,285,89,196
10/04/2016 07:00:00 PM,141,60,81
10/04/2016 08:00:00 PM,80,21,59
10/04/2016 09:00:00 PM,35,17,18
10/04/2016 10:00:00 PM,23,15,8
10/04/2016 11:00:00 PM,6,1,5
10/05/2016 12:00:00 AM,12,9,3
10/05/2016 01:00:00 AM,4,3,1
10/05/2016 02:00:00 AM,4,4,0
10/05/2016 03:00:00 AM,0,0,0
10/05/2016 04:00:00 AM,13,8,5
10/05/2016 05:00:00 AM,43,24,19
10/05/2016 06:00:00 AM,117,69,48
10/05/2016 07:00:00 AM,323,204,119
10/05/2016 08:00:00 AM,480,293,187
10/05/2016 09:00:00 AM,234,135,99
10/05/2016 10:00:00 AM,107,46,61
10/05/2016 11:00:00 AM,55,32,23
10/05/2016 12:00:00 PM,62,27,35
10/05/2016 01:00:00 PM,83,32,51
10/05/2016 02:00:00 PM,72,25,47
10/05/2016 03:00:00 PM,157,68,89
10/05/2016 04:00:00 PM,294,100,194
10/05/2016 05:00:00 PM,580,162,418
10/05/2016 06:00:00 PM,399,140,259
10/05/2016 07:00:00 PM,199,75,124
10/05/2016 08:00:00 PM,94,29,65
10/05/2016 09:00:00 PM,63,26,37
10/05/2016 10:00:00 PM,44,18,26
10/05/2016 11:00:00 PM,21,9,12
10/06/2016 12:00:00 AM,14,7,7
10/06/2016 01:00:00 AM,6,3,3
10/06/2016 02:00:00 AM,5,5,0
10/06/2016 03:00:00 AM,2,0,2
10/06/2016 04:00:00 AM,12,6,6
10/06/2016 05:00:00 AM,33,21,12
10/06/2016 06:00:00 AM,128,83,45
10/06/2016 07:00:00 AM,337,210,127
10/06/2016 08:00:00 AM,503,306,197
10/06/2016 09:00:00 AM,250,124,126
10/06/2016 10:00:00 AM,113,52,61
10/06/2016 11:00:00 AM,87,42,45
10/06/2016 12:00:00 PM,85,42,43
10/06/2016 01:00:00 PM,84,38,46
10/06/2016 02:00:00 PM,84,41,43
10/06/2016 03:00:00 PM,140,50,90
10/06/2016 04:00:00 PM,254,82,172
10/06/2016 05:00:00 PM,532,136,396
10/06/2016 06:00:00 PM,314,85,229
10/06/2016 07:00:00 PM,136,53,83
10/06/2016 08:00:00 PM,66,21,45
10/06/2016 09:00:00 PM,52,22,30
10/06/2016 10:00:00 PM,33,11,22
10/06/2016 11:00:00 PM,10,4,6
10/07/2016 12:00:00 AM,2,1,1
10/07/2016 01:00:00 AM,3,2,1
10/07/2016 02:00:00 AM,0,0,0
10/07/2016 03:00:00 AM,3,2,1
10/07/2016 04:00:00 AM,8,2,6
10/07/2016 05:00:00 AM,28,13,15
10/07/2016 06:00:00 AM,92,49,43
10/07/2016 07:00:00 AM,241,158,83
10/07/2016 08:00:00 AM,351,208,143
10/07/2016 09:00:00 AM,189,102,87
10/07/2016 10:00:00 AM,89,49,40
10/07/2016 11:00:00 AM,63,37,26
10/07/2016 12:00:00 PM,54,29,25
10/07/2016 01:00:00 PM,64,30,34
10/07/2016 02:00:00 PM,70,34,36
10/07/2016 03:00:00 PM,136,46,90
10/07/2016 04:00:00 PM,224,75,149
10/07/2016 05:00:00 PM,439,129,310
10/07/2016 06:00:00 PM,250,79,171
10/07/2016 07:00:00 PM,82,27,55
10/07/2016 08:00:00 PM,44,15,29
10/07/2016 09:00:00 PM,22,6,16
10/07/2016 10:00:00 PM,21,5,16
10/07/2016 11:00:00 PM,20,7,13
10/08/2016 12:00:00 AM,12,6,6
10/08/2016 01:00:00 AM,15,7,8
10/08/2016 02:00:00 AM,3,3,0
10/08/2016 03:00:00 AM,1,0,1
10/08/2016 04:00:00 AM,2,0,2
10/08/2016 05:00:00 AM,4,1,3
10/08/2016 06:00:00 AM,8,5,3
10/08/2016 07:00:00 AM,17,10,7
10/08/2016 08:00:00 AM,41,24,17
10/08/2016 09:00:00 AM,51,34,17
10/08/2016 10:00:00 AM,66,42,24
10/08/2016 11:00:00 AM,65,36,29
10/08/2016 12:00:00 PM,87,54,33
10/08/2016 01:00:00 PM,55,28,27
10/08/2016 02:00:00 PM,51,25,26
10/08/2016 03:00:00 PM,48,22,26
10/08/2016 04:00:00 PM,37,14,23
10/08/2016 05:00:00 PM,26,15,11
10/08/2016 06:00:00 PM,30,7,23
10/08/2016 07:00:00 PM,20,13,7
10/08/2016 08:00:00 PM,22,11,11
10/08/2016 09:00:00 PM,22,8,14
10/08/2016 10:00:00 PM,7,0,7
10/08/2016 11:00:00 PM,10,7,3
10/09/2016 12:00:00 AM,5,2,3
10/09/2016 01:00:00 AM,4,2,2
10/09/2016 02:00:00 AM,1,1,0
10/09/2016 03:00:00 AM,2,1,1
10/09/2016 04:00:00 AM,1,1,0
10/09/2016 05:00:00 AM,5,4,1
10/09/2016 06:00:00 AM,6,3,3
10/09/2016 07:00:00 AM,18,11,7
10/09/2016 08:00:00 AM,30,15,15
10/09/2016 09:00:00 AM,57,24,33
10/09/2016 10:00:00 AM,63,35,28
10/09/2016 11:00:00 AM,76,31,45
10/09/2016 12:00:00 PM,102,49,53
10/09/2016 01:00:00 PM,105,53,52
10/09/2016 02:00:00 PM,134,65,69
10/09/2016 03:00:00 PM,112,63,49
10/09/2016 04:00:00 PM,129,61,68
10/09/2016 05:00:00 PM,94,45,49
10/09/2016 06:00:00 PM,48,24,24
10/09/2016 07:00:00 PM,15,8,7
10/09/2016 08:00:00 PM,23,10,13
10/09/2016 09:00:00 PM,17,8,9
10/09/2016 10:00:00 PM,20,9,11
10/09/2016 11:00:00 PM,10,5,5
10/10/2016 12:00:00 AM,3,1,2
10/10/2016 01:00:00 AM,5,4,1
10/10/2016 02:00:00 AM,0,0,0
10/10/2016 03:00:00 AM,5,3,2
10/10/2016 04:00:00 AM,5,2,3
10/10/2016 05:00:00 AM,30,20,10
10/10/2016 06:00:00 AM,126,90,36
10/10/2016 07:00:00 AM,375,246,129
10/10/2016 08:00:00 AM,539,337,202
10/10/2016 09:00:00 AM,263,133,130
10/10/2016 10:00:00 AM,125,61,64
10/10/2016 11:00:00 AM,68,33,35
10/10/2016 12:00:00 PM,75,34,41
10/10/2016 01:00:00 PM,77,36,41
10/10/2016 02:00:00 PM,98,50,48
10/10/2016 03:00:00 PM,134,59,75
10/10/2016 04:00:00 PM,290,94,196
10/10/2016 05:00:00 PM,674,171,503
10/10/2016 06:00:00 PM,393,119,274
10/10/2016 07:00:00 PM,153,59,94
10/10/2016 08:00:00 PM,78,36,42
10/10/2016 09:00:00 PM,44,9,35
10/10/2016 10:00:00 PM,23,6,17
10/10/2016 11:00:00 PM,15,5,10
10/11/2016 12:00:00 AM,11,2,9
10/11/2016 01:00:00 AM,2,2,0
10/11/2016 02:00:00 AM,4,1,3
10/11/2016 03:00:00 AM,1,1,0
10/11/2016 04:00:00 AM,13,9,4
10/11/2016 05:00:00 AM,44,28,16
10/11/2016 06:00:00 AM,159,107,52
10/11/2016 07:00:00 AM,390,239,151
10/11/2016 08:00:00 AM,560,352,208
10/11/2016 09:00:00 AM,295,171,124
10/11/2016 10:00:00 AM,112,59,53
10/11/2016 11:00:00 AM,99,50,49
10/11/2016 12:00:00 PM,92,48,44
10/11/2016 01:00:00 PM,96,39,57
10/11/2016 02:00:00 PM,117,55,62
10/11/2016 03:00:00 PM,168,83,85
10/11/2016 04:00:00 PM,340,102,238
10/11/2016 05:00:00 PM,659,184,475
10/11/2016 06:00:00 PM,447,133,314
10/11/2016 07:00:00 PM,176,57,119
10/11/2016 08:00:00 PM,95,33,62
10/11/2016 09:00:00 PM,69,23,46
10/11/2016 10:00:00 PM,29,12,17
10/11/2016 11:00:00 PM,21,6,15
10/12/2016 12:00:00 AM,15,9,6
10/12/2016 01:00:00 AM,5,2,3
10/12/2016 02:00:00 AM,0,0,0
10/12/2016 03:00:00 AM,1,1,0
10/12/2016 04:00:00 AM,7,3,4
10/12/2016 05:00:00 AM,31,18,13
10/12/2016 06:00:00 AM,127,74,53
10/12/2016 07:00:00 AM,387,243,144
10/12/2016 08:00:00 AM,554,333,221
10/12/2016 09:00:00 AM,282,135,147
10/12/2016 10:00:00 AM,114,61,53
10/12/2016 11:00:00 AM,77,36,41
10/12/2016 12:00:00 PM,98,42,56
10/12/2016 01:00:00 PM,103,59,44
10/12/2016 02:00:00 PM,122,48,74
10/12/2016 03:00:00 PM,164,68,96
10/12/2016 04:00:00 PM,363,133,230
10/12/2016 05:00:00 PM,702,187,515
10/12/2016 06:00:00 PM,391,134,257
10/12/2016 07:00:00 PM,158,58,100
10/12/2016 08:00:00 PM,76,24,52
10/12/2016 09:00:00 PM,41,15,26
10/12/2016 10:00:00 PM,50,13,37
10/12/2016 11:00:00 PM,12,6,6
10/13/2016 12:00:00 AM,5,3,2
10/13/2016 01:00:00 AM,3,2,1
10/13/2016 02:00:00 AM,2,0,2
10/13/2016 03:00:00 AM,0,0,0
10/13/2016 04:00:00 AM,3,1,2
10/13/2016 05:00:00 AM,28,20,8
10/13/2016 06:00:00 AM,64,39,25
10/13/2016 07:00:00 AM,174,108,66
10/13/2016 08:00:00 AM,235,142,93
10/13/2016 09:00:00 AM,129,79,50
10/13/2016 10:00:00 AM,44,23,21
10/13/2016 11:00:00 AM,23,10,13
10/13/2016 12:00:00 PM,23,10,13
10/13/2016 01:00:00 PM,19,9,10
10/13/2016 02:00:00 PM,34,10,24
10/13/2016 03:00:00 PM,55,25,30
10/13/2016 04:00:00 PM,99,30,69
10/13/2016 05:00:00 PM,236,54,182
10/13/2016 06:00:00 PM,162,50,112
10/13/2016 07:00:00 PM,66,24,42
10/13/2016 08:00:00 PM,32,17,15
10/13/2016 09:00:00 PM,17,5,12
10/13/2016 10:00:00 PM,12,6,6
10/13/2016 11:00:00 PM,12,8,4
10/14/2016 12:00:00 AM,3,2,1
10/14/2016 01:00:00 AM,2,1,1
10/14/2016 02:00:00 AM,2,2,0
10/14/2016 03:00:00 AM,3,2,1
10/14/2016 04:00:00 AM,4,1,3
10/14/2016 05:00:00 AM,18,11,7
10/14/2016 06:00:00 AM,40,26,14
10/14/2016 07:00:00 AM,77,48,29
10/14/2016 08:00:00 AM,130,87,43
10/14/2016 09:00:00 AM,75,46,29
10/14/2016 10:00:00 AM,42,24,18
10/14/2016 11:00:00 AM,20,8,12
10/14/2016 12:00:00 PM,16,6,10
10/14/2016 01:00:00 PM,15,6,9
10/14/2016 02:00:00 PM,18,7,11
10/14/2016 03:00:00 PM,43,19,24
10/14/2016 04:00:00 PM,91,38,53
10/14/2016 05:00:00 PM,165,56,109
10/14/2016 06:00:00 PM,91,36,55
10/14/2016 07:00:00 PM,38,14,24
10/14/2016 08:00:00 PM,19,3,16
10/14/2016 09:00:00 PM,11,5,6
10/14/2016 10:00:00 PM,16,8,8
10/14/2016 11:00:00 PM,3,1,2
10/15/2016 12:00:00 AM,3,3,0
10/15/2016 01:00:00 AM,5,5,0
10/15/2016 02:00:00 AM,1,1,0
10/15/2016 03:00:00 AM,2,1,1
10/15/2016 04:00:00 AM,1,0,1
10/15/2016 05:00:00 AM,1,0,1
10/15/2016 06:00:00 AM,8,4,4
10/15/2016 07:00:00 AM,12,8,4
10/15/2016 08:00:00 AM,26,12,14
10/15/2016 09:00:00 AM,13,7,6
10/15/2016 10:00:00 AM,27,12,15
10/15/2016 11:00:00 AM,26,11,15
10/15/2016 12:00:00 PM,22,10,12
10/15/2016 01:00:00 PM,17,6,11
10/15/2016 02:00:00 PM,18,9,9
10/15/2016 03:00:00 PM,26,14,12
10/15/2016 04:00:00 PM,17,13,4
10/15/2016 05:00:00 PM,14,5,9
10/15/2016 06:00:00 PM,17,6,11
10/15/2016 07:00:00 PM,10,4,6
10/15/2016 08:00:00 PM,8,2,6
10/15/2016 09:00:00 PM,13,5,8
10/15/2016 10:00:00 PM,3,1,2
10/15/2016 11:00:00 PM,2,2,0
10/16/2016 12:00:00 AM,8,5,3
10/16/2016 01:00:00 AM,4,3,1
10/16/2016 02:00:00 AM,1,1,0
10/16/2016 03:00:00 AM,2,2,0
10/16/2016 04:00:00 AM,0,0,0
10/16/2016 05:00:00 AM,1,0,1
10/16/2016 06:00:00 AM,5,1,4
10/16/2016 07:00:00 AM,2,1,1
10/16/2016 08:00:00 AM,10,3,7
10/16/2016 09:00:00 AM,24,12,12
10/16/2016 10:00:00 AM,30,12,18
10/16/2016 11:00:00 AM,39,25,14
10/16/2016 12:00:00 PM,34,16,18
10/16/2016 01:00:00 PM,48,32,16
10/16/2016 02:00:00 PM,43,27,16
10/16/2016 03:00:00 PM,47,20,27
10/16/2016 04:00:00 PM,42,21,21
10/16/2016 05:00:00 PM,49,31,18
10/16/2016 06:00:00 PM,28,14,14
10/16/2016 07:00:00 PM,29,10,19
10/16/2016 08:00:00 PM,20,7,13
10/16/2016 09:00:00 PM,10,4,6
10/16/2016 10:00:00 PM,11,7,4
10/16/2016 11:00:00 PM,2,1,1
10/17/2016 12:00:00 AM,2,2,0
10/17/2016 01:00:00 AM,1,0,1
10/17/2016 02:00:00 AM,1,1,0
10/17/2016 03:00:00 AM,0,0,0
10/17/2016 04:00:00 AM,6,4,2
10/17/2016 05:00:00 AM,31,19,12
10/17/2016 06:00:00 AM,95,57,38
10/17/2016 07:00:00 AM,297,188,109
10/17/2016 08:00:00 AM,422,266,156
10/17/2016 09:00:00 AM,219,116,103
10/17/2016 10:00:00 AM,95,45,50
10/17/2016 11:00:00 AM,45,24,21
10/17/2016 12:00:00 PM,51,26,25
10/17/2016 01:00:00 PM,42,23,19
10/17/2016 02:00:00 PM,58,25,33
10/17/2016 03:00:00 PM,106,37,69
10/17/2016 04:00:00 PM,219,83,136
10/17/2016 05:00:00 PM,491,129,362
10/17/2016 06:00:00 PM,346,85,261
10/17/2016 07:00:00 PM,132,60,72
10/17/2016 08:00:00 PM,78,26,52
10/17/2016 09:00:00 PM,39,16,23
10/17/2016 10:00:00 PM,14,6,8
10/17/2016 11:00:00 PM,8,2,6
10/18/2016 12:00:00 AM,5,3,2
10/18/2016 01:00:00 AM,4,0,4
10/18/2016 02:00:00 AM,5,5,0
10/18/2016 03:00:00 AM,2,2,0
10/18/2016 04:00:00 AM,4,3,1
10/18/2016 05:00:00 AM,28,15,13
10/18/2016 06:00:00 AM,118,76,42
10/18/2016 07:00:00 AM,314,202,112
10/18/2016 08:00:00 AM,413,259,154
10/18/2016 09:00:00 AM,234,129,105
10/18/2016 10:00:00 AM,70,33,37
10/18/2016 11:00:00 AM,63,36,27
10/18/2016 12:00:00 PM,65,39,26
10/18/2016 01:00:00 PM,59,28,31
10/18/2016 02:00:00 PM,52,28,24
10/18/2016 03:00:00 PM,138,57,81
10/18/2016 04:00:00 PM,267,106,161
10/18/2016 05:00:00 PM,500,137,363
10/18/2016 06:00:00 PM,340,107,233
10/18/2016 07:00:00 PM,132,52,80
10/18/2016 08:00:00 PM,93,32,61
10/18/2016 09:00:00 PM,41,18,23
10/18/2016 10:00:00 PM,26,11,15
10/18/2016 11:00:00 PM,16,8,8
10/19/2016 12:00:00 AM,5,3,2
10/19/2016 01:00:00 AM,9,6,3
10/19/2016 02:00:00 AM,4,3,1
10/19/2016 03:00:00 AM,3,2,1
10/19/2016 04:00:00 AM,11,7,4
10/19/2016 05:00:00 AM,41,23,18
10/19/2016 06:00:00 AM,136,81,55
10/19/2016 07:00:00 AM,351,214,137
10/19/2016 08:00:00 AM,521,312,209
10/19/2016 09:00:00 AM,276,157,119
10/19/2016 10:00:00 AM,125,56,69
10/19/2016 11:00:00 AM,83,49,34
10/19/2016 12:00:00 PM,75,45,30
10/19/2016 01:00:00 PM,97,45,52
10/19/2016 02:00:00 PM,90,36,54
10/19/2016 03:00:00 PM,159,75,84
10/19/2016 04:00:00 PM,319,103,216
10/19/2016 05:00:00 PM,601,155,446
10/19/2016 06:00:00 PM,320,108,212
10/19/2016 07:00:00 PM,131,52,79
10/19/2016 08:00:00 PM,56,24,32
10/19/2016 09:00:00 PM,45,13,32
10/19/2016 10:00:00 PM,22,10,12
10/19/2016 11:00:00 PM,6,2,4
10/20/2016 12:00:00 AM,4,1,3
10/20/2016 01:00:00 AM,3,0,3
10/20/2016 02:00:00 AM,3,2,1
10/20/2016 03:00:00 AM,0,0,0
10/20/2016 04:00:00 AM,3,2,1
10/20/2016 05:00:00 AM,22,13,9
10/20/2016 06:00:00 AM,63,34,29
10/20/2016 07:00:00 AM,218,147,71
10/20/2016 08:00:00 AM,284,169,115
10/20/2016 09:00:00 AM,136,85,51
10/20/2016 10:00:00 AM,48,33,15
10/20/2016 11:00:00 AM,29,18,11
10/20/2016 12:00:00 PM,38,21,17
10/20/2016 01:00:00 PM,44,22,22
10/20/2016 02:00:00 PM,37,15,22
10/20/2016 03:00:00 PM,85,32,53
10/20/2016 04:00:00 PM,172,62,110
10/20/2016 05:00:00 PM,340,91,249
10/20/2016 06:00:00 PM,244,78,166
10/20/2016 07:00:00 PM,113,34,79
10/20/2016 08:00:00 PM,51,26,25
10/20/2016 09:00:00 PM,38,13,25
10/20/2016 10:00:00 PM,27,13,14
10/20/2016 11:00:00 PM,8,2,6
10/21/2016 12:00:00 AM,8,3,5
10/21/2016 01:00:00 AM,6,4,2
10/21/2016 02:00:00 AM,5,1,4
10/21/2016 03:00:00 AM,0,0,0
10/21/2016 04:00:00 AM,9,4,5
10/21/2016 05:00:00 AM,25,17,8
10/21/2016 06:00:00 AM,98,52,46
10/21/2016 07:00:00 AM,270,177,93
10/21/2016 08:00:00 AM,388,228,160
10/21/2016 09:00:00 AM,223,119,104
10/21/2016 10:00:00 AM,101,66,35
10/21/2016 11:00:00 AM,79,52,27
10/21/2016 12:00:00 PM,85,47,38
10/21/2016 01:00:00 PM,103,40,63
10/21/2016 02:00:00 PM,95,45,50
10/21/2016 03:00:00 PM,129,57,72
10/21/2016 04:00:00 PM,259,73,186
10/21/2016 05:00:00 PM,395,115,280
10/21/2016 06:00:00 PM,244,63,181
10/21/2016 07:00:00 PM,93,29,64
10/21/2016 08:00:00 PM,72,26,46
10/21/2016 09:00:00 PM,35,13,22
10/21/2016 10:00:00 PM,16,6,10
10/21/2016 11:00:00 PM,21,6,15
10/22/2016 12:00:00 AM,9,5,4
10/22/2016 01:00:00 AM,9,5,4
10/22/2016 02:00:00 AM,8,4,4
10/22/2016 03:00:00 AM,3,1,2
10/22/2016 04:00:00 AM,1,0,1
10/22/2016 05:00:00 AM,4,2,2
10/22/2016 06:00:00 AM,7,2,5
10/22/2016 07:00:00 AM,24,15,9
10/22/2016 08:00:00 AM,66,36,30
10/22/2016 09:00:00 AM,75,40,35
10/22/2016 10:00:00 AM,86,50,36
10/22/2016 11:00:00 AM,129,75,54
10/22/2016 12:00:00 PM,135,54,81
10/22/2016 01:00:00 PM,138,70,68
10/22/2016 02:00:00 PM,153,70,83
10/22/2016 03:00:00 PM,163,86,77
10/22/2016 04:00:00 PM,121,63,58
10/22/2016 05:00:00 PM,132,60,72
10/22/2016 06:00:00 PM,84,42,42
10/22/2016 07:00:00 PM,58,31,27
10/22/2016 08:00:00 PM,29,14,15
10/22/2016 09:00:00 PM,31,17,14
10/22/2016 10:00:00 PM,22,10,12
10/22/2016 11:00:00 PM,23,7,16
10/23/2016 12:00:00 AM,9,5,4
10/23/2016 01:00:00 AM,9,2,7
10/23/2016 02:00:00 AM,5,2,3
10/23/2016 03:00:00 AM,0,0,0
10/23/2016 04:00:00 AM,0,0,0
10/23/2016 05:00:00 AM,3,0,3
10/23/2016 06:00:00 AM,5,1,4
10/23/2016 07:00:00 AM,19,12,7
10/23/2016 08:00:00 AM,39,14,25
10/23/2016 09:00:00 AM,43,21,22
10/23/2016 10:00:00 AM,59,32,27
10/23/2016 11:00:00 AM,94,47,47
10/23/2016 12:00:00 PM,121,50,71
10/23/2016 01:00:00 PM,117,66,51
10/23/2016 02:00:00 PM,124,71,53
10/23/2016 03:00:00 PM,118,55,63
10/23/2016 04:00:00 PM,104,54,50
10/23/2016 05:00:00 PM,89,47,42
10/23/2016 06:00:00 PM,47,19,28
10/23/2016 07:00:00 PM,30,10,20
10/23/2016 08:00:00 PM,23,14,9
10/23/2016 09:00:00 PM,26,12,14
10/23/2016 10:00:00 PM,14,6,8
10/23/2016 11:00:00 PM,11,5,6
10/24/2016 12:00:00 AM,9,6,3
10/24/2016 01:00:00 AM,3,2,1
10/24/2016 02:00:00 AM,2,0,2
10/24/2016 03:00:00 AM,0,0,0
10/24/2016 04:00:00 AM,9,5,4
10/24/2016 05:00:00 AM,38,25,13
10/24/2016 06:00:00 AM,110,72,38
10/24/2016 07:00:00 AM,344,215,129
10/24/2016 08:00:00 AM,488,300,188
10/24/2016 09:00:00 AM,259,131,128
10/24/2016 10:00:00 AM,102,52,50
10/24/2016 11:00:00 AM,67,29,38
10/24/2016 12:00:00 PM,78,34,44
10/24/2016 01:00:00 PM,72,35,37
10/24/2016 02:00:00 PM,64,30,34
10/24/2016 03:00:00 PM,119,48,71
10/24/2016 04:00:00 PM,238,75,163
10/24/2016 05:00:00 PM,454,110,344
10/24/2016 06:00:00 PM,306,93,213
10/24/2016 07:00:00 PM,118,35,83
10/24/2016 08:00:00 PM,59,16,43
10/24/2016 09:00:00 PM,33,20,13
10/24/2016 10:00:00 PM,12,4,8
10/24/2016 11:00:00 PM,12,6,6
10/25/2016 12:00:00 AM,3,2,1
10/25/2016 01:00:00 AM,5,2,3
10/25/2016 02:00:00 AM,2,1,1
10/25/2016 03:00:00 AM,0,0,0
10/25/2016 04:00:00 AM,7,6,1
10/25/2016 05:00:00 AM,50,35,15
10/25/2016 06:00:00 AM,130,81,49
10/25/2016 07:00:00 AM,341,220,121
10/25/2016 08:00:00 AM,474,288,186
10/25/2016 09:00:00 AM,243,137,106
10/25/2016 10:00:00 AM,119,59,60
10/25/2016 11:00:00 AM,66,41,25
10/25/2016 12:00:00 PM,80,38,42
10/25/2016 01:00:00 PM,83,47,36
10/25/2016 02:00:00 PM,87,43,44
10/25/2016 03:00:00 PM,126,53,73
10/25/2016 04:00:00 PM,287,97,190
10/25/2016 05:00:00 PM,570,149,421
10/25/2016 06:00:00 PM,370,116,254
10/25/2016 07:00:00 PM,151,50,101
10/25/2016 08:00:00 PM,74,25,49
10/25/2016 09:00:00 PM,53,12,41
10/25/2016 10:00:00 PM,43,18,25
10/25/2016 11:00:00 PM,16,5,11
10/26/2016 12:00:00 AM,11,6,5
10/26/2016 01:00:00 AM,7,5,2
10/26/2016 02:00:00 AM,1,1,0
10/26/2016 03:00:00 AM,1,1,0
10/26/2016 04:00:00 AM,7,5,2
10/26/2016 05:00:00 AM,33,23,10
10/26/2016 06:00:00 AM,102,66,36
10/26/2016 07:00:00 AM,218,139,79
10/26/2016 08:00:00 AM,294,170,124
10/26/2016 09:00:00 AM,163,83,80
10/26/2016 10:00:00 AM,56,30,26
10/26/2016 11:00:00 AM,36,20,16
10/26/2016 12:00:00 PM,23,12,11
10/26/2016 01:00:00 PM,29,15,14
10/26/2016 02:00:00 PM,27,14,13
10/26/2016 03:00:00 PM,61,21,40
10/26/2016 04:00:00 PM,148,47,101
10/26/2016 05:00:00 PM,303,67,236
10/26/2016 06:00:00 PM,234,59,175
10/26/2016 07:00:00 PM,87,32,55
10/26/2016 08:00:00 PM,55,15,40
10/26/2016 09:00:00 PM,21,5,16
10/26/2016 10:00:00 PM,9,2,7
10/26/2016 11:00:00 PM,9,4,5
10/27/2016 12:00:00 AM,5,1,4
10/27/2016 01:00:00 AM,3,1,2
10/27/2016 02:00:00 AM,1,1,0
10/27/2016 03:00:00 AM,1,0,1
10/27/2016 04:00:00 AM,11,7,4
10/27/2016 05:00:00 AM,34,22,12
10/27/2016 06:00:00 AM,100,57,43
10/27/2016 07:00:00 AM,274,169,105
10/27/2016 08:00:00 AM,432,255,177
10/27/2016 09:00:00 AM,204,109,95
10/27/2016 10:00:00 AM,96,50,46
10/27/2016 11:00:00 AM,57,28,29
10/27/2016 12:00:00 PM,58,34,24
10/27/2016 01:00:00 PM,69,37,32
10/27/2016 02:00:00 PM,77,34,43
10/27/2016 03:00:00 PM,123,47,76
10/27/2016 04:00:00 PM,220,79,141
10/27/2016 05:00:00 PM,466,115,351
10/27/2016 06:00:00 PM,281,86,195
10/27/2016 07:00:00 PM,121,43,78
10/27/2016 08:00:00 PM,85,51,34
10/27/2016 09:00:00 PM,44,17,27
10/27/2016 10:00:00 PM,44,17,27
10/27/2016 11:00:00 PM,11,5,6
10/28/2016 12:00:00 AM,5,3,2
10/28/2016 01:00:00 AM,5,3,2
10/28/2016 02:00:00 AM,9,8,1
10/28/2016 03:00:00 AM,2,1,1
10/28/2016 04:00:00 AM,7,5,2
10/28/2016 05:00:00 AM,33,22,11
10/28/2016 06:00:00 AM,104,62,42
10/28/2016 07:00:00 AM,274,171,103
10/28/2016 08:00:00 AM,399,238,161
10/28/2016 09:00:00 AM,245,128,117
10/28/2016 10:00:00 AM,115,73,42
10/28/2016 11:00:00 AM,95,57,38
10/28/2016 12:00:00 PM,87,45,42
10/28/2016 01:00:00 PM,99,44,55
10/28/2016 02:00:00 PM,98,49,49
10/28/2016 03:00:00 PM,204,93,111
10/28/2016 04:00:00 PM,317,120,197
10/28/2016 05:00:00 PM,507,158,349
10/28/2016 06:00:00 PM,307,103,204
10/28/2016 07:00:00 PM,119,44,75
10/28/2016 08:00:00 PM,78,24,54
10/28/2016 09:00:00 PM,35,15,20
10/28/2016 10:00:00 PM,26,14,12
10/28/2016 11:00:00 PM,32,20,12
10/29/2016 12:00:00 AM,18,9,9
10/29/2016 01:00:00 AM,10,4,6
10/29/2016 02:00:00 AM,12,5,7
10/29/2016 03:00:00 AM,3,1,2
10/29/2016 04:00:00 AM,4,2,2
10/29/2016 05:00:00 AM,5,3,2
10/29/2016 06:00:00 AM,17,9,8
10/29/2016 07:00:00 AM,21,9,12
10/29/2016 08:00:00 AM,38,18,20
10/29/2016 09:00:00 AM,29,16,13
10/29/2016 10:00:00 AM,38,17,21
10/29/2016 11:00:00 AM,37,20,17
10/29/2016 12:00:00 PM,23,11,12
10/29/2016 01:00:00 PM,33,16,17
10/29/2016 02:00:00 PM,46,20,26
10/29/2016 03:00:00 PM,85,52,33
10/29/2016 04:00:00 PM,68,39,29
10/29/2016 05:00:00 PM,95,44,51
10/29/2016 06:00:00 PM,59,27,32
10/29/2016 07:00:00 PM,49,11,38
10/29/2016 08:00:00 PM,25,9,16
10/29/2016 09:00:00 PM,41,23,18
10/29/2016 10:00:00 PM,19,8,11
10/29/2016 11:00:00 PM,13,8,5
10/30/2016 12:00:00 AM,10,4,6
10/30/2016 01:00:00 AM,15,5,10
10/30/2016 02:00:00 AM,7,2,5
10/30/2016 03:00:00 AM,3,1,2
10/30/2016 04:00:00 AM,2,1,1
10/30/2016 05:00:00 AM,6,2,4
10/30/2016 06:00:00 AM,10,7,3
10/30/2016 07:00:00 AM,14,10,4
10/30/2016 08:00:00 AM,47,23,24
10/30/2016 09:00:00 AM,74,38,36
10/30/2016 10:00:00 AM,69,37,32
10/30/2016 11:00:00 AM,87,40,47
10/30/2016 12:00:00 PM,98,39,59
10/30/2016 01:00:00 PM,86,47,39
10/30/2016 02:00:00 PM,65,31,34
10/30/2016 03:00:00 PM,57,32,25
10/30/2016 04:00:00 PM,55,30,25
10/30/2016 05:00:00 PM,48,25,23
10/30/2016 06:00:00 PM,33,16,17
10/30/2016 07:00:00 PM,22,9,13
10/30/2016 08:00:00 PM,19,5,14
10/30/2016 09:00:00 PM,14,5,9
10/30/2016 10:00:00 PM,9,5,4
10/30/2016 11:00:00 PM,9,3,6
10/31/2016 12:00:00 AM,4,1,3
10/31/2016 01:00:00 AM,3,0,3
10/31/2016 02:00:00 AM,1,0,1
10/31/2016 03:00:00 AM,2,1,1
10/31/2016 04:00:00 AM,4,3,1
10/31/2016 05:00:00 AM,33,20,13
10/31/2016 06:00:00 AM,89,54,35
10/31/2016 07:00:00 AM,269,172,97
10/31/2016 08:00:00 AM,330,189,141
10/31/2016 09:00:00 AM,131,73,58
10/31/2016 10:00:00 AM,60,31,29
10/31/2016 11:00:00 AM,37,18,19
10/31/2016 12:00:00 PM,29,11,18
10/31/2016 01:00:00 PM,46,23,23
10/31/2016 02:00:00 PM,50,24,26
10/31/2016 03:00:00 PM,99,33,66
10/31/2016 04:00:00 PM,248,69,179
10/31/2016 05:00:00 PM,401,91,310
10/31/2016 06:00:00 PM,202,73,129
10/31/2016 07:00:00 PM,72,23,49
10/31/2016 08:00:00 PM,44,15,29
10/31/2016 09:00:00 PM,21,8,13
10/31/2016 10:00:00 PM,10,5,5
10/31/2016 11:00:00 PM,13,5,8
11/01/2016 12:00:00 AM,8,2,6
11/01/2016 01:00:00 AM,6,3,3
11/01/2016 02:00:00 AM,1,0,1
11/01/2016 03:00:00 AM,1,0,1
11/01/2016 04:00:00 AM,7,5,2
11/01/2016 05:00:00 AM,32,20,12
11/01/2016 06:00:00 AM,107,67,40
11/01/2016 07:00:00 AM,267,175,92
11/01/2016 08:00:00 AM,354,219,135
11/01/2016 09:00:00 AM,185,101,84
11/01/2016 10:00:00 AM,64,27,37
11/01/2016 11:00:00 AM,35,20,15
11/01/2016 12:00:00 PM,42,27,15
11/01/2016 01:00:00 PM,49,28,21
11/01/2016 02:00:00 PM,49,23,26
11/01/2016 03:00:00 PM,95,53,42
11/01/2016 04:00:00 PM,226,72,154
11/01/2016 05:00:00 PM,433,104,329
11/01/2016 06:00:00 PM,272,82,190
11/01/2016 07:00:00 PM,128,39,89
11/01/2016 08:00:00 PM,62,22,40
11/01/2016 09:00:00 PM,46,12,34
11/01/2016 10:00:00 PM,22,8,14
11/01/2016 11:00:00 PM,9,5,4
11/02/2016 12:00:00 AM,4,2,2
11/02/2016 01:00:00 AM,2,2,0
11/02/2016 02:00:00 AM,1,1,0
11/02/2016 03:00:00 AM,0,0,0
11/02/2016 04:00:00 AM,9,3,6
11/02/2016 05:00:00 AM,33,19,14
11/02/2016 06:00:00 AM,127,69,58
11/02/2016 07:00:00 AM,249,152,97
11/02/2016 08:00:00 AM,330,197,133
11/02/2016 09:00:00 AM,200,100,100
11/02/2016 10:00:00 AM,60,36,24
11/02/2016 11:00:00 AM,42,20,22
11/02/2016 12:00:00 PM,26,11,15
11/02/2016 01:00:00 PM,41,22,19
11/02/2016 02:00:00 PM,48,25,23
11/02/2016 03:00:00 PM,91,37,54
11/02/2016 04:00:00 PM,232,68,164
11/02/2016 05:00:00 PM,442,119,323
11/02/2016 06:00:00 PM,270,85,185
11/02/2016 07:00:00 PM,107,46,61
11/02/2016 08:00:00 PM,68,25,43
11/02/2016 09:00:00 PM,40,14,26
11/02/2016 10:00:00 PM,22,8,14
11/02/2016 11:00:00 PM,9,2,7
11/03/2016 12:00:00 AM,3,2,1
11/03/2016 01:00:00 AM,4,2,2
11/03/2016 02:00:00 AM,2,0,2
11/03/2016 03:00:00 AM,3,2,1
11/03/2016 04:00:00 AM,2,1,1
11/03/2016 05:00:00 AM,32,19,13
11/03/2016 06:00:00 AM,123,77,46
11/03/2016 07:00:00 AM,366,218,148
11/03/2016 08:00:00 AM,534,304,230
11/03/2016 09:00:00 AM,261,129,132
11/03/2016 10:00:00 AM,110,57,53
11/03/2016 11:00:00 AM,96,47,49
11/03/2016 12:00:00 PM,87,44,43
11/03/2016 01:00:00 PM,97,56,41
11/03/2016 02:00:00 PM,112,50,62
11/03/2016 03:00:00 PM,148,64,84
11/03/2016 04:00:00 PM,329,116,213
11/03/2016 05:00:00 PM,609,144,465
11/03/2016 06:00:00 PM,362,117,245
11/03/2016 07:00:00 PM,137,39,98
11/03/2016 08:00:00 PM,106,41,65
11/03/2016 09:00:00 PM,55,18,37
11/03/2016 10:00:00 PM,35,14,21
11/03/2016 11:00:00 PM,22,9,13
11/04/2016 12:00:00 AM,16,8,8
11/04/2016 01:00:00 AM,8,5,3
11/04/2016 02:00:00 AM,1,0,1
11/04/2016 03:00:00 AM,2,0,2
11/04/2016 04:00:00 AM,9,5,4
11/04/2016 05:00:00 AM,38,24,14
11/04/2016 06:00:00 AM,116,72,44
11/04/2016 07:00:00 AM,288,193,95
11/04/2016 08:00:00 AM,423,253,170
11/04/2016 09:00:00 AM,247,145,102
11/04/2016 10:00:00 AM,123,69,54
11/04/2016 11:00:00 AM,96,47,49
11/04/2016 12:00:00 PM,106,55,51
11/04/2016 01:00:00 PM,131,75,56
11/04/2016 02:00:00 PM,123,67,56
11/04/2016 03:00:00 PM,192,76,116
11/04/2016 04:00:00 PM,314,118,196
11/04/2016 05:00:00 PM,530,130,400
11/04/2016 06:00:00 PM,287,97,190
11/04/2016 07:00:00 PM,102,42,60
11/04/2016 08:00:00 PM,58,19,39
11/04/2016 09:00:00 PM,52,19,33
11/04/2016 10:00:00 PM,30,12,18
11/04/2016 11:00:00 PM,26,10,16
11/05/2016 12:00:00 AM,18,7,11
11/05/2016 01:00:00 AM,13,8,5
11/05/2016 02:00:00 AM,4,1,3
11/05/2016 03:00:00 AM,6,0,6
11/05/2016 04:00:00 AM,4,0,4
11/05/2016 05:00:00 AM,5,1,4
11/05/2016 06:00:00 AM,9,8,1
11/05/2016 07:00:00 AM,13,8,5
11/05/2016 08:00:00 AM,37,18,19
11/05/2016 09:00:00 AM,19,13,6
11/05/2016 10:00:00 AM,24,15,9
11/05/2016 11:00:00 AM,38,28,10
11/05/2016 12:00:00 PM,25,16,9
11/05/2016 01:00:00 PM,37,16,21
11/05/2016 02:00:00 PM,22,11,11
11/05/2016 03:00:00 PM,19,14,5
11/05/2016 04:00:00 PM,36,23,13
11/05/2016 05:00:00 PM,27,13,14
11/05/2016 06:00:00 PM,18,11,7
11/05/2016 07:00:00 PM,24,13,11
11/05/2016 08:00:00 PM,8,4,4
11/05/2016 09:00:00 PM,10,7,3
11/05/2016 10:00:00 PM,14,7,7
11/05/2016 11:00:00 PM,9,3,6
11/06/2016 12:00:00 AM,7,5,2
11/06/2016 01:00:00 AM,14,2,12
11/06/2016 02:00:00 AM,3,0,3
11/06/2016 03:00:00 AM,1,1,0
11/06/2016 04:00:00 AM,1,0,1
11/06/2016 05:00:00 AM,2,1,1
11/06/2016 06:00:00 AM,11,5,6
11/06/2016 07:00:00 AM,21,15,6
11/06/2016 08:00:00 AM,50,23,27
11/06/2016 09:00:00 AM,94,46,48
11/06/2016 10:00:00 AM,155,101,54
11/06/2016 11:00:00 AM,129,64,65
11/06/2016 12:00:00 PM,142,73,69
11/06/2016 01:00:00 PM,172,86,86
11/06/2016 02:00:00 PM,178,84,94
11/06/2016 03:00:00 PM,182,91,91
11/06/2016 04:00:00 PM,130,64,66
11/06/2016 05:00:00 PM,67,42,25
11/06/2016 06:00:00 PM,43,16,27
11/06/2016 07:00:00 PM,40,22,18
11/06/2016 08:00:00 PM,26,11,15
11/06/2016 09:00:00 PM,19,5,14
11/06/2016 10:00:00 PM,10,4,6
11/06/2016 11:00:00 PM,12,4,8
11/07/2016 12:00:00 AM,4,2,2
11/07/2016 01:00:00 AM,5,2,3
11/07/2016 02:00:00 AM,1,0,1
11/07/2016 03:00:00 AM,0,0,0
11/07/2016 04:00:00 AM,0,0,0
11/07/2016 05:00:00 AM,38,27,11
11/07/2016 06:00:00 AM,126,76,50
11/07/2016 07:00:00 AM,417,282,135
11/07/2016 08:00:00 AM,479,281,198
11/07/2016 09:00:00 AM,227,127,100
11/07/2016 10:00:00 AM,89,41,48
11/07/2016 11:00:00 AM,61,34,27
11/07/2016 12:00:00 PM,61,39,22
11/07/2016 01:00:00 PM,64,38,26
11/07/2016 02:00:00 PM,78,34,44
11/07/2016 03:00:00 PM,126,50,76
11/07/2016 04:00:00 PM,318,80,238
11/07/2016 05:00:00 PM,595,120,475
11/07/2016 06:00:00 PM,267,79,188
11/07/2016 07:00:00 PM,119,35,84
11/07/2016 08:00:00 PM,72,27,45
11/07/2016 09:00:00 PM,59,15,44
11/07/2016 10:00:00 PM,24,8,16
11/07/2016 11:00:00 PM,13,3,10
11/08/2016 12:00:00 AM,5,1,4
11/08/2016 01:00:00 AM,4,1,3
11/08/2016 02:00:00 AM,1,0,1
11/08/2016 03:00:00 AM,3,3,0
11/08/2016 04:00:00 AM,11,7,4
11/08/2016 05:00:00 AM,49,28,21
11/08/2016 06:00:00 AM,163,98,65
11/08/2016 07:00:00 AM,474,313,161
11/08/2016 08:00:00 AM,538,322,216
11/08/2016 09:00:00 AM,252,145,107
11/08/2016 10:00:00 AM,113,63,50
11/08/2016 11:00:00 AM,100,52,48
11/08/2016 12:00:00 PM,121,68,53
11/08/2016 01:00:00 PM,111,64,47
11/08/2016 02:00:00 PM,124,54,70
11/08/2016 03:00:00 PM,204,89,115
11/08/2016 04:00:00 PM,458,121,337
11/08/2016 05:00:00 PM,604,148,456
11/08/2016 06:00:00 PM,316,110,206
11/08/2016 07:00:00 PM,107,44,63
11/08/2016 08:00:00 PM,80,18,62
11/08/2016 09:00:00 PM,47,16,31
11/08/2016 10:00:00 PM,40,17,23
11/08/2016 11:00:00 PM,22,11,11
11/09/2016 12:00:00 AM,9,5,4
11/09/2016 01:00:00 AM,5,1,4
11/09/2016 02:00:00 AM,1,0,1
11/09/2016 03:00:00 AM,3,3,0
11/09/2016 04:00:00 AM,9,5,4
11/09/2016 05:00:00 AM,29,19,10
11/09/2016 06:00:00 AM,105,68,37
11/09/2016 07:00:00 AM,286,195,91
11/09/2016 08:00:00 AM,397,240,157
11/09/2016 09:00:00 AM,180,103,77
11/09/2016 10:00:00 AM,64,33,31
11/09/2016 11:00:00 AM,47,27,20
11/09/2016 12:00:00 PM,48,18,30
11/09/2016 01:00:00 PM,67,31,36
11/09/2016 02:00:00 PM,68,32,36
11/09/2016 03:00:00 PM,123,56,67
11/09/2016 04:00:00 PM,261,93,168
11/09/2016 05:00:00 PM,471,110,361
11/09/2016 06:00:00 PM,292,81,211
11/09/2016 07:00:00 PM,123,39,84
11/09/2016 08:00:00 PM,92,35,57
11/09/2016 09:00:00 PM,55,28,27
11/09/2016 10:00:00 PM,35,10,25
11/09/2016 11:00:00 PM,12,2,10
11/10/2016 12:00:00 AM,10,6,4
11/10/2016 01:00:00 AM,3,2,1
11/10/2016 02:00:00 AM,2,0,2
11/10/2016 03:00:00 AM,4,3,1
11/10/2016 04:00:00 AM,5,2,3
11/10/2016 05:00:00 AM,32,24,8
11/10/2016 06:00:00 AM,119,76,43
11/10/2016 07:00:00 AM,378,228,150
11/10/2016 08:00:00 AM,485,290,195
11/10/2016 09:00:00 AM,255,136,119
11/10/2016 10:00:00 AM,91,47,44
11/10/2016 11:00:00 AM,90,53,37
11/10/2016 12:00:00 PM,70,30,40
11/10/2016 01:00:00 PM,96,55,41
11/10/2016 02:00:00 PM,129,69,60
11/10/2016 03:00:00 PM,171,68,103
11/10/2016 04:00:00 PM,308,99,209
11/10/2016 05:00:00 PM,538,148,390
11/10/2016 06:00:00 PM,329,103,226
11/10/2016 07:00:00 PM,150,51,99
11/10/2016 08:00:00 PM,96,37,59
11/10/2016 09:00:00 PM,55,20,35
11/10/2016 10:00:00 PM,50,14,36
11/10/2016 11:00:00 PM,14,5,9
11/11/2016 12:00:00 AM,13,8,5
11/11/2016 01:00:00 AM,4,2,2
11/11/2016 02:00:00 AM,4,1,3
11/11/2016 03:00:00 AM,2,1,1
11/11/2016 04:00:00 AM,7,3,4
11/11/2016 05:00:00 AM,25,16,9
11/11/2016 06:00:00 AM,81,49,32
11/11/2016 07:00:00 AM,216,133,83
11/11/2016 08:00:00 AM,348,211,137
11/11/2016 09:00:00 AM,182,94,88
11/11/2016 10:00:00 AM,83,49,34
11/11/2016 11:00:00 AM,93,45,48
11/11/2016 12:00:00 PM,95,43,52
11/11/2016 01:00:00 PM,88,43,45
11/11/2016 02:00:00 PM,107,42,65
11/11/2016 03:00:00 PM,146,60,86
11/11/2016 04:00:00 PM,247,73,174
11/11/2016 05:00:00 PM,361,84,277
11/11/2016 06:00:00 PM,191,47,144
11/11/2016 07:00:00 PM,93,40,53
11/11/2016 08:00:00 PM,42,13,29
11/11/2016 09:00:00 PM,35,11,24
11/11/2016 10:00:00 PM,18,8,10
11/11/2016 11:00:00 PM,27,13,14
11/12/2016 12:00:00 AM,20,12,8
11/12/2016 01:00:00 AM,7,2,5
11/12/2016 02:00:00 AM,4,1,3
11/12/2016 03:00:00 AM,4,3,1
11/12/2016 04:00:00 AM,1,1,0
11/12/2016 05:00:00 AM,8,3,5
11/12/2016 06:00:00 AM,8,5,3
11/12/2016 07:00:00 AM,17,9,8
11/12/2016 08:00:00 AM,51,25,26
11/12/2016 09:00:00 AM,39,25,14
11/12/2016 10:00:00 AM,49,31,18
11/12/2016 11:00:00 AM,43,21,22
11/12/2016 12:00:00 PM,67,28,39
11/12/2016 01:00:00 PM,67,37,30
11/12/2016 02:00:00 PM,65,24,41
11/12/2016 03:00:00 PM,83,46,37
11/12/2016 04:00:00 PM,73,31,42
11/12/2016 05:00:00 PM,55,17,38
11/12/2016 06:00:00 PM,64,41,23
11/12/2016 07:00:00 PM,38,17,21
11/12/2016 08:00:00 PM,41,24,17
11/12/2016 09:00:00 PM,35,11,24
11/12/2016 10:00:00 PM,21,7,14
11/12/2016 11:00:00 PM,21,10,11
11/13/2016 12:00:00 AM,16,5,11
11/13/2016 01:00:00 AM,6,2,4
11/13/2016 02:00:00 AM,4,3,1
11/13/2016 03:00:00 AM,4,3,1
11/13/2016 04:00:00 AM,2,1,1
11/13/2016 05:00:00 AM,2,1,1
11/13/2016 06:00:00 AM,8,3,5
11/13/2016 07:00:00 AM,18,5,13
11/13/2016 08:00:00 AM,25,12,13
11/13/2016 09:00:00 AM,29,11,18
11/13/2016 10:00:00 AM,39,19,20
11/13/2016 11:00:00 AM,51,29,22
11/13/2016 12:00:00 PM,54,29,25
11/13/2016 01:00:00 PM,59,37,22
11/13/2016 02:00:00 PM,59,37,22
11/13/2016 03:00:00 PM,47,23,24
11/13/2016 04:00:00 PM,55,31,24
11/13/2016 05:00:00 PM,35,17,18
11/13/2016 06:00:00 PM,25,11,14
11/13/2016 07:00:00 PM,15,4,11
11/13/2016 08:00:00 PM,17,6,11
11/13/2016 09:00:00 PM,17,6,11
11/13/2016 10:00:00 PM,14,3,11
11/13/2016 11:00:00 PM,5,3,2
11/14/2016 12:00:00 AM,8,3,5
11/14/2016 01:00:00 AM,0,0,0
11/14/2016 02:00:00 AM,0,0,0
11/14/2016 03:00:00 AM,0,0,0
11/14/2016 04:00:00 AM,5,5,0
11/14/2016 05:00:00 AM,31,21,10
11/14/2016 06:00:00 AM,103,56,47
11/14/2016 07:00:00 AM,318,205,113
11/14/2016 08:00:00 AM,481,271,210
11/14/2016 09:00:00 AM,228,123,105
11/14/2016 10:00:00 AM,78,43,35
11/14/2016 11:00:00 AM,74,37,37
11/14/2016 12:00:00 PM,67,34,33
11/14/2016 01:00:00 PM,62,28,34
11/14/2016 02:00:00 PM,82,45,37
11/14/2016 03:00:00 PM,140,63,77
11/14/2016 04:00:00 PM,250,80,170
11/14/2016 05:00:00 PM,497,122,375
11/14/2016 06:00:00 PM,356,86,270
11/14/2016 07:00:00 PM,134,42,92
11/14/2016 08:00:00 PM,89,28,61
11/14/2016 09:00:00 PM,37,10,27
11/14/2016 10:00:00 PM,30,11,19
11/14/2016 11:00:00 PM,14,4,10
11/15/2016 12:00:00 AM,5,2,3
11/15/2016 01:00:00 AM,3,1,2
11/15/2016 02:00:00 AM,2,1,1
11/15/2016 03:00:00 AM,1,1,0
11/15/2016 04:00:00 AM,9,5,4
11/15/2016 05:00:00 AM,27,17,10
11/15/2016 06:00:00 AM,99,60,39
11/15/2016 07:00:00 AM,278,170,108
11/15/2016 08:00:00 AM,373,237,136
11/15/2016 09:00:00 AM,212,113,99
11/15/2016 10:00:00 AM,89,46,43
11/15/2016 11:00:00 AM,41,29,12
11/15/2016 12:00:00 PM,49,20,29
11/15/2016 01:00:00 PM,48,31,17
11/15/2016 02:00:00 PM,53,24,29
11/15/2016 03:00:00 PM,96,35,61
11/15/2016 04:00:00 PM,205,57,148
11/15/2016 05:00:00 PM,425,96,329
11/15/2016 06:00:00 PM,237,64,173
11/15/2016 07:00:00 PM,122,45,77
11/15/2016 08:00:00 PM,44,16,28
11/15/2016 09:00:00 PM,29,10,19
11/15/2016 10:00:00 PM,22,4,18
11/15/2016 11:00:00 PM,6,0,6
11/16/2016 12:00:00 AM,5,2,3
11/16/2016 01:00:00 AM,2,2,0
11/16/2016 02:00:00 AM,2,1,1
11/16/2016 03:00:00 AM,1,0,1
11/16/2016 04:00:00 AM,12,8,4
11/16/2016 05:00:00 AM,37,21,16
11/16/2016 06:00:00 AM,131,68,63
11/16/2016 07:00:00 AM,304,194,110
11/16/2016 08:00:00 AM,414,260,154
11/16/2016 09:00:00 AM,230,121,109
11/16/2016 10:00:00 AM,93,48,45
11/16/2016 11:00:00 AM,50,27,23
11/16/2016 12:00:00 PM,62,35,27
11/16/2016 01:00:00 PM,66,30,36
11/16/2016 02:00:00 PM,59,23,36
11/16/2016 03:00:00 PM,143,53,90
11/16/2016 04:00:00 PM,241,77,164
11/16/2016 05:00:00 PM,480,106,374
11/16/2016 06:00:00 PM,288,85,203
11/16/2016 07:00:00 PM,142,38,104
11/16/2016 08:00:00 PM,68,22,46
11/16/2016 09:00:00 PM,54,18,36
11/16/2016 10:00:00 PM,35,12,23
11/16/2016 11:00:00 PM,11,4,7
11/17/2016 12:00:00 AM,4,4,0
11/17/2016 01:00:00 AM,5,4,1
11/17/2016 02:00:00 AM,7,5,2
11/17/2016 03:00:00 AM,1,1,0
11/17/2016 04:00:00 AM,4,3,1
11/17/2016 05:00:00 AM,24,15,9
11/17/2016 06:00:00 AM,116,62,54
11/17/2016 07:00:00 AM,320,201,119
11/17/2016 08:00:00 AM,426,249,177
11/17/2016 09:00:00 AM,223,121,102
11/17/2016 10:00:00 AM,110,52,58
11/17/2016 11:00:00 AM,69,39,30
11/17/2016 12:00:00 PM,78,48,30
11/17/2016 01:00:00 PM,71,28,43
11/17/2016 02:00:00 PM,86,33,53
11/17/2016 03:00:00 PM,123,55,68
11/17/2016 04:00:00 PM,261,86,175
11/17/2016 05:00:00 PM,448,109,339
11/17/2016 06:00:00 PM,307,95,212
11/17/2016 07:00:00 PM,149,47,102
11/17/2016 08:00:00 PM,89,24,65
11/17/2016 09:00:00 PM,64,18,46
11/17/2016 10:00:00 PM,45,15,30
11/17/2016 11:00:00 PM,27,11,16
11/18/2016 12:00:00 AM,5,1,4
11/18/2016 01:00:00 AM,9,2,7
11/18/2016 02:00:00 AM,4,2,2
11/18/2016 03:00:00 AM,2,0,2
11/18/2016 04:00:00 AM,5,1,4
11/18/2016 05:00:00 AM,29,18,11
11/18/2016 06:00:00 AM,105,62,43
11/18/2016 07:00:00 AM,246,161,85
11/18/2016 08:00:00 AM,415,248,167
11/18/2016 09:00:00 AM,215,116,99
11/18/2016 10:00:00 AM,109,60,49
11/18/2016 11:00:00 AM,83,43,40
11/18/2016 12:00:00 PM,64,26,38
11/18/2016 01:00:00 PM,83,50,33
11/18/2016 02:00:00 PM,86,35,51
11/18/2016 03:00:00 PM,119,40,79
11/18/2016 04:00:00 PM,270,82,188
11/18/2016 05:00:00 PM,408,99,309
11/18/2016 06:00:00 PM,230,63,167
11/18/2016 07:00:00 PM,98,28,70
11/18/2016 08:00:00 PM,42,15,27
11/18/2016 09:00:00 PM,44,14,30
11/18/2016 10:00:00 PM,30,14,16
11/18/2016 11:00:00 PM,18,6,12
11/19/2016 12:00:00 AM,14,2,12
11/19/2016 01:00:00 AM,6,2,4
11/19/2016 02:00:00 AM,6,1,5
11/19/2016 03:00:00 AM,2,1,1
11/19/2016 04:00:00 AM,0,0,0
11/19/2016 05:00:00 AM,6,3,3
11/19/2016 06:00:00 AM,11,5,6
11/19/2016 07:00:00 AM,20,13,7
11/19/2016 08:00:00 AM,42,22,20
11/19/2016 09:00:00 AM,42,29,13
11/19/2016 10:00:00 AM,47,21,26
11/19/2016 11:00:00 AM,54,24,30
11/19/2016 12:00:00 PM,88,50,38
11/19/2016 01:00:00 PM,58,33,25
11/19/2016 02:00:00 PM,70,24,46
11/19/2016 03:00:00 PM,82,41,41
11/19/2016 04:00:00 PM,68,35,33
11/19/2016 05:00:00 PM,42,23,19
11/19/2016 06:00:00 PM,36,19,17
11/19/2016 07:00:00 PM,40,17,23
11/19/2016 08:00:00 PM,29,17,12
11/19/2016 09:00:00 PM,32,8,24
11/19/2016 10:00:00 PM,28,9,19
11/19/2016 11:00:00 PM,16,4,12
11/20/2016 12:00:00 AM,17,7,10
11/20/2016 01:00:00 AM,7,3,4
11/20/2016 02:00:00 AM,3,3,0
11/20/2016 03:00:00 AM,0,0,0
11/20/2016 04:00:00 AM,2,1,1
11/20/2016 05:00:00 AM,3,3,0
11/20/2016 06:00:00 AM,3,0,3
11/20/2016 07:00:00 AM,11,6,5
11/20/2016 08:00:00 AM,20,12,8
11/20/2016 09:00:00 AM,24,18,6
11/20/2016 10:00:00 AM,34,16,18
11/20/2016 11:00:00 AM,36,17,19
11/20/2016 12:00:00 PM,48,27,21
11/20/2016 01:00:00 PM,48,23,25
11/20/2016 02:00:00 PM,40,20,20
11/20/2016 03:00:00 PM,54,26,28
11/20/2016 04:00:00 PM,35,18,17
11/20/2016 05:00:00 PM,44,24,20
11/20/2016 06:00:00 PM,36,12,24
11/20/2016 07:00:00 PM,21,7,14
11/20/2016 08:00:00 PM,16,7,9
11/20/2016 09:00:00 PM,18,12,6
11/20/2016 10:00:00 PM,15,9,6
11/20/2016 11:00:00 PM,9,4,5
11/21/2016 12:00:00 AM,0,0,0
11/21/2016 01:00:00 AM,2,0,2
11/21/2016 02:00:00 AM,0,0,0
11/21/2016 03:00:00 AM,1,1,0
11/21/2016 04:00:00 AM,7,6,1
11/21/2016 05:00:00 AM,28,19,9
11/21/2016 06:00:00 AM,127,74,53
11/21/2016 07:00:00 AM,302,194,108
11/21/2016 08:00:00 AM,392,226,166
11/21/2016 09:00:00 AM,238,132,106
11/21/2016 10:00:00 AM,106,70,36
11/21/2016 11:00:00 AM,44,20,24
11/21/2016 12:00:00 PM,74,34,40
11/21/2016 01:00:00 PM,71,38,33
11/21/2016 02:00:00 PM,116,55,61
11/21/2016 03:00:00 PM,135,56,79
11/21/2016 04:00:00 PM,278,91,187
11/21/2016 05:00:00 PM,456,98,358
11/21/2016 06:00:00 PM,312,85,227
11/21/2016 07:00:00 PM,108,43,65
11/21/2016 08:00:00 PM,88,34,54
11/21/2016 09:00:00 PM,32,11,21
11/21/2016 10:00:00 PM,30,12,18
11/21/2016 11:00:00 PM,9,4,5
11/22/2016 12:00:00 AM,9,4,5
11/22/2016 01:00:00 AM,1,0,1
11/22/2016 02:00:00 AM,1,0,1
11/22/2016 03:00:00 AM,1,1,0
11/22/2016 04:00:00 AM,8,5,3
11/22/2016 05:00:00 AM,28,17,11
11/22/2016 06:00:00 AM,108,67,41
11/22/2016 07:00:00 AM,231,136,95
11/22/2016 08:00:00 AM,332,196,136
11/22/2016 09:00:00 AM,172,91,81
11/22/2016 10:00:00 AM,81,41,40
11/22/2016 11:00:00 AM,50,34,16
11/22/2016 12:00:00 PM,55,35,20
11/22/2016 01:00:00 PM,54,23,31
11/22/2016 02:00:00 PM,55,21,34
11/22/2016 03:00:00 PM,92,39,53
11/22/2016 04:00:00 PM,174,62,112
11/22/2016 05:00:00 PM,306,66,240
11/22/2016 06:00:00 PM,185,39,146
11/22/2016 07:00:00 PM,90,22,68
11/22/2016 08:00:00 PM,49,16,33
11/22/2016 09:00:00 PM,22,8,14
11/22/2016 10:00:00 PM,22,6,16
11/22/2016 11:00:00 PM,10,5,5
11/23/2016 12:00:00 AM,7,3,4
11/23/2016 01:00:00 AM,4,2,2
11/23/2016 02:00:00 AM,2,0,2
11/23/2016 03:00:00 AM,0,0,0
11/23/2016 04:00:00 AM,3,1,2
11/23/2016 05:00:00 AM,32,18,14
11/23/2016 06:00:00 AM,67,40,27
11/23/2016 07:00:00 AM,159,98,61
11/23/2016 08:00:00 AM,255,158,97
11/23/2016 09:00:00 AM,147,84,63
11/23/2016 10:00:00 AM,80,32,48
11/23/2016 11:00:00 AM,50,29,21
11/23/2016 12:00:00 PM,55,26,29
11/23/2016 01:00:00 PM,65,26,39
11/23/2016 02:00:00 PM,91,28,63
11/23/2016 03:00:00 PM,131,36,95
11/23/2016 04:00:00 PM,210,59,151
11/23/2016 05:00:00 PM,191,62,129
11/23/2016 06:00:00 PM,133,33,100
11/23/2016 07:00:00 PM,51,22,29
11/23/2016 08:00:00 PM,37,14,23
11/23/2016 09:00:00 PM,13,6,7
11/23/2016 10:00:00 PM,8,3,5
11/23/2016 11:00:00 PM,3,0,3
11/24/2016 12:00:00 AM,2,0,2
11/24/2016 01:00:00 AM,2,1,1
11/24/2016 02:00:00 AM,1,0,1
11/24/2016 03:00:00 AM,1,0,1
11/24/2016 04:00:00 AM,1,0,1
11/24/2016 05:00:00 AM,0,0,0
11/24/2016 06:00:00 AM,3,2,1
11/24/2016 07:00:00 AM,7,3,4
11/24/2016 08:00:00 AM,12,4,8
11/24/2016 09:00:00 AM,16,9,7
11/24/2016 10:00:00 AM,17,11,6
11/24/2016 11:00:00 AM,11,4,7
11/24/2016 12:00:00 PM,24,3,21
11/24/2016 01:00:00 PM,13,6,7
11/24/2016 02:00:00 PM,10,7,3
11/24/2016 03:00:00 PM,9,4,5
11/24/2016 04:00:00 PM,3,1,2
11/24/2016 05:00:00 PM,5,4,1
11/24/2016 06:00:00 PM,0,0,0
11/24/2016 07:00:00 PM,3,3,0
11/24/2016 08:00:00 PM,25,2,23
11/24/2016 09:00:00 PM,4,2,2
11/24/2016 10:00:00 PM,4,2,2
11/24/2016 11:00:00 PM,6,1,5
11/25/2016 12:00:00 AM,3,2,1
11/25/2016 01:00:00 AM,0,0,0
11/25/2016 02:00:00 AM,2,1,1
11/25/2016 03:00:00 AM,1,0,1
11/25/2016 04:00:00 AM,7,4,3
11/25/2016 05:00:00 AM,8,5,3
11/25/2016 06:00:00 AM,13,7,6
11/25/2016 07:00:00 AM,27,14,13
11/25/2016 08:00:00 AM,45,25,20
11/25/2016 09:00:00 AM,49,28,21
11/25/2016 10:00:00 AM,77,44,33
11/25/2016 11:00:00 AM,95,41,54
11/25/2016 12:00:00 PM,111,63,48
11/25/2016 01:00:00 PM,104,51,53
11/25/2016 02:00:00 PM,91,37,54
11/25/2016 03:00:00 PM,93,37,56
11/25/2016 04:00:00 PM,62,27,35
11/25/2016 05:00:00 PM,49,14,35
11/25/2016 06:00:00 PM,49,17,32
11/25/2016 07:00:00 PM,21,3,18
11/25/2016 08:00:00 PM,26,15,11
11/25/2016 09:00:00 PM,13,6,7
11/25/2016 10:00:00 PM,9,4,5
11/25/2016 11:00:00 PM,12,6,6
11/26/2016 12:00:00 AM,10,5,5
11/26/2016 01:00:00 AM,0,0,0
11/26/2016 02:00:00 AM,1,1,0
11/26/2016 03:00:00 AM,0,0,0
11/26/2016 04:00:00 AM,2,2,0
11/26/2016 05:00:00 AM,4,1,3
11/26/2016 06:00:00 AM,6,3,3
11/26/2016 07:00:00 AM,7,4,3
11/26/2016 08:00:00 AM,20,6,14
11/26/2016 09:00:00 AM,20,8,12
11/26/2016 10:00:00 AM,14,9,5
11/26/2016 11:00:00 AM,24,12,12
11/26/2016 12:00:00 PM,39,25,14
11/26/2016 01:00:00 PM,47,27,20
11/26/2016 02:00:00 PM,42,17,25
11/26/2016 03:00:00 PM,43,15,28
11/26/2016 04:00:00 PM,27,13,14
11/26/2016 05:00:00 PM,29,12,17
11/26/2016 06:00:00 PM,31,12,19
11/26/2016 07:00:00 PM,22,11,11
11/26/2016 08:00:00 PM,13,7,6
11/26/2016 09:00:00 PM,14,5,9
11/26/2016 10:00:00 PM,6,2,4
11/26/2016 11:00:00 PM,7,5,2
11/27/2016 12:00:00 AM,9,5,4
11/27/2016 01:00:00 AM,5,3,2
11/27/2016 02:00:00 AM,2,1,1
11/27/2016 03:00:00 AM,0,0,0
11/27/2016 04:00:00 AM,1,1,0
11/27/2016 05:00:00 AM,5,3,2
11/27/2016 06:00:00 AM,6,2,4
11/27/2016 07:00:00 AM,7,7,0
11/27/2016 08:00:00 AM,29,18,11
11/27/2016 09:00:00 AM,51,20,31
11/27/2016 10:00:00 AM,61,34,27
11/27/2016 11:00:00 AM,61,33,28
11/27/2016 12:00:00 PM,61,31,30
11/27/2016 01:00:00 PM,31,19,12
11/27/2016 02:00:00 PM,25,14,11
11/27/2016 03:00:00 PM,24,13,11
11/27/2016 04:00:00 PM,30,13,17
11/27/2016 05:00:00 PM,19,13,6
11/27/2016 06:00:00 PM,14,5,9
11/27/2016 07:00:00 PM,20,8,12
11/27/2016 08:00:00 PM,10,4,6
11/27/2016 09:00:00 PM,8,4,4
11/27/2016 10:00:00 PM,8,3,5
11/27/2016 11:00:00 PM,3,0,3
11/28/2016 12:00:00 AM,3,1,2
11/28/2016 01:00:00 AM,0,0,0
11/28/2016 02:00:00 AM,0,0,0
11/28/2016 03:00:00 AM,2,1,1
11/28/2016 04:00:00 AM,6,2,4
11/28/2016 05:00:00 AM,40,26,14
11/28/2016 06:00:00 AM,104,61,43
11/28/2016 07:00:00 AM,312,208,104
11/28/2016 08:00:00 AM,388,244,144
11/28/2016 09:00:00 AM,222,120,102
11/28/2016 10:00:00 AM,88,44,44
11/28/2016 11:00:00 AM,62,31,31
11/28/2016 12:00:00 PM,51,23,28
11/28/2016 01:00:00 PM,56,28,28
11/28/2016 02:00:00 PM,68,30,38
11/28/2016 03:00:00 PM,112,45,67
11/28/2016 04:00:00 PM,232,79,153
11/28/2016 05:00:00 PM,474,101,373
11/28/2016 06:00:00 PM,291,86,205
11/28/2016 07:00:00 PM,135,46,89
11/28/2016 08:00:00 PM,63,21,42
11/28/2016 09:00:00 PM,44,18,26
11/28/2016 10:00:00 PM,19,4,15
11/28/2016 11:00:00 PM,9,3,6
11/29/2016 12:00:00 AM,7,3,4
11/29/2016 01:00:00 AM,3,1,2
11/29/2016 02:00:00 AM,0,0,0
11/29/2016 03:00:00 AM,1,0,1
11/29/2016 04:00:00 AM,7,5,2
11/29/2016 05:00:00 AM,43,28,15
11/29/2016 06:00:00 AM,120,71,49
11/29/2016 07:00:00 AM,307,196,111
11/29/2016 08:00:00 AM,462,270,192
11/29/2016 09:00:00 AM,231,122,109
11/29/2016 10:00:00 AM,116,68,48
11/29/2016 11:00:00 AM,59,34,25
11/29/2016 12:00:00 PM,49,24,25
11/29/2016 01:00:00 PM,81,42,39
11/29/2016 02:00:00 PM,78,37,41
11/29/2016 03:00:00 PM,122,46,76
11/29/2016 04:00:00 PM,258,82,176
11/29/2016 05:00:00 PM,509,129,380
11/29/2016 06:00:00 PM,307,97,210
11/29/2016 07:00:00 PM,128,42,86
11/29/2016 08:00:00 PM,62,22,40
11/29/2016 09:00:00 PM,45,19,26
11/29/2016 10:00:00 PM,26,15,11
11/29/2016 11:00:00 PM,5,3,2
11/30/2016 12:00:00 AM,3,3,0
11/30/2016 01:00:00 AM,2,1,1
11/30/2016 02:00:00 AM,3,2,1
11/30/2016 03:00:00 AM,0,0,0
11/30/2016 04:00:00 AM,8,6,2
11/30/2016 05:00:00 AM,28,22,6
11/30/2016 06:00:00 AM,108,68,40
11/30/2016 07:00:00 AM,247,154,93
11/30/2016 08:00:00 AM,365,221,144
11/30/2016 09:00:00 AM,193,100,93
11/30/2016 10:00:00 AM,76,29,47
11/30/2016 11:00:00 AM,39,25,14
11/30/2016 12:00:00 PM,45,19,26
11/30/2016 01:00:00 PM,50,24,26
11/30/2016 02:00:00 PM,56,31,25
11/30/2016 03:00:00 PM,87,34,53
11/30/2016 04:00:00 PM,198,56,142
11/30/2016 05:00:00 PM,365,89,276
11/30/2016 06:00:00 PM,254,80,174
11/30/2016 07:00:00 PM,109,45,64
11/30/2016 08:00:00 PM,76,30,46
11/30/2016 09:00:00 PM,38,22,16
11/30/2016 10:00:00 PM,28,12,16
11/30/2016 11:00:00 PM,13,3,10
12/01/2016 12:00:00 AM,11,7,4
12/01/2016 01:00:00 AM,3,2,1
12/01/2016 02:00:00 AM,2,0,2
12/01/2016 03:00:00 AM,0,0,0
12/01/2016 04:00:00 AM,5,1,4
12/01/2016 05:00:00 AM,35,27,8
12/01/2016 06:00:00 AM,119,70,49
12/01/2016 07:00:00 AM,295,204,91
12/01/2016 08:00:00 AM,414,243,171
12/01/2016 09:00:00 AM,197,101,96
12/01/2016 10:00:00 AM,98,53,45
12/01/2016 11:00:00 AM,66,41,25
12/01/2016 12:00:00 PM,53,28,25
12/01/2016 01:00:00 PM,67,34,33
12/01/2016 02:00:00 PM,56,23,33
12/01/2016 03:00:00 PM,94,39,55
12/01/2016 04:00:00 PM,227,76,151
12/01/2016 05:00:00 PM,454,114,340
12/01/2016 06:00:00 PM,306,87,219
12/01/2016 07:00:00 PM,141,48,93
12/01/2016 08:00:00 PM,74,24,50
12/01/2016 09:00:00 PM,48,19,29
12/01/2016 10:00:00 PM,33,10,23
12/01/2016 11:00:00 PM,8,3,5
12/02/2016 12:00:00 AM,7,0,7
12/02/2016 01:00:00 AM,7,5,2
12/02/2016 02:00:00 AM,0,0,0
12/02/2016 03:00:00 AM,0,0,0
12/02/2016 04:00:00 AM,8,6,2
12/02/2016 05:00:00 AM,21,12,9
12/02/2016 06:00:00 AM,65,40,25
12/02/2016 07:00:00 AM,209,137,72
12/02/2016 08:00:00 AM,240,153,87
12/02/2016 09:00:00 AM,144,77,67
12/02/2016 10:00:00 AM,59,31,28
12/02/2016 11:00:00 AM,35,19,16
12/02/2016 12:00:00 PM,45,23,22
12/02/2016 01:00:00 PM,56,27,29
12/02/2016 02:00:00 PM,37,19,18
12/02/2016 03:00:00 PM,67,25,42
12/02/2016 04:00:00 PM,139,38,101
12/02/2016 05:00:00 PM,295,70,225
12/02/2016 06:00:00 PM,153,40,113
12/02/2016 07:00:00 PM,55,17,38
12/02/2016 08:00:00 PM,29,13,16
12/02/2016 09:00:00 PM,20,7,13
12/02/2016 10:00:00 PM,30,11,19
12/02/2016 11:00:00 PM,11,6,5
12/03/2016 12:00:00 AM,9,6,3
12/03/2016 01:00:00 AM,2,0,2
12/03/2016 02:00:00 AM,2,1,1
12/03/2016 03:00:00 AM,2,2,0
12/03/2016 04:00:00 AM,3,0,3
12/03/2016 05:00:00 AM,7,2,5
12/03/2016 06:00:00 AM,17,9,8
12/03/2016 07:00:00 AM,16,9,7
12/03/2016 08:00:00 AM,58,33,25
12/03/2016 09:00:00 AM,72,42,30
12/03/2016 10:00:00 AM,58,28,30
12/03/2016 11:00:00 AM,76,38,38
12/03/2016 12:00:00 PM,91,59,32
12/03/2016 01:00:00 PM,60,30,30
12/03/2016 02:00:00 PM,76,44,32
12/03/2016 03:00:00 PM,69,29,40
12/03/2016 04:00:00 PM,74,49,25
12/03/2016 05:00:00 PM,49,17,32
12/03/2016 06:00:00 PM,30,11,19
12/03/2016 07:00:00 PM,19,12,7
12/03/2016 08:00:00 PM,17,8,9
12/03/2016 09:00:00 PM,21,17,4
12/03/2016 10:00:00 PM,9,2,7
12/03/2016 11:00:00 PM,10,5,5
12/04/2016 12:00:00 AM,12,6,6
12/04/2016 01:00:00 AM,7,3,4
12/04/2016 02:00:00 AM,2,0,2
12/04/2016 03:00:00 AM,0,0,0
12/04/2016 04:00:00 AM,3,2,1
12/04/2016 05:00:00 AM,2,1,1
12/04/2016 06:00:00 AM,3,1,2
12/04/2016 07:00:00 AM,11,5,6
12/04/2016 08:00:00 AM,20,11,9
12/04/2016 09:00:00 AM,43,29,14
12/04/2016 10:00:00 AM,48,21,27
12/04/2016 11:00:00 AM,91,56,35
12/04/2016 12:00:00 PM,104,63,41
12/04/2016 01:00:00 PM,119,56,63
12/04/2016 02:00:00 PM,107,59,48
12/04/2016 03:00:00 PM,112,62,50
12/04/2016 04:00:00 PM,76,38,38
12/04/2016 05:00:00 PM,48,24,24
12/04/2016 06:00:00 PM,42,24,18
12/04/2016 07:00:00 PM,20,10,10
12/04/2016 08:00:00 PM,13,5,8
12/04/2016 09:00:00 PM,11,4,7
12/04/2016 10:00:00 PM,10,3,7
12/04/2016 11:00:00 PM,12,3,9
12/05/2016 12:00:00 AM,2,1,1
12/05/2016 01:00:00 AM,2,1,1
12/05/2016 02:00:00 AM,0,0,0
12/05/2016 03:00:00 AM,1,1,0
12/05/2016 04:00:00 AM,7,4,3
12/05/2016 05:00:00 AM,31,23,8
12/05/2016 06:00:00 AM,77,46,31
12/05/2016 07:00:00 AM,169,104,65
12/05/2016 08:00:00 AM,220,138,82
12/05/2016 09:00:00 AM,114,63,51
12/05/2016 10:00:00 AM,41,20,21
12/05/2016 11:00:00 AM,27,11,16
12/05/2016 12:00:00 PM,22,11,11
12/05/2016 01:00:00 PM,28,14,14
12/05/2016 02:00:00 PM,35,15,20
12/05/2016 03:00:00 PM,61,26,35
12/05/2016 04:00:00 PM,110,34,76
12/05/2016 05:00:00 PM,266,58,208
12/05/2016 06:00:00 PM,163,39,124
12/05/2016 07:00:00 PM,66,18,48
12/05/2016 08:00:00 PM,38,19,19
12/05/2016 09:00:00 PM,13,7,6
12/05/2016 10:00:00 PM,12,4,8
12/05/2016 11:00:00 PM,8,3,5
12/06/2016 12:00:00 AM,6,3,3
12/06/2016 01:00:00 AM,1,1,0
12/06/2016 02:00:00 AM,1,0,1
12/06/2016 03:00:00 AM,0,0,0
12/06/2016 04:00:00 AM,4,3,1
12/06/2016 05:00:00 AM,14,7,7
12/06/2016 06:00:00 AM,66,39,27
12/06/2016 07:00:00 AM,197,126,71
12/06/2016 08:00:00 AM,274,149,125
12/06/2016 09:00:00 AM,179,93,86
12/06/2016 10:00:00 AM,58,32,26
12/06/2016 11:00:00 AM,49,26,23
12/06/2016 12:00:00 PM,48,28,20
12/06/2016 01:00:00 PM,49,25,24
12/06/2016 02:00:00 PM,48,23,25
12/06/2016 03:00:00 PM,89,34,55
12/06/2016 04:00:00 PM,181,57,124
12/06/2016 05:00:00 PM,308,78,230
12/06/2016 06:00:00 PM,217,67,150
12/06/2016 07:00:00 PM,77,20,57
12/06/2016 08:00:00 PM,49,17,32
12/06/2016 09:00:00 PM,30,11,19
12/06/2016 10:00:00 PM,16,6,10
12/06/2016 11:00:00 PM,11,3,8
12/07/2016 12:00:00 AM,6,3,3
12/07/2016 01:00:00 AM,5,2,3
12/07/2016 02:00:00 AM,0,0,0
12/07/2016 03:00:00 AM,2,2,0
12/07/2016 04:00:00 AM,5,4,1
12/07/2016 05:00:00 AM,30,18,12
12/07/2016 06:00:00 AM,73,41,32
12/07/2016 07:00:00 AM,196,120,76
12/07/2016 08:00:00 AM,278,164,114
12/07/2016 09:00:00 AM,166,97,69
12/07/2016 10:00:00 AM,76,36,40
12/07/2016 11:00:00 AM,35,21,14
12/07/2016 12:00:00 PM,46,25,21
12/07/2016 01:00:00 PM,60,28,32
12/07/2016 02:00:00 PM,47,19,28
12/07/2016 03:00:00 PM,84,27,57
12/07/2016 04:00:00 PM,157,55,102
12/07/2016 05:00:00 PM,278,59,219
12/07/2016 06:00:00 PM,200,64,136
12/07/2016 07:00:00 PM,90,31,59
12/07/2016 08:00:00 PM,48,12,36
12/07/2016 09:00:00 PM,24,8,16
12/07/2016 10:00:00 PM,27,10,17
12/07/2016 11:00:00 PM,7,3,4
12/08/2016 12:00:00 AM,5,3,2
12/08/2016 01:00:00 AM,2,1,1
12/08/2016 02:00:00 AM,1,1,0
12/08/2016 03:00:00 AM,0,0,0
12/08/2016 04:00:00 AM,7,6,1
12/08/2016 05:00:00 AM,30,16,14
12/08/2016 06:00:00 AM,53,35,18
12/08/2016 07:00:00 AM,152,90,62
12/08/2016 08:00:00 AM,232,130,102
12/08/2016 09:00:00 AM,152,91,61
12/08/2016 10:00:00 AM,53,26,27
12/08/2016 11:00:00 AM,32,15,17
12/08/2016 12:00:00 PM,34,14,20
12/08/2016 01:00:00 PM,32,20,12
12/08/2016 02:00:00 PM,42,23,19
12/08/2016 03:00:00 PM,90,36,54
12/08/2016 04:00:00 PM,160,49,111
12/08/2016 05:00:00 PM,257,67,190
12/08/2016 06:00:00 PM,126,39,87
12/08/2016 07:00:00 PM,63,26,37
12/08/2016 08:00:00 PM,34,15,19
12/08/2016 09:00:00 PM,32,7,25
12/08/2016 10:00:00 PM,11,6,5
12/08/2016 11:00:00 PM,4,3,1
12/09/2016 12:00:00 AM,1,0,1
12/09/2016 01:00:00 AM,2,0,2
12/09/2016 02:00:00 AM,1,1,0
12/09/2016 03:00:00 AM,1,0,1
12/09/2016 04:00:00 AM,5,0,5
12/09/2016 05:00:00 AM,18,12,6
12/09/2016 06:00:00 AM,13,6,7
12/09/2016 07:00:00 AM,50,22,28
12/09/2016 08:00:00 AM,55,28,27
12/09/2016 09:00:00 AM,45,16,29
12/09/2016 10:00:00 AM,36,18,18
12/09/2016 11:00:00 AM,19,7,12
12/09/2016 12:00:00 PM,14,4,10
12/09/2016 01:00:00 PM,17,11,6
12/09/2016 02:00:00 PM,21,9,12
12/09/2016 03:00:00 PM,27,9,18
12/09/2016 04:00:00 PM,46,15,31
12/09/2016 05:00:00 PM,83,17,66
12/09/2016 06:00:00 PM,45,15,30
12/09/2016 07:00:00 PM,29,10,19
12/09/2016 08:00:00 PM,15,3,12
12/09/2016 09:00:00 PM,6,2,4
12/09/2016 10:00:00 PM,12,3,9
12/09/2016 11:00:00 PM,5,3,2
12/10/2016 12:00:00 AM,3,2,1
12/10/2016 01:00:00 AM,2,0,2
12/10/2016 02:00:00 AM,2,1,1
12/10/2016 03:00:00 AM,0,0,0
12/10/2016 04:00:00 AM,1,1,0
12/10/2016 05:00:00 AM,7,3,4
12/10/2016 06:00:00 AM,7,2,5
12/10/2016 07:00:00 AM,9,3,6
12/10/2016 08:00:00 AM,37,19,18
12/10/2016 09:00:00 AM,37,25,12
12/10/2016 10:00:00 AM,44,28,16
12/10/2016 11:00:00 AM,47,23,24
12/10/2016 12:00:00 PM,23,11,12
12/10/2016 01:00:00 PM,15,9,6
12/10/2016 02:00:00 PM,23,9,14
12/10/2016 03:00:00 PM,29,15,14
12/10/2016 04:00:00 PM,24,10,14
12/10/2016 05:00:00 PM,19,5,14
12/10/2016 06:00:00 PM,31,14,17
12/10/2016 07:00:00 PM,13,5,8
12/10/2016 08:00:00 PM,17,8,9
12/10/2016 09:00:00 PM,11,6,5
12/10/2016 10:00:00 PM,8,3,5
12/10/2016 11:00:00 PM,12,5,7
12/11/2016 12:00:00 AM,9,5,4
12/11/2016 01:00:00 AM,2,1,1
12/11/2016 02:00:00 AM,1,1,0
12/11/2016 03:00:00 AM,0,0,0
12/11/2016 04:00:00 AM,2,1,1
12/11/2016 05:00:00 AM,1,0,1
12/11/2016 06:00:00 AM,7,3,4
12/11/2016 07:00:00 AM,8,5,3
12/11/2016 08:00:00 AM,20,10,10
12/11/2016 09:00:00 AM,22,10,12
12/11/2016 10:00:00 AM,39,25,14
12/11/2016 11:00:00 AM,42,24,18
12/11/2016 12:00:00 PM,39,23,16
12/11/2016 01:00:00 PM,44,17,27
12/11/2016 02:00:00 PM,46,19,27
12/11/2016 03:00:00 PM,43,18,25
12/11/2016 04:00:00 PM,39,19,20
12/11/2016 05:00:00 PM,17,9,8
12/11/2016 06:00:00 PM,26,18,8
12/11/2016 07:00:00 PM,21,9,12
12/11/2016 08:00:00 PM,10,4,6
12/11/2016 09:00:00 PM,10,5,5
12/11/2016 10:00:00 PM,5,1,4
12/11/2016 11:00:00 PM,3,2,1
12/12/2016 12:00:00 AM,5,3,2
12/12/2016 01:00:00 AM,3,0,3
12/12/2016 02:00:00 AM,2,2,0
12/12/2016 03:00:00 AM,0,0,0
12/12/2016 04:00:00 AM,9,5,4
12/12/2016 05:00:00 AM,24,16,8
12/12/2016 06:00:00 AM,84,53,31
12/12/2016 07:00:00 AM,214,134,80
12/12/2016 08:00:00 AM,293,172,121
12/12/2016 09:00:00 AM,181,100,81
12/12/2016 10:00:00 AM,57,21,36
12/12/2016 11:00:00 AM,29,12,17
12/12/2016 12:00:00 PM,33,16,17
12/12/2016 01:00:00 PM,42,26,16
12/12/2016 02:00:00 PM,26,13,13
12/12/2016 03:00:00 PM,66,25,41
12/12/2016 04:00:00 PM,166,50,116
12/12/2016 05:00:00 PM,338,79,259
12/12/2016 06:00:00 PM,227,61,166
12/12/2016 07:00:00 PM,103,34,69
12/12/2016 08:00:00 PM,53,14,39
12/12/2016 09:00:00 PM,30,10,20
12/12/2016 10:00:00 PM,10,4,6
12/12/2016 11:00:00 PM,13,6,7
12/13/2016 12:00:00 AM,6,2,4
12/13/2016 01:00:00 AM,2,1,1
12/13/2016 02:00:00 AM,0,0,0
12/13/2016 03:00:00 AM,0,0,0
12/13/2016 04:00:00 AM,6,3,3
12/13/2016 05:00:00 AM,26,19,7
12/13/2016 06:00:00 AM,89,51,38
12/13/2016 07:00:00 AM,246,164,82
12/13/2016 08:00:00 AM,344,201,143
12/13/2016 09:00:00 AM,192,120,72
12/13/2016 10:00:00 AM,79,35,44
12/13/2016 11:00:00 AM,44,19,25
12/13/2016 12:00:00 PM,55,24,31
12/13/2016 01:00:00 PM,60,28,32
12/13/2016 02:00:00 PM,49,25,24
12/13/2016 03:00:00 PM,92,34,58
12/13/2016 04:00:00 PM,181,51,130
12/13/2016 05:00:00 PM,344,80,264
12/13/2016 06:00:00 PM,242,66,176
12/13/2016 07:00:00 PM,93,29,64
12/13/2016 08:00:00 PM,52,18,34
12/13/2016 09:00:00 PM,37,13,24
12/13/2016 10:00:00 PM,23,7,16
12/13/2016 11:00:00 PM,12,5,7
12/14/2016 12:00:00 AM,11,4,7
12/14/2016 01:00:00 AM,2,1,1
12/14/2016 02:00:00 AM,0,0,0
12/14/2016 03:00:00 AM,0,0,0
12/14/2016 04:00:00 AM,4,2,2
12/14/2016 05:00:00 AM,21,14,7
12/14/2016 06:00:00 AM,83,44,39
12/14/2016 07:00:00 AM,190,118,72
12/14/2016 08:00:00 AM,295,174,121
12/14/2016 09:00:00 AM,191,93,98
12/14/2016 10:00:00 AM,79,38,41
12/14/2016 11:00:00 AM,41,24,17
12/14/2016 12:00:00 PM,50,23,27
12/14/2016 01:00:00 PM,45,20,25
12/14/2016 02:00:00 PM,58,26,32
12/14/2016 03:00:00 PM,86,26,60
12/14/2016 04:00:00 PM,145,50,95
12/14/2016 05:00:00 PM,299,82,217
12/14/2016 06:00:00 PM,206,46,160
12/14/2016 07:00:00 PM,88,25,63
12/14/2016 08:00:00 PM,50,18,32
12/14/2016 09:00:00 PM,31,12,19
12/14/2016 10:00:00 PM,22,4,18
12/14/2016 11:00:00 PM,8,5,3
12/15/2016 12:00:00 AM,4,2,2
12/15/2016 01:00:00 AM,4,1,3
12/15/2016 02:00:00 AM,1,0,1
12/15/2016 03:00:00 AM,0,0,0
12/15/2016 04:00:00 AM,3,1,2
12/15/2016 05:00:00 AM,20,11,9
12/15/2016 06:00:00 AM,63,32,31
12/15/2016 07:00:00 AM,199,131,68
12/15/2016 08:00:00 AM,252,147,105
12/15/2016 09:00:00 AM,159,89,70
12/15/2016 10:00:00 AM,69,32,37
12/15/2016 11:00:00 AM,35,21,14
12/15/2016 12:00:00 PM,39,17,22
12/15/2016 01:00:00 PM,57,28,29
12/15/2016 02:00:00 PM,40,19,21
12/15/2016 03:00:00 PM,83,32,51
12/15/2016 04:00:00 PM,177,51,126
12/15/2016 05:00:00 PM,326,86,240
12/15/2016 06:00:00 PM,173,59,114
12/15/2016 07:00:00 PM,83,22,61
12/15/2016 08:00:00 PM,36,9,27
12/15/2016 09:00:00 PM,23,8,15
12/15/2016 10:00:00 PM,22,9,13
12/15/2016 11:00:00 PM,7,4,3
12/16/2016 12:00:00 AM,4,0,4
12/16/2016 01:00:00 AM,1,1,0
12/16/2016 02:00:00 AM,0,0,0
12/16/2016 03:00:00 AM,1,0,1
12/16/2016 04:00:00 AM,1,0,1
12/16/2016 05:00:00 AM,16,11,5
12/16/2016 06:00:00 AM,47,31,16
12/16/2016 07:00:00 AM,138,79,59
12/16/2016 08:00:00 AM,205,132,73
12/16/2016 09:00:00 AM,127,68,59
12/16/2016 10:00:00 AM,63,30,33
12/16/2016 11:00:00 AM,41,17,24
12/16/2016 12:00:00 PM,38,20,18
12/16/2016 01:00:00 PM,34,17,17
12/16/2016 02:00:00 PM,44,15,29
12/16/2016 03:00:00 PM,82,26,56
12/16/2016 04:00:00 PM,163,42,121
12/16/2016 05:00:00 PM,228,58,170
12/16/2016 06:00:00 PM,134,44,90
12/16/2016 07:00:00 PM,46,11,35
12/16/2016 08:00:00 PM,31,7,24
12/16/2016 09:00:00 PM,30,13,17
12/16/2016 10:00:00 PM,18,3,15
12/16/2016 11:00:00 PM,16,5,11
12/17/2016 12:00:00 AM,9,4,5
12/17/2016 01:00:00 AM,3,0,3
12/17/2016 02:00:00 AM,3,1,2
12/17/2016 03:00:00 AM,3,0,3
12/17/2016 04:00:00 AM,0,0,0
12/17/2016 05:00:00 AM,5,2,3
12/17/2016 06:00:00 AM,11,7,4
12/17/2016 07:00:00 AM,8,2,6
12/17/2016 08:00:00 AM,18,10,8
12/17/2016 09:00:00 AM,25,14,11
12/17/2016 10:00:00 AM,31,18,13
12/17/2016 11:00:00 AM,40,21,19
12/17/2016 12:00:00 PM,34,17,17
12/17/2016 01:00:00 PM,47,25,22
12/17/2016 02:00:00 PM,47,20,27
12/17/2016 03:00:00 PM,57,22,35
12/17/2016 04:00:00 PM,46,19,27
12/17/2016 05:00:00 PM,36,15,21
12/17/2016 06:00:00 PM,32,18,14
12/17/2016 07:00:00 PM,12,2,10
12/17/2016 08:00:00 PM,8,3,5
12/17/2016 09:00:00 PM,9,3,6
12/17/2016 10:00:00 PM,14,4,10
12/17/2016 11:00:00 PM,20,9,11
12/18/2016 12:00:00 AM,10,2,8
12/18/2016 01:00:00 AM,8,4,4
12/18/2016 02:00:00 AM,3,2,1
12/18/2016 03:00:00 AM,0,0,0
12/18/2016 04:00:00 AM,1,1,0
12/18/2016 05:00:00 AM,1,0,1
12/18/2016 06:00:00 AM,4,2,2
12/18/2016 07:00:00 AM,4,3,1
12/18/2016 08:00:00 AM,15,9,6
12/18/2016 09:00:00 AM,17,8,9
12/18/2016 10:00:00 AM,26,14,12
12/18/2016 11:00:00 AM,48,26,22
12/18/2016 12:00:00 PM,49,27,22
12/18/2016 01:00:00 PM,50,27,23
12/18/2016 02:00:00 PM,51,25,26
12/18/2016 03:00:00 PM,43,17,26
12/18/2016 04:00:00 PM,33,16,17
12/18/2016 05:00:00 PM,22,11,11
12/18/2016 06:00:00 PM,20,13,7
12/18/2016 07:00:00 PM,12,3,9
12/18/2016 08:00:00 PM,6,4,2
12/18/2016 09:00:00 PM,20,14,6
12/18/2016 10:00:00 PM,5,3,2
12/18/2016 11:00:00 PM,8,0,8
12/19/2016 12:00:00 AM,2,1,1
12/19/2016 01:00:00 AM,6,1,5
12/19/2016 02:00:00 AM,1,1,0
12/19/2016 03:00:00 AM,0,0,0
12/19/2016 04:00:00 AM,3,2,1
12/19/2016 05:00:00 AM,18,11,7
12/19/2016 06:00:00 AM,56,38,18
12/19/2016 07:00:00 AM,140,85,55
12/19/2016 08:00:00 AM,194,121,73
12/19/2016 09:00:00 AM,130,70,60
12/19/2016 10:00:00 AM,54,30,24
12/19/2016 11:00:00 AM,31,16,15
12/19/2016 12:00:00 PM,18,7,11
12/19/2016 01:00:00 PM,25,11,14
12/19/2016 02:00:00 PM,34,16,18
12/19/2016 03:00:00 PM,62,24,38
12/19/2016 04:00:00 PM,139,47,92
12/19/2016 05:00:00 PM,229,51,178
12/19/2016 06:00:00 PM,172,49,123
12/19/2016 07:00:00 PM,55,12,43
12/19/2016 08:00:00 PM,32,11,21
12/19/2016 09:00:00 PM,13,4,9
12/19/2016 10:00:00 PM,6,2,4
12/19/2016 11:00:00 PM,7,2,5
12/20/2016 12:00:00 AM,3,1,2
12/20/2016 01:00:00 AM,1,0,1
12/20/2016 02:00:00 AM,0,0,0
12/20/2016 03:00:00 AM,1,0,1
12/20/2016 04:00:00 AM,5,2,3
12/20/2016 05:00:00 AM,18,9,9
12/20/2016 06:00:00 AM,62,39,23
12/20/2016 07:00:00 AM,176,105,71
12/20/2016 08:00:00 AM,229,133,96
12/20/2016 09:00:00 AM,160,82,78
12/20/2016 10:00:00 AM,78,44,34
12/20/2016 11:00:00 AM,50,28,22
12/20/2016 12:00:00 PM,46,23,23
12/20/2016 01:00:00 PM,59,30,29
12/20/2016 02:00:00 PM,61,33,28
12/20/2016 03:00:00 PM,84,33,51
12/20/2016 04:00:00 PM,174,49,125
12/20/2016 05:00:00 PM,272,70,202
12/20/2016 06:00:00 PM,194,52,142
12/20/2016 07:00:00 PM,80,18,62
12/20/2016 08:00:00 PM,33,12,21
12/20/2016 09:00:00 PM,24,11,13
12/20/2016 10:00:00 PM,13,7,6
12/20/2016 11:00:00 PM,7,2,5
12/21/2016 12:00:00 AM,6,3,3
12/21/2016 01:00:00 AM,1,0,1
12/21/2016 02:00:00 AM,0,0,0
12/21/2016 03:00:00 AM,0,0,0
12/21/2016 04:00:00 AM,3,2,1
12/21/2016 05:00:00 AM,31,18,13
12/21/2016 06:00:00 AM,73,40,33
12/21/2016 07:00:00 AM,199,125,74
12/21/2016 08:00:00 AM,258,154,104
12/21/2016 09:00:00 AM,136,74,62
12/21/2016 10:00:00 AM,74,35,39
12/21/2016 11:00:00 AM,48,28,20
12/21/2016 12:00:00 PM,56,35,21
12/21/2016 01:00:00 PM,67,37,30
12/21/2016 02:00:00 PM,69,32,37
12/21/2016 03:00:00 PM,102,47,55
12/21/2016 04:00:00 PM,171,50,121
12/21/2016 05:00:00 PM,315,72,243
12/21/2016 06:00:00 PM,196,60,136
12/21/2016 07:00:00 PM,83,35,48
12/21/2016 08:00:00 PM,44,11,33
12/21/2016 09:00:00 PM,27,15,12
12/21/2016 10:00:00 PM,22,10,12
12/21/2016 11:00:00 PM,17,4,13
12/22/2016 12:00:00 AM,9,4,5
12/22/2016 01:00:00 AM,2,2,0
12/22/2016 02:00:00 AM,1,0,1
12/22/2016 03:00:00 AM,0,0,0
12/22/2016 04:00:00 AM,4,1,3
12/22/2016 05:00:00 AM,24,15,9
12/22/2016 06:00:00 AM,67,42,25
12/22/2016 07:00:00 AM,129,78,51
12/22/2016 08:00:00 AM,199,113,86
12/22/2016 09:00:00 AM,116,64,52
12/22/2016 10:00:00 AM,69,40,29
12/22/2016 11:00:00 AM,18,10,8
12/22/2016 12:00:00 PM,30,15,15
12/22/2016 01:00:00 PM,37,22,15
12/22/2016 02:00:00 PM,38,11,27
12/22/2016 03:00:00 PM,75,30,45
12/22/2016 04:00:00 PM,144,46,98
12/22/2016 05:00:00 PM,201,47,154
12/22/2016 06:00:00 PM,129,43,86
12/22/2016 07:00:00 PM,44,13,31
12/22/2016 08:00:00 PM,27,7,20
12/22/2016 09:00:00 PM,19,12,7
12/22/2016 10:00:00 PM,19,8,11
12/22/2016 11:00:00 PM,7,3,4
12/23/2016 12:00:00 AM,6,2,4
12/23/2016 01:00:00 AM,0,0,0
12/23/2016 02:00:00 AM,1,1,0
12/23/2016 03:00:00 AM,1,1,0
12/23/2016 04:00:00 AM,2,1,1
12/23/2016 05:00:00 AM,15,9,6
12/23/2016 06:00:00 AM,26,16,10
12/23/2016 07:00:00 AM,45,32,13
12/23/2016 08:00:00 AM,63,31,32
12/23/2016 09:00:00 AM,45,24,21
12/23/2016 10:00:00 AM,24,9,15
12/23/2016 11:00:00 AM,19,9,10
12/23/2016 12:00:00 PM,19,8,11
12/23/2016 01:00:00 PM,24,14,10
12/23/2016 02:00:00 PM,25,13,12
12/23/2016 03:00:00 PM,42,14,28
12/23/2016 04:00:00 PM,50,13,37
12/23/2016 05:00:00 PM,51,20,31
12/23/2016 06:00:00 PM,44,15,29
12/23/2016 07:00:00 PM,13,7,6
12/23/2016 08:00:00 PM,13,4,9
12/23/2016 09:00:00 PM,12,4,8
12/23/2016 10:00:00 PM,7,4,3
12/23/2016 11:00:00 PM,8,2,6
12/24/2016 12:00:00 AM,2,2,0
12/24/2016 01:00:00 AM,4,3,1
12/24/2016 02:00:00 AM,0,0,0
12/24/2016 03:00:00 AM,0,0,0
12/24/2016 04:00:00 AM,1,0,1
12/24/2016 05:00:00 AM,8,5,3
12/24/2016 06:00:00 AM,10,6,4
12/24/2016 07:00:00 AM,7,4,3
12/24/2016 08:00:00 AM,32,18,14
12/24/2016 09:00:00 AM,25,9,16
12/24/2016 10:00:00 AM,21,13,8
12/24/2016 11:00:00 AM,37,21,16
12/24/2016 12:00:00 PM,44,26,18
12/24/2016 01:00:00 PM,42,23,19
12/24/2016 02:00:00 PM,33,19,14
12/24/2016 03:00:00 PM,48,23,25
12/24/2016 04:00:00 PM,20,8,12
12/24/2016 05:00:00 PM,19,9,10
12/24/2016 06:00:00 PM,10,1,9
12/24/2016 07:00:00 PM,6,3,3
12/24/2016 08:00:00 PM,8,5,3
12/24/2016 09:00:00 PM,4,3,1
12/24/2016 10:00:00 PM,1,1,0
12/24/2016 11:00:00 PM,3,0,3
12/25/2016 12:00:00 AM,4,2,2
12/25/2016 01:00:00 AM,0,0,0
12/25/2016 02:00:00 AM,1,0,1
12/25/2016 03:00:00 AM,1,1,0
12/25/2016 04:00:00 AM,0,0,0
12/25/2016 05:00:00 AM,2,2,0
12/25/2016 06:00:00 AM,2,1,1
12/25/2016 07:00:00 AM,5,2,3
12/25/2016 08:00:00 AM,3,2,1
12/25/2016 09:00:00 AM,19,12,7
12/25/2016 10:00:00 AM,21,12,9
12/25/2016 11:00:00 AM,24,18,6
12/25/2016 12:00:00 PM,25,13,12
12/25/2016 01:00:00 PM,23,12,11
12/25/2016 02:00:00 PM,38,19,19
12/25/2016 03:00:00 PM,23,8,15
12/25/2016 04:00:00 PM,17,6,11
12/25/2016 05:00:00 PM,15,10,5
12/25/2016 06:00:00 PM,11,3,8
12/25/2016 07:00:00 PM,8,3,5
12/25/2016 08:00:00 PM,7,2,5
12/25/2016 09:00:00 PM,4,3,1
12/25/2016 10:00:00 PM,2,1,1
12/25/2016 11:00:00 PM,5,3,2
12/26/2016 12:00:00 AM,4,2,2
12/26/2016 01:00:00 AM,1,1,0
12/26/2016 02:00:00 AM,4,2,2
12/26/2016 03:00:00 AM,0,0,0
12/26/2016 04:00:00 AM,4,3,1
12/26/2016 05:00:00 AM,5,4,1
12/26/2016 06:00:00 AM,10,6,4
12/26/2016 07:00:00 AM,24,15,9
12/26/2016 08:00:00 AM,11,8,3
12/26/2016 09:00:00 AM,27,16,11
12/26/2016 10:00:00 AM,20,10,10
12/26/2016 11:00:00 AM,43,25,18
12/26/2016 12:00:00 PM,38,17,21
12/26/2016 01:00:00 PM,44,23,21
12/26/2016 02:00:00 PM,41,24,17
12/26/2016 03:00:00 PM,27,13,14
12/26/2016 04:00:00 PM,18,6,12
12/26/2016 05:00:00 PM,16,8,8
12/26/2016 06:00:00 PM,21,9,12
12/26/2016 07:00:00 PM,3,1,2
12/26/2016 08:00:00 PM,9,3,6
12/26/2016 09:00:00 PM,5,2,3
12/26/2016 10:00:00 PM,4,2,2
12/26/2016 11:00:00 PM,4,1,3
12/27/2016 12:00:00 AM,4,3,1
12/27/2016 01:00:00 AM,1,0,1
12/27/2016 02:00:00 AM,0,0,0
12/27/2016 03:00:00 AM,0,0,0
12/27/2016 04:00:00 AM,6,3,3
12/27/2016 05:00:00 AM,11,6,5
12/27/2016 06:00:00 AM,55,29,26
12/27/2016 07:00:00 AM,95,59,36
12/27/2016 08:00:00 AM,109,55,54
12/27/2016 09:00:00 AM,90,56,34
12/27/2016 10:00:00 AM,56,28,28
12/27/2016 11:00:00 AM,27,15,12
12/27/2016 12:00:00 PM,42,18,24
12/27/2016 01:00:00 PM,44,21,23
12/27/2016 02:00:00 PM,41,20,21
12/27/2016 03:00:00 PM,71,30,41
12/27/2016 04:00:00 PM,107,31,76
12/27/2016 05:00:00 PM,152,46,106
12/27/2016 06:00:00 PM,99,40,59
12/27/2016 07:00:00 PM,41,11,30
12/27/2016 08:00:00 PM,21,9,12
12/27/2016 09:00:00 PM,14,7,7
12/27/2016 10:00:00 PM,7,3,4
12/27/2016 11:00:00 PM,12,7,5
12/28/2016 12:00:00 AM,2,1,1
12/28/2016 01:00:00 AM,1,0,1
12/28/2016 02:00:00 AM,0,0,0
12/28/2016 03:00:00 AM,0,0,0
12/28/2016 04:00:00 AM,7,2,5
12/28/2016 05:00:00 AM,20,13,7
12/28/2016 06:00:00 AM,55,28,27
12/28/2016 07:00:00 AM,108,73,35
12/28/2016 08:00:00 AM,162,92,70
12/28/2016 09:00:00 AM,115,55,60
12/28/2016 10:00:00 AM,56,24,32
12/28/2016 11:00:00 AM,57,31,26
12/28/2016 12:00:00 PM,70,40,30
12/28/2016 01:00:00 PM,65,27,38
12/28/2016 02:00:00 PM,72,29,43
12/28/2016 03:00:00 PM,100,51,49
12/28/2016 04:00:00 PM,126,47,79
12/28/2016 05:00:00 PM,203,48,155
12/28/2016 06:00:00 PM,122,35,87
12/28/2016 07:00:00 PM,50,11,39
12/28/2016 08:00:00 PM,27,11,16
12/28/2016 09:00:00 PM,24,11,13
12/28/2016 10:00:00 PM,21,10,11
12/28/2016 11:00:00 PM,9,5,4
12/29/2016 12:00:00 AM,9,6,3
12/29/2016 01:00:00 AM,1,1,0
12/29/2016 02:00:00 AM,0,0,0
12/29/2016 03:00:00 AM,0,0,0
12/29/2016 04:00:00 AM,3,3,0
12/29/2016 05:00:00 AM,16,7,9
12/29/2016 06:00:00 AM,40,24,16
12/29/2016 07:00:00 AM,108,73,35
12/29/2016 08:00:00 AM,149,86,63
12/29/2016 09:00:00 AM,108,65,43
12/29/2016 10:00:00 AM,55,27,28
12/29/2016 11:00:00 AM,46,19,27
12/29/2016 12:00:00 PM,25,13,12
12/29/2016 01:00:00 PM,32,21,11
12/29/2016 02:00:00 PM,43,18,25
12/29/2016 03:00:00 PM,71,22,49
12/29/2016 04:00:00 PM,106,36,70
12/29/2016 05:00:00 PM,148,27,121
12/29/2016 06:00:00 PM,87,28,59
12/29/2016 07:00:00 PM,39,16,23
12/29/2016 08:00:00 PM,19,7,12
12/29/2016 09:00:00 PM,13,5,8
12/29/2016 10:00:00 PM,11,4,7
12/29/2016 11:00:00 PM,5,3,2
12/30/2016 12:00:00 AM,5,1,4
12/30/2016 01:00:00 AM,3,3,0
12/30/2016 02:00:00 AM,0,0,0
12/30/2016 03:00:00 AM,1,1,0
12/30/2016 04:00:00 AM,3,0,3
12/30/2016 05:00:00 AM,11,6,5
12/30/2016 06:00:00 AM,31,15,16
12/30/2016 07:00:00 AM,58,38,20
12/30/2016 08:00:00 AM,107,56,51
12/30/2016 09:00:00 AM,75,38,37
12/30/2016 10:00:00 AM,67,30,37
12/30/2016 11:00:00 AM,53,24,29
12/30/2016 12:00:00 PM,59,33,26
12/30/2016 01:00:00 PM,80,46,34
12/30/2016 02:00:00 PM,74,30,44
12/30/2016 03:00:00 PM,90,34,56
12/30/2016 04:00:00 PM,131,50,81
12/30/2016 05:00:00 PM,110,39,71
12/30/2016 06:00:00 PM,58,20,38
12/30/2016 07:00:00 PM,24,8,16
12/30/2016 08:00:00 PM,16,7,9
12/30/2016 09:00:00 PM,8,4,4
12/30/2016 10:00:00 PM,13,6,7
12/30/2016 11:00:00 PM,14,7,7
12/31/2016 12:00:00 AM,4,3,1
12/31/2016 01:00:00 AM,6,1,5
12/31/2016 02:00:00 AM,2,0,2
12/31/2016 03:00:00 AM,0,0,0
12/31/2016 04:00:00 AM,4,3,1
12/31/2016 05:00:00 AM,3,1,2
12/31/2016 06:00:00 AM,6,4,2
12/31/2016 07:00:00 AM,14,6,8
12/31/2016 08:00:00 AM,36,21,15
12/31/2016 09:00:00 AM,35,15,20
12/31/2016 10:00:00 AM,43,27,16
12/31/2016 11:00:00 AM,51,29,22
12/31/2016 12:00:00 PM,40,27,13
12/31/2016 01:00:00 PM,43,15,28
12/31/2016 02:00:00 PM,29,14,15
12/31/2016 03:00:00 PM,33,19,14
12/31/2016 04:00:00 PM,38,16,22
12/31/2016 05:00:00 PM,18,9,9
12/31/2016 06:00:00 PM,15,4,11
12/31/2016 07:00:00 PM,10,6,4
12/31/2016 08:00:00 PM,9,3,6
12/31/2016 09:00:00 PM,10,4,6
12/31/2016 10:00:00 PM,15,7,8
12/31/2016 11:00:00 PM,8,4,4
01/01/2017 12:00:00 AM,5,0,5
01/01/2017 01:00:00 AM,19,5,14
01/01/2017 02:00:00 AM,1,1,0
01/01/2017 03:00:00 AM,2,0,2
01/01/2017 04:00:00 AM,1,0,1
01/01/2017 05:00:00 AM,0,0,0
01/01/2017 06:00:00 AM,4,2,2
01/01/2017 07:00:00 AM,2,1,1
01/01/2017 08:00:00 AM,5,2,3
01/01/2017 09:00:00 AM,11,7,4
01/01/2017 10:00:00 AM,13,7,6
01/01/2017 11:00:00 AM,21,9,12
01/01/2017 12:00:00 PM,25,17,8
01/01/2017 01:00:00 PM,35,19,16
01/01/2017 02:00:00 PM,42,16,26
01/01/2017 03:00:00 PM,40,29,11
01/01/2017 04:00:00 PM,32,21,11
01/01/2017 05:00:00 PM,27,10,17
01/01/2017 06:00:00 PM,16,7,9
01/01/2017 07:00:00 PM,3,1,2
01/01/2017 08:00:00 PM,3,1,2
01/01/2017 09:00:00 PM,8,3,5
01/01/2017 10:00:00 PM,6,2,4
01/01/2017 11:00:00 PM,5,2,3
01/02/2017 12:00:00 AM,1,0,1
01/02/2017 01:00:00 AM,1,0,1
01/02/2017 02:00:00 AM,1,1,0
01/02/2017 03:00:00 AM,1,1,0
01/02/2017 04:00:00 AM,1,0,1
01/02/2017 05:00:00 AM,4,2,2
01/02/2017 06:00:00 AM,11,7,4
01/02/2017 07:00:00 AM,17,13,4
01/02/2017 08:00:00 AM,29,17,12
01/02/2017 09:00:00 AM,32,21,11
01/02/2017 10:00:00 AM,43,20,23
01/02/2017 11:00:00 AM,47,21,26
01/02/2017 12:00:00 PM,55,27,28
01/02/2017 01:00:00 PM,58,27,31
01/02/2017 02:00:00 PM,73,36,37
01/02/2017 03:00:00 PM,66,37,29
01/02/2017 04:00:00 PM,54,25,29
01/02/2017 05:00:00 PM,45,19,26
01/02/2017 06:00:00 PM,31,16,15
01/02/2017 07:00:00 PM,17,4,13
01/02/2017 08:00:00 PM,12,6,6
01/02/2017 09:00:00 PM,15,8,7
01/02/2017 10:00:00 PM,4,3,1
01/02/2017 11:00:00 PM,5,3,2
01/03/2017 12:00:00 AM,3,0,3
01/03/2017 01:00:00 AM,2,1,1
01/03/2017 02:00:00 AM,2,2,0
01/03/2017 03:00:00 AM,0,0,0
01/03/2017 04:00:00 AM,9,7,2
01/03/2017 05:00:00 AM,22,11,11
01/03/2017 06:00:00 AM,75,46,29
01/03/2017 07:00:00 AM,184,120,64
01/03/2017 08:00:00 AM,272,175,97
01/03/2017 09:00:00 AM,130,70,60
01/03/2017 10:00:00 AM,58,31,27
01/03/2017 11:00:00 AM,42,17,25
01/03/2017 12:00:00 PM,34,16,18
01/03/2017 01:00:00 PM,27,10,17
01/03/2017 02:00:00 PM,31,13,18
01/03/2017 03:00:00 PM,67,25,42
01/03/2017 04:00:00 PM,160,49,111
01/03/2017 05:00:00 PM,321,76,245
01/03/2017 06:00:00 PM,180,48,132
01/03/2017 07:00:00 PM,73,26,47
01/03/2017 08:00:00 PM,24,8,16
01/03/2017 09:00:00 PM,9,5,4
01/03/2017 10:00:00 PM,8,1,7
01/03/2017 11:00:00 PM,3,1,2
01/04/2017 12:00:00 AM,3,2,1
01/04/2017 01:00:00 AM,1,0,1
01/04/2017 02:00:00 AM,0,0,0
01/04/2017 03:00:00 AM,1,1,0
01/04/2017 04:00:00 AM,5,3,2
01/04/2017 05:00:00 AM,26,19,7
01/04/2017 06:00:00 AM,68,36,32
01/04/2017 07:00:00 AM,161,111,50
01/04/2017 08:00:00 AM,278,175,103
01/04/2017 09:00:00 AM,180,106,74
01/04/2017 10:00:00 AM,57,26,31
01/04/2017 11:00:00 AM,29,14,15
01/04/2017 12:00:00 PM,35,14,21
01/04/2017 01:00:00 PM,37,19,18
01/04/2017 02:00:00 PM,44,17,27
01/04/2017 03:00:00 PM,76,28,48
01/04/2017 04:00:00 PM,155,54,101
01/04/2017 05:00:00 PM,304,73,231
01/04/2017 06:00:00 PM,198,60,138
01/04/2017 07:00:00 PM,77,16,61
01/04/2017 08:00:00 PM,29,10,19
01/04/2017 09:00:00 PM,24,9,15
01/04/2017 10:00:00 PM,12,8,4
01/04/2017 11:00:00 PM,8,6,2
01/05/2017 12:00:00 AM,1,0,1
01/05/2017 01:00:00 AM,1,0,1
01/05/2017 02:00:00 AM,1,0,1
01/05/2017 03:00:00 AM,0,0,0
01/05/2017 04:00:00 AM,4,3,1
01/05/2017 05:00:00 AM,25,17,8
01/05/2017 06:00:00 AM,61,36,25
01/05/2017 07:00:00 AM,180,122,58
01/05/2017 08:00:00 AM,269,162,107
01/05/2017 09:00:00 AM,142,83,59
01/05/2017 10:00:00 AM,57,30,27
01/05/2017 11:00:00 AM,56,31,25
01/05/2017 12:00:00 PM,42,23,19
01/05/2017 01:00:00 PM,42,22,20
01/05/2017 02:00:00 PM,50,20,30
01/05/2017 03:00:00 PM,80,33,47
01/05/2017 04:00:00 PM,162,48,114
01/05/2017 05:00:00 PM,272,61,211
01/05/2017 06:00:00 PM,185,58,127
01/05/2017 07:00:00 PM,78,18,60
01/05/2017 08:00:00 PM,26,6,20
01/05/2017 09:00:00 PM,24,6,18
01/05/2017 10:00:00 PM,11,5,6
01/05/2017 11:00:00 PM,8,3,5
01/06/2017 12:00:00 AM,4,3,1
01/06/2017 01:00:00 AM,1,0,1
01/06/2017 02:00:00 AM,0,0,0
01/06/2017 03:00:00 AM,0,0,0
01/06/2017 04:00:00 AM,3,2,1
01/06/2017 05:00:00 AM,24,11,13
01/06/2017 06:00:00 AM,65,34,31
01/06/2017 07:00:00 AM,137,90,47
01/06/2017 08:00:00 AM,254,161,93
01/06/2017 09:00:00 AM,142,84,58
01/06/2017 10:00:00 AM,71,40,31
01/06/2017 11:00:00 AM,37,15,22
01/06/2017 12:00:00 PM,51,27,24
01/06/2017 01:00:00 PM,54,25,29
01/06/2017 02:00:00 PM,41,17,24
01/06/2017 03:00:00 PM,82,30,52
01/06/2017 04:00:00 PM,154,40,114
01/06/2017 05:00:00 PM,232,64,168
01/06/2017 06:00:00 PM,163,41,122
01/06/2017 07:00:00 PM,64,15,49
01/06/2017 08:00:00 PM,33,13,20
01/06/2017 09:00:00 PM,13,9,4
01/06/2017 10:00:00 PM,12,3,9
01/06/2017 11:00:00 PM,11,3,8
01/07/2017 12:00:00 AM,11,5,6
01/07/2017 01:00:00 AM,1,0,1
01/07/2017 02:00:00 AM,3,1,2
01/07/2017 03:00:00 AM,0,0,0
01/07/2017 04:00:00 AM,0,0,0
01/07/2017 05:00:00 AM,4,4,0
01/07/2017 06:00:00 AM,6,4,2
01/07/2017 07:00:00 AM,9,4,5
01/07/2017 08:00:00 AM,29,17,12
01/07/2017 09:00:00 AM,37,22,15
01/07/2017 10:00:00 AM,30,18,12
01/07/2017 11:00:00 AM,54,32,22
01/07/2017 12:00:00 PM,47,27,20
01/07/2017 01:00:00 PM,51,23,28
01/07/2017 02:00:00 PM,48,25,23
01/07/2017 03:00:00 PM,55,25,30
01/07/2017 04:00:00 PM,49,27,22
01/07/2017 05:00:00 PM,26,12,14
01/07/2017 06:00:00 PM,29,14,15
01/07/2017 07:00:00 PM,14,6,8
01/07/2017 08:00:00 PM,13,4,9
01/07/2017 09:00:00 PM,8,3,5
01/07/2017 10:00:00 PM,6,2,4
01/07/2017 11:00:00 PM,8,3,5
01/08/2017 12:00:00 AM,11,4,7
01/08/2017 01:00:00 AM,4,1,3
01/08/2017 02:00:00 AM,1,1,0
01/08/2017 03:00:00 AM,2,1,1
01/08/2017 04:00:00 AM,0,0,0
01/08/2017 05:00:00 AM,2,1,1
01/08/2017 06:00:00 AM,6,1,5
01/08/2017 07:00:00 AM,8,5,3
01/08/2017 08:00:00 AM,17,8,9
01/08/2017 09:00:00 AM,22,11,11
01/08/2017 10:00:00 AM,36,19,17
01/08/2017 11:00:00 AM,25,17,8
01/08/2017 12:00:00 PM,25,14,11
01/08/2017 01:00:00 PM,17,6,11
01/08/2017 02:00:00 PM,16,10,6
01/08/2017 03:00:00 PM,16,8,8
01/08/2017 04:00:00 PM,13,5,8
01/08/2017 05:00:00 PM,11,5,6
01/08/2017 06:00:00 PM,8,4,4
01/08/2017 07:00:00 PM,5,3,2
01/08/2017 08:00:00 PM,7,1,6
01/08/2017 09:00:00 PM,7,5,2
01/08/2017 10:00:00 PM,5,2,3
01/08/2017 11:00:00 PM,4,2,2
01/09/2017 12:00:00 AM,3,2,1
01/09/2017 01:00:00 AM,0,0,0
01/09/2017 02:00:00 AM,0,0,0
01/09/2017 03:00:00 AM,0,0,0
01/09/2017 04:00:00 AM,7,5,2
01/09/2017 05:00:00 AM,21,12,9
01/09/2017 06:00:00 AM,83,55,28
01/09/2017 07:00:00 AM,228,157,71
01/09/2017 08:00:00 AM,333,202,131
01/09/2017 09:00:00 AM,165,82,83
01/09/2017 10:00:00 AM,64,30,34
01/09/2017 11:00:00 AM,39,20,19
01/09/2017 12:00:00 PM,29,19,10
01/09/2017 01:00:00 PM,34,16,18
01/09/2017 02:00:00 PM,23,10,13
01/09/2017 03:00:00 PM,58,27,31
01/09/2017 04:00:00 PM,159,52,107
01/09/2017 05:00:00 PM,374,91,283
01/09/2017 06:00:00 PM,236,48,188
01/09/2017 07:00:00 PM,88,24,64
01/09/2017 08:00:00 PM,41,13,28
01/09/2017 09:00:00 PM,10,4,6
01/09/2017 10:00:00 PM,12,6,6
01/09/2017 11:00:00 PM,7,4,3
01/10/2017 12:00:00 AM,5,2,3
01/10/2017 01:00:00 AM,0,0,0
01/10/2017 02:00:00 AM,1,1,0
01/10/2017 03:00:00 AM,0,0,0
01/10/2017 04:00:00 AM,6,5,1
01/10/2017 05:00:00 AM,31,17,14
01/10/2017 06:00:00 AM,85,53,32
01/10/2017 07:00:00 AM,194,114,80
01/10/2017 08:00:00 AM,270,158,112
01/10/2017 09:00:00 AM,150,83,67
01/10/2017 10:00:00 AM,53,25,28
01/10/2017 11:00:00 AM,37,17,20
01/10/2017 12:00:00 PM,40,21,19
01/10/2017 01:00:00 PM,35,20,15
01/10/2017 02:00:00 PM,46,19,27
01/10/2017 03:00:00 PM,78,27,51
01/10/2017 04:00:00 PM,140,53,87
01/10/2017 05:00:00 PM,283,80,203
01/10/2017 06:00:00 PM,200,59,141
01/10/2017 07:00:00 PM,89,28,61
01/10/2017 08:00:00 PM,41,9,32
01/10/2017 09:00:00 PM,18,6,12
01/10/2017 10:00:00 PM,13,4,9
01/10/2017 11:00:00 PM,5,3,2
01/11/2017 12:00:00 AM,3,2,1
01/11/2017 01:00:00 AM,0,0,0
01/11/2017 02:00:00 AM,0,0,0
01/11/2017 03:00:00 AM,0,0,0
01/11/2017 04:00:00 AM,6,4,2
01/11/2017 05:00:00 AM,25,16,9
01/11/2017 06:00:00 AM,72,51,21
01/11/2017 07:00:00 AM,185,130,55
01/11/2017 08:00:00 AM,268,162,106
01/11/2017 09:00:00 AM,155,80,75
01/11/2017 10:00:00 AM,82,35,47
01/11/2017 11:00:00 AM,38,25,13
01/11/2017 12:00:00 PM,36,22,14
01/11/2017 01:00:00 PM,54,21,33
01/11/2017 02:00:00 PM,37,15,22
01/11/2017 03:00:00 PM,54,20,34
01/11/2017 04:00:00 PM,159,56,103
01/11/2017 05:00:00 PM,295,70,225
01/11/2017 06:00:00 PM,225,62,163
01/11/2017 07:00:00 PM,94,29,65
01/11/2017 08:00:00 PM,36,14,22
01/11/2017 09:00:00 PM,24,13,11
01/11/2017 10:00:00 PM,20,9,11
01/11/2017 11:00:00 PM,5,2,3
01/12/2017 12:00:00 AM,6,2,4
01/12/2017 01:00:00 AM,1,1,0
01/12/2017 02:00:00 AM,2,1,1
01/12/2017 03:00:00 AM,1,1,0
01/12/2017 04:00:00 AM,2,1,1
01/12/2017 05:00:00 AM,27,15,12
01/12/2017 06:00:00 AM,60,37,23
01/12/2017 07:00:00 AM,163,105,58
01/12/2017 08:00:00 AM,271,158,113
01/12/2017 09:00:00 AM,143,80,63
01/12/2017 10:00:00 AM,67,39,28
01/12/2017 11:00:00 AM,61,26,35
01/12/2017 12:00:00 PM,37,20,17
01/12/2017 01:00:00 PM,47,27,20
01/12/2017 02:00:00 PM,54,30,24
01/12/2017 03:00:00 PM,75,33,42
01/12/2017 04:00:00 PM,141,54,87
01/12/2017 05:00:00 PM,262,68,194
01/12/2017 06:00:00 PM,211,68,143
01/12/2017 07:00:00 PM,84,23,61
01/12/2017 08:00:00 PM,47,12,35
01/12/2017 09:00:00 PM,29,9,20
01/12/2017 10:00:00 PM,30,17,13
01/12/2017 11:00:00 PM,17,13,4
01/13/2017 12:00:00 AM,4,2,2
01/13/2017 01:00:00 AM,5,4,1
01/13/2017 02:00:00 AM,1,1,0
01/13/2017 03:00:00 AM,0,0,0
01/13/2017 04:00:00 AM,3,2,1
01/13/2017 05:00:00 AM,20,12,8
01/13/2017 06:00:00 AM,62,39,23
01/13/2017 07:00:00 AM,169,112,57
01/13/2017 08:00:00 AM,236,139,97
01/13/2017 09:00:00 AM,139,69,70
01/13/2017 10:00:00 AM,61,30,31
01/13/2017 11:00:00 AM,42,22,20
01/13/2017 12:00:00 PM,40,23,17
01/13/2017 01:00:00 PM,48,26,22
01/13/2017 02:00:00 PM,50,19,31
01/13/2017 03:00:00 PM,93,40,53
01/13/2017 04:00:00 PM,166,51,115
01/13/2017 05:00:00 PM,258,65,193
01/13/2017 06:00:00 PM,167,44,123
01/13/2017 07:00:00 PM,64,24,40
01/13/2017 08:00:00 PM,29,8,21
01/13/2017 09:00:00 PM,26,14,12
01/13/2017 10:00:00 PM,12,3,9
01/13/2017 11:00:00 PM,9,3,6
01/14/2017 12:00:00 AM,2,1,1
01/14/2017 01:00:00 AM,7,1,6
01/14/2017 02:00:00 AM,2,2,0
01/14/2017 03:00:00 AM,2,0,2
01/14/2017 04:00:00 AM,0,0,0
01/14/2017 05:00:00 AM,4,3,1
01/14/2017 06:00:00 AM,9,6,3
01/14/2017 07:00:00 AM,13,7,6
01/14/2017 08:00:00 AM,27,14,13
01/14/2017 09:00:00 AM,43,20,23
01/14/2017 10:00:00 AM,65,37,28
01/14/2017 11:00:00 AM,57,38,19
01/14/2017 12:00:00 PM,79,41,38
01/14/2017 01:00:00 PM,91,57,34
01/14/2017 02:00:00 PM,76,45,31
01/14/2017 03:00:00 PM,61,31,30
01/14/2017 04:00:00 PM,56,34,22
01/14/2017 05:00:00 PM,47,22,25
01/14/2017 06:00:00 PM,31,15,16
01/14/2017 07:00:00 PM,19,6,13
01/14/2017 08:00:00 PM,17,13,4
01/14/2017 09:00:00 PM,9,2,7
01/14/2017 10:00:00 PM,10,6,4
01/14/2017 11:00:00 PM,4,1,3
01/15/2017 12:00:00 AM,6,4,2
01/15/2017 01:00:00 AM,4,3,1
01/15/2017 02:00:00 AM,2,1,1
01/15/2017 03:00:00 AM,1,0,1
01/15/2017 04:00:00 AM,0,0,0
01/15/2017 05:00:00 AM,4,3,1
01/15/2017 06:00:00 AM,7,2,5
01/15/2017 07:00:00 AM,8,5,3
01/15/2017 08:00:00 AM,24,13,11
01/15/2017 09:00:00 AM,30,17,13
01/15/2017 10:00:00 AM,39,24,15
01/15/2017 11:00:00 AM,75,41,34
01/15/2017 12:00:00 PM,91,46,45
01/15/2017 01:00:00 PM,122,69,53
01/15/2017 02:00:00 PM,105,46,59
01/15/2017 03:00:00 PM,99,55,44
01/15/2017 04:00:00 PM,62,32,30
01/15/2017 05:00:00 PM,39,21,18
01/15/2017 06:00:00 PM,28,14,14
01/15/2017 07:00:00 PM,29,13,16
01/15/2017 08:00:00 PM,13,6,7
01/15/2017 09:00:00 PM,9,4,5
01/15/2017 10:00:00 PM,12,5,7
01/15/2017 11:00:00 PM,4,2,2
01/16/2017 12:00:00 AM,3,1,2
01/16/2017 01:00:00 AM,2,2,0
01/16/2017 02:00:00 AM,1,0,1
01/16/2017 03:00:00 AM,0,0,0
01/16/2017 04:00:00 AM,3,1,2
01/16/2017 05:00:00 AM,10,8,2
01/16/2017 06:00:00 AM,44,21,23
01/16/2017 07:00:00 AM,105,69,36
01/16/2017 08:00:00 AM,158,93,65
01/16/2017 09:00:00 AM,102,53,49
01/16/2017 10:00:00 AM,78,41,37
01/16/2017 11:00:00 AM,58,31,27
01/16/2017 12:00:00 PM,93,40,53
01/16/2017 01:00:00 PM,72,39,33
01/16/2017 02:00:00 PM,83,44,39
01/16/2017 03:00:00 PM,99,40,59
01/16/2017 04:00:00 PM,91,24,67
01/16/2017 05:00:00 PM,199,53,146
01/16/2017 06:00:00 PM,121,39,82
01/16/2017 07:00:00 PM,64,22,42
01/16/2017 08:00:00 PM,23,7,16
01/16/2017 09:00:00 PM,16,6,10
01/16/2017 10:00:00 PM,9,6,3
01/16/2017 11:00:00 PM,8,3,5
01/17/2017 12:00:00 AM,5,4,1
01/17/2017 01:00:00 AM,4,1,3
01/17/2017 02:00:00 AM,1,0,1
01/17/2017 03:00:00 AM,1,0,1
01/17/2017 04:00:00 AM,6,4,2
01/17/2017 05:00:00 AM,20,12,8
01/17/2017 06:00:00 AM,77,51,26
01/17/2017 07:00:00 AM,227,149,78
01/17/2017 08:00:00 AM,298,180,118
01/17/2017 09:00:00 AM,160,75,85
01/17/2017 10:00:00 AM,55,27,28
01/17/2017 11:00:00 AM,36,23,13
01/17/2017 12:00:00 PM,29,11,18
01/17/2017 01:00:00 PM,28,13,15
01/17/2017 02:00:00 PM,23,10,13
01/17/2017 03:00:00 PM,51,18,33
01/17/2017 04:00:00 PM,132,43,89
01/17/2017 05:00:00 PM,276,59,217
01/17/2017 06:00:00 PM,191,48,143
01/17/2017 07:00:00 PM,78,14,64
01/17/2017 08:00:00 PM,28,6,22
01/17/2017 09:00:00 PM,12,3,9
01/17/2017 10:00:00 PM,4,2,2
01/17/2017 11:00:00 PM,3,1,2
01/18/2017 12:00:00 AM,3,2,1
01/18/2017 01:00:00 AM,0,0,0
01/18/2017 02:00:00 AM,0,0,0
01/18/2017 03:00:00 AM,1,0,1
01/18/2017 04:00:00 AM,6,5,1
01/18/2017 05:00:00 AM,16,11,5
01/18/2017 06:00:00 AM,70,47,23
01/18/2017 07:00:00 AM,168,104,64
01/18/2017 08:00:00 AM,185,114,71
01/18/2017 09:00:00 AM,88,51,37
01/18/2017 10:00:00 AM,32,12,20
01/18/2017 11:00:00 AM,29,12,17
01/18/2017 12:00:00 PM,31,17,14
01/18/2017 01:00:00 PM,36,18,18
01/18/2017 02:00:00 PM,24,13,11
01/18/2017 03:00:00 PM,52,23,29
01/18/2017 04:00:00 PM,136,46,90
01/18/2017 05:00:00 PM,222,47,175
01/18/2017 06:00:00 PM,164,49,115
01/18/2017 07:00:00 PM,65,21,44
01/18/2017 08:00:00 PM,34,14,20
01/18/2017 09:00:00 PM,21,6,15
01/18/2017 10:00:00 PM,14,5,9
01/18/2017 11:00:00 PM,9,6,3
01/19/2017 12:00:00 AM,0,0,0
01/19/2017 01:00:00 AM,2,1,1
01/19/2017 02:00:00 AM,1,0,1
01/19/2017 03:00:00 AM,0,0,0
01/19/2017 04:00:00 AM,4,3,1
01/19/2017 05:00:00 AM,21,12,9
01/19/2017 06:00:00 AM,62,43,19
01/19/2017 07:00:00 AM,195,123,72
01/19/2017 08:00:00 AM,328,193,135
01/19/2017 09:00:00 AM,155,83,72
01/19/2017 10:00:00 AM,63,31,32
01/19/2017 11:00:00 AM,39,17,22
01/19/2017 12:00:00 PM,46,30,16
01/19/2017 01:00:00 PM,49,32,17
01/19/2017 02:00:00 PM,44,20,24
01/19/2017 03:00:00 PM,54,18,36
01/19/2017 04:00:00 PM,161,51,110
01/19/2017 05:00:00 PM,303,70,233
01/19/2017 06:00:00 PM,213,54,159
01/19/2017 07:00:00 PM,93,29,64
01/19/2017 08:00:00 PM,51,15,36
01/19/2017 09:00:00 PM,31,12,19
01/19/2017 10:00:00 PM,19,7,12
01/19/2017 11:00:00 PM,11,4,7
01/20/2017 12:00:00 AM,2,1,1
01/20/2017 01:00:00 AM,3,3,0
01/20/2017 02:00:00 AM,0,0,0
01/20/2017 03:00:00 AM,1,1,0
01/20/2017 04:00:00 AM,9,6,3
01/20/2017 05:00:00 AM,19,13,6
01/20/2017 06:00:00 AM,69,42,27
01/20/2017 07:00:00 AM,227,149,78
01/20/2017 08:00:00 AM,346,180,166
01/20/2017 09:00:00 AM,183,101,82
01/20/2017 10:00:00 AM,56,30,26
01/20/2017 11:00:00 AM,52,33,19
01/20/2017 12:00:00 PM,48,25,23
01/20/2017 01:00:00 PM,77,43,34
01/20/2017 02:00:00 PM,65,23,42
01/20/2017 03:00:00 PM,93,40,53
01/20/2017 04:00:00 PM,217,57,160
01/20/2017 05:00:00 PM,342,88,254
01/20/2017 06:00:00 PM,196,59,137
01/20/2017 07:00:00 PM,87,24,63
01/20/2017 08:00:00 PM,49,13,36
01/20/2017 09:00:00 PM,33,13,20
01/20/2017 10:00:00 PM,26,10,16
01/20/2017 11:00:00 PM,20,7,13
01/21/2017 12:00:00 AM,14,3,11
01/21/2017 01:00:00 AM,4,0,4
01/21/2017 02:00:00 AM,2,1,1
01/21/2017 03:00:00 AM,1,1,0
01/21/2017 04:00:00 AM,2,1,1
01/21/2017 05:00:00 AM,11,7,4
01/21/2017 06:00:00 AM,10,7,3
01/21/2017 07:00:00 AM,21,12,9
01/21/2017 08:00:00 AM,64,30,34
01/21/2017 09:00:00 AM,82,49,33
01/21/2017 10:00:00 AM,120,78,42
01/21/2017 11:00:00 AM,94,51,43
01/21/2017 12:00:00 PM,129,75,54
01/21/2017 01:00:00 PM,146,62,84
01/21/2017 02:00:00 PM,187,59,128
01/21/2017 03:00:00 PM,180,55,125
01/21/2017 04:00:00 PM,118,49,69
01/21/2017 05:00:00 PM,52,24,28
01/21/2017 06:00:00 PM,39,8,31
01/21/2017 07:00:00 PM,23,6,17
01/21/2017 08:00:00 PM,10,3,7
01/21/2017 09:00:00 PM,24,13,11
01/21/2017 10:00:00 PM,15,10,5
01/21/2017 11:00:00 PM,15,3,12
01/22/2017 12:00:00 AM,8,3,5
01/22/2017 01:00:00 AM,6,0,6
01/22/2017 02:00:00 AM,3,2,1
01/22/2017 03:00:00 AM,1,1,0
01/22/2017 04:00:00 AM,0,0,0
01/22/2017 05:00:00 AM,5,4,1
01/22/2017 06:00:00 AM,2,2,0
01/22/2017 07:00:00 AM,12,8,4
01/22/2017 08:00:00 AM,21,9,12
01/22/2017 09:00:00 AM,21,12,9
01/22/2017 10:00:00 AM,17,9,8
01/22/2017 11:00:00 AM,26,15,11
01/22/2017 12:00:00 PM,28,13,15
01/22/2017 01:00:00 PM,34,16,18
01/22/2017 02:00:00 PM,40,22,18
01/22/2017 03:00:00 PM,46,20,26
01/22/2017 04:00:00 PM,52,32,20
01/22/2017 05:00:00 PM,31,14,17
01/22/2017 06:00:00 PM,28,14,14
01/22/2017 07:00:00 PM,16,7,9
01/22/2017 08:00:00 PM,15,7,8
01/22/2017 09:00:00 PM,9,5,4
01/22/2017 10:00:00 PM,5,2,3
01/22/2017 11:00:00 PM,7,2,5
01/23/2017 12:00:00 AM,1,0,1
01/23/2017 01:00:00 AM,3,2,1
01/23/2017 02:00:00 AM,2,1,1
01/23/2017 03:00:00 AM,2,1,1
01/23/2017 04:00:00 AM,3,1,2
01/23/2017 05:00:00 AM,24,12,12
01/23/2017 06:00:00 AM,94,59,35
01/23/2017 07:00:00 AM,269,175,94
01/23/2017 08:00:00 AM,406,256,150
01/23/2017 09:00:00 AM,191,106,85
01/23/2017 10:00:00 AM,89,44,45
01/23/2017 11:00:00 AM,54,25,29
01/23/2017 12:00:00 PM,64,25,39
01/23/2017 01:00:00 PM,71,31,40
01/23/2017 02:00:00 PM,73,25,48
01/23/2017 03:00:00 PM,108,45,63
01/23/2017 04:00:00 PM,209,81,128
01/23/2017 05:00:00 PM,449,104,345
01/23/2017 06:00:00 PM,277,90,187
01/23/2017 07:00:00 PM,118,37,81
01/23/2017 08:00:00 PM,67,22,45
01/23/2017 09:00:00 PM,33,11,22
01/23/2017 10:00:00 PM,17,6,11
01/23/2017 11:00:00 PM,11,3,8
01/24/2017 12:00:00 AM,5,3,2
01/24/2017 01:00:00 AM,6,3,3
01/24/2017 02:00:00 AM,3,2,1
01/24/2017 03:00:00 AM,1,1,0
01/24/2017 04:00:00 AM,5,3,2
01/24/2017 05:00:00 AM,31,16,15
01/24/2017 06:00:00 AM,94,58,36
01/24/2017 07:00:00 AM,292,188,104
01/24/2017 08:00:00 AM,371,232,139
01/24/2017 09:00:00 AM,217,121,96
01/24/2017 10:00:00 AM,83,38,45
01/24/2017 11:00:00 AM,64,31,33
01/24/2017 12:00:00 PM,48,28,20
01/24/2017 01:00:00 PM,70,42,28
01/24/2017 02:00:00 PM,47,22,25
01/24/2017 03:00:00 PM,99,39,60
01/24/2017 04:00:00 PM,181,50,131
01/24/2017 05:00:00 PM,414,108,306
01/24/2017 06:00:00 PM,279,86,193
01/24/2017 07:00:00 PM,131,41,90
01/24/2017 08:00:00 PM,62,18,44
01/24/2017 09:00:00 PM,38,14,24
01/24/2017 10:00:00 PM,18,5,13
01/24/2017 11:00:00 PM,15,9,6
01/25/2017 12:00:00 AM,11,6,5
01/25/2017 01:00:00 AM,3,0,3
01/25/2017 02:00:00 AM,1,1,0
01/25/2017 03:00:00 AM,0,0,0
01/25/2017 04:00:00 AM,7,7,0
01/25/2017 05:00:00 AM,28,15,13
01/25/2017 06:00:00 AM,100,59,41
01/25/2017 07:00:00 AM,245,163,82
01/25/2017 08:00:00 AM,385,233,152
01/25/2017 09:00:00 AM,187,113,74
01/25/2017 10:00:00 AM,68,28,40
01/25/2017 11:00:00 AM,60,35,25
01/25/2017 12:00:00 PM,52,31,21
01/25/2017 01:00:00 PM,44,17,27
01/25/2017 02:00:00 PM,40,17,23
01/25/2017 03:00:00 PM,75,28,47
01/25/2017 04:00:00 PM,167,62,105
01/25/2017 05:00:00 PM,384,87,297
01/25/2017 06:00:00 PM,259,83,176
01/25/2017 07:00:00 PM,114,37,77
01/25/2017 08:00:00 PM,49,22,27
01/25/2017 09:00:00 PM,43,14,29
01/25/2017 10:00:00 PM,12,3,9
01/25/2017 11:00:00 PM,8,5,3
01/26/2017 12:00:00 AM,5,3,2
01/26/2017 01:00:00 AM,0,0,0
01/26/2017 02:00:00 AM,5,3,2
01/26/2017 03:00:00 AM,3,0,3
01/26/2017 04:00:00 AM,7,5,2
01/26/2017 05:00:00 AM,34,23,11
01/26/2017 06:00:00 AM,103,63,40
01/26/2017 07:00:00 AM,242,164,78
01/26/2017 08:00:00 AM,401,247,154
01/26/2017 09:00:00 AM,205,118,87
01/26/2017 10:00:00 AM,57,22,35
01/26/2017 11:00:00 AM,61,28,33
01/26/2017 12:00:00 PM,51,20,31
01/26/2017 01:00:00 PM,53,28,25
01/26/2017 02:00:00 PM,65,29,36
01/26/2017 03:00:00 PM,94,42,52
01/26/2017 04:00:00 PM,210,72,138
01/26/2017 05:00:00 PM,387,78,309
01/26/2017 06:00:00 PM,273,89,184
01/26/2017 07:00:00 PM,134,38,96
01/26/2017 08:00:00 PM,55,14,41
01/26/2017 09:00:00 PM,33,12,21
01/26/2017 10:00:00 PM,27,12,15
01/26/2017 11:00:00 PM,13,4,9
01/27/2017 12:00:00 AM,6,1,5
01/27/2017 01:00:00 AM,4,1,3
01/27/2017 02:00:00 AM,1,1,0
01/27/2017 03:00:00 AM,1,1,0
01/27/2017 04:00:00 AM,7,4,3
01/27/2017 05:00:00 AM,25,13,12
01/27/2017 06:00:00 AM,67,45,22
01/27/2017 07:00:00 AM,231,155,76
01/27/2017 08:00:00 AM,342,194,148
01/27/2017 09:00:00 AM,161,76,85
01/27/2017 10:00:00 AM,82,41,41
01/27/2017 11:00:00 AM,77,38,39
01/27/2017 12:00:00 PM,57,29,28
01/27/2017 01:00:00 PM,80,35,45
01/27/2017 02:00:00 PM,87,47,40
01/27/2017 03:00:00 PM,115,54,61
01/27/2017 04:00:00 PM,260,81,179
01/27/2017 05:00:00 PM,381,97,284
01/27/2017 06:00:00 PM,214,60,154
01/27/2017 07:00:00 PM,78,29,49
01/27/2017 08:00:00 PM,37,11,26
01/27/2017 09:00:00 PM,23,5,18
01/27/2017 10:00:00 PM,29,6,23
01/27/2017 11:00:00 PM,18,8,10
01/28/2017 12:00:00 AM,13,5,8
01/28/2017 01:00:00 AM,5,3,2
01/28/2017 02:00:00 AM,3,1,2
01/28/2017 03:00:00 AM,0,0,0
01/28/2017 04:00:00 AM,3,1,2
01/28/2017 05:00:00 AM,3,1,2
01/28/2017 06:00:00 AM,6,2,4
01/28/2017 07:00:00 AM,23,9,14
01/28/2017 08:00:00 AM,54,33,21
01/28/2017 09:00:00 AM,54,29,25
01/28/2017 10:00:00 AM,99,63,36
01/28/2017 11:00:00 AM,107,60,47
01/28/2017 12:00:00 PM,102,56,46
01/28/2017 01:00:00 PM,131,77,54
01/28/2017 02:00:00 PM,109,75,34
01/28/2017 03:00:00 PM,126,55,71
01/28/2017 04:00:00 PM,136,78,58
01/28/2017 05:00:00 PM,70,29,41
01/28/2017 06:00:00 PM,59,28,31
01/28/2017 07:00:00 PM,31,11,20
01/28/2017 08:00:00 PM,26,7,19
01/28/2017 09:00:00 PM,25,12,13
01/28/2017 10:00:00 PM,17,3,14
01/28/2017 11:00:00 PM,13,3,10
01/29/2017 12:00:00 AM,17,6,11
01/29/2017 01:00:00 AM,6,2,4
01/29/2017 02:00:00 AM,4,1,3
01/29/2017 03:00:00 AM,3,1,2
01/29/2017 04:00:00 AM,1,0,1
01/29/2017 05:00:00 AM,7,4,3
01/29/2017 06:00:00 AM,8,4,4
01/29/2017 07:00:00 AM,12,5,7
01/29/2017 08:00:00 AM,41,19,22
01/29/2017 09:00:00 AM,52,30,22
01/29/2017 10:00:00 AM,60,23,37
01/29/2017 11:00:00 AM,74,41,33
01/29/2017 12:00:00 PM,88,50,38
01/29/2017 01:00:00 PM,63,28,35
01/29/2017 02:00:00 PM,58,38,20
01/29/2017 03:00:00 PM,57,36,21
01/29/2017 04:00:00 PM,59,23,36
01/29/2017 05:00:00 PM,62,32,30
01/29/2017 06:00:00 PM,38,15,23
01/29/2017 07:00:00 PM,44,2,42
01/29/2017 08:00:00 PM,26,5,21
01/29/2017 09:00:00 PM,13,6,7
01/29/2017 10:00:00 PM,13,6,7
01/29/2017 11:00:00 PM,8,1,7
01/30/2017 12:00:00 AM,1,0,1
01/30/2017 01:00:00 AM,2,0,2
01/30/2017 02:00:00 AM,2,1,1
01/30/2017 03:00:00 AM,2,1,1
01/30/2017 04:00:00 AM,6,2,4
01/30/2017 05:00:00 AM,32,19,13
01/30/2017 06:00:00 AM,103,62,41
01/30/2017 07:00:00 AM,306,206,100
01/30/2017 08:00:00 AM,410,256,154
01/30/2017 09:00:00 AM,189,102,87
01/30/2017 10:00:00 AM,79,39,40
01/30/2017 11:00:00 AM,50,28,22
01/30/2017 12:00:00 PM,46,12,34
01/30/2017 01:00:00 PM,60,26,34
01/30/2017 02:00:00 PM,68,30,38
01/30/2017 03:00:00 PM,103,39,64
01/30/2017 04:00:00 PM,200,64,136
01/30/2017 05:00:00 PM,454,100,354
01/30/2017 06:00:00 PM,302,74,228
01/30/2017 07:00:00 PM,114,28,86
01/30/2017 08:00:00 PM,55,19,36
01/30/2017 09:00:00 PM,37,9,28
01/30/2017 10:00:00 PM,15,6,9
01/30/2017 11:00:00 PM,9,5,4
01/31/2017 12:00:00 AM,3,1,2
01/31/2017 01:00:00 AM,2,1,1
01/31/2017 02:00:00 AM,0,0,0
01/31/2017 03:00:00 AM,1,1,0
01/31/2017 04:00:00 AM,6,3,3
01/31/2017 05:00:00 AM,33,17,16
01/31/2017 06:00:00 AM,103,67,36
01/31/2017 07:00:00 AM,304,195,109
01/31/2017 08:00:00 AM,405,237,168
01/31/2017 09:00:00 AM,198,98,100
01/31/2017 10:00:00 AM,83,43,40
01/31/2017 11:00:00 AM,47,24,23
01/31/2017 12:00:00 PM,47,29,18
01/31/2017 01:00:00 PM,51,24,27
01/31/2017 02:00:00 PM,44,18,26
01/31/2017 03:00:00 PM,110,52,58
01/31/2017 04:00:00 PM,208,73,135
01/31/2017 05:00:00 PM,434,93,341
01/31/2017 06:00:00 PM,283,89,194
01/31/2017 07:00:00 PM,116,27,89
01/31/2017 08:00:00 PM,64,25,39
01/31/2017 09:00:00 PM,32,19,13
01/31/2017 10:00:00 PM,19,4,15
01/31/2017 11:00:00 PM,15,6,9
02/01/2017 12:00:00 AM,7,3,4
02/01/2017 01:00:00 AM,0,0,0
02/01/2017 02:00:00 AM,1,0,1
02/01/2017 03:00:00 AM,1,0,1
02/01/2017 04:00:00 AM,4,3,1
02/01/2017 05:00:00 AM,28,18,10
02/01/2017 06:00:00 AM,87,54,33
02/01/2017 07:00:00 AM,244,154,90
02/01/2017 08:00:00 AM,355,216,139
02/01/2017 09:00:00 AM,201,106,95
02/01/2017 10:00:00 AM,71,39,32
02/01/2017 11:00:00 AM,48,24,24
02/01/2017 12:00:00 PM,48,27,21
02/01/2017 01:00:00 PM,56,29,27
02/01/2017 02:00:00 PM,56,25,31
02/01/2017 03:00:00 PM,120,58,62
02/01/2017 04:00:00 PM,182,70,112
02/01/2017 05:00:00 PM,365,85,280
02/01/2017 06:00:00 PM,276,85,191
02/01/2017 07:00:00 PM,113,32,81
02/01/2017 08:00:00 PM,70,23,47
02/01/2017 09:00:00 PM,41,15,26
02/01/2017 10:00:00 PM,18,3,15
02/01/2017 11:00:00 PM,14,8,6
02/02/2017 12:00:00 AM,5,2,3
02/02/2017 01:00:00 AM,2,2,0
02/02/2017 02:00:00 AM,0,0,0
02/02/2017 03:00:00 AM,1,1,0
02/02/2017 04:00:00 AM,5,3,2
02/02/2017 05:00:00 AM,34,21,13
02/02/2017 06:00:00 AM,88,51,37
02/02/2017 07:00:00 AM,216,136,80
02/02/2017 08:00:00 AM,367,228,139
02/02/2017 09:00:00 AM,194,106,88
02/02/2017 10:00:00 AM,68,31,37
02/02/2017 11:00:00 AM,54,27,27
02/02/2017 12:00:00 PM,42,25,17
02/02/2017 01:00:00 PM,51,32,19
02/02/2017 02:00:00 PM,63,25,38
02/02/2017 03:00:00 PM,91,40,51
02/02/2017 04:00:00 PM,198,76,122
02/02/2017 05:00:00 PM,365,91,274
02/02/2017 06:00:00 PM,258,86,172
02/02/2017 07:00:00 PM,114,28,86
02/02/2017 08:00:00 PM,67,19,48
02/02/2017 09:00:00 PM,43,16,27
02/02/2017 10:00:00 PM,20,5,15
02/02/2017 11:00:00 PM,8,5,3
02/03/2017 12:00:00 AM,2,0,2
02/03/2017 01:00:00 AM,3,1,2
02/03/2017 02:00:00 AM,1,0,1
02/03/2017 03:00:00 AM,0,0,0
02/03/2017 04:00:00 AM,4,2,2
02/03/2017 05:00:00 AM,21,12,9
02/03/2017 06:00:00 AM,35,24,11
02/03/2017 07:00:00 AM,93,61,32
02/03/2017 08:00:00 AM,165,83,82
02/03/2017 09:00:00 AM,113,63,50
02/03/2017 10:00:00 AM,49,25,24
02/03/2017 11:00:00 AM,33,15,18
02/03/2017 12:00:00 PM,23,13,10
02/03/2017 01:00:00 PM,16,7,9
02/03/2017 02:00:00 PM,32,13,19
02/03/2017 03:00:00 PM,36,18,18
02/03/2017 04:00:00 PM,82,25,57
02/03/2017 05:00:00 PM,176,39,137
02/03/2017 06:00:00 PM,129,34,95
02/03/2017 07:00:00 PM,46,16,30
02/03/2017 08:00:00 PM,21,5,16
02/03/2017 09:00:00 PM,16,2,14
02/03/2017 10:00:00 PM,11,1,10
02/03/2017 11:00:00 PM,14,6,8
02/04/2017 12:00:00 AM,7,4,3
02/04/2017 01:00:00 AM,0,0,0
02/04/2017 02:00:00 AM,4,0,4
02/04/2017 03:00:00 AM,1,0,1
02/04/2017 04:00:00 AM,2,0,2
02/04/2017 05:00:00 AM,4,3,1
02/04/2017 06:00:00 AM,8,4,4
02/04/2017 07:00:00 AM,7,3,4
02/04/2017 08:00:00 AM,33,19,14
02/04/2017 09:00:00 AM,26,15,11
02/04/2017 10:00:00 AM,25,20,5
02/04/2017 11:00:00 AM,33,23,10
02/04/2017 12:00:00 PM,31,16,15
02/04/2017 01:00:00 PM,20,12,8
02/04/2017 02:00:00 PM,18,9,9
02/04/2017 03:00:00 PM,24,13,11
02/04/2017 04:00:00 PM,18,11,7
02/04/2017 05:00:00 PM,28,15,13
02/04/2017 06:00:00 PM,18,7,11
02/04/2017 07:00:00 PM,20,12,8
02/04/2017 08:00:00 PM,7,4,3
02/04/2017 09:00:00 PM,10,3,7
02/04/2017 10:00:00 PM,4,2,2
02/04/2017 11:00:00 PM,5,3,2
02/05/2017 12:00:00 AM,7,2,5
02/05/2017 01:00:00 AM,1,0,1
02/05/2017 02:00:00 AM,0,0,0
02/05/2017 03:00:00 AM,0,0,0
02/05/2017 04:00:00 AM,1,1,0
02/05/2017 05:00:00 AM,2,1,1
02/05/2017 06:00:00 AM,8,3,5
02/05/2017 07:00:00 AM,13,10,3
02/05/2017 08:00:00 AM,22,12,10
02/05/2017 09:00:00 AM,28,18,10
02/05/2017 10:00:00 AM,29,14,15
02/05/2017 11:00:00 AM,24,16,8
02/05/2017 12:00:00 PM,28,14,14
02/05/2017 01:00:00 PM,21,11,10
02/05/2017 02:00:00 PM,26,16,10
02/05/2017 03:00:00 PM,16,8,8
02/05/2017 04:00:00 PM,13,7,6
02/05/2017 05:00:00 PM,14,7,7
02/05/2017 06:00:00 PM,10,5,5
02/05/2017 07:00:00 PM,11,4,7
02/05/2017 08:00:00 PM,13,7,6
02/05/2017 09:00:00 PM,2,1,1
02/05/2017 10:00:00 PM,1,1,0
02/05/2017 11:00:00 PM,2,1,1
02/06/2017 12:00:00 AM,4,1,3
02/06/2017 01:00:00 AM,1,1,0
02/06/2017 02:00:00 AM,0,0,0
02/06/2017 03:00:00 AM,0,0,0
02/06/2017 04:00:00 AM,2,2,0
02/06/2017 05:00:00 AM,4,2,2
02/06/2017 06:00:00 AM,9,5,4
02/06/2017 07:00:00 AM,22,9,13
02/06/2017 08:00:00 AM,43,26,17
02/06/2017 09:00:00 AM,29,12,17
02/06/2017 10:00:00 AM,25,11,14
02/06/2017 11:00:00 AM,11,3,8
02/06/2017 12:00:00 PM,9,1,8
02/06/2017 01:00:00 PM,14,6,8
02/06/2017 02:00:00 PM,14,6,8
02/06/2017 03:00:00 PM,20,10,10
02/06/2017 04:00:00 PM,29,9,20
02/06/2017 05:00:00 PM,61,17,44
02/06/2017 06:00:00 PM,26,6,20
02/06/2017 07:00:00 PM,17,3,14
02/06/2017 08:00:00 PM,14,6,8
02/06/2017 09:00:00 PM,8,5,3
02/06/2017 10:00:00 PM,4,0,4
02/06/2017 11:00:00 PM,2,2,0
02/07/2017 12:00:00 AM,1,1,0
02/07/2017 01:00:00 AM,1,0,1
02/07/2017 02:00:00 AM,0,0,0
02/07/2017 03:00:00 AM,0,0,0
02/07/2017 04:00:00 AM,3,1,2
02/07/2017 05:00:00 AM,18,9,9
02/07/2017 06:00:00 AM,43,25,18
02/07/2017 07:00:00 AM,119,71,48
02/07/2017 08:00:00 AM,219,130,89
02/07/2017 09:00:00 AM,113,62,51
02/07/2017 10:00:00 AM,46,27,19
02/07/2017 11:00:00 AM,28,16,12
02/07/2017 12:00:00 PM,25,14,11
02/07/2017 01:00:00 PM,36,14,22
02/07/2017 02:00:00 PM,21,9,12
02/07/2017 03:00:00 PM,56,17,39
02/07/2017 04:00:00 PM,96,30,66
02/07/2017 05:00:00 PM,249,61,188
02/07/2017 06:00:00 PM,179,58,121
02/07/2017 07:00:00 PM,66,20,46
02/07/2017 08:00:00 PM,42,19,23
02/07/2017 09:00:00 PM,26,9,17
02/07/2017 10:00:00 PM,9,3,6
02/07/2017 11:00:00 PM,7,1,6
02/08/2017 12:00:00 AM,4,3,1
02/08/2017 01:00:00 AM,1,0,1
02/08/2017 02:00:00 AM,4,1,3
02/08/2017 03:00:00 AM,1,0,1
02/08/2017 04:00:00 AM,7,5,2
02/08/2017 05:00:00 AM,23,17,6
02/08/2017 06:00:00 AM,70,49,21
02/08/2017 07:00:00 AM,152,101,51
02/08/2017 08:00:00 AM,264,138,126
02/08/2017 09:00:00 AM,117,59,58
02/08/2017 10:00:00 AM,42,25,17
02/08/2017 11:00:00 AM,24,10,14
02/08/2017 12:00:00 PM,15,6,9
02/08/2017 01:00:00 PM,24,14,10
02/08/2017 02:00:00 PM,20,7,13
02/08/2017 03:00:00 PM,45,16,29
02/08/2017 04:00:00 PM,96,20,76
02/08/2017 05:00:00 PM,238,57,181
02/08/2017 06:00:00 PM,166,58,108
02/08/2017 07:00:00 PM,70,18,52
02/08/2017 08:00:00 PM,25,6,19
02/08/2017 09:00:00 PM,12,4,8
02/08/2017 10:00:00 PM,13,0,13
02/08/2017 11:00:00 PM,3,2,1
02/09/2017 12:00:00 AM,1,0,1
02/09/2017 01:00:00 AM,1,1,0
02/09/2017 02:00:00 AM,1,1,0
02/09/2017 03:00:00 AM,1,1,0
02/09/2017 04:00:00 AM,5,2,3
02/09/2017 05:00:00 AM,17,9,8
02/09/2017 06:00:00 AM,60,40,20
02/09/2017 07:00:00 AM,136,92,44
02/09/2017 08:00:00 AM,166,87,79
02/09/2017 09:00:00 AM,97,46,51
02/09/2017 10:00:00 AM,38,15,23
02/09/2017 11:00:00 AM,29,11,18
02/09/2017 12:00:00 PM,24,9,15
02/09/2017 01:00:00 PM,14,10,4
02/09/2017 02:00:00 PM,30,17,13
02/09/2017 03:00:00 PM,43,18,25
02/09/2017 04:00:00 PM,101,42,59
02/09/2017 05:00:00 PM,207,57,150
02/09/2017 06:00:00 PM,151,54,97
02/09/2017 07:00:00 PM,58,15,43
02/09/2017 08:00:00 PM,29,11,18
02/09/2017 09:00:00 PM,22,10,12
02/09/2017 10:00:00 PM,9,1,8
02/09/2017 11:00:00 PM,6,1,5
02/10/2017 12:00:00 AM,4,2,2
02/10/2017 01:00:00 AM,1,0,1
02/10/2017 02:00:00 AM,3,2,1
02/10/2017 03:00:00 AM,1,1,0
02/10/2017 04:00:00 AM,7,5,2
02/10/2017 05:00:00 AM,23,11,12
02/10/2017 06:00:00 AM,62,43,19
02/10/2017 07:00:00 AM,183,123,60
02/10/2017 08:00:00 AM,258,153,105
02/10/2017 09:00:00 AM,146,71,75
02/10/2017 10:00:00 AM,52,22,30
02/10/2017 11:00:00 AM,38,18,20
02/10/2017 12:00:00 PM,31,14,17
02/10/2017 01:00:00 PM,34,21,13
02/10/2017 02:00:00 PM,26,13,13
02/10/2017 03:00:00 PM,66,25,41
02/10/2017 04:00:00 PM,139,50,89
02/10/2017 05:00:00 PM,296,75,221
02/10/2017 06:00:00 PM,173,40,133
02/10/2017 07:00:00 PM,76,20,56
02/10/2017 08:00:00 PM,41,8,33
02/10/2017 09:00:00 PM,16,7,9
02/10/2017 10:00:00 PM,15,4,11
02/10/2017 11:00:00 PM,16,8,8
02/11/2017 12:00:00 AM,6,4,2
02/11/2017 01:00:00 AM,3,3,0
02/11/2017 02:00:00 AM,3,2,1
02/11/2017 03:00:00 AM,1,0,1
02/11/2017 04:00:00 AM,2,1,1
02/11/2017 05:00:00 AM,3,3,0
02/11/2017 06:00:00 AM,10,2,8
02/11/2017 07:00:00 AM,17,8,9
02/11/2017 08:00:00 AM,42,25,17
02/11/2017 09:00:00 AM,53,27,26
02/11/2017 10:00:00 AM,64,36,28
02/11/2017 11:00:00 AM,86,52,34
02/11/2017 12:00:00 PM,88,51,37
02/11/2017 01:00:00 PM,99,55,44
02/11/2017 02:00:00 PM,125,56,69
02/11/2017 03:00:00 PM,109,46,63
02/11/2017 04:00:00 PM,82,41,41
02/11/2017 05:00:00 PM,72,37,35
02/11/2017 06:00:00 PM,33,10,23
02/11/2017 07:00:00 PM,31,11,20
02/11/2017 08:00:00 PM,20,10,10
02/11/2017 09:00:00 PM,37,6,31
02/11/2017 10:00:00 PM,24,11,13
02/11/2017 11:00:00 PM,13,5,8
02/12/2017 12:00:00 AM,6,1,5
02/12/2017 01:00:00 AM,7,3,4
02/12/2017 02:00:00 AM,4,2,2
02/12/2017 03:00:00 AM,2,2,0
02/12/2017 04:00:00 AM,3,3,0
02/12/2017 05:00:00 AM,0,0,0
02/12/2017 06:00:00 AM,5,1,4
02/12/2017 07:00:00 AM,16,11,5
02/12/2017 08:00:00 AM,36,19,17
02/12/2017 09:00:00 AM,43,23,20
02/12/2017 10:00:00 AM,74,44,30
02/12/2017 11:00:00 AM,84,46,38
02/12/2017 12:00:00 PM,118,67,51
02/12/2017 01:00:00 PM,127,68,59
02/12/2017 02:00:00 PM,191,102,89
02/12/2017 03:00:00 PM,162,75,87
02/12/2017 04:00:00 PM,155,76,79
02/12/2017 05:00:00 PM,67,36,31
02/12/2017 06:00:00 PM,41,14,27
02/12/2017 07:00:00 PM,38,14,24
02/12/2017 08:00:00 PM,23,5,18
02/12/2017 09:00:00 PM,13,7,6
02/12/2017 10:00:00 PM,11,7,4
02/12/2017 11:00:00 PM,5,2,3
02/13/2017 12:00:00 AM,2,0,2
02/13/2017 01:00:00 AM,3,0,3
02/13/2017 02:00:00 AM,0,0,0
02/13/2017 03:00:00 AM,0,0,0
02/13/2017 04:00:00 AM,4,3,1
02/13/2017 05:00:00 AM,29,20,9
02/13/2017 06:00:00 AM,112,67,45
02/13/2017 07:00:00 AM,290,186,104
02/13/2017 08:00:00 AM,436,250,186
02/13/2017 09:00:00 AM,233,131,102
02/13/2017 10:00:00 AM,112,57,55
02/13/2017 11:00:00 AM,57,28,29
02/13/2017 12:00:00 PM,67,24,43
02/13/2017 01:00:00 PM,81,42,39
02/13/2017 02:00:00 PM,95,44,51
02/13/2017 03:00:00 PM,137,57,80
02/13/2017 04:00:00 PM,242,85,157
02/13/2017 05:00:00 PM,535,118,417
02/13/2017 06:00:00 PM,331,116,215
02/13/2017 07:00:00 PM,134,45,89
02/13/2017 08:00:00 PM,64,23,41
02/13/2017 09:00:00 PM,34,10,24
02/13/2017 10:00:00 PM,21,11,10
02/13/2017 11:00:00 PM,8,3,5
02/14/2017 12:00:00 AM,5,2,3
02/14/2017 01:00:00 AM,5,2,3
02/14/2017 02:00:00 AM,5,3,2
02/14/2017 03:00:00 AM,2,1,1
02/14/2017 04:00:00 AM,4,3,1
02/14/2017 05:00:00 AM,32,18,14
02/14/2017 06:00:00 AM,124,80,44
02/14/2017 07:00:00 AM,346,218,128
02/14/2017 08:00:00 AM,449,274,175
02/14/2017 09:00:00 AM,202,108,94
02/14/2017 10:00:00 AM,86,35,51
02/14/2017 11:00:00 AM,56,32,24
02/14/2017 12:00:00 PM,64,35,29
02/14/2017 01:00:00 PM,64,33,31
02/14/2017 02:00:00 PM,74,29,45
02/14/2017 03:00:00 PM,120,43,77
02/14/2017 04:00:00 PM,261,75,186
02/14/2017 05:00:00 PM,525,120,405
02/14/2017 06:00:00 PM,266,71,195
02/14/2017 07:00:00 PM,122,39,83
02/14/2017 08:00:00 PM,47,21,26
02/14/2017 09:00:00 PM,32,18,14
02/14/2017 10:00:00 PM,12,3,9
02/14/2017 11:00:00 PM,1,0,1
02/15/2017 12:00:00 AM,4,3,1
02/15/2017 01:00:00 AM,3,1,2
02/15/2017 02:00:00 AM,0,0,0
02/15/2017 03:00:00 AM,2,0,2
02/15/2017 04:00:00 AM,2,1,1
02/15/2017 05:00:00 AM,18,8,10
02/15/2017 06:00:00 AM,60,45,15
02/15/2017 07:00:00 AM,188,117,71
02/15/2017 08:00:00 AM,262,152,110
02/15/2017 09:00:00 AM,147,68,79
02/15/2017 10:00:00 AM,49,25,24
02/15/2017 11:00:00 AM,23,13,10
02/15/2017 12:00:00 PM,12,7,5
02/15/2017 01:00:00 PM,22,9,13
02/15/2017 02:00:00 PM,17,2,15
02/15/2017 03:00:00 PM,47,22,25
02/15/2017 04:00:00 PM,99,29,70
02/15/2017 05:00:00 PM,272,54,218
02/15/2017 06:00:00 PM,181,48,133
02/15/2017 07:00:00 PM,76,16,60
02/15/2017 08:00:00 PM,43,14,29
02/15/2017 09:00:00 PM,15,5,10
02/15/2017 10:00:00 PM,16,6,10
02/15/2017 11:00:00 PM,3,1,2
02/16/2017 12:00:00 AM,1,0,1
02/16/2017 01:00:00 AM,1,0,1
02/16/2017 02:00:00 AM,3,2,1
02/16/2017 03:00:00 AM,2,1,1
02/16/2017 04:00:00 AM,5,4,1
02/16/2017 05:00:00 AM,18,11,7
02/16/2017 06:00:00 AM,96,56,40
02/16/2017 07:00:00 AM,241,150,91
02/16/2017 08:00:00 AM,326,201,125
02/16/2017 09:00:00 AM,180,102,78
02/16/2017 10:00:00 AM,72,39,33
02/16/2017 11:00:00 AM,58,31,27
02/16/2017 12:00:00 PM,56,29,27
02/16/2017 01:00:00 PM,55,27,28
02/16/2017 02:00:00 PM,58,26,32
02/16/2017 03:00:00 PM,86,37,49
02/16/2017 04:00:00 PM,176,56,120
02/16/2017 05:00:00 PM,391,94,297
02/16/2017 06:00:00 PM,252,75,177
02/16/2017 07:00:00 PM,99,35,64
02/16/2017 08:00:00 PM,65,15,50
02/16/2017 09:00:00 PM,37,12,25
02/16/2017 10:00:00 PM,15,5,10
02/16/2017 11:00:00 PM,15,5,10
02/17/2017 12:00:00 AM,11,6,5
02/17/2017 01:00:00 AM,2,2,0
02/17/2017 02:00:00 AM,2,0,2
02/17/2017 03:00:00 AM,3,2,1
02/17/2017 04:00:00 AM,8,5,3
02/17/2017 05:00:00 AM,17,8,9
02/17/2017 06:00:00 AM,92,53,39
02/17/2017 07:00:00 AM,260,168,92
02/17/2017 08:00:00 AM,347,203,144
02/17/2017 09:00:00 AM,205,115,90
02/17/2017 10:00:00 AM,71,31,40
02/17/2017 11:00:00 AM,68,39,29
02/17/2017 12:00:00 PM,92,49,43
02/17/2017 01:00:00 PM,71,28,43
02/17/2017 02:00:00 PM,86,42,44
02/17/2017 03:00:00 PM,175,77,98
02/17/2017 04:00:00 PM,263,94,169
02/17/2017 05:00:00 PM,411,122,289
02/17/2017 06:00:00 PM,232,64,168
02/17/2017 07:00:00 PM,80,28,52
02/17/2017 08:00:00 PM,46,11,35
02/17/2017 09:00:00 PM,31,13,18
02/17/2017 10:00:00 PM,24,7,17
02/17/2017 11:00:00 PM,22,10,12
02/18/2017 12:00:00 AM,10,3,7
02/18/2017 01:00:00 AM,5,2,3
02/18/2017 02:00:00 AM,0,0,0
02/18/2017 03:00:00 AM,0,0,0
02/18/2017 04:00:00 AM,6,5,1
02/18/2017 05:00:00 AM,3,2,1
02/18/2017 06:00:00 AM,7,3,4
02/18/2017 07:00:00 AM,15,9,6
02/18/2017 08:00:00 AM,42,26,16
02/18/2017 09:00:00 AM,47,20,27
02/18/2017 10:00:00 AM,56,31,25
02/18/2017 11:00:00 AM,35,16,19
02/18/2017 12:00:00 PM,48,17,31
02/18/2017 01:00:00 PM,34,13,21
02/18/2017 02:00:00 PM,44,24,20
02/18/2017 03:00:00 PM,38,23,15
02/18/2017 04:00:00 PM,37,20,17
02/18/2017 05:00:00 PM,33,14,19
02/18/2017 06:00:00 PM,38,19,19
02/18/2017 07:00:00 PM,17,3,14
02/18/2017 08:00:00 PM,10,6,4
02/18/2017 09:00:00 PM,15,7,8
02/18/2017 10:00:00 PM,13,4,9
02/18/2017 11:00:00 PM,6,1,5
02/19/2017 12:00:00 AM,10,5,5
02/19/2017 01:00:00 AM,3,1,2
02/19/2017 02:00:00 AM,3,0,3
02/19/2017 03:00:00 AM,2,1,1
02/19/2017 04:00:00 AM,3,1,2
02/19/2017 05:00:00 AM,1,0,1
02/19/2017 06:00:00 AM,5,2,3
02/19/2017 07:00:00 AM,3,2,1
02/19/2017 08:00:00 AM,20,11,9
02/19/2017 09:00:00 AM,27,11,16
02/19/2017 10:00:00 AM,56,28,28
02/19/2017 11:00:00 AM,71,39,32
02/19/2017 12:00:00 PM,91,40,51
02/19/2017 01:00:00 PM,61,31,30
02/19/2017 02:00:00 PM,44,22,22
02/19/2017 03:00:00 PM,40,13,27
02/19/2017 04:00:00 PM,33,16,17
02/19/2017 05:00:00 PM,27,15,12
02/19/2017 06:00:00 PM,17,11,6
02/19/2017 07:00:00 PM,21,6,15
02/19/2017 08:00:00 PM,6,2,4
02/19/2017 09:00:00 PM,7,4,3
02/19/2017 10:00:00 PM,7,3,4
02/19/2017 11:00:00 PM,6,5,1
02/20/2017 12:00:00 AM,2,2,0
02/20/2017 01:00:00 AM,4,0,4
02/20/2017 02:00:00 AM,4,1,3
02/20/2017 03:00:00 AM,1,1,0
02/20/2017 04:00:00 AM,3,2,1
02/20/2017 05:00:00 AM,20,15,5
02/20/2017 06:00:00 AM,30,22,8
02/20/2017 07:00:00 AM,91,53,38
02/20/2017 08:00:00 AM,145,83,62
02/20/2017 09:00:00 AM,81,39,42
02/20/2017 10:00:00 AM,37,25,12
02/20/2017 11:00:00 AM,28,12,16
02/20/2017 12:00:00 PM,28,13,15
02/20/2017 01:00:00 PM,25,10,15
02/20/2017 02:00:00 PM,21,8,13
02/20/2017 03:00:00 PM,25,11,14
02/20/2017 04:00:00 PM,59,22,37
02/20/2017 05:00:00 PM,146,26,120
02/20/2017 06:00:00 PM,110,18,92
02/20/2017 07:00:00 PM,54,19,35
02/20/2017 08:00:00 PM,23,8,15
02/20/2017 09:00:00 PM,14,6,8
02/20/2017 10:00:00 PM,10,3,7
02/20/2017 11:00:00 PM,8,2,6
02/21/2017 12:00:00 AM,6,5,1
02/21/2017 01:00:00 AM,2,0,2
02/21/2017 02:00:00 AM,4,4,0
02/21/2017 03:00:00 AM,3,2,1
02/21/2017 04:00:00 AM,3,1,2
02/21/2017 05:00:00 AM,27,17,10
02/21/2017 06:00:00 AM,92,60,32
02/21/2017 07:00:00 AM,208,116,92
02/21/2017 08:00:00 AM,282,171,111
02/21/2017 09:00:00 AM,147,71,76
02/21/2017 10:00:00 AM,61,28,33
02/21/2017 11:00:00 AM,38,25,13
02/21/2017 12:00:00 PM,38,10,28
02/21/2017 01:00:00 PM,43,21,22
02/21/2017 02:00:00 PM,40,24,16
02/21/2017 03:00:00 PM,64,22,42
02/21/2017 04:00:00 PM,157,58,99
02/21/2017 05:00:00 PM,335,73,262
02/21/2017 06:00:00 PM,224,54,170
02/21/2017 07:00:00 PM,87,30,57
02/21/2017 08:00:00 PM,38,12,26
02/21/2017 09:00:00 PM,22,9,13
02/21/2017 10:00:00 PM,10,2,8
02/21/2017 11:00:00 PM,6,2,4
02/22/2017 12:00:00 AM,2,2,0
02/22/2017 01:00:00 AM,1,1,0
02/22/2017 02:00:00 AM,0,0,0
02/22/2017 03:00:00 AM,3,2,1
02/22/2017 04:00:00 AM,6,4,2
02/22/2017 05:00:00 AM,28,19,9
02/22/2017 06:00:00 AM,84,52,32
02/22/2017 07:00:00 AM,213,134,79
02/22/2017 08:00:00 AM,322,182,140
02/22/2017 09:00:00 AM,142,75,67
02/22/2017 10:00:00 AM,63,26,37
02/22/2017 11:00:00 AM,32,12,20
02/22/2017 12:00:00 PM,39,21,18
02/22/2017 01:00:00 PM,49,22,27
02/22/2017 02:00:00 PM,66,38,28
02/22/2017 03:00:00 PM,102,43,59
02/22/2017 04:00:00 PM,192,69,123
02/22/2017 05:00:00 PM,374,97,277
02/22/2017 06:00:00 PM,208,57,151
02/22/2017 07:00:00 PM,125,36,89
02/22/2017 08:00:00 PM,50,18,32
02/22/2017 09:00:00 PM,38,13,25
02/22/2017 10:00:00 PM,24,12,12
02/22/2017 11:00:00 PM,13,7,6
02/23/2017 12:00:00 AM,7,1,6
02/23/2017 01:00:00 AM,2,1,1
02/23/2017 02:00:00 AM,1,0,1
02/23/2017 03:00:00 AM,3,1,2
02/23/2017 04:00:00 AM,7,4,3
02/23/2017 05:00:00 AM,31,17,14
02/23/2017 06:00:00 AM,97,62,35
02/23/2017 07:00:00 AM,216,131,85
02/23/2017 08:00:00 AM,306,177,129
02/23/2017 09:00:00 AM,159,70,89
02/23/2017 10:00:00 AM,70,25,45
02/23/2017 11:00:00 AM,53,34,19
02/23/2017 12:00:00 PM,49,21,28
02/23/2017 01:00:00 PM,55,25,30
02/23/2017 02:00:00 PM,47,22,25
02/23/2017 03:00:00 PM,74,26,48
02/23/2017 04:00:00 PM,152,36,116
02/23/2017 05:00:00 PM,346,77,269
02/23/2017 06:00:00 PM,218,62,156
02/23/2017 07:00:00 PM,95,39,56
02/23/2017 08:00:00 PM,65,22,43
02/23/2017 09:00:00 PM,35,7,28
02/23/2017 10:00:00 PM,20,7,13
02/23/2017 11:00:00 PM,9,4,5
02/24/2017 12:00:00 AM,4,2,2
02/24/2017 01:00:00 AM,3,1,2
02/24/2017 02:00:00 AM,3,2,1
02/24/2017 03:00:00 AM,2,1,1
02/24/2017 04:00:00 AM,6,4,2
02/24/2017 05:00:00 AM,19,11,8
02/24/2017 06:00:00 AM,62,35,27
02/24/2017 07:00:00 AM,168,102,66
02/24/2017 08:00:00 AM,252,141,111
02/24/2017 09:00:00 AM,133,67,66
02/24/2017 10:00:00 AM,65,35,30
02/24/2017 11:00:00 AM,43,19,24
02/24/2017 12:00:00 PM,38,20,18
02/24/2017 01:00:00 PM,50,24,26
02/24/2017 02:00:00 PM,52,29,23
02/24/2017 03:00:00 PM,116,55,61
02/24/2017 04:00:00 PM,196,72,124
02/24/2017 05:00:00 PM,282,86,196
02/24/2017 06:00:00 PM,185,63,122
02/24/2017 07:00:00 PM,74,22,52
02/24/2017 08:00:00 PM,45,13,32
02/24/2017 09:00:00 PM,35,15,20
02/24/2017 10:00:00 PM,17,9,8
02/24/2017 11:00:00 PM,10,4,6
02/25/2017 12:00:00 AM,8,2,6
02/25/2017 01:00:00 AM,6,3,3
02/25/2017 02:00:00 AM,1,1,0
02/25/2017 03:00:00 AM,1,0,1
02/25/2017 04:00:00 AM,1,0,1
02/25/2017 05:00:00 AM,11,7,4
02/25/2017 06:00:00 AM,6,4,2
02/25/2017 07:00:00 AM,22,12,10
02/25/2017 08:00:00 AM,47,26,21
02/25/2017 09:00:00 AM,80,49,31
02/25/2017 10:00:00 AM,75,36,39
02/25/2017 11:00:00 AM,85,43,42
02/25/2017 12:00:00 PM,99,52,47
02/25/2017 01:00:00 PM,95,42,53
02/25/2017 02:00:00 PM,111,55,56
02/25/2017 03:00:00 PM,100,42,58
02/25/2017 04:00:00 PM,70,40,30
02/25/2017 05:00:00 PM,56,18,38
02/25/2017 06:00:00 PM,30,14,16
02/25/2017 07:00:00 PM,25,11,14
02/25/2017 08:00:00 PM,22,8,14
02/25/2017 09:00:00 PM,13,5,8
02/25/2017 10:00:00 PM,10,4,6
02/25/2017 11:00:00 PM,7,3,4
02/26/2017 12:00:00 AM,8,4,4
02/26/2017 01:00:00 AM,6,2,4
02/26/2017 02:00:00 AM,2,1,1
02/26/2017 03:00:00 AM,0,0,0
02/26/2017 04:00:00 AM,2,1,1
02/26/2017 05:00:00 AM,3,2,1
02/26/2017 06:00:00 AM,12,9,3
02/26/2017 07:00:00 AM,35,24,11
02/26/2017 08:00:00 AM,38,29,9
02/26/2017 09:00:00 AM,24,13,11
02/26/2017 10:00:00 AM,27,16,11
02/26/2017 11:00:00 AM,21,12,9
02/26/2017 12:00:00 PM,34,13,21
02/26/2017 01:00:00 PM,34,18,16
02/26/2017 02:00:00 PM,38,15,23
02/26/2017 03:00:00 PM,34,15,19
02/26/2017 04:00:00 PM,47,23,24
02/26/2017 05:00:00 PM,31,18,13
02/26/2017 06:00:00 PM,30,15,15
02/26/2017 07:00:00 PM,16,5,11
02/26/2017 08:00:00 PM,14,4,10
02/26/2017 09:00:00 PM,9,2,7
02/26/2017 10:00:00 PM,6,2,4
02/26/2017 11:00:00 PM,3,1,2
02/27/2017 12:00:00 AM,5,4,1
02/27/2017 01:00:00 AM,1,0,1
02/27/2017 02:00:00 AM,0,0,0
02/27/2017 03:00:00 AM,1,1,0
02/27/2017 04:00:00 AM,4,4,0
02/27/2017 05:00:00 AM,21,12,9
02/27/2017 06:00:00 AM,51,29,22
02/27/2017 07:00:00 AM,85,50,35
02/27/2017 08:00:00 AM,161,80,81
02/27/2017 09:00:00 AM,84,45,39
02/27/2017 10:00:00 AM,31,12,19
02/27/2017 11:00:00 AM,25,13,12
02/27/2017 12:00:00 PM,23,9,14
02/27/2017 01:00:00 PM,27,15,12
02/27/2017 02:00:00 PM,27,12,15
02/27/2017 03:00:00 PM,43,23,20
02/27/2017 04:00:00 PM,82,28,54
02/27/2017 05:00:00 PM,177,38,139
02/27/2017 06:00:00 PM,104,35,69
02/27/2017 07:00:00 PM,42,18,24
02/27/2017 08:00:00 PM,22,6,16
02/27/2017 09:00:00 PM,14,3,11
02/27/2017 10:00:00 PM,14,7,7
02/27/2017 11:00:00 PM,3,1,2
02/28/2017 12:00:00 AM,2,2,0
02/28/2017 01:00:00 AM,1,0,1
02/28/2017 02:00:00 AM,0,0,0
02/28/2017 03:00:00 AM,1,1,0
02/28/2017 04:00:00 AM,3,2,1
02/28/2017 05:00:00 AM,23,12,11
02/28/2017 06:00:00 AM,76,56,20
02/28/2017 07:00:00 AM,175,98,77
02/28/2017 08:00:00 AM,272,161,111
02/28/2017 09:00:00 AM,165,81,84
02/28/2017 10:00:00 AM,63,30,33
02/28/2017 11:00:00 AM,36,23,13
02/28/2017 12:00:00 PM,44,16,28
02/28/2017 01:00:00 PM,58,30,28
02/28/2017 02:00:00 PM,44,15,29
02/28/2017 03:00:00 PM,89,47,42
02/28/2017 04:00:00 PM,163,52,111
02/28/2017 05:00:00 PM,331,85,246
02/28/2017 06:00:00 PM,208,68,140
02/28/2017 07:00:00 PM,95,23,72
02/28/2017 08:00:00 PM,60,21,39
02/28/2017 09:00:00 PM,30,9,21
02/28/2017 10:00:00 PM,12,7,5
02/28/2017 11:00:00 PM,7,6,1
03/01/2017 12:00:00 AM,3,1,2
03/01/2017 01:00:00 AM,4,2,2
03/01/2017 02:00:00 AM,2,1,1
03/01/2017 03:00:00 AM,1,1,0
03/01/2017 04:00:00 AM,6,3,3
03/01/2017 05:00:00 AM,24,13,11
03/01/2017 06:00:00 AM,96,63,33
03/01/2017 07:00:00 AM,247,153,94
03/01/2017 08:00:00 AM,339,194,145
03/01/2017 09:00:00 AM,181,87,94
03/01/2017 10:00:00 AM,70,36,34
03/01/2017 11:00:00 AM,37,19,18
03/01/2017 12:00:00 PM,44,29,15
03/01/2017 01:00:00 PM,53,29,24
03/01/2017 02:00:00 PM,59,19,40
03/01/2017 03:00:00 PM,78,41,37
03/01/2017 04:00:00 PM,160,45,115
03/01/2017 05:00:00 PM,406,102,304
03/01/2017 06:00:00 PM,265,97,168
03/01/2017 07:00:00 PM,117,36,81
03/01/2017 08:00:00 PM,75,27,48
03/01/2017 09:00:00 PM,45,11,34
03/01/2017 10:00:00 PM,28,11,17
03/01/2017 11:00:00 PM,20,9,11
03/02/2017 12:00:00 AM,2,1,1
03/02/2017 01:00:00 AM,2,2,0
03/02/2017 02:00:00 AM,2,1,1
03/02/2017 03:00:00 AM,1,0,1
03/02/2017 04:00:00 AM,9,6,3
03/02/2017 05:00:00 AM,27,18,9
03/02/2017 06:00:00 AM,83,50,33
03/02/2017 07:00:00 AM,255,146,109
03/02/2017 08:00:00 AM,351,194,157
03/02/2017 09:00:00 AM,177,98,79
03/02/2017 10:00:00 AM,74,40,34
03/02/2017 11:00:00 AM,43,17,26
03/02/2017 12:00:00 PM,40,23,17
03/02/2017 01:00:00 PM,35,17,18
03/02/2017 02:00:00 PM,45,19,26
03/02/2017 03:00:00 PM,69,33,36
03/02/2017 04:00:00 PM,186,49,137
03/02/2017 05:00:00 PM,334,81,253
03/02/2017 06:00:00 PM,241,76,165
03/02/2017 07:00:00 PM,85,23,62
03/02/2017 08:00:00 PM,68,12,56
03/02/2017 09:00:00 PM,38,12,26
03/02/2017 10:00:00 PM,21,6,15
03/02/2017 11:00:00 PM,10,4,6
03/03/2017 12:00:00 AM,9,3,6
03/03/2017 01:00:00 AM,4,2,2
03/03/2017 02:00:00 AM,0,0,0
03/03/2017 03:00:00 AM,0,0,0
03/03/2017 04:00:00 AM,3,2,1
03/03/2017 05:00:00 AM,20,11,9
03/03/2017 06:00:00 AM,63,38,25
03/03/2017 07:00:00 AM,158,93,65
03/03/2017 08:00:00 AM,269,154,115
03/03/2017 09:00:00 AM,114,58,56
03/03/2017 10:00:00 AM,51,22,29
03/03/2017 11:00:00 AM,30,14,16
03/03/2017 12:00:00 PM,29,13,16
03/03/2017 01:00:00 PM,41,15,26
03/03/2017 02:00:00 PM,43,17,26
03/03/2017 03:00:00 PM,57,22,35
03/03/2017 04:00:00 PM,113,32,81
03/03/2017 05:00:00 PM,248,54,194
03/03/2017 06:00:00 PM,159,55,104
03/03/2017 07:00:00 PM,77,22,55
03/03/2017 08:00:00 PM,26,7,19
03/03/2017 09:00:00 PM,19,8,11
03/03/2017 10:00:00 PM,18,5,13
03/03/2017 11:00:00 PM,12,5,7
03/04/2017 12:00:00 AM,7,2,5
03/04/2017 01:00:00 AM,4,3,1
03/04/2017 02:00:00 AM,0,0,0
03/04/2017 03:00:00 AM,0,0,0
03/04/2017 04:00:00 AM,4,1,3
03/04/2017 05:00:00 AM,8,3,5
03/04/2017 06:00:00 AM,9,3,6
03/04/2017 07:00:00 AM,24,8,16
03/04/2017 08:00:00 AM,49,26,23
03/04/2017 09:00:00 AM,75,46,29
03/04/2017 10:00:00 AM,91,32,59
03/04/2017 11:00:00 AM,101,54,47
03/04/2017 12:00:00 PM,124,68,56
03/04/2017 01:00:00 PM,95,52,43
03/04/2017 02:00:00 PM,122,53,69
03/04/2017 03:00:00 PM,106,54,52
03/04/2017 04:00:00 PM,82,46,36
03/04/2017 05:00:00 PM,66,32,34
03/04/2017 06:00:00 PM,52,27,25
03/04/2017 07:00:00 PM,35,8,27
03/04/2017 08:00:00 PM,22,10,12
03/04/2017 09:00:00 PM,20,14,6
03/04/2017 10:00:00 PM,17,10,7
03/04/2017 11:00:00 PM,12,4,8
03/05/2017 12:00:00 AM,7,5,2
03/05/2017 01:00:00 AM,6,4,2
03/05/2017 02:00:00 AM,2,0,2
03/05/2017 03:00:00 AM,1,0,1
03/05/2017 04:00:00 AM,0,0,0
03/05/2017 05:00:00 AM,6,5,1
03/05/2017 06:00:00 AM,8,2,6
03/05/2017 07:00:00 AM,24,10,14
03/05/2017 08:00:00 AM,36,21,15
03/05/2017 09:00:00 AM,58,34,24
03/05/2017 10:00:00 AM,74,34,40
03/05/2017 11:00:00 AM,72,35,37
03/05/2017 12:00:00 PM,60,30,30
03/05/2017 01:00:00 PM,38,23,15
03/05/2017 02:00:00 PM,50,20,30
03/05/2017 03:00:00 PM,54,20,34
03/05/2017 04:00:00 PM,38,23,15
03/05/2017 05:00:00 PM,44,17,27
03/05/2017 06:00:00 PM,21,11,10
03/05/2017 07:00:00 PM,22,9,13
03/05/2017 08:00:00 PM,28,8,20
03/05/2017 09:00:00 PM,11,3,8
03/05/2017 10:00:00 PM,5,3,2
03/05/2017 11:00:00 PM,10,2,8
03/06/2017 12:00:00 AM,4,4,0
03/06/2017 01:00:00 AM,3,1,2
03/06/2017 02:00:00 AM,1,1,0
03/06/2017 03:00:00 AM,3,0,3
03/06/2017 04:00:00 AM,6,5,1
03/06/2017 05:00:00 AM,26,15,11
03/06/2017 06:00:00 AM,105,58,47
03/06/2017 07:00:00 AM,240,155,85
03/06/2017 08:00:00 AM,370,206,164
03/06/2017 09:00:00 AM,177,102,75
03/06/2017 10:00:00 AM,61,25,36
03/06/2017 11:00:00 AM,40,18,22
03/06/2017 12:00:00 PM,37,15,22
03/06/2017 01:00:00 PM,46,25,21
03/06/2017 02:00:00 PM,51,20,31
03/06/2017 03:00:00 PM,77,31,46
03/06/2017 04:00:00 PM,173,56,117
03/06/2017 05:00:00 PM,422,96,326
03/06/2017 06:00:00 PM,296,95,201
03/06/2017 07:00:00 PM,105,34,71
03/06/2017 08:00:00 PM,49,18,31
03/06/2017 09:00:00 PM,32,10,22
03/06/2017 10:00:00 PM,15,6,9
03/06/2017 11:00:00 PM,6,4,2
03/07/2017 12:00:00 AM,6,4,2
03/07/2017 01:00:00 AM,3,2,1
03/07/2017 02:00:00 AM,1,0,1
03/07/2017 03:00:00 AM,5,2,3
03/07/2017 04:00:00 AM,8,5,3
03/07/2017 05:00:00 AM,29,15,14
03/07/2017 06:00:00 AM,86,51,35
03/07/2017 07:00:00 AM,218,135,83
03/07/2017 08:00:00 AM,252,147,105
03/07/2017 09:00:00 AM,134,75,59
03/07/2017 10:00:00 AM,30,11,19
03/07/2017 11:00:00 AM,29,13,16
03/07/2017 12:00:00 PM,30,14,16
03/07/2017 01:00:00 PM,19,7,12
03/07/2017 02:00:00 PM,29,13,16
03/07/2017 03:00:00 PM,49,20,29
03/07/2017 04:00:00 PM,125,33,92
03/07/2017 05:00:00 PM,294,62,232
03/07/2017 06:00:00 PM,206,59,147
03/07/2017 07:00:00 PM,92,27,65
03/07/2017 08:00:00 PM,40,15,25
03/07/2017 09:00:00 PM,19,7,12
03/07/2017 10:00:00 PM,16,3,13
03/07/2017 11:00:00 PM,7,3,4
03/08/2017 12:00:00 AM,1,0,1
03/08/2017 01:00:00 AM,3,3,0
03/08/2017 02:00:00 AM,1,0,1
03/08/2017 03:00:00 AM,1,0,1
03/08/2017 04:00:00 AM,7,6,1
03/08/2017 05:00:00 AM,21,11,10
03/08/2017 06:00:00 AM,106,64,42
03/08/2017 07:00:00 AM,249,153,96
03/08/2017 08:00:00 AM,325,192,133
03/08/2017 09:00:00 AM,171,88,83
03/08/2017 10:00:00 AM,86,50,36
03/08/2017 11:00:00 AM,46,23,23
03/08/2017 12:00:00 PM,45,25,20
03/08/2017 01:00:00 PM,51,25,26
03/08/2017 02:00:00 PM,44,29,15
03/08/2017 03:00:00 PM,85,42,43
03/08/2017 04:00:00 PM,167,44,123
03/08/2017 05:00:00 PM,362,85,277
03/08/2017 06:00:00 PM,229,64,165
03/08/2017 07:00:00 PM,87,19,68
03/08/2017 08:00:00 PM,48,14,34
03/08/2017 09:00:00 PM,25,8,17
03/08/2017 10:00:00 PM,20,8,12
03/08/2017 11:00:00 PM,8,2,6
03/09/2017 12:00:00 AM,12,6,6
03/09/2017 01:00:00 AM,2,1,1
03/09/2017 02:00:00 AM,0,0,0
03/09/2017 03:00:00 AM,2,1,1
03/09/2017 04:00:00 AM,5,3,2
03/09/2017 05:00:00 AM,25,14,11
03/09/2017 06:00:00 AM,76,48,28
03/09/2017 07:00:00 AM,202,131,71
03/09/2017 08:00:00 AM,282,153,129
03/09/2017 09:00:00 AM,146,75,71
03/09/2017 10:00:00 AM,61,32,29
03/09/2017 11:00:00 AM,30,11,19
03/09/2017 12:00:00 PM,23,14,9
03/09/2017 01:00:00 PM,32,18,14
03/09/2017 02:00:00 PM,21,11,10
03/09/2017 03:00:00 PM,37,11,26
03/09/2017 04:00:00 PM,123,28,95
03/09/2017 05:00:00 PM,295,60,235
03/09/2017 06:00:00 PM,188,43,145
03/09/2017 07:00:00 PM,85,21,64
03/09/2017 08:00:00 PM,51,9,42
03/09/2017 09:00:00 PM,21,7,14
03/09/2017 10:00:00 PM,20,4,16
03/09/2017 11:00:00 PM,9,5,4
03/10/2017 12:00:00 AM,7,2,5
03/10/2017 01:00:00 AM,2,1,1
03/10/2017 02:00:00 AM,2,1,1
03/10/2017 03:00:00 AM,2,0,2
03/10/2017 04:00:00 AM,8,5,3
03/10/2017 05:00:00 AM,21,12,9
03/10/2017 06:00:00 AM,51,29,22
03/10/2017 07:00:00 AM,158,91,67
03/10/2017 08:00:00 AM,257,141,116
03/10/2017 09:00:00 AM,156,76,80
03/10/2017 10:00:00 AM,60,35,25
03/10/2017 11:00:00 AM,44,23,21
03/10/2017 12:00:00 PM,46,19,27
03/10/2017 01:00:00 PM,55,25,30
03/10/2017 02:00:00 PM,48,26,22
03/10/2017 03:00:00 PM,121,54,67
03/10/2017 04:00:00 PM,188,74,114
03/10/2017 05:00:00 PM,336,98,238
03/10/2017 06:00:00 PM,227,74,153
03/10/2017 07:00:00 PM,79,28,51
03/10/2017 08:00:00 PM,33,11,22
03/10/2017 09:00:00 PM,31,9,22
03/10/2017 10:00:00 PM,25,8,17
03/10/2017 11:00:00 PM,14,10,4
03/11/2017 12:00:00 AM,12,2,10
03/11/2017 01:00:00 AM,15,7,8
03/11/2017 02:00:00 AM,1,1,0
03/11/2017 03:00:00 AM,4,1,3
03/11/2017 04:00:00 AM,2,1,1
03/11/2017 05:00:00 AM,4,2,2
03/11/2017 06:00:00 AM,15,9,6
03/11/2017 07:00:00 AM,26,12,14
03/11/2017 08:00:00 AM,53,28,25
03/11/2017 09:00:00 AM,42,23,19
03/11/2017 10:00:00 AM,21,17,4
03/11/2017 11:00:00 AM,23,15,8
03/11/2017 12:00:00 PM,16,6,10
03/11/2017 01:00:00 PM,21,12,9
03/11/2017 02:00:00 PM,26,15,11
03/11/2017 03:00:00 PM,42,27,15
03/11/2017 04:00:00 PM,33,15,18
03/11/2017 05:00:00 PM,29,12,17
03/11/2017 06:00:00 PM,30,14,16
03/11/2017 07:00:00 PM,15,6,9
03/11/2017 08:00:00 PM,13,4,9
03/11/2017 09:00:00 PM,9,1,8
03/11/2017 10:00:00 PM,10,5,5
03/11/2017 11:00:00 PM,12,3,9
03/12/2017 12:00:00 AM,5,2,3
03/12/2017 01:00:00 AM,2,2,0
03/12/2017 02:00:00 AM,,,
03/12/2017 03:00:00 AM,2,1,1
03/12/2017 04:00:00 AM,1,0,1
03/12/2017 05:00:00 AM,2,2,0
03/12/2017 06:00:00 AM,5,3,2
03/12/2017 07:00:00 AM,6,3,3
03/12/2017 08:00:00 AM,28,11,17
03/12/2017 09:00:00 AM,37,20,17
03/12/2017 10:00:00 AM,46,23,23
03/12/2017 11:00:00 AM,66,41,25
03/12/2017 12:00:00 PM,76,44,32
03/12/2017 01:00:00 PM,65,33,32
03/12/2017 02:00:00 PM,60,30,30
03/12/2017 03:00:00 PM,61,34,27
03/12/2017 04:00:00 PM,67,39,28
03/12/2017 05:00:00 PM,57,33,24
03/12/2017 06:00:00 PM,55,32,23
03/12/2017 07:00:00 PM,24,12,12
03/12/2017 08:00:00 PM,33,22,11
03/12/2017 09:00:00 PM,14,10,4
03/12/2017 10:00:00 PM,12,9,3
03/12/2017 11:00:00 PM,12,4,8
03/13/2017 12:00:00 AM,4,0,4
03/13/2017 01:00:00 AM,4,0,4
03/13/2017 02:00:00 AM,4,3,1
03/13/2017 03:00:00 AM,3,1,2
03/13/2017 04:00:00 AM,6,2,4
03/13/2017 05:00:00 AM,24,13,11
03/13/2017 06:00:00 AM,84,52,32
03/13/2017 07:00:00 AM,182,117,65
03/13/2017 08:00:00 AM,296,171,125
03/13/2017 09:00:00 AM,167,89,78
03/13/2017 10:00:00 AM,70,33,37
03/13/2017 11:00:00 AM,26,9,17
03/13/2017 12:00:00 PM,21,15,6
03/13/2017 01:00:00 PM,22,10,12
03/13/2017 02:00:00 PM,19,8,11
03/13/2017 03:00:00 PM,45,19,26
03/13/2017 04:00:00 PM,114,31,83
03/13/2017 05:00:00 PM,320,66,254
03/13/2017 06:00:00 PM,249,55,194
03/13/2017 07:00:00 PM,93,24,69
03/13/2017 08:00:00 PM,51,11,40
03/13/2017 09:00:00 PM,25,10,15
03/13/2017 10:00:00 PM,18,8,10
03/13/2017 11:00:00 PM,7,4,3
03/14/2017 12:00:00 AM,3,2,1
03/14/2017 01:00:00 AM,3,1,2
03/14/2017 02:00:00 AM,1,0,1
03/14/2017 03:00:00 AM,2,1,1
03/14/2017 04:00:00 AM,3,2,1
03/14/2017 05:00:00 AM,28,18,10
03/14/2017 06:00:00 AM,77,51,26
03/14/2017 07:00:00 AM,191,130,61
03/14/2017 08:00:00 AM,307,175,132
03/14/2017 09:00:00 AM,191,95,96
03/14/2017 10:00:00 AM,55,24,31
03/14/2017 11:00:00 AM,36,13,23
03/14/2017 12:00:00 PM,23,10,13
03/14/2017 01:00:00 PM,27,12,15
03/14/2017 02:00:00 PM,25,10,15
03/14/2017 03:00:00 PM,58,22,36
03/14/2017 04:00:00 PM,146,36,110
03/14/2017 05:00:00 PM,321,68,253
03/14/2017 06:00:00 PM,243,59,184
03/14/2017 07:00:00 PM,122,37,85
03/14/2017 08:00:00 PM,47,17,30
03/14/2017 09:00:00 PM,19,11,8
03/14/2017 10:00:00 PM,18,6,12
03/14/2017 11:00:00 PM,9,4,5
03/15/2017 12:00:00 AM,2,0,2
03/15/2017 01:00:00 AM,1,1,0
03/15/2017 02:00:00 AM,3,3,0
03/15/2017 03:00:00 AM,2,2,0
03/15/2017 04:00:00 AM,8,6,2
03/15/2017 05:00:00 AM,24,12,12
03/15/2017 06:00:00 AM,83,54,29
03/15/2017 07:00:00 AM,186,109,77
03/15/2017 08:00:00 AM,270,161,109
03/15/2017 09:00:00 AM,141,70,71
03/15/2017 10:00:00 AM,45,25,20
03/15/2017 11:00:00 AM,28,12,16
03/15/2017 12:00:00 PM,19,11,8
03/15/2017 01:00:00 PM,24,14,10
03/15/2017 02:00:00 PM,34,9,25
03/15/2017 03:00:00 PM,67,32,35
03/15/2017 04:00:00 PM,145,54,91
03/15/2017 05:00:00 PM,320,88,232
03/15/2017 06:00:00 PM,213,54,159
03/15/2017 07:00:00 PM,94,35,59
03/15/2017 08:00:00 PM,48,12,36
03/15/2017 09:00:00 PM,35,14,21
03/15/2017 10:00:00 PM,16,4,12
03/15/2017 11:00:00 PM,13,4,9
03/16/2017 12:00:00 AM,4,1,3
03/16/2017 01:00:00 AM,3,1,2
03/16/2017 02:00:00 AM,0,0,0
03/16/2017 03:00:00 AM,1,0,1
03/16/2017 04:00:00 AM,5,4,1
03/16/2017 05:00:00 AM,29,19,10
03/16/2017 06:00:00 AM,99,56,43
03/16/2017 07:00:00 AM,281,184,97
03/16/2017 08:00:00 AM,383,234,149
03/16/2017 09:00:00 AM,249,135,114
03/16/2017 10:00:00 AM,91,46,45
03/16/2017 11:00:00 AM,63,25,38
03/16/2017 12:00:00 PM,70,37,33
03/16/2017 01:00:00 PM,82,43,39
03/16/2017 02:00:00 PM,65,28,37
03/16/2017 03:00:00 PM,89,42,47
03/16/2017 04:00:00 PM,230,75,155
03/16/2017 05:00:00 PM,454,110,344
03/16/2017 06:00:00 PM,325,87,238
03/16/2017 07:00:00 PM,151,43,108
03/16/2017 08:00:00 PM,59,28,31
03/16/2017 09:00:00 PM,51,19,32
03/16/2017 10:00:00 PM,26,15,11
03/16/2017 11:00:00 PM,18,11,7
03/17/2017 12:00:00 AM,8,2,6
03/17/2017 01:00:00 AM,9,4,5
03/17/2017 02:00:00 AM,1,1,0
03/17/2017 03:00:00 AM,1,0,1
03/17/2017 04:00:00 AM,5,4,1
03/17/2017 05:00:00 AM,26,14,12
03/17/2017 06:00:00 AM,77,48,29
03/17/2017 07:00:00 AM,200,135,65
03/17/2017 08:00:00 AM,301,170,131
03/17/2017 09:00:00 AM,176,88,88
03/17/2017 10:00:00 AM,64,32,32
03/17/2017 11:00:00 AM,53,32,21
03/17/2017 12:00:00 PM,57,30,27
03/17/2017 01:00:00 PM,29,9,20
03/17/2017 02:00:00 PM,28,10,18
03/17/2017 03:00:00 PM,57,28,29
03/17/2017 04:00:00 PM,128,31,97
03/17/2017 05:00:00 PM,281,54,227
03/17/2017 06:00:00 PM,160,43,117
03/17/2017 07:00:00 PM,70,21,49
03/17/2017 08:00:00 PM,29,11,18
03/17/2017 09:00:00 PM,20,8,12
03/17/2017 10:00:00 PM,12,6,6
03/17/2017 11:00:00 PM,8,3,5
03/18/2017 12:00:00 AM,4,1,3
03/18/2017 01:00:00 AM,2,0,2
03/18/2017 02:00:00 AM,2,1,1
03/18/2017 03:00:00 AM,1,1,0
03/18/2017 04:00:00 AM,2,1,1
03/18/2017 05:00:00 AM,8,2,6
03/18/2017 06:00:00 AM,5,2,3
03/18/2017 07:00:00 AM,12,8,4
03/18/2017 08:00:00 AM,24,15,9
03/18/2017 09:00:00 AM,22,14,8
03/18/2017 10:00:00 AM,26,16,10
03/18/2017 11:00:00 AM,27,17,10
03/18/2017 12:00:00 PM,16,8,8
03/18/2017 01:00:00 PM,31,17,14
03/18/2017 02:00:00 PM,38,17,21
03/18/2017 03:00:00 PM,61,29,32
03/18/2017 04:00:00 PM,83,42,41
03/18/2017 05:00:00 PM,70,27,43
03/18/2017 06:00:00 PM,58,23,35
03/18/2017 07:00:00 PM,31,16,15
03/18/2017 08:00:00 PM,19,5,14
03/18/2017 09:00:00 PM,14,2,12
03/18/2017 10:00:00 PM,24,12,12
03/18/2017 11:00:00 PM,17,9,8
03/19/2017 12:00:00 AM,9,6,3
03/19/2017 01:00:00 AM,9,4,5
03/19/2017 02:00:00 AM,4,2,2
03/19/2017 03:00:00 AM,4,1,3
03/19/2017 04:00:00 AM,1,0,1
03/19/2017 05:00:00 AM,4,2,2
03/19/2017 06:00:00 AM,3,2,1
03/19/2017 07:00:00 AM,32,21,11
03/19/2017 08:00:00 AM,35,20,15
03/19/2017 09:00:00 AM,70,39,31
03/19/2017 10:00:00 AM,98,39,59
03/19/2017 11:00:00 AM,178,97,81
03/19/2017 12:00:00 PM,194,119,75
03/19/2017 01:00:00 PM,243,124,119
03/19/2017 02:00:00 PM,240,135,105
03/19/2017 03:00:00 PM,227,117,110
03/19/2017 04:00:00 PM,175,104,71
03/19/2017 05:00:00 PM,121,60,61
03/19/2017 06:00:00 PM,89,43,46
03/19/2017 07:00:00 PM,63,29,34
03/19/2017 08:00:00 PM,43,20,23
03/19/2017 09:00:00 PM,23,8,15
03/19/2017 10:00:00 PM,17,9,8
03/19/2017 11:00:00 PM,5,2,3
03/20/2017 12:00:00 AM,6,2,4
03/20/2017 01:00:00 AM,1,0,1
03/20/2017 02:00:00 AM,1,0,1
03/20/2017 03:00:00 AM,1,1,0
03/20/2017 04:00:00 AM,7,2,5
03/20/2017 05:00:00 AM,40,23,17
03/20/2017 06:00:00 AM,121,71,50
03/20/2017 07:00:00 AM,260,161,99
03/20/2017 08:00:00 AM,431,251,180
03/20/2017 09:00:00 AM,191,102,89
03/20/2017 10:00:00 AM,83,32,51
03/20/2017 11:00:00 AM,39,21,18
03/20/2017 12:00:00 PM,47,26,21
03/20/2017 01:00:00 PM,72,37,35
03/20/2017 02:00:00 PM,75,37,38
03/20/2017 03:00:00 PM,102,46,56
03/20/2017 04:00:00 PM,203,53,150
03/20/2017 05:00:00 PM,480,96,384
03/20/2017 06:00:00 PM,297,92,205
03/20/2017 07:00:00 PM,137,42,95
03/20/2017 08:00:00 PM,52,12,40
03/20/2017 09:00:00 PM,36,12,24
03/20/2017 10:00:00 PM,27,16,11
03/20/2017 11:00:00 PM,9,3,6
03/21/2017 12:00:00 AM,6,3,3
03/21/2017 01:00:00 AM,0,0,0
03/21/2017 02:00:00 AM,1,0,1
03/21/2017 03:00:00 AM,1,1,0
03/21/2017 04:00:00 AM,4,3,1
03/21/2017 05:00:00 AM,28,17,11
03/21/2017 06:00:00 AM,83,52,31
03/21/2017 07:00:00 AM,199,121,78
03/21/2017 08:00:00 AM,328,195,133
03/21/2017 09:00:00 AM,173,87,86
03/21/2017 10:00:00 AM,62,23,39
03/21/2017 11:00:00 AM,37,24,13
03/21/2017 12:00:00 PM,39,15,24
03/21/2017 01:00:00 PM,34,19,15
03/21/2017 02:00:00 PM,41,17,24
03/21/2017 03:00:00 PM,76,26,50
03/21/2017 04:00:00 PM,147,40,107
03/21/2017 05:00:00 PM,391,83,308
03/21/2017 06:00:00 PM,269,100,169
03/21/2017 07:00:00 PM,125,43,82
03/21/2017 08:00:00 PM,52,15,37
03/21/2017 09:00:00 PM,38,15,23
03/21/2017 10:00:00 PM,14,5,9
03/21/2017 11:00:00 PM,15,5,10
03/22/2017 12:00:00 AM,7,5,2
03/22/2017 01:00:00 AM,2,1,1
03/22/2017 02:00:00 AM,1,0,1
03/22/2017 03:00:00 AM,0,0,0
03/22/2017 04:00:00 AM,7,4,3
03/22/2017 05:00:00 AM,30,19,11
03/22/2017 06:00:00 AM,105,68,37
03/22/2017 07:00:00 AM,263,152,111
03/22/2017 08:00:00 AM,366,227,139
03/22/2017 09:00:00 AM,199,102,97
03/22/2017 10:00:00 AM,89,34,55
03/22/2017 11:00:00 AM,49,31,18
03/22/2017 12:00:00 PM,57,33,24
03/22/2017 01:00:00 PM,53,37,16
03/22/2017 02:00:00 PM,61,25,36
03/22/2017 03:00:00 PM,102,49,53
03/22/2017 04:00:00 PM,216,49,167
03/22/2017 05:00:00 PM,440,113,327
03/22/2017 06:00:00 PM,296,99,197
03/22/2017 07:00:00 PM,140,49,91
03/22/2017 08:00:00 PM,73,20,53
03/22/2017 09:00:00 PM,49,16,33
03/22/2017 10:00:00 PM,28,15,13
03/22/2017 11:00:00 PM,14,5,9
03/23/2017 12:00:00 AM,6,1,5
03/23/2017 01:00:00 AM,4,2,2
03/23/2017 02:00:00 AM,0,0,0
03/23/2017 03:00:00 AM,2,0,2
03/23/2017 04:00:00 AM,6,3,3
03/23/2017 05:00:00 AM,35,17,18
03/23/2017 06:00:00 AM,111,68,43
03/23/2017 07:00:00 AM,286,172,114
03/23/2017 08:00:00 AM,420,241,179
03/23/2017 09:00:00 AM,222,124,98
03/23/2017 10:00:00 AM,94,44,50
03/23/2017 11:00:00 AM,58,28,30
03/23/2017 12:00:00 PM,57,26,31
03/23/2017 01:00:00 PM,75,31,44
03/23/2017 02:00:00 PM,63,22,41
03/23/2017 03:00:00 PM,110,45,65
03/23/2017 04:00:00 PM,224,64,160
03/23/2017 05:00:00 PM,479,135,344
03/23/2017 06:00:00 PM,334,108,226
03/23/2017 07:00:00 PM,124,32,92
03/23/2017 08:00:00 PM,61,16,45
03/23/2017 09:00:00 PM,35,12,23
03/23/2017 10:00:00 PM,28,11,17
03/23/2017 11:00:00 PM,19,6,13
03/24/2017 12:00:00 AM,10,2,8
03/24/2017 01:00:00 AM,3,2,1
03/24/2017 02:00:00 AM,4,2,2
03/24/2017 03:00:00 AM,1,1,0
03/24/2017 04:00:00 AM,3,2,1
03/24/2017 05:00:00 AM,24,13,11
03/24/2017 06:00:00 AM,61,33,28
03/24/2017 07:00:00 AM,165,98,67
03/24/2017 08:00:00 AM,229,130,99
03/24/2017 09:00:00 AM,104,62,42
03/24/2017 10:00:00 AM,55,26,29
03/24/2017 11:00:00 AM,35,18,17
03/24/2017 12:00:00 PM,41,20,21
03/24/2017 01:00:00 PM,46,22,24
03/24/2017 02:00:00 PM,27,13,14
03/24/2017 03:00:00 PM,72,17,55
03/24/2017 04:00:00 PM,153,45,108
03/24/2017 05:00:00 PM,249,68,181
03/24/2017 06:00:00 PM,167,46,121
03/24/2017 07:00:00 PM,60,21,39
03/24/2017 08:00:00 PM,22,7,15
03/24/2017 09:00:00 PM,22,6,16
03/24/2017 10:00:00 PM,24,13,11
03/24/2017 11:00:00 PM,8,3,5
03/25/2017 12:00:00 AM,13,5,8
03/25/2017 01:00:00 AM,5,2,3
03/25/2017 02:00:00 AM,3,2,1
03/25/2017 03:00:00 AM,2,0,2
03/25/2017 04:00:00 AM,2,1,1
03/25/2017 05:00:00 AM,4,0,4
03/25/2017 06:00:00 AM,9,4,5
03/25/2017 07:00:00 AM,39,18,21
03/25/2017 08:00:00 AM,67,38,29
03/25/2017 09:00:00 AM,101,61,40
03/25/2017 10:00:00 AM,85,38,47
03/25/2017 11:00:00 AM,135,75,60
03/25/2017 12:00:00 PM,171,73,98
03/25/2017 01:00:00 PM,138,59,79
03/25/2017 02:00:00 PM,164,70,94
03/25/2017 03:00:00 PM,165,81,84
03/25/2017 04:00:00 PM,147,68,79
03/25/2017 05:00:00 PM,131,68,63
03/25/2017 06:00:00 PM,79,42,37
03/25/2017 07:00:00 PM,42,22,20
03/25/2017 08:00:00 PM,27,12,15
03/25/2017 09:00:00 PM,27,12,15
03/25/2017 10:00:00 PM,18,4,14
03/25/2017 11:00:00 PM,19,9,10
03/26/2017 12:00:00 AM,11,10,1
03/26/2017 01:00:00 AM,6,1,5
03/26/2017 02:00:00 AM,3,1,2
03/26/2017 03:00:00 AM,0,0,0
03/26/2017 04:00:00 AM,1,0,1
03/26/2017 05:00:00 AM,3,2,1
03/26/2017 06:00:00 AM,10,3,7
03/26/2017 07:00:00 AM,16,7,9
03/26/2017 08:00:00 AM,29,15,14
03/26/2017 09:00:00 AM,25,15,10
03/26/2017 10:00:00 AM,37,15,22
03/26/2017 11:00:00 AM,16,7,9
03/26/2017 12:00:00 PM,48,26,22
03/26/2017 01:00:00 PM,38,17,21
03/26/2017 02:00:00 PM,36,21,15
03/26/2017 03:00:00 PM,27,11,16
03/26/2017 04:00:00 PM,41,25,16
03/26/2017 05:00:00 PM,31,20,11
03/26/2017 06:00:00 PM,30,19,11
03/26/2017 07:00:00 PM,25,15,10
03/26/2017 08:00:00 PM,9,6,3
03/26/2017 09:00:00 PM,8,6,2
03/26/2017 10:00:00 PM,6,3,3
03/26/2017 11:00:00 PM,10,6,4
03/27/2017 12:00:00 AM,2,1,1
03/27/2017 01:00:00 AM,3,1,2
03/27/2017 02:00:00 AM,0,0,0
03/27/2017 03:00:00 AM,2,1,1
03/27/2017 04:00:00 AM,4,3,1
03/27/2017 05:00:00 AM,30,20,10
03/27/2017 06:00:00 AM,104,60,44
03/27/2017 07:00:00 AM,245,158,87
03/27/2017 08:00:00 AM,396,231,165
03/27/2017 09:00:00 AM,207,105,102
03/27/2017 10:00:00 AM,75,37,38
03/27/2017 11:00:00 AM,52,30,22
03/27/2017 12:00:00 PM,55,25,30
03/27/2017 01:00:00 PM,55,31,24
03/27/2017 02:00:00 PM,57,29,28
03/27/2017 03:00:00 PM,84,32,52
03/27/2017 04:00:00 PM,188,57,131
03/27/2017 05:00:00 PM,485,119,366
03/27/2017 06:00:00 PM,294,85,209
03/27/2017 07:00:00 PM,135,53,82
03/27/2017 08:00:00 PM,60,26,34
03/27/2017 09:00:00 PM,33,9,24
03/27/2017 10:00:00 PM,22,7,15
03/27/2017 11:00:00 PM,9,2,7
03/28/2017 12:00:00 AM,6,2,4
03/28/2017 01:00:00 AM,2,1,1
03/28/2017 02:00:00 AM,0,0,0
03/28/2017 03:00:00 AM,2,0,2
03/28/2017 04:00:00 AM,5,3,2
03/28/2017 05:00:00 AM,33,20,13
03/28/2017 06:00:00 AM,107,59,48
03/28/2017 07:00:00 AM,234,135,99
03/28/2017 08:00:00 AM,361,210,151
03/28/2017 09:00:00 AM,199,109,90
03/28/2017 10:00:00 AM,64,33,31
03/28/2017 11:00:00 AM,37,14,23
03/28/2017 12:00:00 PM,53,24,29
03/28/2017 01:00:00 PM,47,18,29
03/28/2017 02:00:00 PM,42,18,24
03/28/2017 03:00:00 PM,68,26,42
03/28/2017 04:00:00 PM,157,40,117
03/28/2017 05:00:00 PM,408,105,303
03/28/2017 06:00:00 PM,272,76,196
03/28/2017 07:00:00 PM,125,39,86
03/28/2017 08:00:00 PM,56,18,38
03/28/2017 09:00:00 PM,29,13,16
03/28/2017 10:00:00 PM,16,11,5
03/28/2017 11:00:00 PM,6,1,5
03/29/2017 12:00:00 AM,6,3,3
03/29/2017 01:00:00 AM,4,4,0
03/29/2017 02:00:00 AM,1,0,1
03/29/2017 03:00:00 AM,1,0,1
03/29/2017 04:00:00 AM,4,3,1
03/29/2017 05:00:00 AM,19,12,7
03/29/2017 06:00:00 AM,69,40,29
03/29/2017 07:00:00 AM,195,123,72
03/29/2017 08:00:00 AM,280,160,120
03/29/2017 09:00:00 AM,150,81,69
03/29/2017 10:00:00 AM,48,23,25
03/29/2017 11:00:00 AM,40,18,22
03/29/2017 12:00:00 PM,42,19,23
03/29/2017 01:00:00 PM,36,16,20
03/29/2017 02:00:00 PM,39,19,20
03/29/2017 03:00:00 PM,75,35,40
03/29/2017 04:00:00 PM,170,61,109
03/29/2017 05:00:00 PM,375,91,284
03/29/2017 06:00:00 PM,273,101,172
03/29/2017 07:00:00 PM,153,48,105
03/29/2017 08:00:00 PM,56,29,27
03/29/2017 09:00:00 PM,35,13,22
03/29/2017 10:00:00 PM,23,11,12
03/29/2017 11:00:00 PM,14,6,8
03/30/2017 12:00:00 AM,6,1,5
03/30/2017 01:00:00 AM,0,0,0
03/30/2017 02:00:00 AM,3,3,0
03/30/2017 03:00:00 AM,1,0,1
03/30/2017 04:00:00 AM,9,6,3
03/30/2017 05:00:00 AM,34,19,15
03/30/2017 06:00:00 AM,94,60,34
03/30/2017 07:00:00 AM,274,169,105
03/30/2017 08:00:00 AM,429,259,170
03/30/2017 09:00:00 AM,226,114,112
03/30/2017 10:00:00 AM,86,40,46
03/30/2017 11:00:00 AM,63,26,37
03/30/2017 12:00:00 PM,62,33,29
03/30/2017 01:00:00 PM,76,31,45
03/30/2017 02:00:00 PM,61,31,30
03/30/2017 03:00:00 PM,84,46,38
03/30/2017 04:00:00 PM,247,74,173
03/30/2017 05:00:00 PM,437,101,336
03/30/2017 06:00:00 PM,317,104,213
03/30/2017 07:00:00 PM,175,50,125
03/30/2017 08:00:00 PM,83,25,58
03/30/2017 09:00:00 PM,36,15,21
03/30/2017 10:00:00 PM,30,10,20
03/30/2017 11:00:00 PM,16,11,5
03/31/2017 12:00:00 AM,6,2,4
03/31/2017 01:00:00 AM,2,2,0
03/31/2017 02:00:00 AM,1,1,0
03/31/2017 03:00:00 AM,1,1,0
03/31/2017 04:00:00 AM,6,3,3
03/31/2017 05:00:00 AM,37,23,14
03/31/2017 06:00:00 AM,106,57,49
03/31/2017 07:00:00 AM,262,163,99
03/31/2017 08:00:00 AM,412,250,162
03/31/2017 09:00:00 AM,160,90,70
03/31/2017 10:00:00 AM,90,52,38
03/31/2017 11:00:00 AM,70,39,31
03/31/2017 12:00:00 PM,74,37,37
03/31/2017 01:00:00 PM,86,52,34
03/31/2017 02:00:00 PM,100,45,55
03/31/2017 03:00:00 PM,161,74,87
03/31/2017 04:00:00 PM,306,83,223
03/31/2017 05:00:00 PM,478,145,333
03/31/2017 06:00:00 PM,323,117,206
03/31/2017 07:00:00 PM,134,50,84
03/31/2017 08:00:00 PM,62,26,36
03/31/2017 09:00:00 PM,56,16,40
03/31/2017 10:00:00 PM,34,12,22
03/31/2017 11:00:00 PM,20,5,15
04/01/2017 12:00:00 AM,21,8,13
04/01/2017 01:00:00 AM,10,5,5
04/01/2017 02:00:00 AM,4,4,0
04/01/2017 03:00:00 AM,5,0,5
04/01/2017 04:00:00 AM,1,0,1
04/01/2017 05:00:00 AM,4,2,2
04/01/2017 06:00:00 AM,14,8,6
04/01/2017 07:00:00 AM,24,13,11
04/01/2017 08:00:00 AM,58,31,27
04/01/2017 09:00:00 AM,60,29,31
04/01/2017 10:00:00 AM,91,52,39
04/01/2017 11:00:00 AM,87,36,51
04/01/2017 12:00:00 PM,93,49,44
04/01/2017 01:00:00 PM,92,49,43
04/01/2017 02:00:00 PM,120,70,50
04/01/2017 03:00:00 PM,116,66,50
04/01/2017 04:00:00 PM,136,70,66
04/01/2017 05:00:00 PM,94,36,58
04/01/2017 06:00:00 PM,80,33,47
04/01/2017 07:00:00 PM,37,26,11
04/01/2017 08:00:00 PM,29,8,21
04/01/2017 09:00:00 PM,27,9,18
04/01/2017 10:00:00 PM,22,9,13
04/01/2017 11:00:00 PM,12,2,10
04/02/2017 12:00:00 AM,8,5,3
04/02/2017 01:00:00 AM,2,0,2
04/02/2017 02:00:00 AM,0,0,0
04/02/2017 03:00:00 AM,1,1,0
04/02/2017 04:00:00 AM,0,0,0
04/02/2017 05:00:00 AM,3,2,1
04/02/2017 06:00:00 AM,18,9,9
04/02/2017 07:00:00 AM,31,16,15
04/02/2017 08:00:00 AM,55,20,35
04/02/2017 09:00:00 AM,86,37,49
04/02/2017 10:00:00 AM,101,44,57
04/02/2017 11:00:00 AM,154,84,70
04/02/2017 12:00:00 PM,160,80,80
04/02/2017 01:00:00 PM,168,90,78
04/02/2017 02:00:00 PM,153,76,77
04/02/2017 03:00:00 PM,155,82,73
04/02/2017 04:00:00 PM,104,53,51
04/02/2017 05:00:00 PM,112,51,61
04/02/2017 06:00:00 PM,64,39,25
04/02/2017 07:00:00 PM,38,18,20
04/02/2017 08:00:00 PM,22,9,13
04/02/2017 09:00:00 PM,22,11,11
04/02/2017 10:00:00 PM,9,2,7
04/02/2017 11:00:00 PM,5,1,4
04/03/2017 12:00:00 AM,4,2,2
04/03/2017 01:00:00 AM,2,0,2
04/03/2017 02:00:00 AM,0,0,0
04/03/2017 03:00:00 AM,3,1,2
04/03/2017 04:00:00 AM,4,2,2
04/03/2017 05:00:00 AM,38,28,10
04/03/2017 06:00:00 AM,127,74,53
04/03/2017 07:00:00 AM,365,228,137
04/03/2017 08:00:00 AM,520,285,235
04/03/2017 09:00:00 AM,243,127,116
04/03/2017 10:00:00 AM,94,44,50
04/03/2017 11:00:00 AM,55,23,32
04/03/2017 12:00:00 PM,72,39,33
04/03/2017 01:00:00 PM,78,36,42
04/03/2017 02:00:00 PM,98,45,53
04/03/2017 03:00:00 PM,141,50,91
04/03/2017 04:00:00 PM,294,92,202
04/03/2017 05:00:00 PM,619,174,445
04/03/2017 06:00:00 PM,401,116,285
04/03/2017 07:00:00 PM,161,60,101
04/03/2017 08:00:00 PM,87,32,55
04/03/2017 09:00:00 PM,54,27,27
04/03/2017 10:00:00 PM,43,16,27
04/03/2017 11:00:00 PM,10,4,6
04/04/2017 12:00:00 AM,7,4,3
04/04/2017 01:00:00 AM,2,1,1
04/04/2017 02:00:00 AM,5,2,3
04/04/2017 03:00:00 AM,1,0,1
04/04/2017 04:00:00 AM,5,3,2
04/04/2017 05:00:00 AM,30,22,8
04/04/2017 06:00:00 AM,140,86,54
04/04/2017 07:00:00 AM,349,206,143
04/04/2017 08:00:00 AM,496,293,203
04/04/2017 09:00:00 AM,241,121,120
04/04/2017 10:00:00 AM,81,36,45
04/04/2017 11:00:00 AM,45,23,22
04/04/2017 12:00:00 PM,75,37,38
04/04/2017 01:00:00 PM,76,40,36
04/04/2017 02:00:00 PM,65,29,36
04/04/2017 03:00:00 PM,120,54,66
04/04/2017 04:00:00 PM,283,82,201
04/04/2017 05:00:00 PM,532,135,397
04/04/2017 06:00:00 PM,369,99,270
04/04/2017 07:00:00 PM,158,50,108
04/04/2017 08:00:00 PM,70,25,45
04/04/2017 09:00:00 PM,31,15,16
04/04/2017 10:00:00 PM,32,16,16
04/04/2017 11:00:00 PM,14,6,8
04/05/2017 12:00:00 AM,6,3,3
04/05/2017 01:00:00 AM,3,1,2
04/05/2017 02:00:00 AM,2,0,2
04/05/2017 03:00:00 AM,3,2,1
04/05/2017 04:00:00 AM,4,2,2
04/05/2017 05:00:00 AM,24,19,5
04/05/2017 06:00:00 AM,78,47,31
04/05/2017 07:00:00 AM,203,130,73
04/05/2017 08:00:00 AM,302,156,146
04/05/2017 09:00:00 AM,151,78,73
04/05/2017 10:00:00 AM,55,23,32
04/05/2017 11:00:00 AM,18,8,10
04/05/2017 12:00:00 PM,41,15,26
04/05/2017 01:00:00 PM,26,12,14
04/05/2017 02:00:00 PM,27,8,19
04/05/2017 03:00:00 PM,71,23,48
04/05/2017 04:00:00 PM,138,44,94
04/05/2017 05:00:00 PM,316,73,243
04/05/2017 06:00:00 PM,239,75,164
04/05/2017 07:00:00 PM,92,28,64
04/05/2017 08:00:00 PM,43,15,28
04/05/2017 09:00:00 PM,24,7,17
04/05/2017 10:00:00 PM,27,13,14
04/05/2017 11:00:00 PM,11,3,8
04/06/2017 12:00:00 AM,6,4,2
04/06/2017 01:00:00 AM,1,0,1
04/06/2017 02:00:00 AM,4,3,1
04/06/2017 03:00:00 AM,2,0,2
04/06/2017 04:00:00 AM,4,4,0
04/06/2017 05:00:00 AM,23,13,10
04/06/2017 06:00:00 AM,78,48,30
04/06/2017 07:00:00 AM,207,127,80
04/06/2017 08:00:00 AM,292,171,121
04/06/2017 09:00:00 AM,157,88,69
04/06/2017 10:00:00 AM,63,31,32
04/06/2017 11:00:00 AM,27,8,19
04/06/2017 12:00:00 PM,43,26,17
04/06/2017 01:00:00 PM,43,21,22
04/06/2017 02:00:00 PM,59,26,33
04/06/2017 03:00:00 PM,105,55,50
04/06/2017 04:00:00 PM,219,79,140
04/06/2017 05:00:00 PM,379,101,278
04/06/2017 06:00:00 PM,325,109,216
04/06/2017 07:00:00 PM,148,64,84
04/06/2017 08:00:00 PM,90,42,48
04/06/2017 09:00:00 PM,46,19,27
04/06/2017 10:00:00 PM,32,17,15
04/06/2017 11:00:00 PM,11,3,8
04/07/2017 12:00:00 AM,9,5,4
04/07/2017 01:00:00 AM,4,3,1
04/07/2017 02:00:00 AM,3,3,0
04/07/2017 03:00:00 AM,2,0,2
04/07/2017 04:00:00 AM,3,2,1
04/07/2017 05:00:00 AM,20,14,6
04/07/2017 06:00:00 AM,76,49,27
04/07/2017 07:00:00 AM,218,133,85
04/07/2017 08:00:00 AM,276,153,123
04/07/2017 09:00:00 AM,132,72,60
04/07/2017 10:00:00 AM,55,32,23
04/07/2017 11:00:00 AM,31,12,19
04/07/2017 12:00:00 PM,31,10,21
04/07/2017 01:00:00 PM,49,16,33
04/07/2017 02:00:00 PM,42,14,28
04/07/2017 03:00:00 PM,72,23,49
04/07/2017 04:00:00 PM,153,42,111
04/07/2017 05:00:00 PM,270,71,199
04/07/2017 06:00:00 PM,158,35,123
04/07/2017 07:00:00 PM,54,24,30
04/07/2017 08:00:00 PM,25,7,18
04/07/2017 09:00:00 PM,14,5,9
04/07/2017 10:00:00 PM,14,7,7
04/07/2017 11:00:00 PM,11,3,8
04/08/2017 12:00:00 AM,6,0,6
04/08/2017 01:00:00 AM,1,1,0
04/08/2017 02:00:00 AM,1,1,0
04/08/2017 03:00:00 AM,1,1,0
04/08/2017 04:00:00 AM,3,0,3
04/08/2017 05:00:00 AM,4,4,0
04/08/2017 06:00:00 AM,8,3,5
04/08/2017 07:00:00 AM,17,9,8
04/08/2017 08:00:00 AM,63,23,40
04/08/2017 09:00:00 AM,72,39,33
04/08/2017 10:00:00 AM,92,49,43
04/08/2017 11:00:00 AM,74,39,35
04/08/2017 12:00:00 PM,84,34,50
04/08/2017 01:00:00 PM,81,43,38
04/08/2017 02:00:00 PM,71,35,36
04/08/2017 03:00:00 PM,60,30,30
04/08/2017 04:00:00 PM,79,46,33
04/08/2017 05:00:00 PM,58,33,25
04/08/2017 06:00:00 PM,65,36,29
04/08/2017 07:00:00 PM,51,23,28
04/08/2017 08:00:00 PM,29,13,16
04/08/2017 09:00:00 PM,17,5,12
04/08/2017 10:00:00 PM,17,6,11
04/08/2017 11:00:00 PM,21,7,14
04/09/2017 12:00:00 AM,7,2,5
04/09/2017 01:00:00 AM,1,0,1
04/09/2017 02:00:00 AM,4,2,2
04/09/2017 03:00:00 AM,0,0,0
04/09/2017 04:00:00 AM,2,1,1
04/09/2017 05:00:00 AM,5,4,1
04/09/2017 06:00:00 AM,16,10,6
04/09/2017 07:00:00 AM,24,17,7
04/09/2017 08:00:00 AM,45,22,23
04/09/2017 09:00:00 AM,91,53,38
04/09/2017 10:00:00 AM,100,46,54
04/09/2017 11:00:00 AM,173,97,76
04/09/2017 12:00:00 PM,186,92,94
04/09/2017 01:00:00 PM,185,96,89
04/09/2017 02:00:00 PM,181,103,78
04/09/2017 03:00:00 PM,159,93,66
04/09/2017 04:00:00 PM,159,93,66
04/09/2017 05:00:00 PM,106,53,53
04/09/2017 06:00:00 PM,86,41,45
04/09/2017 07:00:00 PM,59,23,36
04/09/2017 08:00:00 PM,24,14,10
04/09/2017 09:00:00 PM,22,9,13
04/09/2017 10:00:00 PM,11,5,6
04/09/2017 11:00:00 PM,9,3,6
04/10/2017 12:00:00 AM,1,0,1
04/10/2017 01:00:00 AM,2,1,1
04/10/2017 02:00:00 AM,1,0,1
04/10/2017 03:00:00 AM,0,0,0
04/10/2017 04:00:00 AM,4,2,2
04/10/2017 05:00:00 AM,28,20,8
04/10/2017 06:00:00 AM,78,50,28
04/10/2017 07:00:00 AM,267,159,108
04/10/2017 08:00:00 AM,382,228,154
04/10/2017 09:00:00 AM,223,108,115
04/10/2017 10:00:00 AM,77,31,46
04/10/2017 11:00:00 AM,49,17,32
04/10/2017 12:00:00 PM,43,23,20
04/10/2017 01:00:00 PM,36,18,18
04/10/2017 02:00:00 PM,36,13,23
04/10/2017 03:00:00 PM,68,27,41
04/10/2017 04:00:00 PM,154,36,118
04/10/2017 05:00:00 PM,367,75,292
04/10/2017 06:00:00 PM,279,82,197
04/10/2017 07:00:00 PM,119,35,84
04/10/2017 08:00:00 PM,58,22,36
04/10/2017 09:00:00 PM,37,15,22
04/10/2017 10:00:00 PM,20,9,11
04/10/2017 11:00:00 PM,11,5,6
04/11/2017 12:00:00 AM,3,1,2
04/11/2017 01:00:00 AM,2,0,2
04/11/2017 02:00:00 AM,2,1,1
04/11/2017 03:00:00 AM,1,0,1
04/11/2017 04:00:00 AM,5,4,1
04/11/2017 05:00:00 AM,30,20,10
04/11/2017 06:00:00 AM,122,78,44
04/11/2017 07:00:00 AM,330,191,139
04/11/2017 08:00:00 AM,472,283,189
04/11/2017 09:00:00 AM,221,117,104
04/11/2017 10:00:00 AM,120,54,66
04/11/2017 11:00:00 AM,85,47,38
04/11/2017 12:00:00 PM,94,48,46
04/11/2017 01:00:00 PM,96,47,49
04/11/2017 02:00:00 PM,85,33,52
04/11/2017 03:00:00 PM,115,49,66
04/11/2017 04:00:00 PM,266,69,197
04/11/2017 05:00:00 PM,566,149,417
04/11/2017 06:00:00 PM,371,109,262
04/11/2017 07:00:00 PM,172,50,122
04/11/2017 08:00:00 PM,76,26,50
04/11/2017 09:00:00 PM,50,26,24
04/11/2017 10:00:00 PM,36,12,24
04/11/2017 11:00:00 PM,17,4,13
04/12/2017 12:00:00 AM,9,3,6
04/12/2017 01:00:00 AM,3,2,1
04/12/2017 02:00:00 AM,0,0,0
04/12/2017 03:00:00 AM,2,2,0
04/12/2017 04:00:00 AM,2,0,2
04/12/2017 05:00:00 AM,14,8,6
04/12/2017 06:00:00 AM,66,46,20
04/12/2017 07:00:00 AM,155,91,64
04/12/2017 08:00:00 AM,272,164,108
04/12/2017 09:00:00 AM,149,71,78
04/12/2017 10:00:00 AM,43,23,20
04/12/2017 11:00:00 AM,27,12,15
04/12/2017 12:00:00 PM,36,20,16
04/12/2017 01:00:00 PM,34,16,18
04/12/2017 02:00:00 PM,49,20,29
04/12/2017 03:00:00 PM,59,34,25
04/12/2017 04:00:00 PM,154,43,111
04/12/2017 05:00:00 PM,309,77,232
04/12/2017 06:00:00 PM,206,69,137
04/12/2017 07:00:00 PM,111,45,66
04/12/2017 08:00:00 PM,47,19,28
04/12/2017 09:00:00 PM,33,13,20
04/12/2017 10:00:00 PM,23,8,15
04/12/2017 11:00:00 PM,16,6,10
04/13/2017 12:00:00 AM,6,2,4
04/13/2017 01:00:00 AM,2,0,2
04/13/2017 02:00:00 AM,6,4,2
04/13/2017 03:00:00 AM,3,1,2
04/13/2017 04:00:00 AM,9,5,4
04/13/2017 05:00:00 AM,20,13,7
04/13/2017 06:00:00 AM,99,64,35
04/13/2017 07:00:00 AM,253,153,100
04/13/2017 08:00:00 AM,374,202,172
04/13/2017 09:00:00 AM,183,92,91
04/13/2017 10:00:00 AM,71,23,48
04/13/2017 11:00:00 AM,56,22,34
04/13/2017 12:00:00 PM,46,27,19
04/13/2017 01:00:00 PM,50,18,32
04/13/2017 02:00:00 PM,45,19,26
04/13/2017 03:00:00 PM,86,28,58
04/13/2017 04:00:00 PM,202,54,148
04/13/2017 05:00:00 PM,396,108,288
04/13/2017 06:00:00 PM,258,86,172
04/13/2017 07:00:00 PM,136,38,98
04/13/2017 08:00:00 PM,105,59,46
04/13/2017 09:00:00 PM,41,15,26
04/13/2017 10:00:00 PM,30,12,18
04/13/2017 11:00:00 PM,10,4,6
04/14/2017 12:00:00 AM,13,4,9
04/14/2017 01:00:00 AM,0,0,0
04/14/2017 02:00:00 AM,2,1,1
04/14/2017 03:00:00 AM,1,0,1
04/14/2017 04:00:00 AM,7,3,4
04/14/2017 05:00:00 AM,25,16,9
04/14/2017 06:00:00 AM,76,41,35
04/14/2017 07:00:00 AM,220,130,90
04/14/2017 08:00:00 AM,317,182,135
04/14/2017 09:00:00 AM,169,80,89
04/14/2017 10:00:00 AM,83,46,37
04/14/2017 11:00:00 AM,70,30,40
04/14/2017 12:00:00 PM,49,21,28
04/14/2017 01:00:00 PM,63,33,30
04/14/2017 02:00:00 PM,68,34,34
04/14/2017 03:00:00 PM,113,41,72
04/14/2017 04:00:00 PM,228,61,167
04/14/2017 05:00:00 PM,326,83,243
04/14/2017 06:00:00 PM,225,64,161
04/14/2017 07:00:00 PM,101,37,64
04/14/2017 08:00:00 PM,56,28,28
04/14/2017 09:00:00 PM,41,13,28
04/14/2017 10:00:00 PM,26,8,18
04/14/2017 11:00:00 PM,18,4,14
04/15/2017 12:00:00 AM,7,2,5
04/15/2017 01:00:00 AM,11,7,4
04/15/2017 02:00:00 AM,2,2,0
04/15/2017 03:00:00 AM,3,2,1
04/15/2017 04:00:00 AM,2,0,2
04/15/2017 05:00:00 AM,8,4,4
04/15/2017 06:00:00 AM,16,10,6
04/15/2017 07:00:00 AM,37,18,19
04/15/2017 08:00:00 AM,56,27,29
04/15/2017 09:00:00 AM,112,57,55
04/15/2017 10:00:00 AM,121,64,57
04/15/2017 11:00:00 AM,129,70,59
04/15/2017 12:00:00 PM,141,86,55
04/15/2017 01:00:00 PM,164,82,82
04/15/2017 02:00:00 PM,137,89,48
04/15/2017 03:00:00 PM,219,96,123
04/15/2017 04:00:00 PM,167,91,76
04/15/2017 05:00:00 PM,167,78,89
04/15/2017 06:00:00 PM,124,58,66
04/15/2017 07:00:00 PM,69,38,31
04/15/2017 08:00:00 PM,47,25,22
04/15/2017 09:00:00 PM,30,9,21
04/15/2017 10:00:00 PM,17,5,12
04/15/2017 11:00:00 PM,20,3,17
04/16/2017 12:00:00 AM,17,4,13
04/16/2017 01:00:00 AM,12,7,5
04/16/2017 02:00:00 AM,4,2,2
04/16/2017 03:00:00 AM,4,2,2
04/16/2017 04:00:00 AM,4,1,3
04/16/2017 05:00:00 AM,4,1,3
04/16/2017 06:00:00 AM,10,2,8
04/16/2017 07:00:00 AM,31,15,16
04/16/2017 08:00:00 AM,47,17,30
04/16/2017 09:00:00 AM,80,38,42
04/16/2017 10:00:00 AM,98,37,61
04/16/2017 11:00:00 AM,115,56,59
04/16/2017 12:00:00 PM,162,81,81
04/16/2017 01:00:00 PM,190,99,91
04/16/2017 02:00:00 PM,136,70,66
04/16/2017 03:00:00 PM,168,81,87
04/16/2017 04:00:00 PM,156,92,64
04/16/2017 05:00:00 PM,104,48,56
04/16/2017 06:00:00 PM,81,43,38
04/16/2017 07:00:00 PM,66,35,31
04/16/2017 08:00:00 PM,36,16,20
04/16/2017 09:00:00 PM,19,11,8
04/16/2017 10:00:00 PM,8,6,2
04/16/2017 11:00:00 PM,10,4,6
04/17/2017 12:00:00 AM,9,4,5
04/17/2017 01:00:00 AM,2,0,2
04/17/2017 02:00:00 AM,4,4,0
04/17/2017 03:00:00 AM,1,0,1
04/17/2017 04:00:00 AM,7,3,4
04/17/2017 05:00:00 AM,29,18,11
04/17/2017 06:00:00 AM,104,64,40
04/17/2017 07:00:00 AM,278,178,100
04/17/2017 08:00:00 AM,427,238,189
04/17/2017 09:00:00 AM,236,110,126
04/17/2017 10:00:00 AM,100,52,48
04/17/2017 11:00:00 AM,65,30,35
04/17/2017 12:00:00 PM,49,21,28
04/17/2017 01:00:00 PM,63,31,32
04/17/2017 02:00:00 PM,53,22,31
04/17/2017 03:00:00 PM,89,43,46
04/17/2017 04:00:00 PM,195,59,136
04/17/2017 05:00:00 PM,402,84,318
04/17/2017 06:00:00 PM,307,80,227
04/17/2017 07:00:00 PM,127,39,88
04/17/2017 08:00:00 PM,44,13,31
04/17/2017 09:00:00 PM,32,14,18
04/17/2017 10:00:00 PM,21,8,13
04/17/2017 11:00:00 PM,9,5,4
04/18/2017 12:00:00 AM,7,3,4
04/18/2017 01:00:00 AM,3,1,2
04/18/2017 02:00:00 AM,2,2,0
04/18/2017 03:00:00 AM,3,2,1
04/18/2017 04:00:00 AM,6,4,2
04/18/2017 05:00:00 AM,30,21,9
04/18/2017 06:00:00 AM,104,65,39
04/18/2017 07:00:00 AM,282,180,102
04/18/2017 08:00:00 AM,421,238,183
04/18/2017 09:00:00 AM,215,112,103
04/18/2017 10:00:00 AM,61,34,27
04/18/2017 11:00:00 AM,57,21,36
04/18/2017 12:00:00 PM,72,38,34
04/18/2017 01:00:00 PM,47,26,21
04/18/2017 02:00:00 PM,70,36,34
04/18/2017 03:00:00 PM,89,31,58
04/18/2017 04:00:00 PM,234,68,166
04/18/2017 05:00:00 PM,462,135,327
04/18/2017 06:00:00 PM,347,82,265
04/18/2017 07:00:00 PM,121,41,80
04/18/2017 08:00:00 PM,58,19,39
04/18/2017 09:00:00 PM,53,22,31
04/18/2017 10:00:00 PM,23,13,10
04/18/2017 11:00:00 PM,15,9,6
04/19/2017 12:00:00 AM,8,6,2
04/19/2017 01:00:00 AM,0,0,0
04/19/2017 02:00:00 AM,1,1,0
04/19/2017 03:00:00 AM,0,0,0
04/19/2017 04:00:00 AM,7,4,3
04/19/2017 05:00:00 AM,34,22,12
04/19/2017 06:00:00 AM,112,68,44
04/19/2017 07:00:00 AM,300,183,117
04/19/2017 08:00:00 AM,392,215,177
04/19/2017 09:00:00 AM,188,93,95
04/19/2017 10:00:00 AM,70,28,42
04/19/2017 11:00:00 AM,39,18,21
04/19/2017 12:00:00 PM,37,13,24
04/19/2017 01:00:00 PM,30,12,18
04/19/2017 02:00:00 PM,40,19,21
04/19/2017 03:00:00 PM,83,34,49
04/19/2017 04:00:00 PM,189,55,134
04/19/2017 05:00:00 PM,421,112,309
04/19/2017 06:00:00 PM,328,103,225
04/19/2017 07:00:00 PM,158,36,122
04/19/2017 08:00:00 PM,78,28,50
04/19/2017 09:00:00 PM,36,17,19
04/19/2017 10:00:00 PM,16,8,8
04/19/2017 11:00:00 PM,8,4,4
04/20/2017 12:00:00 AM,5,3,2
04/20/2017 01:00:00 AM,3,0,3
04/20/2017 02:00:00 AM,2,2,0
04/20/2017 03:00:00 AM,1,0,1
04/20/2017 04:00:00 AM,6,4,2
04/20/2017 05:00:00 AM,40,28,12
04/20/2017 06:00:00 AM,120,66,54
04/20/2017 07:00:00 AM,272,164,108
04/20/2017 08:00:00 AM,445,252,193
04/20/2017 09:00:00 AM,231,113,118
04/20/2017 10:00:00 AM,70,31,39
04/20/2017 11:00:00 AM,57,28,29
04/20/2017 12:00:00 PM,58,36,22
04/20/2017 01:00:00 PM,68,29,39
04/20/2017 02:00:00 PM,87,36,51
04/20/2017 03:00:00 PM,127,53,74
04/20/2017 04:00:00 PM,239,73,166
04/20/2017 05:00:00 PM,502,149,353
04/20/2017 06:00:00 PM,357,113,244
04/20/2017 07:00:00 PM,172,54,118
04/20/2017 08:00:00 PM,111,36,75
04/20/2017 09:00:00 PM,57,20,37
04/20/2017 10:00:00 PM,42,16,26
04/20/2017 11:00:00 PM,13,4,9
04/21/2017 12:00:00 AM,24,10,14
04/21/2017 01:00:00 AM,5,2,3
04/21/2017 02:00:00 AM,5,3,2
04/21/2017 03:00:00 AM,1,0,1
04/21/2017 04:00:00 AM,5,2,3
04/21/2017 05:00:00 AM,33,24,9
04/21/2017 06:00:00 AM,142,80,62
04/21/2017 07:00:00 AM,341,227,114
04/21/2017 08:00:00 AM,506,293,213
04/21/2017 09:00:00 AM,276,151,125
04/21/2017 10:00:00 AM,132,66,66
04/21/2017 11:00:00 AM,112,55,57
04/21/2017 12:00:00 PM,129,56,73
04/21/2017 01:00:00 PM,150,83,67
04/21/2017 02:00:00 PM,155,67,88
04/21/2017 03:00:00 PM,267,99,168
04/21/2017 04:00:00 PM,424,154,270
04/21/2017 05:00:00 PM,630,197,433
04/21/2017 06:00:00 PM,374,128,246
04/21/2017 07:00:00 PM,176,69,107
04/21/2017 08:00:00 PM,107,46,61
04/21/2017 09:00:00 PM,48,25,23
04/21/2017 10:00:00 PM,45,21,24
04/21/2017 11:00:00 PM,22,9,13
04/22/2017 12:00:00 AM,14,5,9
04/22/2017 01:00:00 AM,9,3,6
04/22/2017 02:00:00 AM,3,2,1
04/22/2017 03:00:00 AM,2,0,2
04/22/2017 04:00:00 AM,4,1,3
04/22/2017 05:00:00 AM,4,2,2
04/22/2017 06:00:00 AM,20,14,6
04/22/2017 07:00:00 AM,48,24,24
04/22/2017 08:00:00 AM,83,46,37
04/22/2017 09:00:00 AM,101,63,38
04/22/2017 10:00:00 AM,85,31,54
04/22/2017 11:00:00 AM,90,52,38
04/22/2017 12:00:00 PM,46,25,21
04/22/2017 01:00:00 PM,94,33,61
04/22/2017 02:00:00 PM,41,21,20
04/22/2017 03:00:00 PM,57,19,38
04/22/2017 04:00:00 PM,66,32,34
04/22/2017 05:00:00 PM,56,24,32
04/22/2017 06:00:00 PM,62,35,27
04/22/2017 07:00:00 PM,59,33,26
04/22/2017 08:00:00 PM,30,12,18
04/22/2017 09:00:00 PM,22,15,7
04/22/2017 10:00:00 PM,16,5,11
04/22/2017 11:00:00 PM,13,4,9
04/23/2017 12:00:00 AM,10,3,7
04/23/2017 01:00:00 AM,5,2,3
04/23/2017 02:00:00 AM,5,1,4
04/23/2017 03:00:00 AM,3,1,2
04/23/2017 04:00:00 AM,2,0,2
04/23/2017 05:00:00 AM,1,1,0
04/23/2017 06:00:00 AM,12,7,5
04/23/2017 07:00:00 AM,24,12,12
04/23/2017 08:00:00 AM,64,26,38
04/23/2017 09:00:00 AM,78,50,28
04/23/2017 10:00:00 AM,88,45,43
04/23/2017 11:00:00 AM,74,35,39
04/23/2017 12:00:00 PM,38,21,17
04/23/2017 01:00:00 PM,54,25,29
04/23/2017 02:00:00 PM,39,20,19
04/23/2017 03:00:00 PM,34,17,17
04/23/2017 04:00:00 PM,23,10,13
04/23/2017 05:00:00 PM,23,8,15
04/23/2017 06:00:00 PM,25,14,11
04/23/2017 07:00:00 PM,22,9,13
04/23/2017 08:00:00 PM,11,2,9
04/23/2017 09:00:00 PM,8,5,3
04/23/2017 10:00:00 PM,10,5,5
04/23/2017 11:00:00 PM,6,1,5
04/24/2017 12:00:00 AM,6,4,2
04/24/2017 01:00:00 AM,2,1,1
04/24/2017 02:00:00 AM,2,0,2
04/24/2017 03:00:00 AM,1,0,1
04/24/2017 04:00:00 AM,5,3,2
04/24/2017 05:00:00 AM,28,18,10
04/24/2017 06:00:00 AM,110,63,47
04/24/2017 07:00:00 AM,329,203,126
04/24/2017 08:00:00 AM,455,270,185
04/24/2017 09:00:00 AM,220,107,113
04/24/2017 10:00:00 AM,66,34,32
04/24/2017 11:00:00 AM,49,23,26
04/24/2017 12:00:00 PM,51,21,30
04/24/2017 01:00:00 PM,64,31,33
04/24/2017 02:00:00 PM,67,33,34
04/24/2017 03:00:00 PM,106,47,59
04/24/2017 04:00:00 PM,232,76,156
04/24/2017 05:00:00 PM,529,131,398
04/24/2017 06:00:00 PM,346,119,227
04/24/2017 07:00:00 PM,206,61,145
04/24/2017 08:00:00 PM,98,36,62
04/24/2017 09:00:00 PM,44,22,22
04/24/2017 10:00:00 PM,31,15,16
04/24/2017 11:00:00 PM,18,4,14
04/25/2017 12:00:00 AM,11,5,6
04/25/2017 01:00:00 AM,10,3,7
04/25/2017 02:00:00 AM,3,1,2
04/25/2017 03:00:00 AM,0,0,0
04/25/2017 04:00:00 AM,8,5,3
04/25/2017 05:00:00 AM,40,25,15
04/25/2017 06:00:00 AM,219,137,82
04/25/2017 07:00:00 AM,360,226,134
04/25/2017 08:00:00 AM,493,286,207
04/25/2017 09:00:00 AM,264,138,126
04/25/2017 10:00:00 AM,111,45,66
04/25/2017 11:00:00 AM,52,29,23
04/25/2017 12:00:00 PM,64,23,41
04/25/2017 01:00:00 PM,82,34,48
04/25/2017 02:00:00 PM,72,32,40
04/25/2017 03:00:00 PM,124,51,73
04/25/2017 04:00:00 PM,290,85,205
04/25/2017 05:00:00 PM,532,142,390
04/25/2017 06:00:00 PM,335,87,248
04/25/2017 07:00:00 PM,136,36,100
04/25/2017 08:00:00 PM,80,27,53
04/25/2017 09:00:00 PM,27,10,17
04/25/2017 10:00:00 PM,22,9,13
04/25/2017 11:00:00 PM,21,5,16
04/26/2017 12:00:00 AM,6,3,3
04/26/2017 01:00:00 AM,3,3,0
04/26/2017 02:00:00 AM,0,0,0
04/26/2017 03:00:00 AM,2,1,1
04/26/2017 04:00:00 AM,6,3,3
04/26/2017 05:00:00 AM,30,18,12
04/26/2017 06:00:00 AM,121,72,49
04/26/2017 07:00:00 AM,302,170,132
04/26/2017 08:00:00 AM,407,243,164
04/26/2017 09:00:00 AM,168,88,80
04/26/2017 10:00:00 AM,81,36,45
04/26/2017 11:00:00 AM,55,25,30
04/26/2017 12:00:00 PM,51,26,25
04/26/2017 01:00:00 PM,42,20,22
04/26/2017 02:00:00 PM,51,24,27
04/26/2017 03:00:00 PM,80,28,52
04/26/2017 04:00:00 PM,176,50,126
04/26/2017 05:00:00 PM,425,96,329
04/26/2017 06:00:00 PM,278,81,197
04/26/2017 07:00:00 PM,123,31,92
04/26/2017 08:00:00 PM,61,20,41
04/26/2017 09:00:00 PM,41,10,31
04/26/2017 10:00:00 PM,19,10,9
04/26/2017 11:00:00 PM,11,5,6
04/27/2017 12:00:00 AM,5,2,3
04/27/2017 01:00:00 AM,1,0,1
04/27/2017 02:00:00 AM,1,1,0
04/27/2017 03:00:00 AM,0,0,0
04/27/2017 04:00:00 AM,7,3,4
04/27/2017 05:00:00 AM,38,30,8
04/27/2017 06:00:00 AM,120,72,48
04/27/2017 07:00:00 AM,293,186,107
04/27/2017 08:00:00 AM,414,231,183
04/27/2017 09:00:00 AM,201,106,95
04/27/2017 10:00:00 AM,91,41,50
04/27/2017 11:00:00 AM,64,30,34
04/27/2017 12:00:00 PM,71,32,39
04/27/2017 01:00:00 PM,63,23,40
04/27/2017 02:00:00 PM,91,40,51
04/27/2017 03:00:00 PM,121,54,67
04/27/2017 04:00:00 PM,244,83,161
04/27/2017 05:00:00 PM,483,117,366
04/27/2017 06:00:00 PM,302,88,214
04/27/2017 07:00:00 PM,161,41,120
04/27/2017 08:00:00 PM,89,39,50
04/27/2017 09:00:00 PM,48,17,31
04/27/2017 10:00:00 PM,35,15,20
04/27/2017 11:00:00 PM,18,8,10
04/28/2017 12:00:00 AM,7,2,5
04/28/2017 01:00:00 AM,3,1,2
04/28/2017 02:00:00 AM,4,1,3
04/28/2017 03:00:00 AM,4,1,3
04/28/2017 04:00:00 AM,1,0,1
04/28/2017 05:00:00 AM,30,21,9
04/28/2017 06:00:00 AM,115,67,48
04/28/2017 07:00:00 AM,306,199,107
04/28/2017 08:00:00 AM,433,234,199
04/28/2017 09:00:00 AM,222,118,104
04/28/2017 10:00:00 AM,98,50,48
04/28/2017 11:00:00 AM,68,24,44
04/28/2017 12:00:00 PM,76,47,29
04/28/2017 01:00:00 PM,85,44,41
04/28/2017 02:00:00 PM,118,52,66
04/28/2017 03:00:00 PM,157,59,98
04/28/2017 04:00:00 PM,345,106,239
04/28/2017 05:00:00 PM,507,143,364
04/28/2017 06:00:00 PM,357,115,242
04/28/2017 07:00:00 PM,170,78,92
04/28/2017 08:00:00 PM,96,47,49
04/28/2017 09:00:00 PM,42,16,26
04/28/2017 10:00:00 PM,39,20,19
04/28/2017 11:00:00 PM,32,9,23
04/29/2017 12:00:00 AM,14,8,6
04/29/2017 01:00:00 AM,7,3,4
04/29/2017 02:00:00 AM,5,2,3
04/29/2017 03:00:00 AM,4,3,1
04/29/2017 04:00:00 AM,2,2,0
04/29/2017 05:00:00 AM,6,1,5
04/29/2017 06:00:00 AM,13,9,4
04/29/2017 07:00:00 AM,39,21,18
04/29/2017 08:00:00 AM,85,48,37
04/29/2017 09:00:00 AM,126,70,56
04/29/2017 10:00:00 AM,103,66,37
04/29/2017 11:00:00 AM,137,84,53
04/29/2017 12:00:00 PM,121,60,61
04/29/2017 01:00:00 PM,120,68,52
04/29/2017 02:00:00 PM,138,64,74
04/29/2017 03:00:00 PM,105,57,48
04/29/2017 04:00:00 PM,80,41,39
04/29/2017 05:00:00 PM,86,39,47
04/29/2017 06:00:00 PM,52,21,31
04/29/2017 07:00:00 PM,36,22,14
04/29/2017 08:00:00 PM,25,14,11
04/29/2017 09:00:00 PM,27,5,22
04/29/2017 10:00:00 PM,18,7,11
04/29/2017 11:00:00 PM,9,2,7
04/30/2017 12:00:00 AM,12,3,9
04/30/2017 01:00:00 AM,5,3,2
04/30/2017 02:00:00 AM,4,0,4
04/30/2017 03:00:00 AM,2,1,1
04/30/2017 04:00:00 AM,2,1,1
04/30/2017 05:00:00 AM,2,1,1
04/30/2017 06:00:00 AM,13,9,4
04/30/2017 07:00:00 AM,15,8,7
04/30/2017 08:00:00 AM,47,23,24
04/30/2017 09:00:00 AM,43,19,24
04/30/2017 10:00:00 AM,72,36,36
04/30/2017 11:00:00 AM,75,34,41
04/30/2017 12:00:00 PM,122,70,52
04/30/2017 01:00:00 PM,171,87,84
04/30/2017 02:00:00 PM,123,66,57
04/30/2017 03:00:00 PM,128,63,65
04/30/2017 04:00:00 PM,125,65,60
04/30/2017 05:00:00 PM,73,27,46
04/30/2017 06:00:00 PM,82,48,34
04/30/2017 07:00:00 PM,35,24,11
04/30/2017 08:00:00 PM,28,18,10
04/30/2017 09:00:00 PM,14,3,11
04/30/2017 10:00:00 PM,11,5,6
04/30/2017 11:00:00 PM,11,4,7
05/01/2017 12:00:00 AM,6,5,1
05/01/2017 01:00:00 AM,4,3,1
05/01/2017 02:00:00 AM,1,1,0
05/01/2017 03:00:00 AM,2,1,1
05/01/2017 04:00:00 AM,10,4,6
05/01/2017 05:00:00 AM,42,26,16
05/01/2017 06:00:00 AM,182,117,65
05/01/2017 07:00:00 AM,393,246,147
05/01/2017 08:00:00 AM,525,301,224
05/01/2017 09:00:00 AM,228,119,109
05/01/2017 10:00:00 AM,54,22,32
05/01/2017 11:00:00 AM,44,15,29
05/01/2017 12:00:00 PM,47,26,21
05/01/2017 01:00:00 PM,38,21,17
05/01/2017 02:00:00 PM,78,31,47
05/01/2017 03:00:00 PM,123,48,75
05/01/2017 04:00:00 PM,326,75,251
05/01/2017 05:00:00 PM,593,134,459
05/01/2017 06:00:00 PM,352,102,250
05/01/2017 07:00:00 PM,151,70,81
05/01/2017 08:00:00 PM,78,29,49
05/01/2017 09:00:00 PM,49,19,30
05/01/2017 10:00:00 PM,27,7,20
05/01/2017 11:00:00 PM,10,4,6
05/02/2017 12:00:00 AM,5,1,4
05/02/2017 01:00:00 AM,7,0,7
05/02/2017 02:00:00 AM,5,2,3
05/02/2017 03:00:00 AM,2,1,1
05/02/2017 04:00:00 AM,10,4,6
05/02/2017 05:00:00 AM,46,32,14
05/02/2017 06:00:00 AM,201,126,75
05/02/2017 07:00:00 AM,435,274,161
05/02/2017 08:00:00 AM,527,324,203
05/02/2017 09:00:00 AM,261,139,122
05/02/2017 10:00:00 AM,88,48,40
05/02/2017 11:00:00 AM,83,47,36
05/02/2017 12:00:00 PM,77,42,35
05/02/2017 01:00:00 PM,73,42,31
05/02/2017 02:00:00 PM,98,44,54
05/02/2017 03:00:00 PM,130,58,72
05/02/2017 04:00:00 PM,305,81,224
05/02/2017 05:00:00 PM,628,149,479
05/02/2017 06:00:00 PM,372,100,272
05/02/2017 07:00:00 PM,164,55,109
05/02/2017 08:00:00 PM,82,25,57
05/02/2017 09:00:00 PM,48,13,35
05/02/2017 10:00:00 PM,32,12,20
05/02/2017 11:00:00 PM,17,5,12
05/03/2017 12:00:00 AM,6,3,3
05/03/2017 01:00:00 AM,4,1,3
05/03/2017 02:00:00 AM,4,2,2
05/03/2017 03:00:00 AM,2,1,1
05/03/2017 04:00:00 AM,4,2,2
05/03/2017 05:00:00 AM,35,23,12
05/03/2017 06:00:00 AM,184,117,67
05/03/2017 07:00:00 AM,444,286,158
05/03/2017 08:00:00 AM,579,341,238
05/03/2017 09:00:00 AM,291,142,149
05/03/2017 10:00:00 AM,86,37,49
05/03/2017 11:00:00 AM,67,35,32
05/03/2017 12:00:00 PM,74,42,32
05/03/2017 01:00:00 PM,84,44,40
05/03/2017 02:00:00 PM,95,39,56
05/03/2017 03:00:00 PM,171,68,103
05/03/2017 04:00:00 PM,403,135,268
05/03/2017 05:00:00 PM,829,211,618
05/03/2017 06:00:00 PM,565,218,347
05/03/2017 07:00:00 PM,274,111,163
05/03/2017 08:00:00 PM,186,82,104
05/03/2017 09:00:00 PM,85,38,47
05/03/2017 10:00:00 PM,48,23,25
05/03/2017 11:00:00 PM,23,8,15
05/04/2017 12:00:00 AM,12,4,8
05/04/2017 01:00:00 AM,7,4,3
05/04/2017 02:00:00 AM,10,7,3
05/04/2017 03:00:00 AM,2,1,1
05/04/2017 04:00:00 AM,10,7,3
05/04/2017 05:00:00 AM,46,26,20
05/04/2017 06:00:00 AM,167,112,55
05/04/2017 07:00:00 AM,405,235,170
05/04/2017 08:00:00 AM,525,300,225
05/04/2017 09:00:00 AM,257,131,126
05/04/2017 10:00:00 AM,118,57,61
05/04/2017 11:00:00 AM,92,51,41
05/04/2017 12:00:00 PM,98,48,50
05/04/2017 01:00:00 PM,116,57,59
05/04/2017 02:00:00 PM,128,61,67
05/04/2017 03:00:00 PM,185,82,103
05/04/2017 04:00:00 PM,343,94,249
05/04/2017 05:00:00 PM,436,99,337
05/04/2017 06:00:00 PM,241,74,167
05/04/2017 07:00:00 PM,136,41,95
05/04/2017 08:00:00 PM,73,28,45
05/04/2017 09:00:00 PM,29,15,14
05/04/2017 10:00:00 PM,26,6,20
05/04/2017 11:00:00 PM,14,7,7
05/05/2017 12:00:00 AM,3,2,1
05/05/2017 01:00:00 AM,5,3,2
05/05/2017 02:00:00 AM,4,2,2
05/05/2017 03:00:00 AM,2,2,0
05/05/2017 04:00:00 AM,3,0,3
05/05/2017 05:00:00 AM,36,22,14
05/05/2017 06:00:00 AM,110,62,48
05/05/2017 07:00:00 AM,292,192,100
05/05/2017 08:00:00 AM,400,219,181
05/05/2017 09:00:00 AM,189,90,99
05/05/2017 10:00:00 AM,67,30,37
05/05/2017 11:00:00 AM,48,23,25
05/05/2017 12:00:00 PM,50,27,23
05/05/2017 01:00:00 PM,64,28,36
05/05/2017 02:00:00 PM,61,27,34
05/05/2017 03:00:00 PM,97,43,54
05/05/2017 04:00:00 PM,299,68,231
05/05/2017 05:00:00 PM,483,128,355
05/05/2017 06:00:00 PM,245,69,176
05/05/2017 07:00:00 PM,132,43,89
05/05/2017 08:00:00 PM,58,20,38
05/05/2017 09:00:00 PM,28,12,16
05/05/2017 10:00:00 PM,28,10,18
05/05/2017 11:00:00 PM,29,5,24
05/06/2017 12:00:00 AM,12,2,10
05/06/2017 01:00:00 AM,5,3,2
05/06/2017 02:00:00 AM,4,1,3
05/06/2017 03:00:00 AM,6,2,4
05/06/2017 04:00:00 AM,2,2,0
05/06/2017 05:00:00 AM,3,2,1
05/06/2017 06:00:00 AM,17,11,6
05/06/2017 07:00:00 AM,50,19,31
05/06/2017 08:00:00 AM,89,47,42
05/06/2017 09:00:00 AM,163,99,64
05/06/2017 10:00:00 AM,123,53,70
05/06/2017 11:00:00 AM,169,84,85
05/06/2017 12:00:00 PM,184,119,65
05/06/2017 01:00:00 PM,184,101,83
05/06/2017 02:00:00 PM,190,104,86
05/06/2017 03:00:00 PM,167,89,78
05/06/2017 04:00:00 PM,193,98,95
05/06/2017 05:00:00 PM,142,76,66
05/06/2017 06:00:00 PM,123,49,74
05/06/2017 07:00:00 PM,87,47,40
05/06/2017 08:00:00 PM,47,23,24
05/06/2017 09:00:00 PM,32,11,21
05/06/2017 10:00:00 PM,27,11,16
05/06/2017 11:00:00 PM,19,10,9
05/07/2017 12:00:00 AM,14,8,6
05/07/2017 01:00:00 AM,7,1,6
05/07/2017 02:00:00 AM,4,1,3
05/07/2017 03:00:00 AM,1,0,1
05/07/2017 04:00:00 AM,2,0,2
05/07/2017 05:00:00 AM,1,1,0
05/07/2017 06:00:00 AM,13,10,3
05/07/2017 07:00:00 AM,38,21,17
05/07/2017 08:00:00 AM,74,44,30
05/07/2017 09:00:00 AM,76,46,30
05/07/2017 10:00:00 AM,129,74,55
05/07/2017 11:00:00 AM,168,80,88
05/07/2017 12:00:00 PM,198,106,92
05/07/2017 01:00:00 PM,218,130,88
05/07/2017 02:00:00 PM,193,89,104
05/07/2017 03:00:00 PM,209,118,91
05/07/2017 04:00:00 PM,228,115,113
05/07/2017 05:00:00 PM,215,120,95
05/07/2017 06:00:00 PM,149,96,53
05/07/2017 07:00:00 PM,75,44,31
05/07/2017 08:00:00 PM,34,16,18
05/07/2017 09:00:00 PM,28,13,15
05/07/2017 10:00:00 PM,11,4,7
05/07/2017 11:00:00 PM,13,5,8
05/08/2017 12:00:00 AM,3,0,3
05/08/2017 01:00:00 AM,5,0,5
05/08/2017 02:00:00 AM,1,0,1
05/08/2017 03:00:00 AM,1,1,0
05/08/2017 04:00:00 AM,6,3,3
05/08/2017 05:00:00 AM,51,31,20
05/08/2017 06:00:00 AM,168,98,70
05/08/2017 07:00:00 AM,477,303,174
05/08/2017 08:00:00 AM,661,387,274
05/08/2017 09:00:00 AM,276,145,131
05/08/2017 10:00:00 AM,114,58,56
05/08/2017 11:00:00 AM,60,22,38
05/08/2017 12:00:00 PM,51,22,29
05/08/2017 01:00:00 PM,63,35,28
05/08/2017 02:00:00 PM,104,40,64
05/08/2017 03:00:00 PM,160,61,99
05/08/2017 04:00:00 PM,387,129,258
05/08/2017 05:00:00 PM,788,180,608
05/08/2017 06:00:00 PM,545,157,388
05/08/2017 07:00:00 PM,215,86,129
05/08/2017 08:00:00 PM,135,68,67
05/08/2017 09:00:00 PM,66,25,41
05/08/2017 10:00:00 PM,29,7,22
05/08/2017 11:00:00 PM,21,7,14
05/09/2017 12:00:00 AM,5,2,3
05/09/2017 01:00:00 AM,4,2,2
05/09/2017 02:00:00 AM,0,0,0
05/09/2017 03:00:00 AM,1,1,0
05/09/2017 04:00:00 AM,8,2,6
05/09/2017 05:00:00 AM,48,35,13
05/09/2017 06:00:00 AM,213,133,80
05/09/2017 07:00:00 AM,570,363,207
05/09/2017 08:00:00 AM,696,421,275
05/09/2017 09:00:00 AM,323,152,171
05/09/2017 10:00:00 AM,126,70,56
05/09/2017 11:00:00 AM,90,42,48
05/09/2017 12:00:00 PM,107,53,54
05/09/2017 01:00:00 PM,113,65,48
05/09/2017 02:00:00 PM,143,63,80
05/09/2017 03:00:00 PM,183,80,103
05/09/2017 04:00:00 PM,433,140,293
05/09/2017 05:00:00 PM,827,204,623
05/09/2017 06:00:00 PM,571,188,383
05/09/2017 07:00:00 PM,284,106,178
05/09/2017 08:00:00 PM,153,65,88
05/09/2017 09:00:00 PM,86,33,53
05/09/2017 10:00:00 PM,59,23,36
05/09/2017 11:00:00 PM,28,10,18
05/10/2017 12:00:00 AM,12,8,4
05/10/2017 01:00:00 AM,4,2,2
05/10/2017 02:00:00 AM,1,1,0
05/10/2017 03:00:00 AM,2,0,2
05/10/2017 04:00:00 AM,7,3,4
05/10/2017 05:00:00 AM,52,33,19
05/10/2017 06:00:00 AM,234,143,91
05/10/2017 07:00:00 AM,519,318,201
05/10/2017 08:00:00 AM,645,380,265
05/10/2017 09:00:00 AM,289,131,158
05/10/2017 10:00:00 AM,134,63,71
05/10/2017 11:00:00 AM,101,51,50
05/10/2017 12:00:00 PM,90,33,57
05/10/2017 01:00:00 PM,136,73,63
05/10/2017 02:00:00 PM,134,58,76
05/10/2017 03:00:00 PM,197,75,122
05/10/2017 04:00:00 PM,456,148,308
05/10/2017 05:00:00 PM,812,189,623
05/10/2017 06:00:00 PM,598,212,386
05/10/2017 07:00:00 PM,249,100,149
05/10/2017 08:00:00 PM,160,56,104
05/10/2017 09:00:00 PM,85,30,55
05/10/2017 10:00:00 PM,55,28,27
05/10/2017 11:00:00 PM,27,8,19
05/11/2017 12:00:00 AM,12,9,3
05/11/2017 01:00:00 AM,5,3,2
05/11/2017 02:00:00 AM,2,1,1
05/11/2017 03:00:00 AM,3,2,1
05/11/2017 04:00:00 AM,7,4,3
05/11/2017 05:00:00 AM,33,19,14
05/11/2017 06:00:00 AM,117,71,46
05/11/2017 07:00:00 AM,345,194,151
05/11/2017 08:00:00 AM,454,259,195
05/11/2017 09:00:00 AM,232,132,100
05/11/2017 10:00:00 AM,102,43,59
05/11/2017 11:00:00 AM,35,19,16
05/11/2017 12:00:00 PM,41,20,21
05/11/2017 01:00:00 PM,35,16,19
05/11/2017 02:00:00 PM,44,18,26
05/11/2017 03:00:00 PM,94,45,49
05/11/2017 04:00:00 PM,196,59,137
05/11/2017 05:00:00 PM,524,110,414
05/11/2017 06:00:00 PM,275,75,200
05/11/2017 07:00:00 PM,147,44,103
05/11/2017 08:00:00 PM,143,32,111
05/11/2017 09:00:00 PM,39,15,24
05/11/2017 10:00:00 PM,15,5,10
05/11/2017 11:00:00 PM,18,1,17
05/12/2017 12:00:00 AM,11,3,8
05/12/2017 01:00:00 AM,3,2,1
05/12/2017 02:00:00 AM,5,5,0
05/12/2017 03:00:00 AM,2,0,2
05/12/2017 04:00:00 AM,5,3,2
05/12/2017 05:00:00 AM,38,28,10
05/12/2017 06:00:00 AM,127,71,56
05/12/2017 07:00:00 AM,386,216,170
05/12/2017 08:00:00 AM,475,265,210
05/12/2017 09:00:00 AM,223,109,114
05/12/2017 10:00:00 AM,100,47,53
05/12/2017 11:00:00 AM,75,28,47
05/12/2017 12:00:00 PM,60,23,37
05/12/2017 01:00:00 PM,51,22,29
05/12/2017 02:00:00 PM,88,37,51
05/12/2017 03:00:00 PM,125,51,74
05/12/2017 04:00:00 PM,256,60,196
05/12/2017 05:00:00 PM,485,122,363
05/12/2017 06:00:00 PM,277,59,218
05/12/2017 07:00:00 PM,132,50,82
05/12/2017 08:00:00 PM,50,22,28
05/12/2017 09:00:00 PM,38,12,26
05/12/2017 10:00:00 PM,20,9,11
05/12/2017 11:00:00 PM,18,6,12
05/13/2017 12:00:00 AM,11,6,5
05/13/2017 01:00:00 AM,2,1,1
05/13/2017 02:00:00 AM,8,5,3
05/13/2017 03:00:00 AM,5,0,5
05/13/2017 04:00:00 AM,2,2,0
05/13/2017 05:00:00 AM,6,2,4
05/13/2017 06:00:00 AM,18,7,11
05/13/2017 07:00:00 AM,31,15,16
05/13/2017 08:00:00 AM,59,30,29
05/13/2017 09:00:00 AM,84,46,38
05/13/2017 10:00:00 AM,95,59,36
05/13/2017 11:00:00 AM,121,56,65
05/13/2017 12:00:00 PM,112,61,51
05/13/2017 01:00:00 PM,94,43,51
05/13/2017 02:00:00 PM,99,50,49
05/13/2017 03:00:00 PM,160,85,75
05/13/2017 04:00:00 PM,116,60,56
05/13/2017 05:00:00 PM,113,58,55
05/13/2017 06:00:00 PM,78,30,48
05/13/2017 07:00:00 PM,42,15,27
05/13/2017 08:00:00 PM,22,12,10
05/13/2017 09:00:00 PM,21,12,9
05/13/2017 10:00:00 PM,10,6,4
05/13/2017 11:00:00 PM,24,8,16
05/14/2017 12:00:00 AM,16,6,10
05/14/2017 01:00:00 AM,6,3,3
05/14/2017 02:00:00 AM,1,1,0
05/14/2017 03:00:00 AM,3,1,2
05/14/2017 04:00:00 AM,1,0,1
05/14/2017 05:00:00 AM,4,2,2
05/14/2017 06:00:00 AM,10,5,5
05/14/2017 07:00:00 AM,20,12,8
05/14/2017 08:00:00 AM,37,23,14
05/14/2017 09:00:00 AM,52,37,15
05/14/2017 10:00:00 AM,46,21,25
05/14/2017 11:00:00 AM,69,37,32
05/14/2017 12:00:00 PM,104,55,49
05/14/2017 01:00:00 PM,89,50,39
05/14/2017 02:00:00 PM,97,56,41
05/14/2017 03:00:00 PM,105,56,49
05/14/2017 04:00:00 PM,81,42,39
05/14/2017 05:00:00 PM,77,36,41
05/14/2017 06:00:00 PM,65,35,30
05/14/2017 07:00:00 PM,40,18,22
05/14/2017 08:00:00 PM,40,12,28
05/14/2017 09:00:00 PM,22,11,11
05/14/2017 10:00:00 PM,19,14,5
05/14/2017 11:00:00 PM,12,5,7
05/15/2017 12:00:00 AM,6,1,5
05/15/2017 01:00:00 AM,6,2,4
05/15/2017 02:00:00 AM,0,0,0
05/15/2017 03:00:00 AM,1,1,0
05/15/2017 04:00:00 AM,9,4,5
05/15/2017 05:00:00 AM,42,30,12
05/15/2017 06:00:00 AM,151,94,57
05/15/2017 07:00:00 AM,373,232,141
05/15/2017 08:00:00 AM,511,305,206
05/15/2017 09:00:00 AM,201,107,94
05/15/2017 10:00:00 AM,90,44,46
05/15/2017 11:00:00 AM,52,24,28
05/15/2017 12:00:00 PM,48,21,27
05/15/2017 01:00:00 PM,49,27,22
05/15/2017 02:00:00 PM,56,18,38
05/15/2017 03:00:00 PM,89,31,58
05/15/2017 04:00:00 PM,197,44,153
05/15/2017 05:00:00 PM,493,103,390
05/15/2017 06:00:00 PM,311,68,243
05/15/2017 07:00:00 PM,120,39,81
05/15/2017 08:00:00 PM,54,28,26
05/15/2017 09:00:00 PM,32,8,24
05/15/2017 10:00:00 PM,23,11,12
05/15/2017 11:00:00 PM,4,0,4
05/16/2017 12:00:00 AM,3,3,0
05/16/2017 01:00:00 AM,3,1,2
05/16/2017 02:00:00 AM,1,0,1
05/16/2017 03:00:00 AM,1,0,1
05/16/2017 04:00:00 AM,7,3,4
05/16/2017 05:00:00 AM,26,19,7
05/16/2017 06:00:00 AM,87,49,38
05/16/2017 07:00:00 AM,228,142,86
05/16/2017 08:00:00 AM,335,180,155
05/16/2017 09:00:00 AM,156,75,81
05/16/2017 10:00:00 AM,42,22,20
05/16/2017 11:00:00 AM,36,12,24
05/16/2017 12:00:00 PM,30,15,15
05/16/2017 01:00:00 PM,53,23,30
05/16/2017 02:00:00 PM,62,30,32
05/16/2017 03:00:00 PM,104,48,56
05/16/2017 04:00:00 PM,207,52,155
05/16/2017 05:00:00 PM,405,93,312
05/16/2017 06:00:00 PM,296,114,182
05/16/2017 07:00:00 PM,133,46,87
05/16/2017 08:00:00 PM,66,23,43
05/16/2017 09:00:00 PM,35,10,25
05/16/2017 10:00:00 PM,35,15,20
05/16/2017 11:00:00 PM,21,6,15
05/17/2017 12:00:00 AM,2,0,2
05/17/2017 01:00:00 AM,2,1,1
05/17/2017 02:00:00 AM,5,3,2
05/17/2017 03:00:00 AM,2,1,1
05/17/2017 04:00:00 AM,7,5,2
05/17/2017 05:00:00 AM,45,25,20
05/17/2017 06:00:00 AM,179,111,68
05/17/2017 07:00:00 AM,475,278,197
05/17/2017 08:00:00 AM,548,327,221
05/17/2017 09:00:00 AM,285,162,123
05/17/2017 10:00:00 AM,105,39,66
05/17/2017 11:00:00 AM,67,30,37
05/17/2017 12:00:00 PM,95,47,48
05/17/2017 01:00:00 PM,76,46,30
05/17/2017 02:00:00 PM,100,47,53
05/17/2017 03:00:00 PM,152,53,99
05/17/2017 04:00:00 PM,332,94,238
05/17/2017 05:00:00 PM,732,169,563
05/17/2017 06:00:00 PM,438,132,306
05/17/2017 07:00:00 PM,209,69,140
05/17/2017 08:00:00 PM,130,53,77
05/17/2017 09:00:00 PM,64,26,38
05/17/2017 10:00:00 PM,50,17,33
05/17/2017 11:00:00 PM,25,12,13
05/18/2017 12:00:00 AM,8,3,5
05/18/2017 01:00:00 AM,3,1,2
05/18/2017 02:00:00 AM,0,0,0
05/18/2017 03:00:00 AM,4,2,2
05/18/2017 04:00:00 AM,4,3,1
05/18/2017 05:00:00 AM,47,31,16
05/18/2017 06:00:00 AM,201,137,64
05/18/2017 07:00:00 AM,434,265,169
05/18/2017 08:00:00 AM,628,359,269
05/18/2017 09:00:00 AM,289,150,139
05/18/2017 10:00:00 AM,132,50,82
05/18/2017 11:00:00 AM,81,40,41
05/18/2017 12:00:00 PM,77,40,37
05/18/2017 01:00:00 PM,93,35,58
05/18/2017 02:00:00 PM,123,52,71
05/18/2017 03:00:00 PM,170,55,115
05/18/2017 04:00:00 PM,407,118,289
05/18/2017 05:00:00 PM,671,186,485
05/18/2017 06:00:00 PM,450,130,320
05/18/2017 07:00:00 PM,245,97,148
05/18/2017 08:00:00 PM,156,59,97
05/18/2017 09:00:00 PM,82,38,44
05/18/2017 10:00:00 PM,72,31,41
05/18/2017 11:00:00 PM,20,2,18
05/19/2017 12:00:00 AM,15,6,9
05/19/2017 01:00:00 AM,6,3,3
05/19/2017 02:00:00 AM,3,3,0
05/19/2017 03:00:00 AM,6,3,3
05/19/2017 04:00:00 AM,9,3,6
05/19/2017 05:00:00 AM,70,48,22
05/19/2017 06:00:00 AM,279,216,63
05/19/2017 07:00:00 AM,719,517,202
05/19/2017 08:00:00 AM,789,513,276
05/19/2017 09:00:00 AM,354,178,176
05/19/2017 10:00:00 AM,144,69,75
05/19/2017 11:00:00 AM,114,54,60
05/19/2017 12:00:00 PM,119,43,76
05/19/2017 01:00:00 PM,132,59,73
05/19/2017 02:00:00 PM,200,88,112
05/19/2017 03:00:00 PM,306,111,195
05/19/2017 04:00:00 PM,514,114,400
05/19/2017 05:00:00 PM,743,190,553
05/19/2017 06:00:00 PM,434,123,311
05/19/2017 07:00:00 PM,189,70,119
05/19/2017 08:00:00 PM,95,40,55
05/19/2017 09:00:00 PM,72,23,49
05/19/2017 10:00:00 PM,42,14,28
05/19/2017 11:00:00 PM,38,10,28
05/20/2017 12:00:00 AM,26,10,16
05/20/2017 01:00:00 AM,14,7,7
05/20/2017 02:00:00 AM,5,2,3
05/20/2017 03:00:00 AM,7,3,4
05/20/2017 04:00:00 AM,2,2,0
05/20/2017 05:00:00 AM,10,7,3
05/20/2017 06:00:00 AM,26,15,11
05/20/2017 07:00:00 AM,57,24,33
05/20/2017 08:00:00 AM,116,56,60
05/20/2017 09:00:00 AM,133,65,68
05/20/2017 10:00:00 AM,169,87,82
05/20/2017 11:00:00 AM,193,100,93
05/20/2017 12:00:00 PM,216,93,123
05/20/2017 01:00:00 PM,231,114,117
05/20/2017 02:00:00 PM,217,106,111
05/20/2017 03:00:00 PM,249,121,128
05/20/2017 04:00:00 PM,198,98,100
05/20/2017 05:00:00 PM,189,77,112
05/20/2017 06:00:00 PM,176,86,90
05/20/2017 07:00:00 PM,100,62,38
05/20/2017 08:00:00 PM,83,38,45
05/20/2017 09:00:00 PM,48,26,22
05/20/2017 10:00:00 PM,57,28,29
05/20/2017 11:00:00 PM,28,15,13
05/21/2017 12:00:00 AM,12,4,8
05/21/2017 01:00:00 AM,4,2,2
05/21/2017 02:00:00 AM,3,2,1
05/21/2017 03:00:00 AM,1,0,1
05/21/2017 04:00:00 AM,4,2,2
05/21/2017 05:00:00 AM,4,4,0
05/21/2017 06:00:00 AM,24,10,14
05/21/2017 07:00:00 AM,45,17,28
05/21/2017 08:00:00 AM,80,41,39
05/21/2017 09:00:00 AM,111,52,59
05/21/2017 10:00:00 AM,182,92,90
05/21/2017 11:00:00 AM,208,95,113
05/21/2017 12:00:00 PM,226,129,97
05/21/2017 01:00:00 PM,208,111,97
05/21/2017 02:00:00 PM,234,118,116
05/21/2017 03:00:00 PM,251,143,108
05/21/2017 04:00:00 PM,220,129,91
05/21/2017 05:00:00 PM,226,140,86
05/21/2017 06:00:00 PM,150,80,70
05/21/2017 07:00:00 PM,116,66,50
05/21/2017 08:00:00 PM,44,24,20
05/21/2017 09:00:00 PM,41,16,25
05/21/2017 10:00:00 PM,23,12,11
05/21/2017 11:00:00 PM,14,4,10
05/22/2017 12:00:00 AM,5,3,2
05/22/2017 01:00:00 AM,4,2,2
05/22/2017 02:00:00 AM,2,1,1
05/22/2017 03:00:00 AM,2,0,2
05/22/2017 04:00:00 AM,9,6,3
05/22/2017 05:00:00 AM,58,41,17
05/22/2017 06:00:00 AM,232,137,95
05/22/2017 07:00:00 AM,545,351,194
05/22/2017 08:00:00 AM,711,399,312
05/22/2017 09:00:00 AM,379,181,198
05/22/2017 10:00:00 AM,136,56,80
05/22/2017 11:00:00 AM,94,52,42
05/22/2017 12:00:00 PM,104,49,55
05/22/2017 01:00:00 PM,89,45,44
05/22/2017 02:00:00 PM,123,65,58
05/22/2017 03:00:00 PM,206,77,129
05/22/2017 04:00:00 PM,442,116,326
05/22/2017 05:00:00 PM,913,217,696
05/22/2017 06:00:00 PM,563,194,369
05/22/2017 07:00:00 PM,290,114,176
05/22/2017 08:00:00 PM,169,73,96
05/22/2017 09:00:00 PM,97,53,44
05/22/2017 10:00:00 PM,37,18,19
05/22/2017 11:00:00 PM,19,11,8
05/23/2017 12:00:00 AM,11,3,8
05/23/2017 01:00:00 AM,6,5,1
05/23/2017 02:00:00 AM,4,1,3
05/23/2017 03:00:00 AM,2,2,0
05/23/2017 04:00:00 AM,14,7,7
05/23/2017 05:00:00 AM,62,37,25
05/23/2017 06:00:00 AM,241,154,87
05/23/2017 07:00:00 AM,666,400,266
05/23/2017 08:00:00 AM,763,431,332
05/23/2017 09:00:00 AM,350,177,173
05/23/2017 10:00:00 AM,150,64,86
05/23/2017 11:00:00 AM,108,47,61
05/23/2017 12:00:00 PM,130,67,63
05/23/2017 01:00:00 PM,118,53,65
05/23/2017 02:00:00 PM,138,61,77
05/23/2017 03:00:00 PM,208,66,142
05/23/2017 04:00:00 PM,457,122,335
05/23/2017 05:00:00 PM,874,210,664
05/23/2017 06:00:00 PM,574,177,397
05/23/2017 07:00:00 PM,282,88,194
05/23/2017 08:00:00 PM,158,79,79
05/23/2017 09:00:00 PM,94,40,54
05/23/2017 10:00:00 PM,48,26,22
05/23/2017 11:00:00 PM,20,12,8
05/24/2017 12:00:00 AM,4,2,2
05/24/2017 01:00:00 AM,8,4,4
05/24/2017 02:00:00 AM,1,0,1
05/24/2017 03:00:00 AM,2,2,0
05/24/2017 04:00:00 AM,8,4,4
05/24/2017 05:00:00 AM,44,30,14
05/24/2017 06:00:00 AM,194,121,73
05/24/2017 07:00:00 AM,503,311,192
05/24/2017 08:00:00 AM,636,369,267
05/24/2017 09:00:00 AM,352,162,190
05/24/2017 10:00:00 AM,129,64,65
05/24/2017 11:00:00 AM,81,40,41
05/24/2017 12:00:00 PM,82,41,41
05/24/2017 01:00:00 PM,90,33,57
05/24/2017 02:00:00 PM,90,35,55
05/24/2017 03:00:00 PM,152,67,85
05/24/2017 04:00:00 PM,381,109,272
05/24/2017 05:00:00 PM,713,173,540
05/24/2017 06:00:00 PM,527,161,366
05/24/2017 07:00:00 PM,221,88,133
05/24/2017 08:00:00 PM,154,61,93
05/24/2017 09:00:00 PM,94,39,55
05/24/2017 10:00:00 PM,45,24,21
05/24/2017 11:00:00 PM,24,9,15
05/25/2017 12:00:00 AM,15,9,6
05/25/2017 01:00:00 AM,1,1,0
05/25/2017 02:00:00 AM,5,1,4
05/25/2017 03:00:00 AM,4,3,1
05/25/2017 04:00:00 AM,9,6,3
05/25/2017 05:00:00 AM,61,45,16
05/25/2017 06:00:00 AM,205,126,79
05/25/2017 07:00:00 AM,489,301,188
05/25/2017 08:00:00 AM,668,382,286
05/25/2017 09:00:00 AM,353,172,181
05/25/2017 10:00:00 AM,143,71,72
05/25/2017 11:00:00 AM,108,56,52
05/25/2017 12:00:00 PM,109,61,48
05/25/2017 01:00:00 PM,104,53,51
05/25/2017 02:00:00 PM,141,56,85
05/25/2017 03:00:00 PM,168,63,105
05/25/2017 04:00:00 PM,390,109,281
05/25/2017 05:00:00 PM,792,185,607
05/25/2017 06:00:00 PM,550,163,387
05/25/2017 07:00:00 PM,271,103,168
05/25/2017 08:00:00 PM,164,73,91
05/25/2017 09:00:00 PM,97,52,45
05/25/2017 10:00:00 PM,74,33,41
05/25/2017 11:00:00 PM,21,12,9
05/26/2017 12:00:00 AM,36,27,9
05/26/2017 01:00:00 AM,11,2,9
05/26/2017 02:00:00 AM,1,1,0
05/26/2017 03:00:00 AM,4,3,1
05/26/2017 04:00:00 AM,11,3,8
05/26/2017 05:00:00 AM,58,36,22
05/26/2017 06:00:00 AM,159,90,69
05/26/2017 07:00:00 AM,414,264,150
05/26/2017 08:00:00 AM,587,317,270
05/26/2017 09:00:00 AM,281,146,135
05/26/2017 10:00:00 AM,180,86,94
05/26/2017 11:00:00 AM,127,67,60
05/26/2017 12:00:00 PM,160,77,83
05/26/2017 01:00:00 PM,162,65,97
05/26/2017 02:00:00 PM,219,83,136
05/26/2017 03:00:00 PM,318,123,195
05/26/2017 04:00:00 PM,484,123,361
05/26/2017 05:00:00 PM,508,144,364
05/26/2017 06:00:00 PM,378,123,255
05/26/2017 07:00:00 PM,165,57,108
05/26/2017 08:00:00 PM,115,54,61
05/26/2017 09:00:00 PM,92,40,52
05/26/2017 10:00:00 PM,36,16,20
05/26/2017 11:00:00 PM,37,16,21
05/27/2017 12:00:00 AM,25,16,9
05/27/2017 01:00:00 AM,11,2,9
05/27/2017 02:00:00 AM,8,2,6
05/27/2017 03:00:00 AM,4,2,2
05/27/2017 04:00:00 AM,6,2,4
05/27/2017 05:00:00 AM,11,7,4
05/27/2017 06:00:00 AM,37,20,17
05/27/2017 07:00:00 AM,65,33,32
05/27/2017 08:00:00 AM,110,51,59
05/27/2017 09:00:00 AM,155,78,77
05/27/2017 10:00:00 AM,153,91,62
05/27/2017 11:00:00 AM,204,109,95
05/27/2017 12:00:00 PM,172,97,75
05/27/2017 01:00:00 PM,192,94,98
05/27/2017 02:00:00 PM,204,103,101
05/27/2017 03:00:00 PM,181,84,97
05/27/2017 04:00:00 PM,208,106,102
05/27/2017 05:00:00 PM,162,72,90
05/27/2017 06:00:00 PM,153,70,83
05/27/2017 07:00:00 PM,113,40,73
05/27/2017 08:00:00 PM,74,27,47
05/27/2017 09:00:00 PM,60,21,39
05/27/2017 10:00:00 PM,47,18,29
05/27/2017 11:00:00 PM,50,18,32
05/28/2017 12:00:00 AM,28,9,19
05/28/2017 01:00:00 AM,8,2,6
05/28/2017 02:00:00 AM,8,3,5
05/28/2017 03:00:00 AM,2,0,2
05/28/2017 04:00:00 AM,10,7,3
05/28/2017 05:00:00 AM,99,68,31
05/28/2017 06:00:00 AM,171,103,68
05/28/2017 07:00:00 AM,53,29,24
05/28/2017 08:00:00 AM,91,30,61
05/28/2017 09:00:00 AM,157,64,93
05/28/2017 10:00:00 AM,221,89,132
05/28/2017 11:00:00 AM,203,86,117
05/28/2017 12:00:00 PM,273,127,146
05/28/2017 01:00:00 PM,226,96,130
05/28/2017 02:00:00 PM,198,81,117
05/28/2017 03:00:00 PM,184,89,95
05/28/2017 04:00:00 PM,179,97,82
05/28/2017 05:00:00 PM,134,61,73
05/28/2017 06:00:00 PM,134,54,80
05/28/2017 07:00:00 PM,104,45,59
05/28/2017 08:00:00 PM,90,32,58
05/28/2017 09:00:00 PM,45,18,27
05/28/2017 10:00:00 PM,37,12,25
05/28/2017 11:00:00 PM,16,6,10
05/29/2017 12:00:00 AM,12,2,10
05/29/2017 01:00:00 AM,3,0,3
05/29/2017 02:00:00 AM,1,1,0
05/29/2017 03:00:00 AM,1,1,0
05/29/2017 04:00:00 AM,3,1,2
05/29/2017 05:00:00 AM,15,12,3
05/29/2017 06:00:00 AM,29,15,14
05/29/2017 07:00:00 AM,40,24,16
05/29/2017 08:00:00 AM,83,41,42
05/29/2017 09:00:00 AM,120,63,57
05/29/2017 10:00:00 AM,147,65,82
05/29/2017 11:00:00 AM,147,76,71
05/29/2017 12:00:00 PM,188,85,103
05/29/2017 01:00:00 PM,255,113,142
05/29/2017 02:00:00 PM,217,112,105
05/29/2017 03:00:00 PM,236,120,116
05/29/2017 04:00:00 PM,209,91,118
05/29/2017 05:00:00 PM,237,100,137
05/29/2017 06:00:00 PM,148,80,68
05/29/2017 07:00:00 PM,126,56,70
05/29/2017 08:00:00 PM,90,40,50
05/29/2017 09:00:00 PM,48,18,30
05/29/2017 10:00:00 PM,26,12,14
05/29/2017 11:00:00 PM,15,8,7
05/30/2017 12:00:00 AM,10,3,7
05/30/2017 01:00:00 AM,0,0,0
05/30/2017 02:00:00 AM,2,0,2
05/30/2017 03:00:00 AM,2,1,1
05/30/2017 04:00:00 AM,7,3,4
05/30/2017 05:00:00 AM,39,28,11
05/30/2017 06:00:00 AM,158,94,64
05/30/2017 07:00:00 AM,387,223,164
05/30/2017 08:00:00 AM,553,316,237
05/30/2017 09:00:00 AM,262,138,124
05/30/2017 10:00:00 AM,85,46,39
05/30/2017 11:00:00 AM,62,30,32
05/30/2017 12:00:00 PM,64,37,27
05/30/2017 01:00:00 PM,63,28,35
05/30/2017 02:00:00 PM,61,18,43
05/30/2017 03:00:00 PM,123,51,72
05/30/2017 04:00:00 PM,269,65,204
05/30/2017 05:00:00 PM,621,128,493
05/30/2017 06:00:00 PM,394,128,266
05/30/2017 07:00:00 PM,160,52,108
05/30/2017 08:00:00 PM,96,36,60
05/30/2017 09:00:00 PM,42,15,27
05/30/2017 10:00:00 PM,26,11,15
05/30/2017 11:00:00 PM,5,2,3
05/31/2017 12:00:00 AM,6,3,3
05/31/2017 01:00:00 AM,2,1,1
05/31/2017 02:00:00 AM,1,0,1
05/31/2017 03:00:00 AM,1,0,1
05/31/2017 04:00:00 AM,8,5,3
05/31/2017 05:00:00 AM,45,30,15
05/31/2017 06:00:00 AM,201,122,79
05/31/2017 07:00:00 AM,488,293,195
05/31/2017 08:00:00 AM,592,325,267
05/31/2017 09:00:00 AM,296,154,142
05/31/2017 10:00:00 AM,111,58,53
05/31/2017 11:00:00 AM,102,51,51
05/31/2017 12:00:00 PM,88,48,40
05/31/2017 01:00:00 PM,127,61,66
05/31/2017 02:00:00 PM,119,45,74
05/31/2017 03:00:00 PM,199,69,130
05/31/2017 04:00:00 PM,369,106,263
05/31/2017 05:00:00 PM,721,178,543
05/31/2017 06:00:00 PM,501,156,345
05/31/2017 07:00:00 PM,212,83,129
05/31/2017 08:00:00 PM,140,57,83
05/31/2017 09:00:00 PM,67,27,40
05/31/2017 10:00:00 PM,49,26,23
05/31/2017 11:00:00 PM,48,32,16
06/01/2017 12:00:00 AM,17,10,7
06/01/2017 01:00:00 AM,5,2,3
06/01/2017 02:00:00 AM,3,2,1
06/01/2017 03:00:00 AM,2,1,1
06/01/2017 04:00:00 AM,9,6,3
06/01/2017 05:00:00 AM,51,34,17
06/01/2017 06:00:00 AM,162,96,66
06/01/2017 07:00:00 AM,375,222,153
06/01/2017 08:00:00 AM,467,257,210
06/01/2017 09:00:00 AM,257,131,126
06/01/2017 10:00:00 AM,103,55,48
06/01/2017 11:00:00 AM,77,37,40
06/01/2017 12:00:00 PM,59,25,34
06/01/2017 01:00:00 PM,102,46,56
06/01/2017 02:00:00 PM,110,51,59
06/01/2017 03:00:00 PM,148,65,83
06/01/2017 04:00:00 PM,351,94,257
06/01/2017 05:00:00 PM,630,164,466
06/01/2017 06:00:00 PM,416,128,288
06/01/2017 07:00:00 PM,204,75,129
06/01/2017 08:00:00 PM,142,60,82
06/01/2017 09:00:00 PM,91,42,49
06/01/2017 10:00:00 PM,49,28,21
06/01/2017 11:00:00 PM,16,10,6
06/02/2017 12:00:00 AM,13,5,8
06/02/2017 01:00:00 AM,4,3,1
06/02/2017 02:00:00 AM,6,2,4
06/02/2017 03:00:00 AM,7,4,3
06/02/2017 04:00:00 AM,4,0,4
06/02/2017 05:00:00 AM,50,40,10
06/02/2017 06:00:00 AM,161,98,63
06/02/2017 07:00:00 AM,352,217,135
06/02/2017 08:00:00 AM,522,296,226
06/02/2017 09:00:00 AM,275,141,134
06/02/2017 10:00:00 AM,120,63,57
06/02/2017 11:00:00 AM,96,48,48
06/02/2017 12:00:00 PM,101,45,56
06/02/2017 01:00:00 PM,117,47,70
06/02/2017 02:00:00 PM,143,67,76
06/02/2017 03:00:00 PM,205,71,134
06/02/2017 04:00:00 PM,402,113,289
06/02/2017 05:00:00 PM,610,151,459
06/02/2017 06:00:00 PM,375,124,251
06/02/2017 07:00:00 PM,197,84,113
06/02/2017 08:00:00 PM,123,57,66
06/02/2017 09:00:00 PM,84,29,55
06/02/2017 10:00:00 PM,45,22,23
06/02/2017 11:00:00 PM,28,11,17
06/03/2017 12:00:00 AM,22,5,17
06/03/2017 01:00:00 AM,7,1,6
06/03/2017 02:00:00 AM,7,5,2
06/03/2017 03:00:00 AM,0,0,0
06/03/2017 04:00:00 AM,6,3,3
06/03/2017 05:00:00 AM,12,8,4
06/03/2017 06:00:00 AM,27,11,16
06/03/2017 07:00:00 AM,49,23,26
06/03/2017 08:00:00 AM,113,64,49
06/03/2017 09:00:00 AM,94,59,35
06/03/2017 10:00:00 AM,120,64,56
06/03/2017 11:00:00 AM,154,78,76
06/03/2017 12:00:00 PM,150,79,71
06/03/2017 01:00:00 PM,141,71,70
06/03/2017 02:00:00 PM,141,72,69
06/03/2017 03:00:00 PM,163,85,78
06/03/2017 04:00:00 PM,144,76,68
06/03/2017 05:00:00 PM,157,78,79
06/03/2017 06:00:00 PM,92,42,50
06/03/2017 07:00:00 PM,85,45,40
06/03/2017 08:00:00 PM,95,42,53
06/03/2017 09:00:00 PM,43,19,24
06/03/2017 10:00:00 PM,48,27,21
06/03/2017 11:00:00 PM,21,11,10
06/04/2017 12:00:00 AM,15,9,6
06/04/2017 01:00:00 AM,4,2,2
06/04/2017 02:00:00 AM,4,1,3
06/04/2017 03:00:00 AM,8,6,2
06/04/2017 04:00:00 AM,8,4,4
06/04/2017 05:00:00 AM,7,4,3
06/04/2017 06:00:00 AM,13,5,8
06/04/2017 07:00:00 AM,51,29,22
06/04/2017 08:00:00 AM,105,60,45
06/04/2017 09:00:00 AM,134,70,64
06/04/2017 10:00:00 AM,117,62,55
06/04/2017 11:00:00 AM,148,74,74
06/04/2017 12:00:00 PM,180,93,87
06/04/2017 01:00:00 PM,210,104,106
06/04/2017 02:00:00 PM,188,88,100
06/04/2017 03:00:00 PM,176,73,103
06/04/2017 04:00:00 PM,220,126,94
06/04/2017 05:00:00 PM,146,61,85
06/04/2017 06:00:00 PM,133,65,68
06/04/2017 07:00:00 PM,71,37,34
06/04/2017 08:00:00 PM,48,31,17
06/04/2017 09:00:00 PM,28,10,18
06/04/2017 10:00:00 PM,27,7,20
06/04/2017 11:00:00 PM,9,3,6
06/05/2017 12:00:00 AM,5,3,2
06/05/2017 01:00:00 AM,4,3,1
06/05/2017 02:00:00 AM,1,0,1
06/05/2017 03:00:00 AM,2,1,1
06/05/2017 04:00:00 AM,10,7,3
06/05/2017 05:00:00 AM,55,39,16
06/05/2017 06:00:00 AM,198,114,84
06/05/2017 07:00:00 AM,460,282,178
06/05/2017 08:00:00 AM,646,361,285
06/05/2017 09:00:00 AM,313,165,148
06/05/2017 10:00:00 AM,117,64,53
06/05/2017 11:00:00 AM,96,56,40
06/05/2017 12:00:00 PM,87,47,40
06/05/2017 01:00:00 PM,97,50,47
06/05/2017 02:00:00 PM,109,56,53
06/05/2017 03:00:00 PM,177,76,101
06/05/2017 04:00:00 PM,400,116,284
06/05/2017 05:00:00 PM,819,176,643
06/05/2017 06:00:00 PM,497,136,361
06/05/2017 07:00:00 PM,276,92,184
06/05/2017 08:00:00 PM,137,56,81
06/05/2017 09:00:00 PM,88,31,57
06/05/2017 10:00:00 PM,32,15,17
06/05/2017 11:00:00 PM,31,16,15
06/06/2017 12:00:00 AM,11,3,8
06/06/2017 01:00:00 AM,2,0,2
06/06/2017 02:00:00 AM,2,0,2
06/06/2017 03:00:00 AM,2,1,1
06/06/2017 04:00:00 AM,14,10,4
06/06/2017 05:00:00 AM,58,36,22
06/06/2017 06:00:00 AM,218,133,85
06/06/2017 07:00:00 AM,529,299,230
06/06/2017 08:00:00 AM,747,418,329
06/06/2017 09:00:00 AM,327,160,167
06/06/2017 10:00:00 AM,136,68,68
06/06/2017 11:00:00 AM,121,58,63
06/06/2017 12:00:00 PM,110,53,57
06/06/2017 01:00:00 PM,128,73,55
06/06/2017 02:00:00 PM,125,56,69
06/06/2017 03:00:00 PM,198,87,111
06/06/2017 04:00:00 PM,407,117,290
06/06/2017 05:00:00 PM,854,209,645
06/06/2017 06:00:00 PM,506,151,355
06/06/2017 07:00:00 PM,328,102,226
06/06/2017 08:00:00 PM,160,67,93
06/06/2017 09:00:00 PM,84,46,38
06/06/2017 10:00:00 PM,52,18,34
06/06/2017 11:00:00 PM,21,9,12
06/07/2017 12:00:00 AM,10,5,5
06/07/2017 01:00:00 AM,10,4,6
06/07/2017 02:00:00 AM,5,3,2
06/07/2017 03:00:00 AM,3,3,0
06/07/2017 04:00:00 AM,9,5,4
06/07/2017 05:00:00 AM,57,39,18
06/07/2017 06:00:00 AM,199,116,83
06/07/2017 07:00:00 AM,540,328,212
06/07/2017 08:00:00 AM,704,411,293
06/07/2017 09:00:00 AM,350,190,160
06/07/2017 10:00:00 AM,159,73,86
06/07/2017 11:00:00 AM,106,51,55
06/07/2017 12:00:00 PM,97,49,48
06/07/2017 01:00:00 PM,108,51,57
06/07/2017 02:00:00 PM,124,55,69
06/07/2017 03:00:00 PM,194,92,102
06/07/2017 04:00:00 PM,385,98,287
06/07/2017 05:00:00 PM,822,181,641
06/07/2017 06:00:00 PM,510,177,333
06/07/2017 07:00:00 PM,315,113,202
06/07/2017 08:00:00 PM,172,85,87
06/07/2017 09:00:00 PM,99,49,50
06/07/2017 10:00:00 PM,70,37,33
06/07/2017 11:00:00 PM,24,12,12
06/08/2017 12:00:00 AM,12,6,6
06/08/2017 01:00:00 AM,5,3,2
06/08/2017 02:00:00 AM,0,0,0
06/08/2017 03:00:00 AM,1,0,1
06/08/2017 04:00:00 AM,6,3,3
06/08/2017 05:00:00 AM,32,22,10
06/08/2017 06:00:00 AM,93,53,40
06/08/2017 07:00:00 AM,243,157,86
06/08/2017 08:00:00 AM,300,173,127
06/08/2017 09:00:00 AM,173,85,88
06/08/2017 10:00:00 AM,65,35,30
06/08/2017 11:00:00 AM,43,23,20
06/08/2017 12:00:00 PM,37,21,16
06/08/2017 01:00:00 PM,32,17,15
06/08/2017 02:00:00 PM,50,18,32
06/08/2017 03:00:00 PM,84,41,43
06/08/2017 04:00:00 PM,203,61,142
06/08/2017 05:00:00 PM,467,123,344
06/08/2017 06:00:00 PM,279,74,205
06/08/2017 07:00:00 PM,137,42,95
06/08/2017 08:00:00 PM,103,45,58
06/08/2017 09:00:00 PM,51,26,25
06/08/2017 10:00:00 PM,44,19,25
06/08/2017 11:00:00 PM,20,4,16
06/09/2017 12:00:00 AM,11,4,7
06/09/2017 01:00:00 AM,6,2,4
06/09/2017 02:00:00 AM,0,0,0
06/09/2017 03:00:00 AM,4,0,4
06/09/2017 04:00:00 AM,5,3,2
06/09/2017 05:00:00 AM,39,28,11
06/09/2017 06:00:00 AM,117,61,56
06/09/2017 07:00:00 AM,327,192,135
06/09/2017 08:00:00 AM,493,279,214
06/09/2017 09:00:00 AM,282,152,130
06/09/2017 10:00:00 AM,115,61,54
06/09/2017 11:00:00 AM,78,37,41
06/09/2017 12:00:00 PM,75,36,39
06/09/2017 01:00:00 PM,98,56,42
06/09/2017 02:00:00 PM,79,30,49
06/09/2017 03:00:00 PM,125,41,84
06/09/2017 04:00:00 PM,349,83,266
06/09/2017 05:00:00 PM,537,136,401
06/09/2017 06:00:00 PM,293,76,217
06/09/2017 07:00:00 PM,149,56,93
06/09/2017 08:00:00 PM,69,22,47
06/09/2017 09:00:00 PM,45,24,21
06/09/2017 10:00:00 PM,33,9,24
06/09/2017 11:00:00 PM,38,14,24
06/10/2017 12:00:00 AM,18,9,9
06/10/2017 01:00:00 AM,6,4,2
06/10/2017 02:00:00 AM,10,4,6
06/10/2017 03:00:00 AM,5,0,5
06/10/2017 04:00:00 AM,6,2,4
06/10/2017 05:00:00 AM,14,5,9
06/10/2017 06:00:00 AM,26,13,13
06/10/2017 07:00:00 AM,69,38,31
06/10/2017 08:00:00 AM,99,51,48
06/10/2017 09:00:00 AM,134,83,51
06/10/2017 10:00:00 AM,143,78,65
06/10/2017 11:00:00 AM,160,75,85
06/10/2017 12:00:00 PM,185,84,101
06/10/2017 01:00:00 PM,195,100,95
06/10/2017 02:00:00 PM,237,126,111
06/10/2017 03:00:00 PM,243,142,101
06/10/2017 04:00:00 PM,230,148,82
06/10/2017 05:00:00 PM,278,134,144
06/10/2017 06:00:00 PM,214,108,106
06/10/2017 07:00:00 PM,108,59,49
06/10/2017 08:00:00 PM,102,50,52
06/10/2017 09:00:00 PM,57,35,22
06/10/2017 10:00:00 PM,48,23,25
06/10/2017 11:00:00 PM,20,8,12
06/11/2017 12:00:00 AM,31,7,24
06/11/2017 01:00:00 AM,6,3,3
06/11/2017 02:00:00 AM,2,2,0
06/11/2017 03:00:00 AM,3,1,2
06/11/2017 04:00:00 AM,2,2,0
06/11/2017 05:00:00 AM,5,2,3
06/11/2017 06:00:00 AM,22,12,10
06/11/2017 07:00:00 AM,43,20,23
06/11/2017 08:00:00 AM,66,44,22
06/11/2017 09:00:00 AM,103,53,50
06/11/2017 10:00:00 AM,124,60,64
06/11/2017 11:00:00 AM,168,82,86
06/11/2017 12:00:00 PM,165,84,81
06/11/2017 01:00:00 PM,237,136,101
06/11/2017 02:00:00 PM,208,101,107
06/11/2017 03:00:00 PM,187,83,104
06/11/2017 04:00:00 PM,181,87,94
06/11/2017 05:00:00 PM,173,67,106
06/11/2017 06:00:00 PM,122,65,57
06/11/2017 07:00:00 PM,106,57,49
06/11/2017 08:00:00 PM,74,34,40
06/11/2017 09:00:00 PM,44,25,19
06/11/2017 10:00:00 PM,29,10,19
06/11/2017 11:00:00 PM,16,9,7
06/12/2017 12:00:00 AM,2,1,1
06/12/2017 01:00:00 AM,3,1,2
06/12/2017 02:00:00 AM,3,2,1
06/12/2017 03:00:00 AM,2,0,2
06/12/2017 04:00:00 AM,10,7,3
06/12/2017 05:00:00 AM,54,32,22
06/12/2017 06:00:00 AM,175,108,67
06/12/2017 07:00:00 AM,436,273,163
06/12/2017 08:00:00 AM,594,330,264
06/12/2017 09:00:00 AM,272,141,131
06/12/2017 10:00:00 AM,139,79,60
06/12/2017 11:00:00 AM,84,43,41
06/12/2017 12:00:00 PM,74,37,37
06/12/2017 01:00:00 PM,62,31,31
06/12/2017 02:00:00 PM,88,34,54
06/12/2017 03:00:00 PM,129,47,82
06/12/2017 04:00:00 PM,320,81,239
06/12/2017 05:00:00 PM,667,137,530
06/12/2017 06:00:00 PM,462,122,340
06/12/2017 07:00:00 PM,205,78,127
06/12/2017 08:00:00 PM,109,51,58
06/12/2017 09:00:00 PM,54,12,42
06/12/2017 10:00:00 PM,42,25,17
06/12/2017 11:00:00 PM,20,11,9
06/13/2017 12:00:00 AM,6,1,5
06/13/2017 01:00:00 AM,3,2,1
06/13/2017 02:00:00 AM,2,0,2
06/13/2017 03:00:00 AM,3,1,2
06/13/2017 04:00:00 AM,9,5,4
06/13/2017 05:00:00 AM,43,29,14
06/13/2017 06:00:00 AM,149,85,64
06/13/2017 07:00:00 AM,333,186,147
06/13/2017 08:00:00 AM,501,279,222
06/13/2017 09:00:00 AM,229,122,107
06/13/2017 10:00:00 AM,103,50,53
06/13/2017 11:00:00 AM,53,23,30
06/13/2017 12:00:00 PM,67,32,35
06/13/2017 01:00:00 PM,67,32,35
06/13/2017 02:00:00 PM,90,35,55
06/13/2017 03:00:00 PM,123,46,77
06/13/2017 04:00:00 PM,278,95,183
06/13/2017 05:00:00 PM,568,124,444
06/13/2017 06:00:00 PM,382,106,276
06/13/2017 07:00:00 PM,208,71,137
06/13/2017 08:00:00 PM,98,33,65
06/13/2017 09:00:00 PM,57,25,32
06/13/2017 10:00:00 PM,37,11,26
06/13/2017 11:00:00 PM,18,5,13
06/14/2017 12:00:00 AM,8,3,5
06/14/2017 01:00:00 AM,2,1,1
06/14/2017 02:00:00 AM,3,2,1
06/14/2017 03:00:00 AM,2,2,0
06/14/2017 04:00:00 AM,10,6,4
06/14/2017 05:00:00 AM,55,36,19
06/14/2017 06:00:00 AM,186,111,75
06/14/2017 07:00:00 AM,487,286,201
06/14/2017 08:00:00 AM,545,318,227
06/14/2017 09:00:00 AM,293,131,162
06/14/2017 10:00:00 AM,137,57,80
06/14/2017 11:00:00 AM,87,39,48
06/14/2017 12:00:00 PM,92,47,45
06/14/2017 01:00:00 PM,98,48,50
06/14/2017 02:00:00 PM,124,48,76
06/14/2017 03:00:00 PM,168,65,103
06/14/2017 04:00:00 PM,318,88,230
06/14/2017 05:00:00 PM,754,184,570
06/14/2017 06:00:00 PM,463,143,320
06/14/2017 07:00:00 PM,256,88,168
06/14/2017 08:00:00 PM,161,74,87
06/14/2017 09:00:00 PM,80,32,48
06/14/2017 10:00:00 PM,41,15,26
06/14/2017 11:00:00 PM,29,18,11
06/15/2017 12:00:00 AM,6,1,5
06/15/2017 01:00:00 AM,5,1,4
06/15/2017 02:00:00 AM,0,0,0
06/15/2017 03:00:00 AM,4,3,1
06/15/2017 04:00:00 AM,5,3,2
06/15/2017 05:00:00 AM,39,26,13
06/15/2017 06:00:00 AM,97,55,42
06/15/2017 07:00:00 AM,241,128,113
06/15/2017 08:00:00 AM,410,237,173
06/15/2017 09:00:00 AM,180,100,80
06/15/2017 10:00:00 AM,53,28,25
06/15/2017 11:00:00 AM,37,16,21
06/15/2017 12:00:00 PM,23,11,12
06/15/2017 01:00:00 PM,24,8,16
06/15/2017 02:00:00 PM,29,12,17
06/15/2017 03:00:00 PM,65,19,46
06/15/2017 04:00:00 PM,169,49,120
06/15/2017 05:00:00 PM,358,78,280
06/15/2017 06:00:00 PM,254,78,176
06/15/2017 07:00:00 PM,93,25,68
06/15/2017 08:00:00 PM,45,12,33
06/15/2017 09:00:00 PM,24,7,17
06/15/2017 10:00:00 PM,20,7,13
06/15/2017 11:00:00 PM,5,1,4
06/16/2017 12:00:00 AM,4,3,1
06/16/2017 01:00:00 AM,1,0,1
06/16/2017 02:00:00 AM,2,0,2
06/16/2017 03:00:00 AM,2,0,2
06/16/2017 04:00:00 AM,3,2,1
06/16/2017 05:00:00 AM,39,26,13
06/16/2017 06:00:00 AM,120,73,47
06/16/2017 07:00:00 AM,338,201,137
06/16/2017 08:00:00 AM,446,256,190
06/16/2017 09:00:00 AM,243,126,117
06/16/2017 10:00:00 AM,110,63,47
06/16/2017 11:00:00 AM,97,41,56
06/16/2017 12:00:00 PM,93,51,42
06/16/2017 01:00:00 PM,123,62,61
06/16/2017 02:00:00 PM,139,49,90
06/16/2017 03:00:00 PM,181,70,111
06/16/2017 04:00:00 PM,374,108,266
06/16/2017 05:00:00 PM,526,135,391
06/16/2017 06:00:00 PM,384,113,271
06/16/2017 07:00:00 PM,172,71,101
06/16/2017 08:00:00 PM,116,46,70
06/16/2017 09:00:00 PM,70,30,40
06/16/2017 10:00:00 PM,42,16,26
06/16/2017 11:00:00 PM,40,25,15
06/17/2017 12:00:00 AM,25,7,18
06/17/2017 01:00:00 AM,9,6,3
06/17/2017 02:00:00 AM,10,7,3
06/17/2017 03:00:00 AM,2,1,1
06/17/2017 04:00:00 AM,1,0,1
06/17/2017 05:00:00 AM,14,9,5
06/17/2017 06:00:00 AM,32,15,17
06/17/2017 07:00:00 AM,60,26,34
06/17/2017 08:00:00 AM,101,52,49
06/17/2017 09:00:00 AM,159,77,82
06/17/2017 10:00:00 AM,182,74,108
06/17/2017 11:00:00 AM,213,91,122
06/17/2017 12:00:00 PM,48,22,26
06/17/2017 01:00:00 PM,30,16,14
06/17/2017 02:00:00 PM,91,52,39
06/17/2017 03:00:00 PM,108,53,55
06/17/2017 04:00:00 PM,160,63,97
06/17/2017 05:00:00 PM,147,89,58
06/17/2017 06:00:00 PM,85,33,52
06/17/2017 07:00:00 PM,87,43,44
06/17/2017 08:00:00 PM,48,19,29
06/17/2017 09:00:00 PM,51,21,30
06/17/2017 10:00:00 PM,30,16,14
06/17/2017 11:00:00 PM,16,7,9
06/18/2017 12:00:00 AM,22,11,11
06/18/2017 01:00:00 AM,7,2,5
06/18/2017 02:00:00 AM,6,3,3
06/18/2017 03:00:00 AM,3,1,2
06/18/2017 04:00:00 AM,5,5,0
06/18/2017 05:00:00 AM,11,5,6
06/18/2017 06:00:00 AM,25,15,10
06/18/2017 07:00:00 AM,34,23,11
06/18/2017 08:00:00 AM,72,35,37
06/18/2017 09:00:00 AM,109,48,61
06/18/2017 10:00:00 AM,103,48,55
06/18/2017 11:00:00 AM,136,75,61
06/18/2017 12:00:00 PM,130,55,75
06/18/2017 01:00:00 PM,142,69,73
06/18/2017 02:00:00 PM,164,81,83
06/18/2017 03:00:00 PM,136,70,66
06/18/2017 04:00:00 PM,110,58,52
06/18/2017 05:00:00 PM,142,75,67
06/18/2017 06:00:00 PM,93,51,42
06/18/2017 07:00:00 PM,85,52,33
06/18/2017 08:00:00 PM,51,22,29
06/18/2017 09:00:00 PM,40,14,26
06/18/2017 10:00:00 PM,26,12,14
06/18/2017 11:00:00 PM,21,5,16
06/19/2017 12:00:00 AM,3,2,1
06/19/2017 01:00:00 AM,0,0,0
06/19/2017 02:00:00 AM,1,0,1
06/19/2017 03:00:00 AM,3,1,2
06/19/2017 04:00:00 AM,7,3,4
06/19/2017 05:00:00 AM,40,30,10
06/19/2017 06:00:00 AM,159,101,58
06/19/2017 07:00:00 AM,441,268,173
06/19/2017 08:00:00 AM,608,327,281
06/19/2017 09:00:00 AM,284,130,154
06/19/2017 10:00:00 AM,111,49,62
06/19/2017 11:00:00 AM,75,39,36
06/19/2017 12:00:00 PM,92,47,45
06/19/2017 01:00:00 PM,90,43,47
06/19/2017 02:00:00 PM,98,46,52
06/19/2017 03:00:00 PM,130,63,67
06/19/2017 04:00:00 PM,349,87,262
06/19/2017 05:00:00 PM,714,158,556
06/19/2017 06:00:00 PM,488,139,349
06/19/2017 07:00:00 PM,208,69,139
06/19/2017 08:00:00 PM,161,63,98
06/19/2017 09:00:00 PM,86,48,38
06/19/2017 10:00:00 PM,49,13,36
06/19/2017 11:00:00 PM,24,7,17
06/20/2017 12:00:00 AM,12,7,5
06/20/2017 01:00:00 AM,0,0,0
06/20/2017 02:00:00 AM,3,1,2
06/20/2017 03:00:00 AM,3,2,1
06/20/2017 04:00:00 AM,12,8,4
06/20/2017 05:00:00 AM,44,30,14
06/20/2017 06:00:00 AM,161,101,60
06/20/2017 07:00:00 AM,403,238,165
06/20/2017 08:00:00 AM,501,282,219
06/20/2017 09:00:00 AM,282,148,134
06/20/2017 10:00:00 AM,100,47,53
06/20/2017 11:00:00 AM,79,31,48
06/20/2017 12:00:00 PM,74,33,41
06/20/2017 01:00:00 PM,71,39,32
06/20/2017 02:00:00 PM,76,22,54
06/20/2017 03:00:00 PM,278,202,76
06/20/2017 04:00:00 PM,315,87,228
06/20/2017 05:00:00 PM,621,141,480
06/20/2017 06:00:00 PM,433,114,319
06/20/2017 07:00:00 PM,240,80,160
06/20/2017 08:00:00 PM,117,54,63
06/20/2017 09:00:00 PM,51,23,28
06/20/2017 10:00:00 PM,36,20,16
06/20/2017 11:00:00 PM,23,6,17
06/21/2017 12:00:00 AM,5,2,3
06/21/2017 01:00:00 AM,5,2,3
06/21/2017 02:00:00 AM,3,2,1
06/21/2017 03:00:00 AM,2,2,0
06/21/2017 04:00:00 AM,4,2,2
06/21/2017 05:00:00 AM,50,33,17
06/21/2017 06:00:00 AM,188,101,87
06/21/2017 07:00:00 AM,467,291,176
06/21/2017 08:00:00 AM,609,337,272
06/21/2017 09:00:00 AM,340,177,163
06/21/2017 10:00:00 AM,118,60,58
06/21/2017 11:00:00 AM,76,30,46
06/21/2017 12:00:00 PM,101,48,53
06/21/2017 01:00:00 PM,78,35,43
06/21/2017 02:00:00 PM,122,54,68
06/21/2017 03:00:00 PM,182,68,114
06/21/2017 04:00:00 PM,393,103,290
06/21/2017 05:00:00 PM,766,206,560
06/21/2017 06:00:00 PM,483,134,349
06/21/2017 07:00:00 PM,263,88,175
06/21/2017 08:00:00 PM,179,69,110
06/21/2017 09:00:00 PM,103,50,53
06/21/2017 10:00:00 PM,81,31,50
06/21/2017 11:00:00 PM,32,17,15
06/22/2017 12:00:00 AM,10,4,6
06/22/2017 01:00:00 AM,9,6,3
06/22/2017 02:00:00 AM,3,0,3
06/22/2017 03:00:00 AM,3,1,2
06/22/2017 04:00:00 AM,11,6,5
06/22/2017 05:00:00 AM,51,38,13
06/22/2017 06:00:00 AM,230,139,91
06/22/2017 07:00:00 AM,483,266,217
06/22/2017 08:00:00 AM,628,344,284
06/22/2017 09:00:00 AM,336,177,159
06/22/2017 10:00:00 AM,149,71,78
06/22/2017 11:00:00 AM,122,68,54
06/22/2017 12:00:00 PM,113,53,60
06/22/2017 01:00:00 PM,99,54,45
06/22/2017 02:00:00 PM,130,47,83
06/22/2017 03:00:00 PM,200,81,119
06/22/2017 04:00:00 PM,398,118,280
06/22/2017 05:00:00 PM,743,178,565
06/22/2017 06:00:00 PM,569,185,384
06/22/2017 07:00:00 PM,304,100,204
06/22/2017 08:00:00 PM,198,82,116
06/22/2017 09:00:00 PM,102,43,59
06/22/2017 10:00:00 PM,88,46,42
06/22/2017 11:00:00 PM,32,14,18
06/23/2017 12:00:00 AM,15,10,5
06/23/2017 01:00:00 AM,6,0,6
06/23/2017 02:00:00 AM,5,2,3
06/23/2017 03:00:00 AM,3,2,1
06/23/2017 04:00:00 AM,10,5,5
06/23/2017 05:00:00 AM,40,28,12
06/23/2017 06:00:00 AM,153,90,63
06/23/2017 07:00:00 AM,394,215,179
06/23/2017 08:00:00 AM,594,332,262
06/23/2017 09:00:00 AM,297,161,136
06/23/2017 10:00:00 AM,140,81,59
06/23/2017 11:00:00 AM,120,56,64
06/23/2017 12:00:00 PM,128,70,58
06/23/2017 01:00:00 PM,131,57,74
06/23/2017 02:00:00 PM,148,56,92
06/23/2017 03:00:00 PM,253,103,150
06/23/2017 04:00:00 PM,460,127,333
06/23/2017 05:00:00 PM,621,170,451
06/23/2017 06:00:00 PM,333,116,217
06/23/2017 07:00:00 PM,182,57,125
06/23/2017 08:00:00 PM,114,55,59
06/23/2017 09:00:00 PM,74,29,45
06/23/2017 10:00:00 PM,46,18,28
06/23/2017 11:00:00 PM,36,15,21
06/24/2017 12:00:00 AM,21,7,14
06/24/2017 01:00:00 AM,10,2,8
06/24/2017 02:00:00 AM,14,9,5
06/24/2017 03:00:00 AM,4,3,1
06/24/2017 04:00:00 AM,5,2,3
06/24/2017 05:00:00 AM,17,11,6
06/24/2017 06:00:00 AM,31,13,18
06/24/2017 07:00:00 AM,88,41,47
06/24/2017 08:00:00 AM,151,93,58
06/24/2017 09:00:00 AM,177,101,76
06/24/2017 10:00:00 AM,182,101,81
06/24/2017 11:00:00 AM,207,113,94
06/24/2017 12:00:00 PM,200,95,105
06/24/2017 01:00:00 PM,173,88,85
06/24/2017 02:00:00 PM,189,87,102
06/24/2017 03:00:00 PM,202,80,122
06/24/2017 04:00:00 PM,144,60,84
06/24/2017 05:00:00 PM,142,67,75
06/24/2017 06:00:00 PM,138,69,69
06/24/2017 07:00:00 PM,101,41,60
06/24/2017 08:00:00 PM,110,43,67
06/24/2017 09:00:00 PM,69,27,42
06/24/2017 10:00:00 PM,39,19,20
06/24/2017 11:00:00 PM,32,11,21
06/25/2017 12:00:00 AM,19,4,15
06/25/2017 01:00:00 AM,10,3,7
06/25/2017 02:00:00 AM,8,4,4
06/25/2017 03:00:00 AM,3,1,2
06/25/2017 04:00:00 AM,3,3,0
06/25/2017 05:00:00 AM,12,9,3
06/25/2017 06:00:00 AM,12,5,7
06/25/2017 07:00:00 AM,73,39,34
06/25/2017 08:00:00 AM,106,67,39
06/25/2017 09:00:00 AM,146,74,72
06/25/2017 10:00:00 AM,184,99,85
06/25/2017 11:00:00 AM,212,114,98
06/25/2017 12:00:00 PM,209,105,104
06/25/2017 01:00:00 PM,166,71,95
06/25/2017 02:00:00 PM,141,72,69
06/25/2017 03:00:00 PM,145,83,62
06/25/2017 04:00:00 PM,210,82,128
06/25/2017 05:00:00 PM,122,70,52
06/25/2017 06:00:00 PM,95,50,45
06/25/2017 07:00:00 PM,113,43,70
06/25/2017 08:00:00 PM,69,22,47
06/25/2017 09:00:00 PM,59,32,27
06/25/2017 10:00:00 PM,27,9,18
06/25/2017 11:00:00 PM,20,9,11
06/26/2017 12:00:00 AM,10,3,7
06/26/2017 01:00:00 AM,4,2,2
06/26/2017 02:00:00 AM,2,1,1
06/26/2017 03:00:00 AM,2,0,2
06/26/2017 04:00:00 AM,2,1,1
06/26/2017 05:00:00 AM,48,33,15
06/26/2017 06:00:00 AM,160,94,66
06/26/2017 07:00:00 AM,492,299,193
06/26/2017 08:00:00 AM,597,334,263
06/26/2017 09:00:00 AM,317,153,164
06/26/2017 10:00:00 AM,110,55,55
06/26/2017 11:00:00 AM,81,40,41
06/26/2017 12:00:00 PM,80,35,45
06/26/2017 01:00:00 PM,81,46,35
06/26/2017 02:00:00 PM,101,48,53
06/26/2017 03:00:00 PM,162,61,101
06/26/2017 04:00:00 PM,328,86,242
06/26/2017 05:00:00 PM,729,170,559
06/26/2017 06:00:00 PM,471,151,320
06/26/2017 07:00:00 PM,292,105,187
06/26/2017 08:00:00 PM,137,51,86
06/26/2017 09:00:00 PM,97,43,54
06/26/2017 10:00:00 PM,47,26,21
06/26/2017 11:00:00 PM,20,10,10
06/27/2017 12:00:00 AM,13,4,9
06/27/2017 01:00:00 AM,7,6,1
06/27/2017 02:00:00 AM,6,2,4
06/27/2017 03:00:00 AM,3,1,2
06/27/2017 04:00:00 AM,5,2,3
06/27/2017 05:00:00 AM,52,35,17
06/27/2017 06:00:00 AM,175,106,69
06/27/2017 07:00:00 AM,515,292,223
06/27/2017 08:00:00 AM,606,327,279
06/27/2017 09:00:00 AM,338,171,167
06/27/2017 10:00:00 AM,139,74,65
06/27/2017 11:00:00 AM,88,43,45
06/27/2017 12:00:00 PM,82,37,45
06/27/2017 01:00:00 PM,94,49,45
06/27/2017 02:00:00 PM,110,48,62
06/27/2017 03:00:00 PM,157,69,88
06/27/2017 04:00:00 PM,433,134,299
06/27/2017 05:00:00 PM,771,199,572
06/27/2017 06:00:00 PM,502,142,360
06/27/2017 07:00:00 PM,267,95,172
06/27/2017 08:00:00 PM,160,60,100
06/27/2017 09:00:00 PM,98,48,50
06/27/2017 10:00:00 PM,55,27,28
06/27/2017 11:00:00 PM,26,10,16
06/28/2017 12:00:00 AM,12,4,8
06/28/2017 01:00:00 AM,5,2,3
06/28/2017 02:00:00 AM,2,0,2
06/28/2017 03:00:00 AM,3,1,2
06/28/2017 04:00:00 AM,9,4,5
06/28/2017 05:00:00 AM,57,41,16
06/28/2017 06:00:00 AM,190,116,74
06/28/2017 07:00:00 AM,473,275,198
06/28/2017 08:00:00 AM,599,343,256
06/28/2017 09:00:00 AM,304,144,160
06/28/2017 10:00:00 AM,141,66,75
06/28/2017 11:00:00 AM,92,35,57
06/28/2017 12:00:00 PM,94,49,45
06/28/2017 01:00:00 PM,85,41,44
06/28/2017 02:00:00 PM,91,44,47
06/28/2017 03:00:00 PM,151,64,87
06/28/2017 04:00:00 PM,353,112,241
06/28/2017 05:00:00 PM,707,163,544
06/28/2017 06:00:00 PM,527,173,354
06/28/2017 07:00:00 PM,290,100,190
06/28/2017 08:00:00 PM,190,72,118
06/28/2017 09:00:00 PM,114,53,61
06/28/2017 10:00:00 PM,52,23,29
06/28/2017 11:00:00 PM,18,7,11
06/29/2017 12:00:00 AM,7,2,5
06/29/2017 01:00:00 AM,1,1,0
06/29/2017 02:00:00 AM,1,0,1
06/29/2017 03:00:00 AM,2,1,1
06/29/2017 04:00:00 AM,4,2,2
06/29/2017 05:00:00 AM,53,36,17
06/29/2017 06:00:00 AM,172,102,70
06/29/2017 07:00:00 AM,430,250,180
06/29/2017 08:00:00 AM,583,328,255
06/29/2017 09:00:00 AM,358,185,173
06/29/2017 10:00:00 AM,143,58,85
06/29/2017 11:00:00 AM,104,43,61
06/29/2017 12:00:00 PM,110,50,60
06/29/2017 01:00:00 PM,140,63,77
06/29/2017 02:00:00 PM,122,59,63
06/29/2017 03:00:00 PM,221,94,127
06/29/2017 04:00:00 PM,373,117,256
06/29/2017 05:00:00 PM,749,173,576
06/29/2017 06:00:00 PM,498,143,355
06/29/2017 07:00:00 PM,285,96,189
06/29/2017 08:00:00 PM,162,64,98
06/29/2017 09:00:00 PM,136,72,64
06/29/2017 10:00:00 PM,63,35,28
06/29/2017 11:00:00 PM,26,14,12
06/30/2017 12:00:00 AM,16,4,12
06/30/2017 01:00:00 AM,14,7,7
06/30/2017 02:00:00 AM,4,2,2
06/30/2017 03:00:00 AM,2,0,2
06/30/2017 04:00:00 AM,6,3,3
06/30/2017 05:00:00 AM,47,31,16
06/30/2017 06:00:00 AM,162,105,57
06/30/2017 07:00:00 AM,378,218,160
06/30/2017 08:00:00 AM,540,302,238
06/30/2017 09:00:00 AM,295,135,160
06/30/2017 10:00:00 AM,157,76,81
06/30/2017 11:00:00 AM,135,74,61
06/30/2017 12:00:00 PM,155,81,74
06/30/2017 01:00:00 PM,124,46,78
06/30/2017 02:00:00 PM,183,75,108
06/30/2017 03:00:00 PM,253,79,174
06/30/2017 04:00:00 PM,417,115,302
06/30/2017 05:00:00 PM,591,151,440
06/30/2017 06:00:00 PM,361,112,249
06/30/2017 07:00:00 PM,225,82,143
06/30/2017 08:00:00 PM,119,43,76
06/30/2017 09:00:00 PM,87,38,49
06/30/2017 10:00:00 PM,58,22,36
06/30/2017 11:00:00 PM,36,13,23
07/01/2017 12:00:00 AM,19,7,12
07/01/2017 01:00:00 AM,8,3,5
07/01/2017 02:00:00 AM,10,4,6
07/01/2017 03:00:00 AM,5,3,2
07/01/2017 04:00:00 AM,2,2,0
07/01/2017 05:00:00 AM,15,11,4
07/01/2017 06:00:00 AM,30,14,16
07/01/2017 07:00:00 AM,64,30,34
07/01/2017 08:00:00 AM,109,60,49
07/01/2017 09:00:00 AM,115,68,47
07/01/2017 10:00:00 AM,118,47,71
07/01/2017 11:00:00 AM,159,87,72
07/01/2017 12:00:00 PM,141,70,71
07/01/2017 01:00:00 PM,168,82,86
07/01/2017 02:00:00 PM,173,87,86
07/01/2017 03:00:00 PM,189,85,104
07/01/2017 04:00:00 PM,199,86,113
07/01/2017 05:00:00 PM,191,85,106
07/01/2017 06:00:00 PM,123,70,53
07/01/2017 07:00:00 PM,97,44,53
07/01/2017 08:00:00 PM,69,36,33
07/01/2017 09:00:00 PM,71,30,41
07/01/2017 10:00:00 PM,42,16,26
07/01/2017 11:00:00 PM,41,14,27
07/02/2017 12:00:00 AM,33,21,12
07/02/2017 01:00:00 AM,5,0,5
07/02/2017 02:00:00 AM,8,5,3
07/02/2017 03:00:00 AM,2,1,1
07/02/2017 04:00:00 AM,5,4,1
07/02/2017 05:00:00 AM,8,3,5
07/02/2017 06:00:00 AM,31,13,18
07/02/2017 07:00:00 AM,29,13,16
07/02/2017 08:00:00 AM,100,65,35
07/02/2017 09:00:00 AM,119,53,66
07/02/2017 10:00:00 AM,144,71,73
07/02/2017 11:00:00 AM,138,73,65
07/02/2017 12:00:00 PM,183,107,76
07/02/2017 01:00:00 PM,229,110,119
07/02/2017 02:00:00 PM,166,94,72
07/02/2017 03:00:00 PM,244,132,112
07/02/2017 04:00:00 PM,191,91,100
07/02/2017 05:00:00 PM,181,76,105
07/02/2017 06:00:00 PM,135,71,64
07/02/2017 07:00:00 PM,130,59,71
07/02/2017 08:00:00 PM,75,39,36
07/02/2017 09:00:00 PM,43,25,18
07/02/2017 10:00:00 PM,34,13,21
07/02/2017 11:00:00 PM,22,8,14
07/03/2017 12:00:00 AM,8,4,4
07/03/2017 01:00:00 AM,6,2,4
07/03/2017 02:00:00 AM,1,0,1
07/03/2017 03:00:00 AM,4,2,2
07/03/2017 04:00:00 AM,12,5,7
07/03/2017 05:00:00 AM,38,29,9
07/03/2017 06:00:00 AM,103,55,48
07/03/2017 07:00:00 AM,214,128,86
07/03/2017 08:00:00 AM,285,150,135
07/03/2017 09:00:00 AM,199,96,103
07/03/2017 10:00:00 AM,125,57,68
07/03/2017 11:00:00 AM,106,35,71
07/03/2017 12:00:00 PM,122,59,63
07/03/2017 01:00:00 PM,115,53,62
07/03/2017 02:00:00 PM,175,62,113
07/03/2017 03:00:00 PM,245,76,169
07/03/2017 04:00:00 PM,294,105,189
07/03/2017 05:00:00 PM,374,123,251
07/03/2017 06:00:00 PM,243,92,151
07/03/2017 07:00:00 PM,174,69,105
07/03/2017 08:00:00 PM,120,53,67
07/03/2017 09:00:00 PM,65,30,35
07/03/2017 10:00:00 PM,38,24,14
07/03/2017 11:00:00 PM,34,19,15
07/04/2017 12:00:00 AM,10,5,5
07/04/2017 01:00:00 AM,11,9,2
07/04/2017 02:00:00 AM,1,1,0
07/04/2017 03:00:00 AM,3,1,2
07/04/2017 04:00:00 AM,8,2,6
07/04/2017 05:00:00 AM,12,11,1
07/04/2017 06:00:00 AM,31,16,15
07/04/2017 07:00:00 AM,64,33,31
07/04/2017 08:00:00 AM,99,52,47
07/04/2017 09:00:00 AM,198,116,82
07/04/2017 10:00:00 AM,176,94,82
07/04/2017 11:00:00 AM,207,120,87
07/04/2017 12:00:00 PM,204,105,99
07/04/2017 01:00:00 PM,224,103,121
07/04/2017 02:00:00 PM,243,110,133
07/04/2017 03:00:00 PM,221,95,126
07/04/2017 04:00:00 PM,240,118,122
07/04/2017 05:00:00 PM,213,89,124
07/04/2017 06:00:00 PM,207,86,121
07/04/2017 07:00:00 PM,173,90,83
07/04/2017 08:00:00 PM,149,63,86
07/04/2017 09:00:00 PM,146,86,60
07/04/2017 10:00:00 PM,104,58,46
07/04/2017 11:00:00 PM,155,45,110
07/05/2017 12:00:00 AM,42,23,19
07/05/2017 01:00:00 AM,22,10,12
07/05/2017 02:00:00 AM,6,1,5
07/05/2017 03:00:00 AM,3,3,0
07/05/2017 04:00:00 AM,5,2,3
07/05/2017 05:00:00 AM,43,27,16
07/05/2017 06:00:00 AM,170,104,66
07/05/2017 07:00:00 AM,391,231,160
07/05/2017 08:00:00 AM,578,322,256
07/05/2017 09:00:00 AM,321,155,166
07/05/2017 10:00:00 AM,132,69,63
07/05/2017 11:00:00 AM,99,42,57
07/05/2017 12:00:00 PM,94,54,40
07/05/2017 01:00:00 PM,120,57,63
07/05/2017 02:00:00 PM,126,44,82
07/05/2017 03:00:00 PM,147,54,93
07/05/2017 04:00:00 PM,369,116,253
07/05/2017 05:00:00 PM,709,161,548
07/05/2017 06:00:00 PM,514,178,336
07/05/2017 07:00:00 PM,282,89,193
07/05/2017 08:00:00 PM,170,66,104
07/05/2017 09:00:00 PM,94,39,55
07/05/2017 10:00:00 PM,60,33,27
07/05/2017 11:00:00 PM,28,8,20
07/06/2017 12:00:00 AM,11,5,6
07/06/2017 01:00:00 AM,7,1,6
07/06/2017 02:00:00 AM,2,1,1
07/06/2017 03:00:00 AM,3,1,2
07/06/2017 04:00:00 AM,11,6,5
07/06/2017 05:00:00 AM,49,31,18
07/06/2017 06:00:00 AM,196,111,85
07/06/2017 07:00:00 AM,486,288,198
07/06/2017 08:00:00 AM,656,356,300
07/06/2017 09:00:00 AM,346,177,169
07/06/2017 10:00:00 AM,142,58,84
07/06/2017 11:00:00 AM,121,60,61
07/06/2017 12:00:00 PM,107,56,51
07/06/2017 01:00:00 PM,130,51,79
07/06/2017 02:00:00 PM,117,48,69
07/06/2017 03:00:00 PM,186,72,114
07/06/2017 04:00:00 PM,374,111,263
07/06/2017 05:00:00 PM,764,176,588
07/06/2017 06:00:00 PM,569,179,390
07/06/2017 07:00:00 PM,317,109,208
07/06/2017 08:00:00 PM,160,57,103
07/06/2017 09:00:00 PM,125,59,66
07/06/2017 10:00:00 PM,68,36,32
07/06/2017 11:00:00 PM,33,14,19
07/07/2017 12:00:00 AM,23,11,12
07/07/2017 01:00:00 AM,8,3,5
07/07/2017 02:00:00 AM,7,2,5
07/07/2017 03:00:00 AM,4,2,2
07/07/2017 04:00:00 AM,5,2,3
07/07/2017 05:00:00 AM,43,28,15
07/07/2017 06:00:00 AM,164,93,71
07/07/2017 07:00:00 AM,397,219,178
07/07/2017 08:00:00 AM,542,284,258
07/07/2017 09:00:00 AM,315,160,155
07/07/2017 10:00:00 AM,111,50,61
07/07/2017 11:00:00 AM,109,52,57
07/07/2017 12:00:00 PM,135,59,76
07/07/2017 01:00:00 PM,105,67,38
07/07/2017 02:00:00 PM,128,53,75
07/07/2017 03:00:00 PM,229,69,160
07/07/2017 04:00:00 PM,393,106,287
07/07/2017 05:00:00 PM,634,155,479
07/07/2017 06:00:00 PM,413,150,263
07/07/2017 07:00:00 PM,216,83,133
07/07/2017 08:00:00 PM,155,74,81
07/07/2017 09:00:00 PM,99,38,61
07/07/2017 10:00:00 PM,277,64,213
07/07/2017 11:00:00 PM,288,37,251
07/08/2017 12:00:00 AM,43,17,26
07/08/2017 01:00:00 AM,20,17,3
07/08/2017 02:00:00 AM,6,4,2
07/08/2017 03:00:00 AM,5,5,0
07/08/2017 04:00:00 AM,4,1,3
07/08/2017 05:00:00 AM,11,6,5
07/08/2017 06:00:00 AM,39,23,16
07/08/2017 07:00:00 AM,57,25,32
07/08/2017 08:00:00 AM,135,65,70
07/08/2017 09:00:00 AM,156,84,72
07/08/2017 10:00:00 AM,156,71,85
07/08/2017 11:00:00 AM,217,108,109
07/08/2017 12:00:00 PM,174,87,87
07/08/2017 01:00:00 PM,195,109,86
07/08/2017 02:00:00 PM,229,111,118
07/08/2017 03:00:00 PM,236,122,114
07/08/2017 04:00:00 PM,201,100,101
07/08/2017 05:00:00 PM,191,93,98
07/08/2017 06:00:00 PM,147,77,70
07/08/2017 07:00:00 PM,130,71,59
07/08/2017 08:00:00 PM,103,47,56
07/08/2017 09:00:00 PM,90,41,49
07/08/2017 10:00:00 PM,43,18,25
07/08/2017 11:00:00 PM,34,6,28
07/09/2017 12:00:00 AM,19,8,11
07/09/2017 01:00:00 AM,13,7,6
07/09/2017 02:00:00 AM,9,3,6
07/09/2017 03:00:00 AM,5,1,4
07/09/2017 04:00:00 AM,3,2,1
07/09/2017 05:00:00 AM,6,6,0
07/09/2017 06:00:00 AM,22,16,6
07/09/2017 07:00:00 AM,43,21,22
07/09/2017 08:00:00 AM,87,49,38
07/09/2017 09:00:00 AM,112,55,57
07/09/2017 10:00:00 AM,140,80,60
07/09/2017 11:00:00 AM,189,101,88
07/09/2017 12:00:00 PM,242,117,125
07/09/2017 01:00:00 PM,195,101,94
07/09/2017 02:00:00 PM,228,104,124
07/09/2017 03:00:00 PM,161,74,87
07/09/2017 04:00:00 PM,167,68,99
07/09/2017 05:00:00 PM,171,82,89
07/09/2017 06:00:00 PM,152,74,78
07/09/2017 07:00:00 PM,107,54,53
07/09/2017 08:00:00 PM,85,41,44
07/09/2017 09:00:00 PM,65,27,38
07/09/2017 10:00:00 PM,28,6,22
07/09/2017 11:00:00 PM,25,12,13
07/10/2017 12:00:00 AM,8,4,4
07/10/2017 01:00:00 AM,8,6,2
07/10/2017 02:00:00 AM,0,0,0
07/10/2017 03:00:00 AM,1,1,0
07/10/2017 04:00:00 AM,8,3,5
07/10/2017 05:00:00 AM,54,30,24
07/10/2017 06:00:00 AM,210,126,84
07/10/2017 07:00:00 AM,478,288,190
07/10/2017 08:00:00 AM,665,347,318
07/10/2017 09:00:00 AM,342,180,162
07/10/2017 10:00:00 AM,142,59,83
07/10/2017 11:00:00 AM,85,43,42
07/10/2017 12:00:00 PM,98,50,48
07/10/2017 01:00:00 PM,99,57,42
07/10/2017 02:00:00 PM,112,45,67
07/10/2017 03:00:00 PM,170,61,109
07/10/2017 04:00:00 PM,390,126,264
07/10/2017 05:00:00 PM,792,183,609
07/10/2017 06:00:00 PM,580,178,402
07/10/2017 07:00:00 PM,259,84,175
07/10/2017 08:00:00 PM,165,63,102
07/10/2017 09:00:00 PM,79,45,34
07/10/2017 10:00:00 PM,44,21,23
07/10/2017 11:00:00 PM,17,4,13
07/11/2017 12:00:00 AM,6,4,2
07/11/2017 01:00:00 AM,4,2,2
07/11/2017 02:00:00 AM,3,1,2
07/11/2017 03:00:00 AM,4,2,2
07/11/2017 04:00:00 AM,15,8,7
07/11/2017 05:00:00 AM,55,36,19
07/11/2017 06:00:00 AM,228,117,111
07/11/2017 07:00:00 AM,481,273,208
07/11/2017 08:00:00 AM,595,320,275
07/11/2017 09:00:00 AM,371,177,194
07/11/2017 10:00:00 AM,144,82,62
07/11/2017 11:00:00 AM,115,41,74
07/11/2017 12:00:00 PM,90,42,48
07/11/2017 01:00:00 PM,108,51,57
07/11/2017 02:00:00 PM,123,67,56
07/11/2017 03:00:00 PM,190,72,118
07/11/2017 04:00:00 PM,404,131,273
07/11/2017 05:00:00 PM,834,194,640
07/11/2017 06:00:00 PM,558,172,386
07/11/2017 07:00:00 PM,314,117,197
07/11/2017 08:00:00 PM,162,64,98
07/11/2017 09:00:00 PM,103,47,56
07/11/2017 10:00:00 PM,52,25,27
07/11/2017 11:00:00 PM,29,13,16
07/12/2017 12:00:00 AM,13,3,10
07/12/2017 01:00:00 AM,7,6,1
07/12/2017 02:00:00 AM,3,1,2
07/12/2017 03:00:00 AM,4,2,2
07/12/2017 04:00:00 AM,11,4,7
07/12/2017 05:00:00 AM,61,42,19
07/12/2017 06:00:00 AM,199,114,85
07/12/2017 07:00:00 AM,519,307,212
07/12/2017 08:00:00 AM,699,373,326
07/12/2017 09:00:00 AM,325,169,156
07/12/2017 10:00:00 AM,145,59,86
07/12/2017 11:00:00 AM,120,70,50
07/12/2017 12:00:00 PM,115,63,52
07/12/2017 01:00:00 PM,142,64,78
07/12/2017 02:00:00 PM,134,56,78
07/12/2017 03:00:00 PM,197,88,109
07/12/2017 04:00:00 PM,417,124,293
07/12/2017 05:00:00 PM,773,185,588
07/12/2017 06:00:00 PM,612,199,413
07/12/2017 07:00:00 PM,311,102,209
07/12/2017 08:00:00 PM,236,83,153
07/12/2017 09:00:00 PM,111,52,59
07/12/2017 10:00:00 PM,75,39,36
07/12/2017 11:00:00 PM,21,12,9
07/13/2017 12:00:00 AM,18,9,9
07/13/2017 01:00:00 AM,2,1,1
07/13/2017 02:00:00 AM,2,1,1
07/13/2017 03:00:00 AM,2,2,0
07/13/2017 04:00:00 AM,12,6,6
07/13/2017 05:00:00 AM,50,36,14
07/13/2017 06:00:00 AM,170,103,67
07/13/2017 07:00:00 AM,433,255,178
07/13/2017 08:00:00 AM,599,317,282
07/13/2017 09:00:00 AM,312,174,138
07/13/2017 10:00:00 AM,127,64,63
07/13/2017 11:00:00 AM,98,54,44
07/13/2017 12:00:00 PM,81,34,47
07/13/2017 01:00:00 PM,86,40,46
07/13/2017 02:00:00 PM,114,40,74
07/13/2017 03:00:00 PM,163,64,99
07/13/2017 04:00:00 PM,360,101,259
07/13/2017 05:00:00 PM,663,162,501
07/13/2017 06:00:00 PM,69,52,17
07/13/2017 07:00:00 PM,197,72,125
07/13/2017 08:00:00 PM,212,66,146
07/13/2017 09:00:00 PM,107,62,45
07/13/2017 10:00:00 PM,69,25,44
07/13/2017 11:00:00 PM,22,9,13
07/14/2017 12:00:00 AM,15,5,10
07/14/2017 01:00:00 AM,6,3,3
07/14/2017 02:00:00 AM,2,2,0
07/14/2017 03:00:00 AM,3,1,2
07/14/2017 04:00:00 AM,10,5,5
07/14/2017 05:00:00 AM,47,29,18
07/14/2017 06:00:00 AM,156,86,70
07/14/2017 07:00:00 AM,397,237,160
07/14/2017 08:00:00 AM,522,278,244
07/14/2017 09:00:00 AM,300,159,141
07/14/2017 10:00:00 AM,157,73,84
07/14/2017 11:00:00 AM,111,53,58
07/14/2017 12:00:00 PM,135,65,70
07/14/2017 01:00:00 PM,127,61,66
07/14/2017 02:00:00 PM,135,50,85
07/14/2017 03:00:00 PM,229,80,149
07/14/2017 04:00:00 PM,413,130,283
07/14/2017 05:00:00 PM,634,170,464
07/14/2017 06:00:00 PM,395,105,290
07/14/2017 07:00:00 PM,221,91,130
07/14/2017 08:00:00 PM,137,51,86
07/14/2017 09:00:00 PM,92,34,58
07/14/2017 10:00:00 PM,48,20,28
07/14/2017 11:00:00 PM,37,15,22
07/15/2017 12:00:00 AM,27,11,16
07/15/2017 01:00:00 AM,12,5,7
07/15/2017 02:00:00 AM,4,3,1
07/15/2017 03:00:00 AM,9,3,6
07/15/2017 04:00:00 AM,30,10,20
07/15/2017 05:00:00 AM,36,11,25
07/15/2017 06:00:00 AM,36,13,23
07/15/2017 07:00:00 AM,61,36,25
07/15/2017 08:00:00 AM,112,61,51
07/15/2017 09:00:00 AM,129,65,64
07/15/2017 10:00:00 AM,153,76,77
07/15/2017 11:00:00 AM,170,83,87
07/15/2017 12:00:00 PM,220,110,110
07/15/2017 01:00:00 PM,211,114,97
07/15/2017 02:00:00 PM,189,84,105
07/15/2017 03:00:00 PM,186,74,112
07/15/2017 04:00:00 PM,153,72,81
07/15/2017 05:00:00 PM,193,92,101
07/15/2017 06:00:00 PM,129,67,62
07/15/2017 07:00:00 PM,154,63,91
07/15/2017 08:00:00 PM,89,40,49
07/15/2017 09:00:00 PM,69,34,35
07/15/2017 10:00:00 PM,35,12,23
07/15/2017 11:00:00 PM,19,6,13
07/16/2017 12:00:00 AM,26,4,22
07/16/2017 01:00:00 AM,10,2,8
07/16/2017 02:00:00 AM,5,0,5
07/16/2017 03:00:00 AM,2,1,1
07/16/2017 04:00:00 AM,8,4,4
07/16/2017 05:00:00 AM,12,9,3
07/16/2017 06:00:00 AM,23,10,13
07/16/2017 07:00:00 AM,40,19,21
07/16/2017 08:00:00 AM,82,43,39
07/16/2017 09:00:00 AM,98,46,52
07/16/2017 10:00:00 AM,145,75,70
07/16/2017 11:00:00 AM,152,84,68
07/16/2017 12:00:00 PM,197,100,97
07/16/2017 01:00:00 PM,182,93,89
07/16/2017 02:00:00 PM,227,102,125
07/16/2017 03:00:00 PM,190,100,90
07/16/2017 04:00:00 PM,163,68,95
07/16/2017 05:00:00 PM,148,78,70
07/16/2017 06:00:00 PM,159,84,75
07/16/2017 07:00:00 PM,112,59,53
07/16/2017 08:00:00 PM,68,28,40
07/16/2017 09:00:00 PM,35,12,23
07/16/2017 10:00:00 PM,31,14,17
07/16/2017 11:00:00 PM,16,8,8
07/17/2017 12:00:00 AM,7,3,4
07/17/2017 01:00:00 AM,3,0,3
07/17/2017 02:00:00 AM,2,1,1
07/17/2017 03:00:00 AM,4,2,2
07/17/2017 04:00:00 AM,10,5,5
07/17/2017 05:00:00 AM,63,42,21
07/17/2017 06:00:00 AM,179,88,91
07/17/2017 07:00:00 AM,482,263,219
07/17/2017 08:00:00 AM,648,339,309
07/17/2017 09:00:00 AM,331,152,179
07/17/2017 10:00:00 AM,134,62,72
07/17/2017 11:00:00 AM,95,54,41
07/17/2017 12:00:00 PM,99,47,52
07/17/2017 01:00:00 PM,109,59,50
07/17/2017 02:00:00 PM,127,44,83
07/17/2017 03:00:00 PM,171,69,102
07/17/2017 04:00:00 PM,399,119,280
07/17/2017 05:00:00 PM,763,177,586
07/17/2017 06:00:00 PM,563,150,413
07/17/2017 07:00:00 PM,276,98,178
07/17/2017 08:00:00 PM,168,59,109
07/17/2017 09:00:00 PM,84,28,56
07/17/2017 10:00:00 PM,50,20,30
07/17/2017 11:00:00 PM,24,15,9
07/18/2017 12:00:00 AM,9,2,7
07/18/2017 01:00:00 AM,3,1,2
07/18/2017 02:00:00 AM,6,4,2
07/18/2017 03:00:00 AM,2,1,1
07/18/2017 04:00:00 AM,9,6,3
07/18/2017 05:00:00 AM,61,37,24
07/18/2017 06:00:00 AM,198,111,87
07/18/2017 07:00:00 AM,518,309,209
07/18/2017 08:00:00 AM,731,394,337
07/18/2017 09:00:00 AM,345,178,167
07/18/2017 10:00:00 AM,141,64,77
07/18/2017 11:00:00 AM,107,63,44
07/18/2017 12:00:00 PM,112,46,66
07/18/2017 01:00:00 PM,99,49,50
07/18/2017 02:00:00 PM,150,67,83
07/18/2017 03:00:00 PM,201,71,130
07/18/2017 04:00:00 PM,437,138,299
07/18/2017 05:00:00 PM,815,198,617
07/18/2017 06:00:00 PM,552,167,385
07/18/2017 07:00:00 PM,287,97,190
07/18/2017 08:00:00 PM,232,83,149
07/18/2017 09:00:00 PM,111,47,64
07/18/2017 10:00:00 PM,67,24,43
07/18/2017 11:00:00 PM,45,23,22
07/19/2017 12:00:00 AM,11,5,6
07/19/2017 01:00:00 AM,8,2,6
07/19/2017 02:00:00 AM,3,0,3
07/19/2017 03:00:00 AM,1,1,0
07/19/2017 04:00:00 AM,9,3,6
07/19/2017 05:00:00 AM,53,37,16
07/19/2017 06:00:00 AM,203,111,92
07/19/2017 07:00:00 AM,491,273,218
07/19/2017 08:00:00 AM,695,364,331
07/19/2017 09:00:00 AM,329,148,181
07/19/2017 10:00:00 AM,191,111,80
07/19/2017 11:00:00 AM,132,64,68
07/19/2017 12:00:00 PM,108,50,58
07/19/2017 01:00:00 PM,126,57,69
07/19/2017 02:00:00 PM,132,57,75
07/19/2017 03:00:00 PM,216,69,147
07/19/2017 04:00:00 PM,412,110,302
07/19/2017 05:00:00 PM,771,182,589
07/19/2017 06:00:00 PM,558,175,383
07/19/2017 07:00:00 PM,294,108,186
07/19/2017 08:00:00 PM,157,63,94
07/19/2017 09:00:00 PM,102,35,67
07/19/2017 10:00:00 PM,64,30,34
07/19/2017 11:00:00 PM,22,6,16
07/20/2017 12:00:00 AM,17,6,11
07/20/2017 01:00:00 AM,4,3,1
07/20/2017 02:00:00 AM,2,0,2
07/20/2017 03:00:00 AM,3,1,2
07/20/2017 04:00:00 AM,8,6,2
07/20/2017 05:00:00 AM,56,39,17
07/20/2017 06:00:00 AM,160,86,74
07/20/2017 07:00:00 AM,437,243,194
07/20/2017 08:00:00 AM,653,323,330
07/20/2017 09:00:00 AM,323,152,171
07/20/2017 10:00:00 AM,138,75,63
07/20/2017 11:00:00 AM,97,41,56
07/20/2017 12:00:00 PM,93,48,45
07/20/2017 01:00:00 PM,107,49,58
07/20/2017 02:00:00 PM,112,43,69
07/20/2017 03:00:00 PM,176,70,106
07/20/2017 04:00:00 PM,378,114,264
07/20/2017 05:00:00 PM,688,186,502
07/20/2017 06:00:00 PM,509,168,341
07/20/2017 07:00:00 PM,266,88,178
07/20/2017 08:00:00 PM,173,79,94
07/20/2017 09:00:00 PM,116,42,74
07/20/2017 10:00:00 PM,65,24,41
07/20/2017 11:00:00 PM,34,13,21
07/21/2017 12:00:00 AM,11,5,6
07/21/2017 01:00:00 AM,9,2,7
07/21/2017 02:00:00 AM,3,0,3
07/21/2017 03:00:00 AM,3,1,2
07/21/2017 04:00:00 AM,7,3,4
07/21/2017 05:00:00 AM,39,28,11
07/21/2017 06:00:00 AM,149,88,61
07/21/2017 07:00:00 AM,377,216,161
07/21/2017 08:00:00 AM,519,289,230
07/21/2017 09:00:00 AM,318,160,158
07/21/2017 10:00:00 AM,124,56,68
07/21/2017 11:00:00 AM,105,47,58
07/21/2017 12:00:00 PM,98,43,55
07/21/2017 01:00:00 PM,121,52,69
07/21/2017 02:00:00 PM,157,69,88
07/21/2017 03:00:00 PM,230,76,154
07/21/2017 04:00:00 PM,376,111,265
07/21/2017 05:00:00 PM,595,156,439
07/21/2017 06:00:00 PM,348,94,254
07/21/2017 07:00:00 PM,182,63,119
07/21/2017 08:00:00 PM,112,44,68
07/21/2017 09:00:00 PM,71,35,36
07/21/2017 10:00:00 PM,25,8,17
07/21/2017 11:00:00 PM,34,9,25
07/22/2017 12:00:00 AM,34,11,23
07/22/2017 01:00:00 AM,17,9,8
07/22/2017 02:00:00 AM,4,2,2
07/22/2017 03:00:00 AM,13,6,7
07/22/2017 04:00:00 AM,4,2,2
07/22/2017 05:00:00 AM,13,9,4
07/22/2017 06:00:00 AM,30,14,16
07/22/2017 07:00:00 AM,61,31,30
07/22/2017 08:00:00 AM,104,54,50
07/22/2017 09:00:00 AM,125,71,54
07/22/2017 10:00:00 AM,149,67,82
07/22/2017 11:00:00 AM,202,91,111
07/22/2017 12:00:00 PM,200,103,97
07/22/2017 01:00:00 PM,178,103,75
07/22/2017 02:00:00 PM,229,110,119
07/22/2017 03:00:00 PM,197,85,112
07/22/2017 04:00:00 PM,194,105,89
07/22/2017 05:00:00 PM,159,86,73
07/22/2017 06:00:00 PM,139,73,66
07/22/2017 07:00:00 PM,94,44,50
07/22/2017 08:00:00 PM,75,32,43
07/22/2017 09:00:00 PM,58,26,32
07/22/2017 10:00:00 PM,29,9,20
07/22/2017 11:00:00 PM,30,10,20
07/23/2017 12:00:00 AM,33,12,21
07/23/2017 01:00:00 AM,14,2,12
07/23/2017 02:00:00 AM,4,3,1
07/23/2017 03:00:00 AM,2,0,2
07/23/2017 04:00:00 AM,5,2,3
07/23/2017 05:00:00 AM,11,5,6
07/23/2017 06:00:00 AM,25,12,13
07/23/2017 07:00:00 AM,51,23,28
07/23/2017 08:00:00 AM,76,40,36
07/23/2017 09:00:00 AM,95,50,45
07/23/2017 10:00:00 AM,134,71,63
07/23/2017 11:00:00 AM,167,74,93
07/23/2017 12:00:00 PM,163,80,83
07/23/2017 01:00:00 PM,218,116,102
07/23/2017 02:00:00 PM,187,99,88
07/23/2017 03:00:00 PM,226,102,124
07/23/2017 04:00:00 PM,168,87,81
07/23/2017 05:00:00 PM,157,69,88
07/23/2017 06:00:00 PM,122,54,68
07/23/2017 07:00:00 PM,111,51,60
07/23/2017 08:00:00 PM,76,26,50
07/23/2017 09:00:00 PM,51,12,39
07/23/2017 10:00:00 PM,36,17,19
07/23/2017 11:00:00 PM,23,13,10
07/24/2017 12:00:00 AM,13,4,9
07/24/2017 01:00:00 AM,7,6,1
07/24/2017 02:00:00 AM,5,2,3
07/24/2017 03:00:00 AM,6,3,3
07/24/2017 04:00:00 AM,11,3,8
07/24/2017 05:00:00 AM,48,34,14
07/24/2017 06:00:00 AM,193,114,79
07/24/2017 07:00:00 AM,462,260,202
07/24/2017 08:00:00 AM,667,362,305
07/24/2017 09:00:00 AM,348,163,185
07/24/2017 10:00:00 AM,132,61,71
07/24/2017 11:00:00 AM,118,55,63
07/24/2017 12:00:00 PM,101,46,55
07/24/2017 01:00:00 PM,105,59,46
07/24/2017 02:00:00 PM,144,55,89
07/24/2017 03:00:00 PM,174,71,103
07/24/2017 04:00:00 PM,431,115,316
07/24/2017 05:00:00 PM,783,185,598
07/24/2017 06:00:00 PM,541,173,368
07/24/2017 07:00:00 PM,259,91,168
07/24/2017 08:00:00 PM,159,63,96
07/24/2017 09:00:00 PM,104,41,63
07/24/2017 10:00:00 PM,60,32,28
07/24/2017 11:00:00 PM,36,11,25
07/25/2017 12:00:00 AM,11,3,8
07/25/2017 01:00:00 AM,9,7,2
07/25/2017 02:00:00 AM,2,1,1
07/25/2017 03:00:00 AM,5,2,3
07/25/2017 04:00:00 AM,12,6,6
07/25/2017 05:00:00 AM,52,33,19
07/25/2017 06:00:00 AM,196,106,90
07/25/2017 07:00:00 AM,534,274,260
07/25/2017 08:00:00 AM,707,398,309
07/25/2017 09:00:00 AM,343,155,188
07/25/2017 10:00:00 AM,133,64,69
07/25/2017 11:00:00 AM,115,58,57
07/25/2017 12:00:00 PM,108,49,59
07/25/2017 01:00:00 PM,96,60,36
07/25/2017 02:00:00 PM,150,69,81
07/25/2017 03:00:00 PM,170,77,93
07/25/2017 04:00:00 PM,404,107,297
07/25/2017 05:00:00 PM,798,205,593
07/25/2017 06:00:00 PM,529,160,369
07/25/2017 07:00:00 PM,333,107,226
07/25/2017 08:00:00 PM,185,72,113
07/25/2017 09:00:00 PM,110,49,61
07/25/2017 10:00:00 PM,61,27,34
07/25/2017 11:00:00 PM,31,15,16
07/26/2017 12:00:00 AM,17,6,11
07/26/2017 01:00:00 AM,5,5,0
07/26/2017 02:00:00 AM,4,2,2
07/26/2017 03:00:00 AM,1,0,1
07/26/2017 04:00:00 AM,14,6,8
07/26/2017 05:00:00 AM,46,28,18
07/26/2017 06:00:00 AM,205,119,86
07/26/2017 07:00:00 AM,507,276,231
07/26/2017 08:00:00 AM,650,357,293
07/26/2017 09:00:00 AM,348,167,181
07/26/2017 10:00:00 AM,163,72,91
07/26/2017 11:00:00 AM,110,61,49
07/26/2017 12:00:00 PM,106,62,44
07/26/2017 01:00:00 PM,106,44,62
07/26/2017 02:00:00 PM,134,42,92
07/26/2017 03:00:00 PM,194,75,119
07/26/2017 04:00:00 PM,402,110,292
07/26/2017 05:00:00 PM,788,217,571
07/26/2017 06:00:00 PM,551,167,384
07/26/2017 07:00:00 PM,297,93,204
07/26/2017 08:00:00 PM,205,67,138
07/26/2017 09:00:00 PM,115,52,63
07/26/2017 10:00:00 PM,85,38,47
07/26/2017 11:00:00 PM,34,11,23
07/27/2017 12:00:00 AM,14,7,7
07/27/2017 01:00:00 AM,14,7,7
07/27/2017 02:00:00 AM,6,3,3
07/27/2017 03:00:00 AM,4,2,2
07/27/2017 04:00:00 AM,17,10,7
07/27/2017 05:00:00 AM,59,35,24
07/27/2017 06:00:00 AM,175,101,74
07/27/2017 07:00:00 AM,335,184,151
07/27/2017 08:00:00 AM,499,257,242
07/27/2017 09:00:00 AM,256,130,126
07/27/2017 10:00:00 AM,128,63,65
07/27/2017 11:00:00 AM,85,41,44
07/27/2017 12:00:00 PM,71,44,27
07/27/2017 01:00:00 PM,84,46,38
07/27/2017 02:00:00 PM,112,59,53
07/27/2017 03:00:00 PM,163,55,108
07/27/2017 04:00:00 PM,325,96,229
07/27/2017 05:00:00 PM,613,169,444
07/27/2017 06:00:00 PM,417,127,290
07/27/2017 07:00:00 PM,252,77,175
07/27/2017 08:00:00 PM,169,72,97
07/27/2017 09:00:00 PM,105,48,57
07/27/2017 10:00:00 PM,48,19,29
07/27/2017 11:00:00 PM,29,10,19
07/28/2017 12:00:00 AM,15,7,8
07/28/2017 01:00:00 AM,8,4,4
07/28/2017 02:00:00 AM,2,1,1
07/28/2017 03:00:00 AM,2,0,2
07/28/2017 04:00:00 AM,11,6,5
07/28/2017 05:00:00 AM,45,30,15
07/28/2017 06:00:00 AM,150,79,71
07/28/2017 07:00:00 AM,353,192,161
07/28/2017 08:00:00 AM,533,285,248
07/28/2017 09:00:00 AM,297,143,154
07/28/2017 10:00:00 AM,150,64,86
07/28/2017 11:00:00 AM,117,58,59
07/28/2017 12:00:00 PM,119,61,58
07/28/2017 01:00:00 PM,114,47,67
07/28/2017 02:00:00 PM,173,72,101
07/28/2017 03:00:00 PM,232,83,149
07/28/2017 04:00:00 PM,385,91,294
07/28/2017 05:00:00 PM,652,196,456
07/28/2017 06:00:00 PM,398,110,288
07/28/2017 07:00:00 PM,209,82,127
07/28/2017 08:00:00 PM,128,45,83
07/28/2017 09:00:00 PM,106,49,57
07/28/2017 10:00:00 PM,67,30,37
07/28/2017 11:00:00 PM,45,15,30
07/29/2017 12:00:00 AM,30,11,19
07/29/2017 01:00:00 AM,18,6,12
07/29/2017 02:00:00 AM,12,9,3
07/29/2017 03:00:00 AM,4,1,3
07/29/2017 04:00:00 AM,5,3,2
07/29/2017 05:00:00 AM,12,6,6
07/29/2017 06:00:00 AM,33,15,18
07/29/2017 07:00:00 AM,65,23,42
07/29/2017 08:00:00 AM,88,44,44
07/29/2017 09:00:00 AM,134,59,75
07/29/2017 10:00:00 AM,168,89,79
07/29/2017 11:00:00 AM,206,108,98
07/29/2017 12:00:00 PM,182,101,81
07/29/2017 01:00:00 PM,224,102,122
07/29/2017 02:00:00 PM,208,117,91
07/29/2017 03:00:00 PM,199,93,106
07/29/2017 04:00:00 PM,181,91,90
07/29/2017 05:00:00 PM,161,71,90
07/29/2017 06:00:00 PM,158,76,82
07/29/2017 07:00:00 PM,99,52,47
07/29/2017 08:00:00 PM,90,49,41
07/29/2017 09:00:00 PM,69,32,37
07/29/2017 10:00:00 PM,49,20,29
07/29/2017 11:00:00 PM,40,16,24
07/30/2017 12:00:00 AM,33,11,22
07/30/2017 01:00:00 AM,22,8,14
07/30/2017 02:00:00 AM,8,3,5
07/30/2017 03:00:00 AM,4,1,3
07/30/2017 04:00:00 AM,7,5,2
07/30/2017 05:00:00 AM,13,10,3
07/30/2017 06:00:00 AM,28,13,15
07/30/2017 07:00:00 AM,37,26,11
07/30/2017 08:00:00 AM,76,40,36
07/30/2017 09:00:00 AM,93,54,39
07/30/2017 10:00:00 AM,128,48,80
07/30/2017 11:00:00 AM,156,70,86
07/30/2017 12:00:00 PM,189,105,84
07/30/2017 01:00:00 PM,193,89,104
07/30/2017 02:00:00 PM,199,89,110
07/30/2017 03:00:00 PM,177,82,95
07/30/2017 04:00:00 PM,179,82,97
07/30/2017 05:00:00 PM,203,103,100
07/30/2017 06:00:00 PM,152,60,92
07/30/2017 07:00:00 PM,116,46,70
07/30/2017 08:00:00 PM,96,49,47
07/30/2017 09:00:00 PM,52,18,34
07/30/2017 10:00:00 PM,34,21,13
07/30/2017 11:00:00 PM,24,12,12
07/31/2017 12:00:00 AM,5,2,3
07/31/2017 01:00:00 AM,7,5,2
07/31/2017 02:00:00 AM,1,1,0
07/31/2017 03:00:00 AM,2,2,0
07/31/2017 04:00:00 AM,11,6,5
07/31/2017 05:00:00 AM,52,32,20
07/31/2017 06:00:00 AM,166,99,67
07/31/2017 07:00:00 AM,492,269,223
07/31/2017 08:00:00 AM,660,348,312
07/31/2017 09:00:00 AM,364,172,192
07/31/2017 10:00:00 AM,148,73,75
07/31/2017 11:00:00 AM,119,58,61
07/31/2017 12:00:00 PM,107,56,51
07/31/2017 01:00:00 PM,107,44,63
07/31/2017 02:00:00 PM,145,68,77
07/31/2017 03:00:00 PM,167,74,93
07/31/2017 04:00:00 PM,365,104,261
07/31/2017 05:00:00 PM,840,199,641
07/31/2017 06:00:00 PM,555,162,393
07/31/2017 07:00:00 PM,270,88,182
07/31/2017 08:00:00 PM,154,56,98
07/31/2017 09:00:00 PM,106,53,53
07/31/2017 10:00:00 PM,41,13,28
07/31/2017 11:00:00 PM,38,12,26
08/01/2017 12:00:00 AM,18,8,10
08/01/2017 01:00:00 AM,8,3,5
08/01/2017 02:00:00 AM,5,1,4
08/01/2017 03:00:00 AM,2,1,1
08/01/2017 04:00:00 AM,12,7,5
08/01/2017 05:00:00 AM,51,30,21
08/01/2017 06:00:00 AM,209,114,95
08/01/2017 07:00:00 AM,513,281,232
08/01/2017 08:00:00 AM,734,395,339
08/01/2017 09:00:00 AM,343,192,151
08/01/2017 10:00:00 AM,160,84,76
08/01/2017 11:00:00 AM,109,55,54
08/01/2017 12:00:00 PM,112,64,48
08/01/2017 01:00:00 PM,119,56,63
08/01/2017 02:00:00 PM,105,46,59
08/01/2017 03:00:00 PM,194,76,118
08/01/2017 04:00:00 PM,436,111,325
08/01/2017 05:00:00 PM,835,214,621
08/01/2017 06:00:00 PM,508,137,371
08/01/2017 07:00:00 PM,311,103,208
08/01/2017 08:00:00 PM,188,72,116
08/01/2017 09:00:00 PM,104,41,63
08/01/2017 10:00:00 PM,50,24,26
08/01/2017 11:00:00 PM,40,18,22
08/02/2017 12:00:00 AM,16,5,11
08/02/2017 01:00:00 AM,5,2,3
08/02/2017 02:00:00 AM,6,3,3
08/02/2017 03:00:00 AM,2,1,1
08/02/2017 04:00:00 AM,11,5,6
08/02/2017 05:00:00 AM,52,35,17
08/02/2017 06:00:00 AM,189,109,80
08/02/2017 07:00:00 AM,483,281,202
08/02/2017 08:00:00 AM,606,325,281
08/02/2017 09:00:00 AM,373,170,203
08/02/2017 10:00:00 AM,143,73,70
08/02/2017 11:00:00 AM,106,42,64
08/02/2017 12:00:00 PM,112,54,58
08/02/2017 01:00:00 PM,107,44,63
08/02/2017 02:00:00 PM,115,47,68
08/02/2017 03:00:00 PM,164,52,112
08/02/2017 04:00:00 PM,389,117,272
08/02/2017 05:00:00 PM,750,174,576
08/02/2017 06:00:00 PM,471,135,336
08/02/2017 07:00:00 PM,271,95,176
08/02/2017 08:00:00 PM,158,66,92
08/02/2017 09:00:00 PM,107,51,56
08/02/2017 10:00:00 PM,60,16,44
08/02/2017 11:00:00 PM,24,9,15
08/03/2017 12:00:00 AM,14,9,5
08/03/2017 01:00:00 AM,6,3,3
08/03/2017 02:00:00 AM,0,0,0
08/03/2017 03:00:00 AM,2,2,0
08/03/2017 04:00:00 AM,12,6,6
08/03/2017 05:00:00 AM,39,23,16
08/03/2017 06:00:00 AM,130,84,46
08/03/2017 07:00:00 AM,387,198,189
08/03/2017 08:00:00 AM,563,274,289
08/03/2017 09:00:00 AM,317,164,153
08/03/2017 10:00:00 AM,121,50,71
08/03/2017 11:00:00 AM,93,45,48
08/03/2017 12:00:00 PM,90,45,45
08/03/2017 01:00:00 PM,112,46,66
08/03/2017 02:00:00 PM,102,40,62
08/03/2017 03:00:00 PM,134,48,86
08/03/2017 04:00:00 PM,322,94,228
08/03/2017 05:00:00 PM,602,142,460
08/03/2017 06:00:00 PM,445,163,282
08/03/2017 07:00:00 PM,255,86,169
08/03/2017 08:00:00 PM,143,53,90
08/03/2017 09:00:00 PM,110,46,64
08/03/2017 10:00:00 PM,55,24,31
08/03/2017 11:00:00 PM,43,15,28
08/04/2017 12:00:00 AM,13,3,10
08/04/2017 01:00:00 AM,17,7,10
08/04/2017 02:00:00 AM,13,6,7
08/04/2017 03:00:00 AM,1,0,1
08/04/2017 04:00:00 AM,13,6,7
08/04/2017 05:00:00 AM,46,33,13
08/04/2017 06:00:00 AM,126,66,60
08/04/2017 07:00:00 AM,346,191,155
08/04/2017 08:00:00 AM,481,242,239
08/04/2017 09:00:00 AM,268,127,141
08/04/2017 10:00:00 AM,149,73,76
08/04/2017 11:00:00 AM,110,47,63
08/04/2017 12:00:00 PM,117,55,62
08/04/2017 01:00:00 PM,119,66,53
08/04/2017 02:00:00 PM,116,35,81
08/04/2017 03:00:00 PM,161,54,107
08/04/2017 04:00:00 PM,358,99,259
08/04/2017 05:00:00 PM,475,104,371
08/04/2017 06:00:00 PM,306,110,196
08/04/2017 07:00:00 PM,211,72,139
08/04/2017 08:00:00 PM,110,41,69
08/04/2017 09:00:00 PM,88,33,55
08/04/2017 10:00:00 PM,65,27,38
08/04/2017 11:00:00 PM,26,12,14
08/05/2017 12:00:00 AM,22,8,14
08/05/2017 01:00:00 AM,15,9,6
08/05/2017 02:00:00 AM,13,6,7
08/05/2017 03:00:00 AM,5,2,3
08/05/2017 04:00:00 AM,4,2,2
08/05/2017 05:00:00 AM,12,7,5
08/05/2017 06:00:00 AM,19,8,11
08/05/2017 07:00:00 AM,53,22,31
08/05/2017 08:00:00 AM,88,46,42
08/05/2017 09:00:00 AM,142,83,59
08/05/2017 10:00:00 AM,128,75,53
08/05/2017 11:00:00 AM,123,68,55
08/05/2017 12:00:00 PM,161,80,81
08/05/2017 01:00:00 PM,159,83,76
08/05/2017 02:00:00 PM,160,85,75
08/05/2017 03:00:00 PM,169,88,81
08/05/2017 04:00:00 PM,176,77,99
08/05/2017 05:00:00 PM,150,70,80
08/05/2017 06:00:00 PM,106,48,58
08/05/2017 07:00:00 PM,116,56,60
08/05/2017 08:00:00 PM,62,26,36
08/05/2017 09:00:00 PM,57,24,33
08/05/2017 10:00:00 PM,49,19,30
08/05/2017 11:00:00 PM,37,8,29
08/06/2017 12:00:00 AM,32,9,23
08/06/2017 01:00:00 AM,29,7,22
08/06/2017 02:00:00 AM,14,4,10
08/06/2017 03:00:00 AM,8,4,4
08/06/2017 04:00:00 AM,5,2,3
08/06/2017 05:00:00 AM,10,6,4
08/06/2017 06:00:00 AM,13,9,4
08/06/2017 07:00:00 AM,56,27,29
08/06/2017 08:00:00 AM,107,46,61
08/06/2017 09:00:00 AM,121,59,62
08/06/2017 10:00:00 AM,159,81,78
08/06/2017 11:00:00 AM,181,79,102
08/06/2017 12:00:00 PM,195,95,100
08/06/2017 01:00:00 PM,196,92,104
08/06/2017 02:00:00 PM,147,89,58
08/06/2017 03:00:00 PM,175,86,89
08/06/2017 04:00:00 PM,183,100,83
08/06/2017 05:00:00 PM,158,74,84
08/06/2017 06:00:00 PM,127,50,77
08/06/2017 07:00:00 PM,98,49,49
08/06/2017 08:00:00 PM,76,28,48
08/06/2017 09:00:00 PM,35,15,20
08/06/2017 10:00:00 PM,27,12,15
08/06/2017 11:00:00 PM,20,10,10
08/07/2017 12:00:00 AM,7,1,6
08/07/2017 01:00:00 AM,2,2,0
08/07/2017 02:00:00 AM,3,3,0
08/07/2017 03:00:00 AM,2,2,0
08/07/2017 04:00:00 AM,10,4,6
08/07/2017 05:00:00 AM,55,32,23
08/07/2017 06:00:00 AM,169,96,73
08/07/2017 07:00:00 AM,429,224,205
08/07/2017 08:00:00 AM,613,298,315
08/07/2017 09:00:00 AM,295,147,148
08/07/2017 10:00:00 AM,127,58,69
08/07/2017 11:00:00 AM,106,49,57
08/07/2017 12:00:00 PM,103,45,58
08/07/2017 01:00:00 PM,89,42,47
08/07/2017 02:00:00 PM,123,61,62
08/07/2017 03:00:00 PM,164,73,91
08/07/2017 04:00:00 PM,368,101,267
08/07/2017 05:00:00 PM,735,185,550
08/07/2017 06:00:00 PM,494,145,349
08/07/2017 07:00:00 PM,257,87,170
08/07/2017 08:00:00 PM,152,66,86
08/07/2017 09:00:00 PM,75,28,47
08/07/2017 10:00:00 PM,52,23,29
08/07/2017 11:00:00 PM,18,9,9
08/08/2017 12:00:00 AM,14,7,7
08/08/2017 01:00:00 AM,10,5,5
08/08/2017 02:00:00 AM,4,3,1
08/08/2017 03:00:00 AM,4,1,3
08/08/2017 04:00:00 AM,16,11,5
08/08/2017 05:00:00 AM,54,42,12
08/08/2017 06:00:00 AM,208,109,99
08/08/2017 07:00:00 AM,492,272,220
08/08/2017 08:00:00 AM,640,332,308
08/08/2017 09:00:00 AM,352,170,182
08/08/2017 10:00:00 AM,125,52,73
08/08/2017 11:00:00 AM,102,50,52
08/08/2017 12:00:00 PM,103,63,40
08/08/2017 01:00:00 PM,92,47,45
08/08/2017 02:00:00 PM,109,45,64
08/08/2017 03:00:00 PM,158,57,101
08/08/2017 04:00:00 PM,395,107,288
08/08/2017 05:00:00 PM,790,180,610
08/08/2017 06:00:00 PM,486,169,317
08/08/2017 07:00:00 PM,311,98,213
08/08/2017 08:00:00 PM,169,74,95
08/08/2017 09:00:00 PM,111,51,60
08/08/2017 10:00:00 PM,43,19,24
08/08/2017 11:00:00 PM,32,6,26
08/09/2017 12:00:00 AM,15,10,5
08/09/2017 01:00:00 AM,5,1,4
08/09/2017 02:00:00 AM,7,4,3
08/09/2017 03:00:00 AM,2,1,1
08/09/2017 04:00:00 AM,17,7,10
08/09/2017 05:00:00 AM,47,32,15
08/09/2017 06:00:00 AM,174,95,79
08/09/2017 07:00:00 AM,460,249,211
08/09/2017 08:00:00 AM,637,324,313
08/09/2017 09:00:00 AM,316,150,166
08/09/2017 10:00:00 AM,143,66,77
08/09/2017 11:00:00 AM,118,61,57
08/09/2017 12:00:00 PM,96,47,49
08/09/2017 01:00:00 PM,129,68,61
08/09/2017 02:00:00 PM,111,47,64
08/09/2017 03:00:00 PM,160,56,104
08/09/2017 04:00:00 PM,362,120,242
08/09/2017 05:00:00 PM,737,171,566
08/09/2017 06:00:00 PM,554,152,402
08/09/2017 07:00:00 PM,260,95,165
08/09/2017 08:00:00 PM,155,65,90
08/09/2017 09:00:00 PM,111,56,55
08/09/2017 10:00:00 PM,54,26,28
08/09/2017 11:00:00 PM,29,12,17
08/10/2017 12:00:00 AM,29,18,11
08/10/2017 01:00:00 AM,8,2,6
08/10/2017 02:00:00 AM,5,3,2
08/10/2017 03:00:00 AM,4,1,3
08/10/2017 04:00:00 AM,11,5,6
08/10/2017 05:00:00 AM,47,28,19
08/10/2017 06:00:00 AM,144,81,63
08/10/2017 07:00:00 AM,451,252,199
08/10/2017 08:00:00 AM,559,283,276
08/10/2017 09:00:00 AM,307,152,155
08/10/2017 10:00:00 AM,137,70,67
08/10/2017 11:00:00 AM,93,49,44
08/10/2017 12:00:00 PM,94,46,48
08/10/2017 01:00:00 PM,106,48,58
08/10/2017 02:00:00 PM,123,61,62
08/10/2017 03:00:00 PM,170,78,92
08/10/2017 04:00:00 PM,391,103,288
08/10/2017 05:00:00 PM,684,180,504
08/10/2017 06:00:00 PM,440,148,292
08/10/2017 07:00:00 PM,280,94,186
08/10/2017 08:00:00 PM,186,69,117
08/10/2017 09:00:00 PM,78,32,46
08/10/2017 10:00:00 PM,56,23,33
08/10/2017 11:00:00 PM,33,14,19
08/11/2017 12:00:00 AM,22,7,15
08/11/2017 01:00:00 AM,4,3,1
08/11/2017 02:00:00 AM,6,1,5
08/11/2017 03:00:00 AM,2,1,1
08/11/2017 04:00:00 AM,10,7,3
08/11/2017 05:00:00 AM,47,25,22
08/11/2017 06:00:00 AM,128,71,57
08/11/2017 07:00:00 AM,352,190,162
08/11/2017 08:00:00 AM,512,262,250
08/11/2017 09:00:00 AM,252,120,132
08/11/2017 10:00:00 AM,123,56,67
08/11/2017 11:00:00 AM,109,50,59
08/11/2017 12:00:00 PM,118,56,62
08/11/2017 01:00:00 PM,127,60,67
08/11/2017 02:00:00 PM,133,56,77
08/11/2017 03:00:00 PM,236,75,161
08/11/2017 04:00:00 PM,360,107,253
08/11/2017 05:00:00 PM,620,169,451
08/11/2017 06:00:00 PM,365,123,242
08/11/2017 07:00:00 PM,221,88,133
08/11/2017 08:00:00 PM,148,62,86
08/11/2017 09:00:00 PM,59,20,39
08/11/2017 10:00:00 PM,52,22,30
08/11/2017 11:00:00 PM,36,12,24
08/12/2017 12:00:00 AM,33,16,17
08/12/2017 01:00:00 AM,16,5,11
08/12/2017 02:00:00 AM,11,5,6
08/12/2017 03:00:00 AM,3,1,2
08/12/2017 04:00:00 AM,5,2,3
08/12/2017 05:00:00 AM,10,5,5
08/12/2017 06:00:00 AM,36,18,18
08/12/2017 07:00:00 AM,56,25,31
08/12/2017 08:00:00 AM,100,60,40
08/12/2017 09:00:00 AM,90,41,49
08/12/2017 10:00:00 AM,127,66,61
08/12/2017 11:00:00 AM,134,55,79
08/12/2017 12:00:00 PM,211,119,92
08/12/2017 01:00:00 PM,189,95,94
08/12/2017 02:00:00 PM,184,114,70
08/12/2017 03:00:00 PM,208,102,106
08/12/2017 04:00:00 PM,189,79,110
08/12/2017 05:00:00 PM,182,75,107
08/12/2017 06:00:00 PM,145,69,76
08/12/2017 07:00:00 PM,103,54,49
08/12/2017 08:00:00 PM,79,37,42
08/12/2017 09:00:00 PM,45,19,26
08/12/2017 10:00:00 PM,28,17,11
08/12/2017 11:00:00 PM,21,7,14
08/13/2017 12:00:00 AM,16,10,6
08/13/2017 01:00:00 AM,10,4,6
08/13/2017 02:00:00 AM,9,4,5
08/13/2017 03:00:00 AM,2,1,1
08/13/2017 04:00:00 AM,1,0,1
08/13/2017 05:00:00 AM,5,3,2
08/13/2017 06:00:00 AM,66,21,45
08/13/2017 07:00:00 AM,55,33,22
08/13/2017 08:00:00 AM,82,42,40
08/13/2017 09:00:00 AM,92,42,50
08/13/2017 10:00:00 AM,112,56,56
08/13/2017 11:00:00 AM,203,38,165
08/13/2017 12:00:00 PM,637,71,566
08/13/2017 01:00:00 PM,545,89,456
08/13/2017 02:00:00 PM,334,113,221
08/13/2017 03:00:00 PM,375,142,233
08/13/2017 04:00:00 PM,273,99,174
08/13/2017 05:00:00 PM,162,72,90
08/13/2017 06:00:00 PM,113,63,50
08/13/2017 07:00:00 PM,67,36,31
08/13/2017 08:00:00 PM,42,21,21
08/13/2017 09:00:00 PM,33,14,19
08/13/2017 10:00:00 PM,23,12,11
08/13/2017 11:00:00 PM,11,4,7
08/14/2017 12:00:00 AM,10,4,6
08/14/2017 01:00:00 AM,5,5,0
08/14/2017 02:00:00 AM,2,2,0
08/14/2017 03:00:00 AM,2,1,1
08/14/2017 04:00:00 AM,16,11,5
08/14/2017 05:00:00 AM,44,30,14
08/14/2017 06:00:00 AM,172,98,74
08/14/2017 07:00:00 AM,432,237,195
08/14/2017 08:00:00 AM,595,305,290
08/14/2017 09:00:00 AM,329,161,168
08/14/2017 10:00:00 AM,138,63,75
08/14/2017 11:00:00 AM,96,55,41
08/14/2017 12:00:00 PM,93,51,42
08/14/2017 01:00:00 PM,101,51,50
08/14/2017 02:00:00 PM,125,50,75
08/14/2017 03:00:00 PM,161,61,100
08/14/2017 04:00:00 PM,342,101,241
08/14/2017 05:00:00 PM,769,186,583
08/14/2017 06:00:00 PM,506,153,353
08/14/2017 07:00:00 PM,222,79,143
08/14/2017 08:00:00 PM,134,52,82
08/14/2017 09:00:00 PM,75,32,43
08/14/2017 10:00:00 PM,36,17,19
08/14/2017 11:00:00 PM,18,9,9
08/15/2017 12:00:00 AM,15,7,8
08/15/2017 01:00:00 AM,7,1,6
08/15/2017 02:00:00 AM,4,0,4
08/15/2017 03:00:00 AM,0,0,0
08/15/2017 04:00:00 AM,6,4,2
08/15/2017 05:00:00 AM,51,40,11
08/15/2017 06:00:00 AM,189,115,74
08/15/2017 07:00:00 AM,499,274,225
08/15/2017 08:00:00 AM,688,372,316
08/15/2017 09:00:00 AM,319,155,164
08/15/2017 10:00:00 AM,150,73,77
08/15/2017 11:00:00 AM,114,53,61
08/15/2017 12:00:00 PM,110,60,50
08/15/2017 01:00:00 PM,122,70,52
08/15/2017 02:00:00 PM,112,44,68
08/15/2017 03:00:00 PM,185,76,109
08/15/2017 04:00:00 PM,392,102,290
08/15/2017 05:00:00 PM,812,174,638
08/15/2017 06:00:00 PM,487,160,327
08/15/2017 07:00:00 PM,286,86,200
08/15/2017 08:00:00 PM,158,81,77
08/15/2017 09:00:00 PM,113,59,54
08/15/2017 10:00:00 PM,65,31,34
08/15/2017 11:00:00 PM,31,19,12
08/16/2017 12:00:00 AM,18,6,12
08/16/2017 01:00:00 AM,5,5,0
08/16/2017 02:00:00 AM,5,1,4
08/16/2017 03:00:00 AM,2,1,1
08/16/2017 04:00:00 AM,11,7,4
08/16/2017 05:00:00 AM,44,24,20
08/16/2017 06:00:00 AM,186,109,77
08/16/2017 07:00:00 AM,479,271,208
08/16/2017 08:00:00 AM,656,345,311
08/16/2017 09:00:00 AM,369,180,189
08/16/2017 10:00:00 AM,139,74,65
08/16/2017 11:00:00 AM,125,60,65
08/16/2017 12:00:00 PM,123,62,61
08/16/2017 01:00:00 PM,128,66,62
08/16/2017 02:00:00 PM,129,64,65
08/16/2017 03:00:00 PM,178,71,107
08/16/2017 04:00:00 PM,426,137,289
08/16/2017 05:00:00 PM,779,192,587
08/16/2017 06:00:00 PM,523,167,356
08/16/2017 07:00:00 PM,320,110,210
08/16/2017 08:00:00 PM,180,77,103
08/16/2017 09:00:00 PM,99,41,58
08/16/2017 10:00:00 PM,56,20,36
08/16/2017 11:00:00 PM,30,11,19
08/17/2017 12:00:00 AM,16,6,10
08/17/2017 01:00:00 AM,8,5,3
08/17/2017 02:00:00 AM,2,2,0
08/17/2017 03:00:00 AM,6,4,2
08/17/2017 04:00:00 AM,16,12,4
08/17/2017 05:00:00 AM,45,32,13
08/17/2017 06:00:00 AM,153,96,57
08/17/2017 07:00:00 AM,440,221,219
08/17/2017 08:00:00 AM,612,342,270
08/17/2017 09:00:00 AM,315,154,161
08/17/2017 10:00:00 AM,150,74,76
08/17/2017 11:00:00 AM,102,53,49
08/17/2017 12:00:00 PM,94,50,44
08/17/2017 01:00:00 PM,146,68,78
08/17/2017 02:00:00 PM,137,67,70
08/17/2017 03:00:00 PM,182,64,118
08/17/2017 04:00:00 PM,380,108,272
08/17/2017 05:00:00 PM,741,165,576
08/17/2017 06:00:00 PM,556,178,378
08/17/2017 07:00:00 PM,256,101,155
08/17/2017 08:00:00 PM,173,63,110
08/17/2017 09:00:00 PM,98,36,62
08/17/2017 10:00:00 PM,60,23,37
08/17/2017 11:00:00 PM,27,15,12
08/18/2017 12:00:00 AM,12,6,6
08/18/2017 01:00:00 AM,10,4,6
08/18/2017 02:00:00 AM,5,2,3
08/18/2017 03:00:00 AM,5,4,1
08/18/2017 04:00:00 AM,5,1,4
08/18/2017 05:00:00 AM,63,27,36
08/18/2017 06:00:00 AM,155,81,74
08/18/2017 07:00:00 AM,388,194,194
08/18/2017 08:00:00 AM,454,228,226
08/18/2017 09:00:00 AM,276,133,143
08/18/2017 10:00:00 AM,116,48,68
08/18/2017 11:00:00 AM,101,46,55
08/18/2017 12:00:00 PM,109,39,70
08/18/2017 01:00:00 PM,116,68,48
08/18/2017 02:00:00 PM,172,64,108
08/18/2017 03:00:00 PM,206,70,136
08/18/2017 04:00:00 PM,382,100,282
08/18/2017 05:00:00 PM,578,158,420
08/18/2017 06:00:00 PM,348,126,222
08/18/2017 07:00:00 PM,173,61,112
08/18/2017 08:00:00 PM,98,44,54
08/18/2017 09:00:00 PM,82,27,55
08/18/2017 10:00:00 PM,59,22,37
08/18/2017 11:00:00 PM,30,14,16
08/19/2017 12:00:00 AM,27,11,16
08/19/2017 01:00:00 AM,16,5,11
08/19/2017 02:00:00 AM,14,5,9
08/19/2017 03:00:00 AM,5,2,3
08/19/2017 04:00:00 AM,2,1,1
08/19/2017 05:00:00 AM,8,5,3
08/19/2017 06:00:00 AM,25,9,16
08/19/2017 07:00:00 AM,57,22,35
08/19/2017 08:00:00 AM,88,41,47
08/19/2017 09:00:00 AM,101,57,44
08/19/2017 10:00:00 AM,124,61,63
08/19/2017 11:00:00 AM,162,80,82
08/19/2017 12:00:00 PM,190,84,106
08/19/2017 01:00:00 PM,167,67,100
08/19/2017 02:00:00 PM,216,122,94
08/19/2017 03:00:00 PM,187,102,85
08/19/2017 04:00:00 PM,184,68,116
08/19/2017 05:00:00 PM,170,81,89
08/19/2017 06:00:00 PM,132,75,57
08/19/2017 07:00:00 PM,113,47,66
08/19/2017 08:00:00 PM,87,42,45
08/19/2017 09:00:00 PM,46,18,28
08/19/2017 10:00:00 PM,21,10,11
08/19/2017 11:00:00 PM,28,7,21
08/20/2017 12:00:00 AM,19,9,10
08/20/2017 01:00:00 AM,13,9,4
08/20/2017 02:00:00 AM,9,6,3
08/20/2017 03:00:00 AM,5,3,2
08/20/2017 04:00:00 AM,2,2,0
08/20/2017 05:00:00 AM,1,0,1
08/20/2017 06:00:00 AM,13,5,8
08/20/2017 07:00:00 AM,25,17,8
08/20/2017 08:00:00 AM,61,22,39
08/20/2017 09:00:00 AM,78,43,35
08/20/2017 10:00:00 AM,99,43,56
08/20/2017 11:00:00 AM,159,80,79
08/20/2017 12:00:00 PM,191,100,91
08/20/2017 01:00:00 PM,200,106,94
08/20/2017 02:00:00 PM,197,90,107
08/20/2017 03:00:00 PM,152,76,76
08/20/2017 04:00:00 PM,163,90,73
08/20/2017 05:00:00 PM,124,46,78
08/20/2017 06:00:00 PM,111,47,64
08/20/2017 07:00:00 PM,76,39,37
08/20/2017 08:00:00 PM,66,35,31
08/20/2017 09:00:00 PM,42,16,26
08/20/2017 10:00:00 PM,18,8,10
08/20/2017 11:00:00 PM,14,6,8
08/21/2017 12:00:00 AM,7,2,5
08/21/2017 01:00:00 AM,2,0,2
08/21/2017 02:00:00 AM,3,0,3
08/21/2017 03:00:00 AM,2,1,1
08/21/2017 04:00:00 AM,9,3,6
08/21/2017 05:00:00 AM,31,20,11
08/21/2017 06:00:00 AM,118,72,46
08/21/2017 07:00:00 AM,358,175,183
08/21/2017 08:00:00 AM,476,236,240
08/21/2017 09:00:00 AM,253,120,133
08/21/2017 10:00:00 AM,174,102,72
08/21/2017 11:00:00 AM,135,72,63
08/21/2017 12:00:00 PM,100,52,48
08/21/2017 01:00:00 PM,102,50,52
08/21/2017 02:00:00 PM,95,43,52
08/21/2017 03:00:00 PM,149,62,87
08/21/2017 04:00:00 PM,318,83,235
08/21/2017 05:00:00 PM,597,136,461
08/21/2017 06:00:00 PM,402,125,277
08/21/2017 07:00:00 PM,235,84,151
08/21/2017 08:00:00 PM,104,39,65
08/21/2017 09:00:00 PM,51,18,33
08/21/2017 10:00:00 PM,28,16,12
08/21/2017 11:00:00 PM,19,12,7
08/22/2017 12:00:00 AM,17,5,12
08/22/2017 01:00:00 AM,6,2,4
08/22/2017 02:00:00 AM,2,0,2
08/22/2017 03:00:00 AM,4,1,3
08/22/2017 04:00:00 AM,7,2,5
08/22/2017 05:00:00 AM,39,28,11
08/22/2017 06:00:00 AM,147,85,62
08/22/2017 07:00:00 AM,442,232,210
08/22/2017 08:00:00 AM,608,328,280
08/22/2017 09:00:00 AM,331,158,173
08/22/2017 10:00:00 AM,138,66,72
08/22/2017 11:00:00 AM,118,61,57
08/22/2017 12:00:00 PM,95,48,47
08/22/2017 01:00:00 PM,99,54,45
08/22/2017 02:00:00 PM,123,41,82
08/22/2017 03:00:00 PM,163,67,96
08/22/2017 04:00:00 PM,391,109,282
08/22/2017 05:00:00 PM,752,190,562
08/22/2017 06:00:00 PM,458,145,313
08/22/2017 07:00:00 PM,269,88,181
08/22/2017 08:00:00 PM,142,59,83
08/22/2017 09:00:00 PM,70,32,38
08/22/2017 10:00:00 PM,48,21,27
08/22/2017 11:00:00 PM,20,9,11
08/23/2017 12:00:00 AM,8,2,6
08/23/2017 01:00:00 AM,3,0,3
08/23/2017 02:00:00 AM,4,2,2
08/23/2017 03:00:00 AM,9,6,3
08/23/2017 04:00:00 AM,11,5,6
08/23/2017 05:00:00 AM,42,27,15
08/23/2017 06:00:00 AM,172,91,81
08/23/2017 07:00:00 AM,466,240,226
08/23/2017 08:00:00 AM,624,326,298
08/23/2017 09:00:00 AM,347,170,177
08/23/2017 10:00:00 AM,132,50,82
08/23/2017 11:00:00 AM,100,42,58
08/23/2017 12:00:00 PM,92,40,52
08/23/2017 01:00:00 PM,98,52,46
08/23/2017 02:00:00 PM,120,56,64
08/23/2017 03:00:00 PM,160,68,92
08/23/2017 04:00:00 PM,409,115,294
08/23/2017 05:00:00 PM,768,175,593
08/23/2017 06:00:00 PM,546,175,371
08/23/2017 07:00:00 PM,296,102,194
08/23/2017 08:00:00 PM,130,48,82
08/23/2017 09:00:00 PM,64,29,35
08/23/2017 10:00:00 PM,53,28,25
08/23/2017 11:00:00 PM,24,8,16
08/24/2017 12:00:00 AM,18,5,13
08/24/2017 01:00:00 AM,4,1,3
08/24/2017 02:00:00 AM,1,0,1
08/24/2017 03:00:00 AM,1,1,0
08/24/2017 04:00:00 AM,10,7,3
08/24/2017 05:00:00 AM,42,23,19
08/24/2017 06:00:00 AM,141,88,53
08/24/2017 07:00:00 AM,388,193,195
08/24/2017 08:00:00 AM,546,305,241
08/24/2017 09:00:00 AM,293,151,142
08/24/2017 10:00:00 AM,129,61,68
08/24/2017 11:00:00 AM,108,48,60
08/24/2017 12:00:00 PM,100,42,58
08/24/2017 01:00:00 PM,121,69,52
08/24/2017 02:00:00 PM,128,61,67
08/24/2017 03:00:00 PM,188,75,113
08/24/2017 04:00:00 PM,355,113,242
08/24/2017 05:00:00 PM,620,162,458
08/24/2017 06:00:00 PM,538,171,367
08/24/2017 07:00:00 PM,285,104,181
08/24/2017 08:00:00 PM,146,63,83
08/24/2017 09:00:00 PM,68,34,34
08/24/2017 10:00:00 PM,61,22,39
08/24/2017 11:00:00 PM,42,27,15
08/25/2017 12:00:00 AM,21,5,16
08/25/2017 01:00:00 AM,10,7,3
08/25/2017 02:00:00 AM,9,6,3
08/25/2017 03:00:00 AM,8,5,3
08/25/2017 04:00:00 AM,6,1,5
08/25/2017 05:00:00 AM,49,31,18
08/25/2017 06:00:00 AM,129,68,61
08/25/2017 07:00:00 AM,376,196,180
08/25/2017 08:00:00 AM,497,246,251
08/25/2017 09:00:00 AM,297,138,159
08/25/2017 10:00:00 AM,131,56,75
08/25/2017 11:00:00 AM,107,53,54
08/25/2017 12:00:00 PM,105,51,54
08/25/2017 01:00:00 PM,94,48,46
08/25/2017 02:00:00 PM,164,65,99
08/25/2017 03:00:00 PM,220,79,141
08/25/2017 04:00:00 PM,395,88,307
08/25/2017 05:00:00 PM,608,151,457
08/25/2017 06:00:00 PM,371,112,259
08/25/2017 07:00:00 PM,187,66,121
08/25/2017 08:00:00 PM,144,64,80
08/25/2017 09:00:00 PM,65,25,40
08/25/2017 10:00:00 PM,43,20,23
08/25/2017 11:00:00 PM,36,17,19
08/26/2017 12:00:00 AM,20,8,12
08/26/2017 01:00:00 AM,13,4,9
08/26/2017 02:00:00 AM,5,2,3
08/26/2017 03:00:00 AM,4,2,2
08/26/2017 04:00:00 AM,16,7,9
08/26/2017 05:00:00 AM,14,7,7
08/26/2017 06:00:00 AM,22,9,13
08/26/2017 07:00:00 AM,40,17,23
08/26/2017 08:00:00 AM,90,33,57
08/26/2017 09:00:00 AM,115,65,50
08/26/2017 10:00:00 AM,149,77,72
08/26/2017 11:00:00 AM,170,73,97
08/26/2017 12:00:00 PM,197,97,100
08/26/2017 01:00:00 PM,198,101,97
08/26/2017 02:00:00 PM,181,97,84
08/26/2017 03:00:00 PM,174,70,104
08/26/2017 04:00:00 PM,185,89,96
08/26/2017 05:00:00 PM,193,86,107
08/26/2017 06:00:00 PM,140,69,71
08/26/2017 07:00:00 PM,127,59,68
08/26/2017 08:00:00 PM,80,39,41
08/26/2017 09:00:00 PM,49,24,25
08/26/2017 10:00:00 PM,38,12,26
08/26/2017 11:00:00 PM,21,5,16
08/27/2017 12:00:00 AM,12,8,4
08/27/2017 01:00:00 AM,11,6,5
08/27/2017 02:00:00 AM,8,7,1
08/27/2017 03:00:00 AM,7,1,6
08/27/2017 04:00:00 AM,4,1,3
08/27/2017 05:00:00 AM,6,4,2
08/27/2017 06:00:00 AM,19,10,9
08/27/2017 07:00:00 AM,40,23,17
08/27/2017 08:00:00 AM,58,29,29
08/27/2017 09:00:00 AM,124,70,54
08/27/2017 10:00:00 AM,154,76,78
08/27/2017 11:00:00 AM,205,105,100
08/27/2017 12:00:00 PM,199,91,108
08/27/2017 01:00:00 PM,176,94,82
08/27/2017 02:00:00 PM,184,94,90
08/27/2017 03:00:00 PM,191,80,111
08/27/2017 04:00:00 PM,183,96,87
08/27/2017 05:00:00 PM,154,78,76
08/27/2017 06:00:00 PM,129,74,55
08/27/2017 07:00:00 PM,73,36,37
08/27/2017 08:00:00 PM,70,31,39
08/27/2017 09:00:00 PM,60,20,40
08/27/2017 10:00:00 PM,29,14,15
08/27/2017 11:00:00 PM,10,4,6
08/28/2017 12:00:00 AM,9,2,7
08/28/2017 01:00:00 AM,1,0,1
08/28/2017 02:00:00 AM,2,2,0
08/28/2017 03:00:00 AM,3,1,2
08/28/2017 04:00:00 AM,5,2,3
08/28/2017 05:00:00 AM,44,28,16
08/28/2017 06:00:00 AM,145,79,66
08/28/2017 07:00:00 AM,479,247,232
08/28/2017 08:00:00 AM,584,308,276
08/28/2017 09:00:00 AM,324,145,179
08/28/2017 10:00:00 AM,113,57,56
08/28/2017 11:00:00 AM,118,55,63
08/28/2017 12:00:00 PM,101,56,45
08/28/2017 01:00:00 PM,103,54,49
08/28/2017 02:00:00 PM,103,51,52
08/28/2017 03:00:00 PM,155,55,100
08/28/2017 04:00:00 PM,345,97,248
08/28/2017 05:00:00 PM,726,166,560
08/28/2017 06:00:00 PM,516,114,402
08/28/2017 07:00:00 PM,246,95,151
08/28/2017 08:00:00 PM,124,41,83
08/28/2017 09:00:00 PM,60,16,44
08/28/2017 10:00:00 PM,44,20,24
08/28/2017 11:00:00 PM,20,11,9
08/29/2017 12:00:00 AM,14,4,10
08/29/2017 01:00:00 AM,6,1,5
08/29/2017 02:00:00 AM,5,3,2
08/29/2017 03:00:00 AM,2,1,1
08/29/2017 04:00:00 AM,9,6,3
08/29/2017 05:00:00 AM,44,28,16
08/29/2017 06:00:00 AM,197,120,77
08/29/2017 07:00:00 AM,532,275,257
08/29/2017 08:00:00 AM,630,314,316
08/29/2017 09:00:00 AM,307,149,158
08/29/2017 10:00:00 AM,162,83,79
08/29/2017 11:00:00 AM,114,62,52
08/29/2017 12:00:00 PM,107,45,62
08/29/2017 01:00:00 PM,94,41,53
08/29/2017 02:00:00 PM,107,54,53
08/29/2017 03:00:00 PM,179,76,103
08/29/2017 04:00:00 PM,440,116,324
08/29/2017 05:00:00 PM,751,177,574
08/29/2017 06:00:00 PM,516,174,342
08/29/2017 07:00:00 PM,297,117,180
08/29/2017 08:00:00 PM,141,55,86
08/29/2017 09:00:00 PM,68,31,37
08/29/2017 10:00:00 PM,48,16,32
08/29/2017 11:00:00 PM,23,11,12
08/30/2017 12:00:00 AM,11,5,6
08/30/2017 01:00:00 AM,5,1,4
08/30/2017 02:00:00 AM,5,4,1
08/30/2017 03:00:00 AM,3,0,3
08/30/2017 04:00:00 AM,5,3,2
08/30/2017 05:00:00 AM,45,21,24
08/30/2017 06:00:00 AM,174,103,71
08/30/2017 07:00:00 AM,472,246,226
08/30/2017 08:00:00 AM,591,303,288
08/30/2017 09:00:00 AM,319,165,154
08/30/2017 10:00:00 AM,135,66,69
08/30/2017 11:00:00 AM,98,45,53
08/30/2017 12:00:00 PM,95,47,48
08/30/2017 01:00:00 PM,97,49,48
08/30/2017 02:00:00 PM,100,43,57
08/30/2017 03:00:00 PM,172,80,92
08/30/2017 04:00:00 PM,358,96,262
08/30/2017 05:00:00 PM,749,191,558
08/30/2017 06:00:00 PM,520,165,355
08/30/2017 07:00:00 PM,322,114,208
08/30/2017 08:00:00 PM,162,48,114
08/30/2017 09:00:00 PM,57,17,40
08/30/2017 10:00:00 PM,57,23,34
08/30/2017 11:00:00 PM,30,11,19
08/31/2017 12:00:00 AM,11,4,7
08/31/2017 01:00:00 AM,8,5,3
08/31/2017 02:00:00 AM,5,3,2
08/31/2017 03:00:00 AM,7,5,2
08/31/2017 04:00:00 AM,11,5,6
08/31/2017 05:00:00 AM,46,32,14
08/31/2017 06:00:00 AM,141,78,63
08/31/2017 07:00:00 AM,413,225,188
08/31/2017 08:00:00 AM,573,311,262
08/31/2017 09:00:00 AM,234,121,113
08/31/2017 10:00:00 AM,80,40,40
08/31/2017 11:00:00 AM,54,23,31
08/31/2017 12:00:00 PM,80,34,46
08/31/2017 01:00:00 PM,67,33,34
08/31/2017 02:00:00 PM,80,37,43
08/31/2017 03:00:00 PM,142,59,83
08/31/2017 04:00:00 PM,365,126,239
08/31/2017 05:00:00 PM,627,154,473
08/31/2017 06:00:00 PM,440,141,299
08/31/2017 07:00:00 PM,221,81,140
08/31/2017 08:00:00 PM,157,62,95
08/31/2017 09:00:00 PM,75,35,40
08/31/2017 10:00:00 PM,50,25,25
08/31/2017 11:00:00 PM,21,14,7
09/01/2017 12:00:00 AM,17,4,13
09/01/2017 01:00:00 AM,10,2,8
09/01/2017 02:00:00 AM,4,3,1
09/01/2017 03:00:00 AM,2,0,2
09/01/2017 04:00:00 AM,8,2,6
09/01/2017 05:00:00 AM,48,27,21
09/01/2017 06:00:00 AM,126,67,59
09/01/2017 07:00:00 AM,356,212,144
09/01/2017 08:00:00 AM,481,261,220
09/01/2017 09:00:00 AM,229,98,131
09/01/2017 10:00:00 AM,127,51,76
09/01/2017 11:00:00 AM,112,58,54
09/01/2017 12:00:00 PM,147,65,82
09/01/2017 01:00:00 PM,137,62,75
09/01/2017 02:00:00 PM,153,60,93
09/01/2017 03:00:00 PM,264,95,169
09/01/2017 04:00:00 PM,392,110,282
09/01/2017 05:00:00 PM,463,133,330
09/01/2017 06:00:00 PM,282,79,203
09/01/2017 07:00:00 PM,174,65,109
09/01/2017 08:00:00 PM,118,60,58
09/01/2017 09:00:00 PM,61,32,29
09/01/2017 10:00:00 PM,44,18,26
09/01/2017 11:00:00 PM,31,14,17
09/02/2017 12:00:00 AM,20,7,13
09/02/2017 01:00:00 AM,15,5,10
09/02/2017 02:00:00 AM,5,1,4
09/02/2017 03:00:00 AM,9,3,6
09/02/2017 04:00:00 AM,1,0,1
09/02/2017 05:00:00 AM,12,6,6
09/02/2017 06:00:00 AM,22,15,7
09/02/2017 07:00:00 AM,70,34,36
09/02/2017 08:00:00 AM,91,35,56
09/02/2017 09:00:00 AM,121,71,50
09/02/2017 10:00:00 AM,126,73,53
09/02/2017 11:00:00 AM,165,84,81
09/02/2017 12:00:00 PM,146,70,76
09/02/2017 01:00:00 PM,194,110,84
09/02/2017 02:00:00 PM,212,89,123
09/02/2017 03:00:00 PM,193,100,93
09/02/2017 04:00:00 PM,194,105,89
09/02/2017 05:00:00 PM,173,89,84
09/02/2017 06:00:00 PM,108,59,49
09/02/2017 07:00:00 PM,102,43,59
09/02/2017 08:00:00 PM,68,26,42
09/02/2017 09:00:00 PM,23,10,13
09/02/2017 10:00:00 PM,39,18,21
09/02/2017 11:00:00 PM,44,6,38
09/03/2017 12:00:00 AM,24,14,10
09/03/2017 01:00:00 AM,9,5,4
09/03/2017 02:00:00 AM,5,1,4
09/03/2017 03:00:00 AM,1,1,0
09/03/2017 04:00:00 AM,5,2,3
09/03/2017 05:00:00 AM,9,8,1
09/03/2017 06:00:00 AM,20,14,6
09/03/2017 07:00:00 AM,29,16,13
09/03/2017 08:00:00 AM,85,42,43
09/03/2017 09:00:00 AM,126,56,70
09/03/2017 10:00:00 AM,148,82,66
09/03/2017 11:00:00 AM,168,92,76
09/03/2017 12:00:00 PM,158,88,70
09/03/2017 01:00:00 PM,182,93,89
09/03/2017 02:00:00 PM,162,87,75
09/03/2017 03:00:00 PM,164,75,89
09/03/2017 04:00:00 PM,127,55,72
09/03/2017 05:00:00 PM,129,59,70
09/03/2017 06:00:00 PM,123,73,50
09/03/2017 07:00:00 PM,69,34,35
09/03/2017 08:00:00 PM,45,20,25
09/03/2017 09:00:00 PM,44,19,25
09/03/2017 10:00:00 PM,23,4,19
09/03/2017 11:00:00 PM,24,8,16
09/04/2017 12:00:00 AM,28,6,22
09/04/2017 01:00:00 AM,6,1,5
09/04/2017 02:00:00 AM,8,3,5
09/04/2017 03:00:00 AM,3,1,2
09/04/2017 04:00:00 AM,5,2,3
09/04/2017 05:00:00 AM,14,12,2
09/04/2017 06:00:00 AM,30,17,13
09/04/2017 07:00:00 AM,49,26,23
09/04/2017 08:00:00 AM,93,48,45
09/04/2017 09:00:00 AM,153,66,87
09/04/2017 10:00:00 AM,157,71,86
09/04/2017 11:00:00 AM,185,101,84
09/04/2017 12:00:00 PM,168,94,74
09/04/2017 01:00:00 PM,213,124,89
09/04/2017 02:00:00 PM,199,116,83
09/04/2017 03:00:00 PM,161,77,84
09/04/2017 04:00:00 PM,159,84,75
09/04/2017 05:00:00 PM,139,64,75
09/04/2017 06:00:00 PM,108,59,49
09/04/2017 07:00:00 PM,96,54,42
09/04/2017 08:00:00 PM,57,25,32
09/04/2017 09:00:00 PM,33,10,23
09/04/2017 10:00:00 PM,31,11,20
09/04/2017 11:00:00 PM,26,17,9
09/05/2017 12:00:00 AM,8,3,5
09/05/2017 01:00:00 AM,5,3,2
09/05/2017 02:00:00 AM,5,2,3
09/05/2017 03:00:00 AM,3,3,0
09/05/2017 04:00:00 AM,8,3,5
09/05/2017 05:00:00 AM,47,32,15
09/05/2017 06:00:00 AM,150,75,75
09/05/2017 07:00:00 AM,438,228,210
09/05/2017 08:00:00 AM,537,276,261
09/05/2017 09:00:00 AM,237,96,141
09/05/2017 10:00:00 AM,108,58,50
09/05/2017 11:00:00 AM,70,37,33
09/05/2017 12:00:00 PM,62,31,31
09/05/2017 01:00:00 PM,64,24,40
09/05/2017 02:00:00 PM,69,37,32
09/05/2017 03:00:00 PM,125,47,78
09/05/2017 04:00:00 PM,270,69,201
09/05/2017 05:00:00 PM,588,151,437
09/05/2017 06:00:00 PM,399,105,294
09/05/2017 07:00:00 PM,168,66,102
09/05/2017 08:00:00 PM,83,32,51
09/05/2017 09:00:00 PM,51,22,29
09/05/2017 10:00:00 PM,33,17,16
09/05/2017 11:00:00 PM,22,11,11
09/06/2017 12:00:00 AM,8,3,5
09/06/2017 01:00:00 AM,3,1,2
09/06/2017 02:00:00 AM,2,0,2
09/06/2017 03:00:00 AM,6,4,2
09/06/2017 04:00:00 AM,9,2,7
09/06/2017 05:00:00 AM,43,26,17
09/06/2017 06:00:00 AM,149,80,69
09/06/2017 07:00:00 AM,393,210,183
09/06/2017 08:00:00 AM,539,277,262
09/06/2017 09:00:00 AM,269,121,148
09/06/2017 10:00:00 AM,99,49,50
09/06/2017 11:00:00 AM,68,32,36
09/06/2017 12:00:00 PM,91,48,43
09/06/2017 01:00:00 PM,50,26,24
09/06/2017 02:00:00 PM,105,45,60
09/06/2017 03:00:00 PM,135,59,76
09/06/2017 04:00:00 PM,285,73,212
09/06/2017 05:00:00 PM,603,144,459
09/06/2017 06:00:00 PM,392,132,260
09/06/2017 07:00:00 PM,208,55,153
09/06/2017 08:00:00 PM,89,30,59
09/06/2017 09:00:00 PM,53,20,33
09/06/2017 10:00:00 PM,39,15,24
09/06/2017 11:00:00 PM,26,11,15
09/07/2017 12:00:00 AM,9,3,6
09/07/2017 01:00:00 AM,4,3,1
09/07/2017 02:00:00 AM,3,1,2
09/07/2017 03:00:00 AM,2,1,1
09/07/2017 04:00:00 AM,9,3,6
09/07/2017 05:00:00 AM,38,27,11
09/07/2017 06:00:00 AM,153,84,69
09/07/2017 07:00:00 AM,404,212,192
09/07/2017 08:00:00 AM,589,326,263
09/07/2017 09:00:00 AM,258,112,146
09/07/2017 10:00:00 AM,95,52,43
09/07/2017 11:00:00 AM,88,33,55
09/07/2017 12:00:00 PM,59,28,31
09/07/2017 01:00:00 PM,82,46,36
09/07/2017 02:00:00 PM,95,39,56
09/07/2017 03:00:00 PM,147,53,94
09/07/2017 04:00:00 PM,316,100,216
09/07/2017 05:00:00 PM,648,151,497
09/07/2017 06:00:00 PM,399,129,270
09/07/2017 07:00:00 PM,210,60,150
09/07/2017 08:00:00 PM,129,46,83
09/07/2017 09:00:00 PM,70,24,46
09/07/2017 10:00:00 PM,46,17,29
09/07/2017 11:00:00 PM,26,9,17
09/08/2017 12:00:00 AM,8,5,3
09/08/2017 01:00:00 AM,5,2,3
09/08/2017 02:00:00 AM,7,3,4
09/08/2017 03:00:00 AM,5,2,3
09/08/2017 04:00:00 AM,12,5,7
09/08/2017 05:00:00 AM,41,31,10
09/08/2017 06:00:00 AM,137,73,64
09/08/2017 07:00:00 AM,341,186,155
09/08/2017 08:00:00 AM,539,285,254
09/08/2017 09:00:00 AM,250,118,132
09/08/2017 10:00:00 AM,100,49,51
09/08/2017 11:00:00 AM,98,50,48
09/08/2017 12:00:00 PM,87,45,42
09/08/2017 01:00:00 PM,96,50,46
09/08/2017 02:00:00 PM,104,42,62
09/08/2017 03:00:00 PM,173,69,104
09/08/2017 04:00:00 PM,355,101,254
09/08/2017 05:00:00 PM,523,127,396
09/08/2017 06:00:00 PM,337,114,223
09/08/2017 07:00:00 PM,188,71,117
09/08/2017 08:00:00 PM,104,37,67
09/08/2017 09:00:00 PM,59,18,41
09/08/2017 10:00:00 PM,35,11,24
09/08/2017 11:00:00 PM,33,14,19
09/09/2017 12:00:00 AM,21,14,7
09/09/2017 01:00:00 AM,5,2,3
09/09/2017 02:00:00 AM,8,4,4
09/09/2017 03:00:00 AM,4,2,2
09/09/2017 04:00:00 AM,8,4,4
09/09/2017 05:00:00 AM,5,4,1
09/09/2017 06:00:00 AM,31,13,18
09/09/2017 07:00:00 AM,33,16,17
09/09/2017 08:00:00 AM,72,34,38
09/09/2017 09:00:00 AM,95,47,48
09/09/2017 10:00:00 AM,114,60,54
09/09/2017 11:00:00 AM,115,57,58
09/09/2017 12:00:00 PM,127,58,69
09/09/2017 01:00:00 PM,147,76,71
09/09/2017 02:00:00 PM,122,58,64
09/09/2017 03:00:00 PM,140,66,74
09/09/2017 04:00:00 PM,114,52,62
09/09/2017 05:00:00 PM,124,54,70
09/09/2017 06:00:00 PM,94,44,50
09/09/2017 07:00:00 PM,73,45,28
09/09/2017 08:00:00 PM,55,22,33
09/09/2017 09:00:00 PM,35,16,19
09/09/2017 10:00:00 PM,29,9,20
09/09/2017 11:00:00 PM,30,11,19
09/10/2017 12:00:00 AM,25,9,16
09/10/2017 01:00:00 AM,11,5,6
09/10/2017 02:00:00 AM,4,2,2
09/10/2017 03:00:00 AM,3,2,1
09/10/2017 04:00:00 AM,7,2,5
09/10/2017 05:00:00 AM,3,2,1
09/10/2017 06:00:00 AM,18,7,11
09/10/2017 07:00:00 AM,48,26,22
09/10/2017 08:00:00 AM,76,36,40
09/10/2017 09:00:00 AM,121,66,55
09/10/2017 10:00:00 AM,144,67,77
09/10/2017 11:00:00 AM,199,95,104
09/10/2017 12:00:00 PM,201,100,101
09/10/2017 01:00:00 PM,239,130,109
09/10/2017 02:00:00 PM,191,102,89
09/10/2017 03:00:00 PM,156,77,79
09/10/2017 04:00:00 PM,164,71,93
09/10/2017 05:00:00 PM,149,72,77
09/10/2017 06:00:00 PM,128,60,68
09/10/2017 07:00:00 PM,82,37,45
09/10/2017 08:00:00 PM,72,36,36
09/10/2017 09:00:00 PM,39,11,28
09/10/2017 10:00:00 PM,16,2,14
09/10/2017 11:00:00 PM,20,2,18
09/11/2017 12:00:00 AM,6,4,2
09/11/2017 01:00:00 AM,2,0,2
09/11/2017 02:00:00 AM,1,0,1
09/11/2017 03:00:00 AM,1,1,0
09/11/2017 04:00:00 AM,12,3,9
09/11/2017 05:00:00 AM,48,32,16
09/11/2017 06:00:00 AM,163,84,79
09/11/2017 07:00:00 AM,468,265,203
09/11/2017 08:00:00 AM,704,359,345
09/11/2017 09:00:00 AM,303,129,174
09/11/2017 10:00:00 AM,131,74,57
09/11/2017 11:00:00 AM,97,46,51
09/11/2017 12:00:00 PM,97,53,44
09/11/2017 01:00:00 PM,93,55,38
09/11/2017 02:00:00 PM,132,65,67
09/11/2017 03:00:00 PM,199,79,120
09/11/2017 04:00:00 PM,355,85,270
09/11/2017 05:00:00 PM,780,181,599
09/11/2017 06:00:00 PM,556,162,394
09/11/2017 07:00:00 PM,273,73,200
09/11/2017 08:00:00 PM,117,39,78
09/11/2017 09:00:00 PM,73,23,50
09/11/2017 10:00:00 PM,37,16,21
09/11/2017 11:00:00 PM,32,17,15
09/12/2017 12:00:00 AM,9,3,6
09/12/2017 01:00:00 AM,5,1,4
09/12/2017 02:00:00 AM,3,2,1
09/12/2017 03:00:00 AM,1,1,0
09/12/2017 04:00:00 AM,11,7,4
09/12/2017 05:00:00 AM,55,40,15
09/12/2017 06:00:00 AM,178,97,81
09/12/2017 07:00:00 AM,544,297,247
09/12/2017 08:00:00 AM,664,343,321
09/12/2017 09:00:00 AM,340,176,164
09/12/2017 10:00:00 AM,153,61,92
09/12/2017 11:00:00 AM,100,42,58
09/12/2017 12:00:00 PM,105,61,44
09/12/2017 01:00:00 PM,106,45,61
09/12/2017 02:00:00 PM,128,57,71
09/12/2017 03:00:00 PM,192,79,113
09/12/2017 04:00:00 PM,371,106,265
09/12/2017 05:00:00 PM,792,193,599
09/12/2017 06:00:00 PM,550,160,390
09/12/2017 07:00:00 PM,258,99,159
09/12/2017 08:00:00 PM,126,51,75
09/12/2017 09:00:00 PM,64,18,46
09/12/2017 10:00:00 PM,40,16,24
09/12/2017 11:00:00 PM,17,4,13
09/13/2017 12:00:00 AM,6,3,3
09/13/2017 01:00:00 AM,3,2,1
09/13/2017 02:00:00 AM,5,1,4
09/13/2017 03:00:00 AM,3,0,3
09/13/2017 04:00:00 AM,9,5,4
09/13/2017 05:00:00 AM,47,32,15
09/13/2017 06:00:00 AM,172,82,90
09/13/2017 07:00:00 AM,506,253,253
09/13/2017 08:00:00 AM,651,350,301
09/13/2017 09:00:00 AM,304,136,168
09/13/2017 10:00:00 AM,139,67,72
09/13/2017 11:00:00 AM,85,41,44
09/13/2017 12:00:00 PM,89,48,41
09/13/2017 01:00:00 PM,106,40,66
09/13/2017 02:00:00 PM,110,47,63
09/13/2017 03:00:00 PM,178,64,114
09/13/2017 04:00:00 PM,363,100,263
09/13/2017 05:00:00 PM,732,175,557
09/13/2017 06:00:00 PM,511,151,360
09/13/2017 07:00:00 PM,267,87,180
09/13/2017 08:00:00 PM,129,48,81
09/13/2017 09:00:00 PM,74,22,52
09/13/2017 10:00:00 PM,40,13,27
09/13/2017 11:00:00 PM,26,13,13
09/14/2017 12:00:00 AM,8,3,5
09/14/2017 01:00:00 AM,7,3,4
09/14/2017 02:00:00 AM,3,2,1
09/14/2017 03:00:00 AM,3,1,2
09/14/2017 04:00:00 AM,13,6,7
09/14/2017 05:00:00 AM,34,26,8
09/14/2017 06:00:00 AM,178,92,86
09/14/2017 07:00:00 AM,438,237,201
09/14/2017 08:00:00 AM,644,328,316
09/14/2017 09:00:00 AM,310,132,178
09/14/2017 10:00:00 AM,116,62,54
09/14/2017 11:00:00 AM,95,52,43
09/14/2017 12:00:00 PM,96,38,58
09/14/2017 01:00:00 PM,110,59,51
09/14/2017 02:00:00 PM,105,44,61
09/14/2017 03:00:00 PM,162,53,109
09/14/2017 04:00:00 PM,352,108,244
09/14/2017 05:00:00 PM,726,195,531
09/14/2017 06:00:00 PM,533,157,376
09/14/2017 07:00:00 PM,253,79,174
09/14/2017 08:00:00 PM,110,37,73
09/14/2017 09:00:00 PM,76,38,38
09/14/2017 10:00:00 PM,50,20,30
09/14/2017 11:00:00 PM,29,9,20
09/15/2017 12:00:00 AM,19,5,14
09/15/2017 01:00:00 AM,7,1,6
09/15/2017 02:00:00 AM,5,3,2
09/15/2017 03:00:00 AM,2,1,1
09/15/2017 04:00:00 AM,11,5,6
09/15/2017 05:00:00 AM,38,28,10
09/15/2017 06:00:00 AM,112,59,53
09/15/2017 07:00:00 AM,396,221,175
09/15/2017 08:00:00 AM,553,298,255
09/15/2017 09:00:00 AM,284,137,147
09/15/2017 10:00:00 AM,132,62,70
09/15/2017 11:00:00 AM,124,50,74
09/15/2017 12:00:00 PM,97,56,41
09/15/2017 01:00:00 PM,136,73,63
09/15/2017 02:00:00 PM,149,73,76
09/15/2017 03:00:00 PM,214,84,130
09/15/2017 04:00:00 PM,440,126,314
09/15/2017 05:00:00 PM,607,161,446
09/15/2017 06:00:00 PM,374,107,267
09/15/2017 07:00:00 PM,183,74,109
09/15/2017 08:00:00 PM,104,37,67
09/15/2017 09:00:00 PM,64,23,41
09/15/2017 10:00:00 PM,39,27,12
09/15/2017 11:00:00 PM,26,9,17
09/16/2017 12:00:00 AM,23,11,12
09/16/2017 01:00:00 AM,11,5,6
09/16/2017 02:00:00 AM,6,3,3
09/16/2017 03:00:00 AM,7,2,5
09/16/2017 04:00:00 AM,5,2,3
09/16/2017 05:00:00 AM,12,9,3
09/16/2017 06:00:00 AM,28,15,13
09/16/2017 07:00:00 AM,43,20,23
09/16/2017 08:00:00 AM,117,57,60
09/16/2017 09:00:00 AM,123,68,55
09/16/2017 10:00:00 AM,158,71,87
09/16/2017 11:00:00 AM,137,62,75
09/16/2017 12:00:00 PM,151,89,62
09/16/2017 01:00:00 PM,176,82,94
09/16/2017 02:00:00 PM,198,95,103
09/16/2017 03:00:00 PM,185,76,109
09/16/2017 04:00:00 PM,170,92,78
09/16/2017 05:00:00 PM,168,80,88
09/16/2017 06:00:00 PM,123,73,50
09/16/2017 07:00:00 PM,103,35,68
09/16/2017 08:00:00 PM,71,32,39
09/16/2017 09:00:00 PM,50,32,18
09/16/2017 10:00:00 PM,51,24,27
09/16/2017 11:00:00 PM,37,14,23
09/17/2017 12:00:00 AM,18,7,11
09/17/2017 01:00:00 AM,8,3,5
09/17/2017 02:00:00 AM,6,2,4
09/17/2017 03:00:00 AM,3,0,3
09/17/2017 04:00:00 AM,6,2,4
09/17/2017 05:00:00 AM,7,4,3
09/17/2017 06:00:00 AM,16,6,10
09/17/2017 07:00:00 AM,34,15,19
09/17/2017 08:00:00 AM,58,35,23
09/17/2017 09:00:00 AM,111,54,57
09/17/2017 10:00:00 AM,109,49,60
09/17/2017 11:00:00 AM,143,68,75
09/17/2017 12:00:00 PM,127,73,54
09/17/2017 01:00:00 PM,91,47,44
09/17/2017 02:00:00 PM,51,19,32
09/17/2017 03:00:00 PM,42,28,14
09/17/2017 04:00:00 PM,36,10,26
09/17/2017 05:00:00 PM,45,23,22
09/17/2017 06:00:00 PM,28,10,18
09/17/2017 07:00:00 PM,38,13,25
09/17/2017 08:00:00 PM,24,9,15
09/17/2017 09:00:00 PM,17,9,8
09/17/2017 10:00:00 PM,10,3,7
09/17/2017 11:00:00 PM,5,2,3
09/18/2017 12:00:00 AM,5,1,4
09/18/2017 01:00:00 AM,2,0,2
09/18/2017 02:00:00 AM,4,3,1
09/18/2017 03:00:00 AM,2,2,0
09/18/2017 04:00:00 AM,8,5,3
09/18/2017 05:00:00 AM,29,13,16
09/18/2017 06:00:00 AM,122,71,51
09/18/2017 07:00:00 AM,320,169,151
09/18/2017 08:00:00 AM,471,251,220
09/18/2017 09:00:00 AM,226,102,124
09/18/2017 10:00:00 AM,85,44,41
09/18/2017 11:00:00 AM,61,32,29
09/18/2017 12:00:00 PM,79,45,34
09/18/2017 01:00:00 PM,70,34,36
09/18/2017 02:00:00 PM,83,33,50
09/18/2017 03:00:00 PM,128,51,77
09/18/2017 04:00:00 PM,212,52,160
09/18/2017 05:00:00 PM,527,107,420
09/18/2017 06:00:00 PM,324,63,261
09/18/2017 07:00:00 PM,117,30,87
09/18/2017 08:00:00 PM,46,12,34
09/18/2017 09:00:00 PM,36,11,25
09/18/2017 10:00:00 PM,27,9,18
09/18/2017 11:00:00 PM,27,14,13
09/19/2017 12:00:00 AM,8,1,7
09/19/2017 01:00:00 AM,2,1,1
09/19/2017 02:00:00 AM,2,0,2
09/19/2017 03:00:00 AM,2,0,2
09/19/2017 04:00:00 AM,10,5,5
09/19/2017 05:00:00 AM,30,21,9
09/19/2017 06:00:00 AM,99,57,42
09/19/2017 07:00:00 AM,301,150,151
09/19/2017 08:00:00 AM,440,249,191
09/19/2017 09:00:00 AM,215,101,114
09/19/2017 10:00:00 AM,79,34,45
09/19/2017 11:00:00 AM,51,22,29
09/19/2017 12:00:00 PM,53,28,25
09/19/2017 01:00:00 PM,39,21,18
09/19/2017 02:00:00 PM,58,29,29
09/19/2017 03:00:00 PM,89,33,56
09/19/2017 04:00:00 PM,198,54,144
09/19/2017 05:00:00 PM,408,67,341
09/19/2017 06:00:00 PM,269,84,185
09/19/2017 07:00:00 PM,113,28,85
09/19/2017 08:00:00 PM,59,19,40
09/19/2017 09:00:00 PM,24,5,19
09/19/2017 10:00:00 PM,13,5,8
09/19/2017 11:00:00 PM,18,3,15
09/20/2017 12:00:00 AM,3,2,1
09/20/2017 01:00:00 AM,0,0,0
09/20/2017 02:00:00 AM,2,1,1
09/20/2017 03:00:00 AM,2,1,1
09/20/2017 04:00:00 AM,11,7,4
09/20/2017 05:00:00 AM,36,21,15
09/20/2017 06:00:00 AM,131,69,62
09/20/2017 07:00:00 AM,320,163,157
09/20/2017 08:00:00 AM,483,273,210
09/20/2017 09:00:00 AM,241,118,123
09/20/2017 10:00:00 AM,102,46,56
09/20/2017 11:00:00 AM,72,35,37
09/20/2017 12:00:00 PM,58,22,36
09/20/2017 01:00:00 PM,81,37,44
09/20/2017 02:00:00 PM,94,52,42
09/20/2017 03:00:00 PM,125,49,76
09/20/2017 04:00:00 PM,318,100,218
09/20/2017 05:00:00 PM,535,128,407
09/20/2017 06:00:00 PM,384,135,249
09/20/2017 07:00:00 PM,151,51,100
09/20/2017 08:00:00 PM,87,30,57
09/20/2017 09:00:00 PM,49,19,30
09/20/2017 10:00:00 PM,25,7,18
09/20/2017 11:00:00 PM,21,9,12
09/21/2017 12:00:00 AM,8,2,6
09/21/2017 01:00:00 AM,5,5,0
09/21/2017 02:00:00 AM,1,0,1
09/21/2017 03:00:00 AM,1,1,0
09/21/2017 04:00:00 AM,12,10,2
09/21/2017 05:00:00 AM,40,24,16
09/21/2017 06:00:00 AM,106,55,51
09/21/2017 07:00:00 AM,326,176,150
09/21/2017 08:00:00 AM,467,249,218
09/21/2017 09:00:00 AM,251,121,130
09/21/2017 10:00:00 AM,106,45,61
09/21/2017 11:00:00 AM,65,30,35
09/21/2017 12:00:00 PM,59,33,26
09/21/2017 01:00:00 PM,81,35,46
09/21/2017 02:00:00 PM,108,46,62
09/21/2017 03:00:00 PM,145,59,86
09/21/2017 04:00:00 PM,289,93,196
09/21/2017 05:00:00 PM,577,145,432
09/21/2017 06:00:00 PM,365,113,252
09/21/2017 07:00:00 PM,155,55,100
09/21/2017 08:00:00 PM,89,28,61
09/21/2017 09:00:00 PM,52,24,28
09/21/2017 10:00:00 PM,42,21,21
09/21/2017 11:00:00 PM,20,7,13
09/22/2017 12:00:00 AM,7,3,4
09/22/2017 01:00:00 AM,6,1,5
09/22/2017 02:00:00 AM,6,4,2
09/22/2017 03:00:00 AM,2,1,1
09/22/2017 04:00:00 AM,6,1,5
09/22/2017 05:00:00 AM,41,28,13
09/22/2017 06:00:00 AM,116,62,54
09/22/2017 07:00:00 AM,329,185,144
09/22/2017 08:00:00 AM,496,276,220
09/22/2017 09:00:00 AM,292,149,143
09/22/2017 10:00:00 AM,127,64,63
09/22/2017 11:00:00 AM,118,53,65
09/22/2017 12:00:00 PM,117,50,67
09/22/2017 01:00:00 PM,125,62,63
09/22/2017 02:00:00 PM,144,59,85
09/22/2017 03:00:00 PM,201,87,114
09/22/2017 04:00:00 PM,408,109,299
09/22/2017 05:00:00 PM,599,167,432
09/22/2017 06:00:00 PM,335,111,224
09/22/2017 07:00:00 PM,166,54,112
09/22/2017 08:00:00 PM,69,23,46
09/22/2017 09:00:00 PM,54,18,36
09/22/2017 10:00:00 PM,44,21,23
09/22/2017 11:00:00 PM,32,16,16
09/23/2017 12:00:00 AM,29,11,18
09/23/2017 01:00:00 AM,14,6,8
09/23/2017 02:00:00 AM,6,1,5
09/23/2017 03:00:00 AM,2,2,0
09/23/2017 04:00:00 AM,4,3,1
09/23/2017 05:00:00 AM,8,4,4
09/23/2017 06:00:00 AM,19,10,9
09/23/2017 07:00:00 AM,38,19,19
09/23/2017 08:00:00 AM,84,38,46
09/23/2017 09:00:00 AM,102,58,44
09/23/2017 10:00:00 AM,151,84,67
09/23/2017 11:00:00 AM,182,87,95
09/23/2017 12:00:00 PM,174,93,81
09/23/2017 01:00:00 PM,201,97,104
09/23/2017 02:00:00 PM,199,84,115
09/23/2017 03:00:00 PM,228,89,139
09/23/2017 04:00:00 PM,187,106,81
09/23/2017 05:00:00 PM,164,73,91
09/23/2017 06:00:00 PM,166,80,86
09/23/2017 07:00:00 PM,85,55,30
09/23/2017 08:00:00 PM,62,18,44
09/23/2017 09:00:00 PM,37,25,12
09/23/2017 10:00:00 PM,32,19,13
09/23/2017 11:00:00 PM,33,20,13
09/24/2017 12:00:00 AM,22,13,9
09/24/2017 01:00:00 AM,11,5,6
09/24/2017 02:00:00 AM,6,2,4
09/24/2017 03:00:00 AM,3,1,2
09/24/2017 04:00:00 AM,5,3,2
09/24/2017 05:00:00 AM,5,5,0
09/24/2017 06:00:00 AM,16,3,13
09/24/2017 07:00:00 AM,39,20,19
09/24/2017 08:00:00 AM,63,27,36
09/24/2017 09:00:00 AM,87,45,42
09/24/2017 10:00:00 AM,86,45,41
09/24/2017 11:00:00 AM,146,69,77
09/24/2017 12:00:00 PM,182,99,83
09/24/2017 01:00:00 PM,174,93,81
09/24/2017 02:00:00 PM,216,104,112
09/24/2017 03:00:00 PM,175,85,90
09/24/2017 04:00:00 PM,215,111,104
09/24/2017 05:00:00 PM,193,85,108
09/24/2017 06:00:00 PM,139,70,69
09/24/2017 07:00:00 PM,86,41,45
09/24/2017 08:00:00 PM,47,25,22
09/24/2017 09:00:00 PM,25,11,14
09/24/2017 10:00:00 PM,13,6,7
09/24/2017 11:00:00 PM,14,9,5
09/25/2017 12:00:00 AM,15,8,7
09/25/2017 01:00:00 AM,3,1,2
09/25/2017 02:00:00 AM,3,2,1
09/25/2017 03:00:00 AM,4,3,1
09/25/2017 04:00:00 AM,16,8,8
09/25/2017 05:00:00 AM,28,18,10
09/25/2017 06:00:00 AM,144,78,66
09/25/2017 07:00:00 AM,324,177,147
09/25/2017 08:00:00 AM,545,296,249
09/25/2017 09:00:00 AM,260,126,134
09/25/2017 10:00:00 AM,95,48,47
09/25/2017 11:00:00 AM,67,41,26
09/25/2017 12:00:00 PM,77,34,43
09/25/2017 01:00:00 PM,66,33,33
09/25/2017 02:00:00 PM,71,32,39
09/25/2017 03:00:00 PM,146,58,88
09/25/2017 04:00:00 PM,308,94,214
09/25/2017 05:00:00 PM,574,121,453
09/25/2017 06:00:00 PM,372,99,273
09/25/2017 07:00:00 PM,143,42,101
09/25/2017 08:00:00 PM,66,20,46
09/25/2017 09:00:00 PM,51,21,30
09/25/2017 10:00:00 PM,32,10,22
09/25/2017 11:00:00 PM,21,9,12
09/26/2017 12:00:00 AM,7,3,4
09/26/2017 01:00:00 AM,6,1,5
09/26/2017 02:00:00 AM,2,0,2
09/26/2017 03:00:00 AM,3,3,0
09/26/2017 04:00:00 AM,14,8,6
09/26/2017 05:00:00 AM,40,25,15
09/26/2017 06:00:00 AM,159,86,73
09/26/2017 07:00:00 AM,483,255,228
09/26/2017 08:00:00 AM,651,353,298
09/26/2017 09:00:00 AM,323,158,165
09/26/2017 10:00:00 AM,148,82,66
09/26/2017 11:00:00 AM,102,51,51
09/26/2017 12:00:00 PM,119,51,68
09/26/2017 01:00:00 PM,114,63,51
09/26/2017 02:00:00 PM,102,49,53
09/26/2017 03:00:00 PM,204,87,117
09/26/2017 04:00:00 PM,367,110,257
09/26/2017 05:00:00 PM,792,207,585
09/26/2017 06:00:00 PM,532,151,381
09/26/2017 07:00:00 PM,234,84,150
09/26/2017 08:00:00 PM,115,35,80
09/26/2017 09:00:00 PM,71,30,41
09/26/2017 10:00:00 PM,43,21,22
09/26/2017 11:00:00 PM,18,3,15
09/27/2017 12:00:00 AM,10,4,6
09/27/2017 01:00:00 AM,4,2,2
09/27/2017 02:00:00 AM,2,0,2
09/27/2017 03:00:00 AM,3,2,1
09/27/2017 04:00:00 AM,12,8,4
09/27/2017 05:00:00 AM,37,23,14
09/27/2017 06:00:00 AM,171,102,69
09/27/2017 07:00:00 AM,477,255,222
09/27/2017 08:00:00 AM,645,340,305
09/27/2017 09:00:00 AM,352,168,184
09/27/2017 10:00:00 AM,156,70,86
09/27/2017 11:00:00 AM,105,60,45
09/27/2017 12:00:00 PM,102,52,50
09/27/2017 01:00:00 PM,115,58,57
09/27/2017 02:00:00 PM,132,61,71
09/27/2017 03:00:00 PM,200,82,118
09/27/2017 04:00:00 PM,429,130,299
09/27/2017 05:00:00 PM,760,191,569
09/27/2017 06:00:00 PM,517,168,349
09/27/2017 07:00:00 PM,234,80,154
09/27/2017 08:00:00 PM,116,51,65
09/27/2017 09:00:00 PM,71,17,54
09/27/2017 10:00:00 PM,75,31,44
09/27/2017 11:00:00 PM,33,13,20
09/28/2017 12:00:00 AM,15,7,8
09/28/2017 01:00:00 AM,5,3,2
09/28/2017 02:00:00 AM,3,0,3
09/28/2017 03:00:00 AM,0,0,0
09/28/2017 04:00:00 AM,13,8,5
09/28/2017 05:00:00 AM,40,24,16
09/28/2017 06:00:00 AM,171,97,74
09/28/2017 07:00:00 AM,477,250,227
09/28/2017 08:00:00 AM,646,343,303
09/28/2017 09:00:00 AM,344,167,177
09/28/2017 10:00:00 AM,141,70,71
09/28/2017 11:00:00 AM,126,68,58
09/28/2017 12:00:00 PM,117,51,66
09/28/2017 01:00:00 PM,128,59,69
09/28/2017 02:00:00 PM,141,62,79
09/28/2017 03:00:00 PM,244,98,146
09/28/2017 04:00:00 PM,477,171,306
09/28/2017 05:00:00 PM,851,240,611
09/28/2017 06:00:00 PM,441,167,274
09/28/2017 07:00:00 PM,248,93,155
09/28/2017 08:00:00 PM,118,47,71
09/28/2017 09:00:00 PM,87,33,54
09/28/2017 10:00:00 PM,55,22,33
09/28/2017 11:00:00 PM,25,9,16
09/29/2017 12:00:00 AM,12,4,8
09/29/2017 01:00:00 AM,13,5,8
09/29/2017 02:00:00 AM,2,0,2
09/29/2017 03:00:00 AM,6,1,5
09/29/2017 04:00:00 AM,6,4,2
09/29/2017 05:00:00 AM,29,12,17
09/29/2017 06:00:00 AM,119,61,58
09/29/2017 07:00:00 AM,339,182,157
09/29/2017 08:00:00 AM,417,229,188
09/29/2017 09:00:00 AM,178,87,91
09/29/2017 10:00:00 AM,77,37,40
09/29/2017 11:00:00 AM,57,34,23
09/29/2017 12:00:00 PM,54,24,30
09/29/2017 01:00:00 PM,74,33,41
09/29/2017 02:00:00 PM,85,38,47
09/29/2017 03:00:00 PM,137,52,85
09/29/2017 04:00:00 PM,295,96,199
09/29/2017 05:00:00 PM,488,138,350
09/29/2017 06:00:00 PM,247,77,170
09/29/2017 07:00:00 PM,156,52,104
09/29/2017 08:00:00 PM,73,32,41
09/29/2017 09:00:00 PM,34,11,23
09/29/2017 10:00:00 PM,39,15,24
09/29/2017 11:00:00 PM,33,16,17
09/30/2017 12:00:00 AM,19,7,12
09/30/2017 01:00:00 AM,7,3,4
09/30/2017 02:00:00 AM,7,5,2
09/30/2017 03:00:00 AM,3,2,1
09/30/2017 04:00:00 AM,2,2,0
09/30/2017 05:00:00 AM,8,3,5
09/30/2017 06:00:00 AM,13,6,7
09/30/2017 07:00:00 AM,30,10,20
09/30/2017 08:00:00 AM,57,28,29
09/30/2017 09:00:00 AM,79,42,37
09/30/2017 10:00:00 AM,90,58,32
09/30/2017 11:00:00 AM,145,84,61
09/30/2017 12:00:00 PM,132,69,63
09/30/2017 01:00:00 PM,139,68,71
09/30/2017 02:00:00 PM,128,67,61
09/30/2017 03:00:00 PM,96,48,48
09/30/2017 04:00:00 PM,64,29,35
09/30/2017 05:00:00 PM,58,32,26
09/30/2017 06:00:00 PM,59,33,26
09/30/2017 07:00:00 PM,39,16,23
09/30/2017 08:00:00 PM,37,12,25
09/30/2017 09:00:00 PM,39,10,29
09/30/2017 10:00:00 PM,15,5,10
09/30/2017 11:00:00 PM,18,5,13
10/01/2017 12:00:00 AM,19,2,17
10/01/2017 01:00:00 AM,7,4,3
10/01/2017 02:00:00 AM,4,2,2
10/01/2017 03:00:00 AM,2,0,2
10/01/2017 04:00:00 AM,4,4,0
10/01/2017 05:00:00 AM,4,3,1
10/01/2017 06:00:00 AM,6,3,3
10/01/2017 07:00:00 AM,18,7,11
10/01/2017 08:00:00 AM,43,18,25
10/01/2017 09:00:00 AM,76,39,37
10/01/2017 10:00:00 AM,94,51,43
10/01/2017 11:00:00 AM,105,56,49
10/01/2017 12:00:00 PM,120,58,62
10/01/2017 01:00:00 PM,132,70,62
10/01/2017 02:00:00 PM,138,66,72
10/01/2017 03:00:00 PM,156,73,83
10/01/2017 04:00:00 PM,144,79,65
10/01/2017 05:00:00 PM,102,50,52
10/01/2017 06:00:00 PM,77,47,30
10/01/2017 07:00:00 PM,42,23,19
10/01/2017 08:00:00 PM,33,18,15
10/01/2017 09:00:00 PM,30,10,20
10/01/2017 10:00:00 PM,13,5,8
10/01/2017 11:00:00 PM,9,5,4
10/02/2017 12:00:00 AM,5,2,3
10/02/2017 01:00:00 AM,1,0,1
10/02/2017 02:00:00 AM,1,0,1
10/02/2017 03:00:00 AM,2,1,1
10/02/2017 04:00:00 AM,11,7,4
10/02/2017 05:00:00 AM,44,26,18
10/02/2017 06:00:00 AM,157,85,72
10/02/2017 07:00:00 AM,404,215,189
10/02/2017 08:00:00 AM,581,295,286
10/02/2017 09:00:00 AM,321,158,163
10/02/2017 10:00:00 AM,122,53,69
10/02/2017 11:00:00 AM,74,47,27
10/02/2017 12:00:00 PM,71,36,35
10/02/2017 01:00:00 PM,64,29,35
10/02/2017 02:00:00 PM,85,37,48
10/02/2017 03:00:00 PM,165,76,89
10/02/2017 04:00:00 PM,305,86,219
10/02/2017 05:00:00 PM,710,159,551
10/02/2017 06:00:00 PM,431,110,321
10/02/2017 07:00:00 PM,182,56,126
10/02/2017 08:00:00 PM,95,29,66
10/02/2017 09:00:00 PM,62,25,37
10/02/2017 10:00:00 PM,23,12,11
10/02/2017 11:00:00 PM,16,7,9
10/03/2017 12:00:00 AM,9,3,6
10/03/2017 01:00:00 AM,4,2,2
10/03/2017 02:00:00 AM,10,7,3
10/03/2017 03:00:00 AM,1,0,1
10/03/2017 04:00:00 AM,9,5,4
10/03/2017 05:00:00 AM,33,21,12
10/03/2017 06:00:00 AM,167,94,73
10/03/2017 07:00:00 AM,447,237,210
10/03/2017 08:00:00 AM,676,350,326
10/03/2017 09:00:00 AM,295,138,157
10/03/2017 10:00:00 AM,133,59,74
10/03/2017 11:00:00 AM,89,43,46
10/03/2017 12:00:00 PM,94,45,49
10/03/2017 01:00:00 PM,103,54,49
10/03/2017 02:00:00 PM,137,55,82
10/03/2017 03:00:00 PM,173,65,108
10/03/2017 04:00:00 PM,371,118,253
10/03/2017 05:00:00 PM,742,176,566
10/03/2017 06:00:00 PM,491,136,355
10/03/2017 07:00:00 PM,198,62,136
10/03/2017 08:00:00 PM,110,39,71
10/03/2017 09:00:00 PM,67,20,47
10/03/2017 10:00:00 PM,40,23,17
10/03/2017 11:00:00 PM,18,5,13
10/04/2017 12:00:00 AM,7,0,7
10/04/2017 01:00:00 AM,2,1,1
10/04/2017 02:00:00 AM,4,1,3
10/04/2017 03:00:00 AM,3,0,3
10/04/2017 04:00:00 AM,13,7,6
10/04/2017 05:00:00 AM,38,26,12
10/04/2017 06:00:00 AM,158,77,81
10/04/2017 07:00:00 AM,461,240,221
10/04/2017 08:00:00 AM,582,315,267
10/04/2017 09:00:00 AM,296,141,155
10/04/2017 10:00:00 AM,136,54,82
10/04/2017 11:00:00 AM,94,46,48
10/04/2017 12:00:00 PM,90,41,49
10/04/2017 01:00:00 PM,95,56,39
10/04/2017 02:00:00 PM,138,60,78
10/04/2017 03:00:00 PM,172,73,99
10/04/2017 04:00:00 PM,364,95,269
10/04/2017 05:00:00 PM,712,178,534
10/04/2017 06:00:00 PM,467,138,329
10/04/2017 07:00:00 PM,181,56,125
10/04/2017 08:00:00 PM,96,36,60
10/04/2017 09:00:00 PM,71,33,38
10/04/2017 10:00:00 PM,46,19,27
10/04/2017 11:00:00 PM,13,5,8
10/05/2017 12:00:00 AM,10,4,6
10/05/2017 01:00:00 AM,5,1,4
10/05/2017 02:00:00 AM,1,0,1
10/05/2017 03:00:00 AM,1,1,0
10/05/2017 04:00:00 AM,8,4,4
10/05/2017 05:00:00 AM,35,22,13
10/05/2017 06:00:00 AM,150,76,74
10/05/2017 07:00:00 AM,418,220,198
10/05/2017 08:00:00 AM,593,323,270
10/05/2017 09:00:00 AM,306,146,160
10/05/2017 10:00:00 AM,136,69,67
10/05/2017 11:00:00 AM,85,45,40
10/05/2017 12:00:00 PM,104,44,60
10/05/2017 01:00:00 PM,94,44,50
10/05/2017 02:00:00 PM,134,48,86
10/05/2017 03:00:00 PM,166,76,90
10/05/2017 04:00:00 PM,350,105,245
10/05/2017 05:00:00 PM,663,151,512
10/05/2017 06:00:00 PM,469,134,335
10/05/2017 07:00:00 PM,195,67,128
10/05/2017 08:00:00 PM,85,26,59
10/05/2017 09:00:00 PM,90,38,52
10/05/2017 10:00:00 PM,43,23,20
10/05/2017 11:00:00 PM,32,9,23
10/06/2017 12:00:00 AM,8,3,5
10/06/2017 01:00:00 AM,3,1,2
10/06/2017 02:00:00 AM,1,0,1
10/06/2017 03:00:00 AM,2,1,1
10/06/2017 04:00:00 AM,9,4,5
10/06/2017 05:00:00 AM,33,21,12
10/06/2017 06:00:00 AM,115,70,45
10/06/2017 07:00:00 AM,351,193,158
10/06/2017 08:00:00 AM,527,296,231
10/06/2017 09:00:00 AM,290,137,153
10/06/2017 10:00:00 AM,122,59,63
10/06/2017 11:00:00 AM,87,36,51
10/06/2017 12:00:00 PM,95,32,63
10/06/2017 01:00:00 PM,99,49,50
10/06/2017 02:00:00 PM,109,51,58
10/06/2017 03:00:00 PM,179,67,112
10/06/2017 04:00:00 PM,378,107,271
10/06/2017 05:00:00 PM,564,138,426
10/06/2017 06:00:00 PM,286,73,213
10/06/2017 07:00:00 PM,139,58,81
10/06/2017 08:00:00 PM,70,30,40
10/06/2017 09:00:00 PM,46,19,27
10/06/2017 10:00:00 PM,27,10,17
10/06/2017 11:00:00 PM,34,15,19
10/07/2017 12:00:00 AM,24,12,12
10/07/2017 01:00:00 AM,9,5,4
10/07/2017 02:00:00 AM,3,1,2
10/07/2017 03:00:00 AM,0,0,0
10/07/2017 04:00:00 AM,4,2,2
10/07/2017 05:00:00 AM,9,5,4
10/07/2017 06:00:00 AM,14,10,4
10/07/2017 07:00:00 AM,23,12,11
10/07/2017 08:00:00 AM,47,17,30
10/07/2017 09:00:00 AM,85,49,36
10/07/2017 10:00:00 AM,90,48,42
10/07/2017 11:00:00 AM,106,37,69
10/07/2017 12:00:00 PM,130,65,65
10/07/2017 01:00:00 PM,125,52,73
10/07/2017 02:00:00 PM,122,66,56
10/07/2017 03:00:00 PM,95,44,51
10/07/2017 04:00:00 PM,89,49,40
10/07/2017 05:00:00 PM,105,56,49
10/07/2017 06:00:00 PM,58,22,36
10/07/2017 07:00:00 PM,38,25,13
10/07/2017 08:00:00 PM,11,5,6
10/07/2017 09:00:00 PM,16,3,13
10/07/2017 10:00:00 PM,19,12,7
10/07/2017 11:00:00 PM,29,20,9
10/08/2017 12:00:00 AM,10,1,9
10/08/2017 01:00:00 AM,6,3,3
10/08/2017 02:00:00 AM,4,2,2
10/08/2017 03:00:00 AM,3,3,0
10/08/2017 04:00:00 AM,4,2,2
10/08/2017 05:00:00 AM,5,3,2
10/08/2017 06:00:00 AM,10,4,6
10/08/2017 07:00:00 AM,24,8,16
10/08/2017 08:00:00 AM,39,21,18
10/08/2017 09:00:00 AM,47,27,20
10/08/2017 10:00:00 AM,98,49,49
10/08/2017 11:00:00 AM,128,84,44
10/08/2017 12:00:00 PM,126,61,65
10/08/2017 01:00:00 PM,167,70,97
10/08/2017 02:00:00 PM,131,62,69
10/08/2017 03:00:00 PM,138,76,62
10/08/2017 04:00:00 PM,138,72,66
10/08/2017 05:00:00 PM,138,71,67
10/08/2017 06:00:00 PM,73,41,32
10/08/2017 07:00:00 PM,37,20,17
10/08/2017 08:00:00 PM,21,9,12
10/08/2017 09:00:00 PM,19,9,10
10/08/2017 10:00:00 PM,13,4,9
10/08/2017 11:00:00 PM,10,4,6
10/09/2017 12:00:00 AM,6,2,4
10/09/2017 01:00:00 AM,2,0,2
10/09/2017 02:00:00 AM,0,0,0
10/09/2017 03:00:00 AM,2,2,0
10/09/2017 04:00:00 AM,13,6,7
10/09/2017 05:00:00 AM,36,19,17
10/09/2017 06:00:00 AM,126,65,61
10/09/2017 07:00:00 AM,401,214,187
10/09/2017 08:00:00 AM,563,297,266
10/09/2017 09:00:00 AM,303,151,152
10/09/2017 10:00:00 AM,102,44,58
10/09/2017 11:00:00 AM,82,48,34
10/09/2017 12:00:00 PM,83,38,45
10/09/2017 01:00:00 PM,87,41,46
10/09/2017 02:00:00 PM,128,51,77
10/09/2017 03:00:00 PM,193,77,116
10/09/2017 04:00:00 PM,339,100,239
10/09/2017 05:00:00 PM,690,156,534
10/09/2017 06:00:00 PM,427,130,297
10/09/2017 07:00:00 PM,193,57,136
10/09/2017 08:00:00 PM,78,26,52
10/09/2017 09:00:00 PM,57,25,32
10/09/2017 10:00:00 PM,25,9,16
10/09/2017 11:00:00 PM,21,8,13
10/10/2017 12:00:00 AM,2,1,1
10/10/2017 01:00:00 AM,3,2,1
10/10/2017 02:00:00 AM,5,0,5
10/10/2017 03:00:00 AM,0,0,0
10/10/2017 04:00:00 AM,14,5,9
10/10/2017 05:00:00 AM,44,29,15
10/10/2017 06:00:00 AM,122,69,53
10/10/2017 07:00:00 AM,398,212,186
10/10/2017 08:00:00 AM,515,272,243
10/10/2017 09:00:00 AM,249,124,125
10/10/2017 10:00:00 AM,113,50,63
10/10/2017 11:00:00 AM,56,30,26
10/10/2017 12:00:00 PM,70,40,30
10/10/2017 01:00:00 PM,49,23,26
10/10/2017 02:00:00 PM,64,28,36
10/10/2017 03:00:00 PM,127,52,75
10/10/2017 04:00:00 PM,283,73,210
10/10/2017 05:00:00 PM,571,127,444
10/10/2017 06:00:00 PM,350,94,256
10/10/2017 07:00:00 PM,136,49,87
10/10/2017 08:00:00 PM,65,16,49
10/10/2017 09:00:00 PM,44,14,30
10/10/2017 10:00:00 PM,23,11,12
10/10/2017 11:00:00 PM,15,6,9
10/11/2017 12:00:00 AM,5,2,3
10/11/2017 01:00:00 AM,3,0,3
10/11/2017 02:00:00 AM,0,0,0
10/11/2017 03:00:00 AM,1,0,1
10/11/2017 04:00:00 AM,12,6,6
10/11/2017 05:00:00 AM,40,25,15
10/11/2017 06:00:00 AM,132,65,67
10/11/2017 07:00:00 AM,349,183,166
10/11/2017 08:00:00 AM,441,243,198
10/11/2017 09:00:00 AM,247,122,125
10/11/2017 10:00:00 AM,108,53,55
10/11/2017 11:00:00 AM,76,40,36
10/11/2017 12:00:00 PM,62,31,31
10/11/2017 01:00:00 PM,95,40,55
10/11/2017 02:00:00 PM,110,53,57
10/11/2017 03:00:00 PM,136,52,84
10/11/2017 04:00:00 PM,277,83,194
10/11/2017 05:00:00 PM,519,108,411
10/11/2017 06:00:00 PM,388,105,283
10/11/2017 07:00:00 PM,137,42,95
10/11/2017 08:00:00 PM,73,25,48
10/11/2017 09:00:00 PM,68,22,46
10/11/2017 10:00:00 PM,36,14,22
10/11/2017 11:00:00 PM,24,12,12
10/12/2017 12:00:00 AM,9,2,7
10/12/2017 01:00:00 AM,4,3,1
10/12/2017 02:00:00 AM,0,0,0
10/12/2017 03:00:00 AM,1,0,1
10/12/2017 04:00:00 AM,8,5,3
10/12/2017 05:00:00 AM,28,19,9
10/12/2017 06:00:00 AM,117,62,55
10/12/2017 07:00:00 AM,274,138,136
10/12/2017 08:00:00 AM,420,228,192
10/12/2017 09:00:00 AM,229,104,125
10/12/2017 10:00:00 AM,76,35,41
10/12/2017 11:00:00 AM,42,17,25
10/12/2017 12:00:00 PM,36,22,14
10/12/2017 01:00:00 PM,52,28,24
10/12/2017 02:00:00 PM,51,20,31
10/12/2017 03:00:00 PM,108,38,70
10/12/2017 04:00:00 PM,219,55,164
10/12/2017 05:00:00 PM,460,106,354
10/12/2017 06:00:00 PM,282,76,206
10/12/2017 07:00:00 PM,132,45,87
10/12/2017 08:00:00 PM,69,24,45
10/12/2017 09:00:00 PM,56,22,34
10/12/2017 10:00:00 PM,26,14,12
10/12/2017 11:00:00 PM,13,5,8
10/13/2017 12:00:00 AM,5,1,4
10/13/2017 01:00:00 AM,5,1,4
10/13/2017 02:00:00 AM,0,0,0
10/13/2017 03:00:00 AM,2,0,2
10/13/2017 04:00:00 AM,9,4,5
10/13/2017 05:00:00 AM,28,17,11
10/13/2017 06:00:00 AM,89,54,35
10/13/2017 07:00:00 AM,244,134,110
10/13/2017 08:00:00 AM,360,181,179
10/13/2017 09:00:00 AM,236,108,128
10/13/2017 10:00:00 AM,89,46,43
10/13/2017 11:00:00 AM,58,20,38
10/13/2017 12:00:00 PM,67,31,36
10/13/2017 01:00:00 PM,69,39,30
10/13/2017 02:00:00 PM,89,42,47
10/13/2017 03:00:00 PM,151,53,98
10/13/2017 04:00:00 PM,310,96,214
10/13/2017 05:00:00 PM,431,105,326
10/13/2017 06:00:00 PM,268,79,189
10/13/2017 07:00:00 PM,92,29,63
10/13/2017 08:00:00 PM,57,15,42
10/13/2017 09:00:00 PM,25,14,11
10/13/2017 10:00:00 PM,31,10,21
10/13/2017 11:00:00 PM,27,16,11
10/14/2017 12:00:00 AM,15,9,6
10/14/2017 01:00:00 AM,14,7,7
10/14/2017 02:00:00 AM,9,4,5
10/14/2017 03:00:00 AM,3,2,1
10/14/2017 04:00:00 AM,5,2,3
10/14/2017 05:00:00 AM,6,2,4
10/14/2017 06:00:00 AM,15,9,6
10/14/2017 07:00:00 AM,22,6,16
10/14/2017 08:00:00 AM,59,30,29
10/14/2017 09:00:00 AM,69,35,34
10/14/2017 10:00:00 AM,90,38,52
10/14/2017 11:00:00 AM,114,48,66
10/14/2017 12:00:00 PM,100,48,52
10/14/2017 01:00:00 PM,108,57,51
10/14/2017 02:00:00 PM,139,57,82
10/14/2017 03:00:00 PM,122,45,77
10/14/2017 04:00:00 PM,114,57,57
10/14/2017 05:00:00 PM,99,45,54
10/14/2017 06:00:00 PM,79,38,41
10/14/2017 07:00:00 PM,56,25,31
10/14/2017 08:00:00 PM,46,12,34
10/14/2017 09:00:00 PM,17,3,14
10/14/2017 10:00:00 PM,34,20,14
10/14/2017 11:00:00 PM,31,16,15
10/15/2017 12:00:00 AM,5,1,4
10/15/2017 01:00:00 AM,6,2,4
10/15/2017 02:00:00 AM,10,4,6
10/15/2017 03:00:00 AM,2,1,1
10/15/2017 04:00:00 AM,5,3,2
10/15/2017 05:00:00 AM,7,3,4
10/15/2017 06:00:00 AM,12,7,5
10/15/2017 07:00:00 AM,25,9,16
10/15/2017 08:00:00 AM,53,29,24
10/15/2017 09:00:00 AM,73,37,36
10/15/2017 10:00:00 AM,118,58,60
10/15/2017 11:00:00 AM,143,64,79
10/15/2017 12:00:00 PM,162,83,79
10/15/2017 01:00:00 PM,190,107,83
10/15/2017 02:00:00 PM,219,116,103
10/15/2017 03:00:00 PM,172,93,79
10/15/2017 04:00:00 PM,171,80,91
10/15/2017 05:00:00 PM,142,75,67
10/15/2017 06:00:00 PM,93,51,42
10/15/2017 07:00:00 PM,55,23,32
10/15/2017 08:00:00 PM,37,16,21
10/15/2017 09:00:00 PM,23,9,14
10/15/2017 10:00:00 PM,19,7,12
10/15/2017 11:00:00 PM,19,6,13
10/16/2017 12:00:00 AM,4,0,4
10/16/2017 01:00:00 AM,0,0,0
10/16/2017 02:00:00 AM,4,3,1
10/16/2017 03:00:00 AM,2,1,1
10/16/2017 04:00:00 AM,16,6,10
10/16/2017 05:00:00 AM,31,17,14
10/16/2017 06:00:00 AM,158,88,70
10/16/2017 07:00:00 AM,436,229,207
10/16/2017 08:00:00 AM,587,315,272
10/16/2017 09:00:00 AM,295,135,160
10/16/2017 10:00:00 AM,111,47,64
10/16/2017 11:00:00 AM,82,48,34
10/16/2017 12:00:00 PM,70,36,34
10/16/2017 01:00:00 PM,95,48,47
10/16/2017 02:00:00 PM,126,52,74
10/16/2017 03:00:00 PM,165,65,100
10/16/2017 04:00:00 PM,297,87,210
10/16/2017 05:00:00 PM,687,145,542
10/16/2017 06:00:00 PM,401,118,283
10/16/2017 07:00:00 PM,160,61,99
10/16/2017 08:00:00 PM,83,27,56
10/16/2017 09:00:00 PM,61,24,37
10/16/2017 10:00:00 PM,27,12,15
10/16/2017 11:00:00 PM,23,7,16
10/17/2017 12:00:00 AM,6,2,4
10/17/2017 01:00:00 AM,4,2,2
10/17/2017 02:00:00 AM,3,2,1
10/17/2017 03:00:00 AM,0,0,0
10/17/2017 04:00:00 AM,11,6,5
10/17/2017 05:00:00 AM,32,19,13
10/17/2017 06:00:00 AM,119,58,61
10/17/2017 07:00:00 AM,298,150,148
10/17/2017 08:00:00 AM,405,218,187
10/17/2017 09:00:00 AM,199,94,105
10/17/2017 10:00:00 AM,85,38,47
10/17/2017 11:00:00 AM,36,21,15
10/17/2017 12:00:00 PM,43,22,21
10/17/2017 01:00:00 PM,52,26,26
10/17/2017 02:00:00 PM,57,27,30
10/17/2017 03:00:00 PM,89,35,54
10/17/2017 04:00:00 PM,224,67,157
10/17/2017 05:00:00 PM,481,114,367
10/17/2017 06:00:00 PM,332,95,237
10/17/2017 07:00:00 PM,109,31,78
10/17/2017 08:00:00 PM,58,24,34
10/17/2017 09:00:00 PM,48,24,24
10/17/2017 10:00:00 PM,39,22,17
10/17/2017 11:00:00 PM,16,7,9
10/18/2017 12:00:00 AM,6,2,4
10/18/2017 01:00:00 AM,3,0,3
10/18/2017 02:00:00 AM,3,0,3
10/18/2017 03:00:00 AM,4,1,3
10/18/2017 04:00:00 AM,6,3,3
10/18/2017 05:00:00 AM,37,21,16
10/18/2017 06:00:00 AM,122,73,49
10/18/2017 07:00:00 AM,291,159,132
10/18/2017 08:00:00 AM,393,217,176
10/18/2017 09:00:00 AM,201,94,107
10/18/2017 10:00:00 AM,61,20,41
10/18/2017 11:00:00 AM,39,17,22
10/18/2017 12:00:00 PM,26,13,13
10/18/2017 01:00:00 PM,36,19,17
10/18/2017 02:00:00 PM,54,16,38
10/18/2017 03:00:00 PM,83,33,50
10/18/2017 04:00:00 PM,197,49,148
10/18/2017 05:00:00 PM,380,67,313
10/18/2017 06:00:00 PM,212,59,153
10/18/2017 07:00:00 PM,80,24,56
10/18/2017 08:00:00 PM,32,9,23
10/18/2017 09:00:00 PM,16,6,10
10/18/2017 10:00:00 PM,9,3,6
10/18/2017 11:00:00 PM,10,3,7
10/19/2017 12:00:00 AM,2,0,2
10/19/2017 01:00:00 AM,5,1,4
10/19/2017 02:00:00 AM,2,0,2
10/19/2017 03:00:00 AM,0,0,0
10/19/2017 04:00:00 AM,6,2,4
10/19/2017 05:00:00 AM,20,13,7
10/19/2017 06:00:00 AM,91,51,40
10/19/2017 07:00:00 AM,243,128,115
10/19/2017 08:00:00 AM,332,182,150
10/19/2017 09:00:00 AM,174,87,87
10/19/2017 10:00:00 AM,57,26,31
10/19/2017 11:00:00 AM,32,18,14
10/19/2017 12:00:00 PM,40,22,18
10/19/2017 01:00:00 PM,58,27,31
10/19/2017 02:00:00 PM,62,25,37
10/19/2017 03:00:00 PM,80,31,49
10/19/2017 04:00:00 PM,166,37,129
10/19/2017 05:00:00 PM,389,74,315
10/19/2017 06:00:00 PM,217,70,147
10/19/2017 07:00:00 PM,71,25,46
10/19/2017 08:00:00 PM,44,15,29
10/19/2017 09:00:00 PM,36,13,23
10/19/2017 10:00:00 PM,23,10,13
10/19/2017 11:00:00 PM,17,7,10
10/20/2017 12:00:00 AM,2,1,1
10/20/2017 01:00:00 AM,2,0,2
10/20/2017 02:00:00 AM,3,0,3
10/20/2017 03:00:00 AM,3,0,3
10/20/2017 04:00:00 AM,8,5,3
10/20/2017 05:00:00 AM,29,15,14
10/20/2017 06:00:00 AM,81,42,39
10/20/2017 07:00:00 AM,233,136,97
10/20/2017 08:00:00 AM,336,182,154
10/20/2017 09:00:00 AM,168,70,98
10/20/2017 10:00:00 AM,66,30,36
10/20/2017 11:00:00 AM,45,23,22
10/20/2017 12:00:00 PM,36,16,20
10/20/2017 01:00:00 PM,44,24,20
10/20/2017 02:00:00 PM,59,22,37
10/20/2017 03:00:00 PM,115,51,64
10/20/2017 04:00:00 PM,222,74,148
10/20/2017 05:00:00 PM,418,98,320
10/20/2017 06:00:00 PM,205,77,128
10/20/2017 07:00:00 PM,98,37,61
10/20/2017 08:00:00 PM,45,15,30
10/20/2017 09:00:00 PM,27,7,20
10/20/2017 10:00:00 PM,27,11,16
10/20/2017 11:00:00 PM,19,7,12
10/21/2017 12:00:00 AM,9,3,6
10/21/2017 01:00:00 AM,6,3,3
10/21/2017 02:00:00 AM,3,0,3
10/21/2017 03:00:00 AM,2,1,1
10/21/2017 04:00:00 AM,3,2,1
10/21/2017 05:00:00 AM,4,3,1
10/21/2017 06:00:00 AM,7,3,4
10/21/2017 07:00:00 AM,7,1,6
10/21/2017 08:00:00 AM,23,10,13
10/21/2017 09:00:00 AM,51,27,24
10/21/2017 10:00:00 AM,29,16,13
10/21/2017 11:00:00 AM,33,17,16
10/21/2017 12:00:00 PM,37,23,14
10/21/2017 01:00:00 PM,35,21,14
10/21/2017 02:00:00 PM,34,13,21
10/21/2017 03:00:00 PM,30,15,15
10/21/2017 04:00:00 PM,32,18,14
10/21/2017 05:00:00 PM,26,11,15
10/21/2017 06:00:00 PM,16,12,4
10/21/2017 07:00:00 PM,17,9,8
10/21/2017 08:00:00 PM,14,5,9
10/21/2017 09:00:00 PM,10,2,8
10/21/2017 10:00:00 PM,10,4,6
10/21/2017 11:00:00 PM,14,7,7
10/22/2017 12:00:00 AM,8,2,6
10/22/2017 01:00:00 AM,3,2,1
10/22/2017 02:00:00 AM,3,2,1
10/22/2017 03:00:00 AM,0,0,0
10/22/2017 04:00:00 AM,5,4,1
10/22/2017 05:00:00 AM,4,4,0
10/22/2017 06:00:00 AM,9,5,4
10/22/2017 07:00:00 AM,13,6,7
10/22/2017 08:00:00 AM,32,17,15
10/22/2017 09:00:00 AM,52,32,20
10/22/2017 10:00:00 AM,120,66,54
10/22/2017 11:00:00 AM,114,58,56
10/22/2017 12:00:00 PM,160,76,84
10/22/2017 01:00:00 PM,123,67,56
10/22/2017 02:00:00 PM,121,69,52
10/22/2017 03:00:00 PM,120,67,53
10/22/2017 04:00:00 PM,122,64,58
10/22/2017 05:00:00 PM,95,45,50
10/22/2017 06:00:00 PM,69,37,32
10/22/2017 07:00:00 PM,33,15,18
10/22/2017 08:00:00 PM,28,12,16
10/22/2017 09:00:00 PM,15,5,10
10/22/2017 10:00:00 PM,19,10,9
10/22/2017 11:00:00 PM,17,3,14
10/23/2017 12:00:00 AM,5,3,2
10/23/2017 01:00:00 AM,2,1,1
10/23/2017 02:00:00 AM,1,0,1
10/23/2017 03:00:00 AM,0,0,0
10/23/2017 04:00:00 AM,8,5,3
10/23/2017 05:00:00 AM,37,22,15
10/23/2017 06:00:00 AM,155,88,67
10/23/2017 07:00:00 AM,404,219,185
10/23/2017 08:00:00 AM,560,296,264
10/23/2017 09:00:00 AM,295,140,155
10/23/2017 10:00:00 AM,130,62,68
10/23/2017 11:00:00 AM,79,36,43
10/23/2017 12:00:00 PM,85,42,43
10/23/2017 01:00:00 PM,87,45,42
10/23/2017 02:00:00 PM,119,60,59
10/23/2017 03:00:00 PM,152,67,85
10/23/2017 04:00:00 PM,368,108,260
10/23/2017 05:00:00 PM,689,155,534
10/23/2017 06:00:00 PM,407,115,292
10/23/2017 07:00:00 PM,144,46,98
10/23/2017 08:00:00 PM,81,32,49
10/23/2017 09:00:00 PM,46,15,31
10/23/2017 10:00:00 PM,30,11,19
10/23/2017 11:00:00 PM,56,42,14
10/24/2017 12:00:00 AM,8,1,7
10/24/2017 01:00:00 AM,1,1,0
10/24/2017 02:00:00 AM,4,2,2
10/24/2017 03:00:00 AM,3,2,1
10/24/2017 04:00:00 AM,13,5,8
10/24/2017 05:00:00 AM,33,21,12
10/24/2017 06:00:00 AM,138,81,57
10/24/2017 07:00:00 AM,421,216,205
10/24/2017 08:00:00 AM,609,328,281
10/24/2017 09:00:00 AM,311,150,161
10/24/2017 10:00:00 AM,122,52,70
10/24/2017 11:00:00 AM,83,33,50
10/24/2017 12:00:00 PM,109,60,49
10/24/2017 01:00:00 PM,100,42,58
10/24/2017 02:00:00 PM,125,56,69
10/24/2017 03:00:00 PM,179,61,118
10/24/2017 04:00:00 PM,356,112,244
10/24/2017 05:00:00 PM,711,141,570
10/24/2017 06:00:00 PM,445,149,296
10/24/2017 07:00:00 PM,178,54,124
10/24/2017 08:00:00 PM,81,23,58
10/24/2017 09:00:00 PM,62,31,31
10/24/2017 10:00:00 PM,43,20,23
10/24/2017 11:00:00 PM,16,9,7
10/25/2017 12:00:00 AM,10,2,8
10/25/2017 01:00:00 AM,2,1,1
10/25/2017 02:00:00 AM,2,1,1
10/25/2017 03:00:00 AM,3,2,1
10/25/2017 04:00:00 AM,9,3,6
10/25/2017 05:00:00 AM,36,24,12
10/25/2017 06:00:00 AM,134,76,58
10/25/2017 07:00:00 AM,396,206,190
10/25/2017 08:00:00 AM,495,266,229
10/25/2017 09:00:00 AM,282,149,133
10/25/2017 10:00:00 AM,87,38,49
10/25/2017 11:00:00 AM,70,27,43
10/25/2017 12:00:00 PM,65,38,27
10/25/2017 01:00:00 PM,54,27,27
10/25/2017 02:00:00 PM,89,37,52
10/25/2017 03:00:00 PM,104,37,67
10/25/2017 04:00:00 PM,284,74,210
10/25/2017 05:00:00 PM,602,128,474
10/25/2017 06:00:00 PM,358,99,259
10/25/2017 07:00:00 PM,149,46,103
10/25/2017 08:00:00 PM,95,38,57
10/25/2017 09:00:00 PM,59,19,40
10/25/2017 10:00:00 PM,31,7,24
10/25/2017 11:00:00 PM,16,3,13
10/26/2017 12:00:00 AM,12,6,6
10/26/2017 01:00:00 AM,8,6,2
10/26/2017 02:00:00 AM,1,0,1
10/26/2017 03:00:00 AM,2,1,1
10/26/2017 04:00:00 AM,11,7,4
10/26/2017 05:00:00 AM,27,17,10
10/26/2017 06:00:00 AM,139,74,65
10/26/2017 07:00:00 AM,347,196,151
10/26/2017 08:00:00 AM,503,289,214
10/26/2017 09:00:00 AM,292,140,152
10/26/2017 10:00:00 AM,96,54,42
10/26/2017 11:00:00 AM,84,38,46
10/26/2017 12:00:00 PM,66,34,32
10/26/2017 01:00:00 PM,74,41,33
10/26/2017 02:00:00 PM,84,31,53
10/26/2017 03:00:00 PM,152,60,92
10/26/2017 04:00:00 PM,293,95,198
10/26/2017 05:00:00 PM,595,140,455
10/26/2017 06:00:00 PM,395,120,275
10/26/2017 07:00:00 PM,143,40,103
10/26/2017 08:00:00 PM,93,33,60
10/26/2017 09:00:00 PM,66,19,47
10/26/2017 10:00:00 PM,34,14,20
10/26/2017 11:00:00 PM,32,11,21
10/27/2017 12:00:00 AM,8,3,5
10/27/2017 01:00:00 AM,7,3,4
10/27/2017 02:00:00 AM,1,0,1
10/27/2017 03:00:00 AM,2,1,1
10/27/2017 04:00:00 AM,10,3,7
10/27/2017 05:00:00 AM,30,17,13
10/27/2017 06:00:00 AM,115,65,50
10/27/2017 07:00:00 AM,323,167,156
10/27/2017 08:00:00 AM,491,265,226
10/27/2017 09:00:00 AM,234,109,125
10/27/2017 10:00:00 AM,138,65,73
10/27/2017 11:00:00 AM,75,34,41
10/27/2017 12:00:00 PM,102,55,47
10/27/2017 01:00:00 PM,121,65,56
10/27/2017 02:00:00 PM,141,62,79
10/27/2017 03:00:00 PM,204,79,125
10/27/2017 04:00:00 PM,369,109,260
10/27/2017 05:00:00 PM,567,141,426
10/27/2017 06:00:00 PM,308,85,223
10/27/2017 07:00:00 PM,103,25,78
10/27/2017 08:00:00 PM,65,23,42
10/27/2017 09:00:00 PM,50,24,26
10/27/2017 10:00:00 PM,27,12,15
10/27/2017 11:00:00 PM,29,12,17
10/28/2017 12:00:00 AM,16,8,8
10/28/2017 01:00:00 AM,9,5,4
10/28/2017 02:00:00 AM,7,0,7
10/28/2017 03:00:00 AM,8,4,4
10/28/2017 04:00:00 AM,4,3,1
10/28/2017 05:00:00 AM,11,3,8
10/28/2017 06:00:00 AM,17,11,6
10/28/2017 07:00:00 AM,36,10,26
10/28/2017 08:00:00 AM,62,20,42
10/28/2017 09:00:00 AM,99,54,45
10/28/2017 10:00:00 AM,117,58,59
10/28/2017 11:00:00 AM,138,51,87
10/28/2017 12:00:00 PM,161,83,78
10/28/2017 01:00:00 PM,176,84,92
10/28/2017 02:00:00 PM,161,79,82
10/28/2017 03:00:00 PM,213,121,92
10/28/2017 04:00:00 PM,206,107,99
10/28/2017 05:00:00 PM,146,90,56
10/28/2017 06:00:00 PM,91,58,33
10/28/2017 07:00:00 PM,39,19,20
10/28/2017 08:00:00 PM,28,9,19
10/28/2017 09:00:00 PM,27,12,15
10/28/2017 10:00:00 PM,20,10,10
10/28/2017 11:00:00 PM,22,7,15
10/29/2017 12:00:00 AM,8,5,3
10/29/2017 01:00:00 AM,7,5,2
10/29/2017 02:00:00 AM,9,4,5
10/29/2017 03:00:00 AM,3,1,2
10/29/2017 04:00:00 AM,3,2,1
10/29/2017 05:00:00 AM,5,5,0
10/29/2017 06:00:00 AM,10,5,5
10/29/2017 07:00:00 AM,22,16,6
10/29/2017 08:00:00 AM,47,20,27
10/29/2017 09:00:00 AM,55,28,27
10/29/2017 10:00:00 AM,79,41,38
10/29/2017 11:00:00 AM,80,37,43
10/29/2017 12:00:00 PM,89,46,43
10/29/2017 01:00:00 PM,100,57,43
10/29/2017 02:00:00 PM,152,80,72
10/29/2017 03:00:00 PM,152,84,68
10/29/2017 04:00:00 PM,124,50,74
10/29/2017 05:00:00 PM,123,59,64
10/29/2017 06:00:00 PM,62,30,32
10/29/2017 07:00:00 PM,25,13,12
10/29/2017 08:00:00 PM,27,7,20
10/29/2017 09:00:00 PM,17,5,12
10/29/2017 10:00:00 PM,10,4,6
10/29/2017 11:00:00 PM,9,2,7
10/30/2017 12:00:00 AM,5,1,4
10/30/2017 01:00:00 AM,1,0,1
10/30/2017 02:00:00 AM,2,0,2
10/30/2017 03:00:00 AM,2,1,1
10/30/2017 04:00:00 AM,8,2,6
10/30/2017 05:00:00 AM,35,18,17
10/30/2017 06:00:00 AM,142,82,60
10/30/2017 07:00:00 AM,377,199,178
10/30/2017 08:00:00 AM,595,312,283
10/30/2017 09:00:00 AM,337,159,178
10/30/2017 10:00:00 AM,122,57,65
10/30/2017 11:00:00 AM,79,39,40
10/30/2017 12:00:00 PM,84,36,48
10/30/2017 01:00:00 PM,102,53,49
10/30/2017 02:00:00 PM,83,34,49
10/30/2017 03:00:00 PM,170,68,102
10/30/2017 04:00:00 PM,327,108,219
10/30/2017 05:00:00 PM,709,156,553
10/30/2017 06:00:00 PM,415,118,297
10/30/2017 07:00:00 PM,173,46,127
10/30/2017 08:00:00 PM,72,30,42
10/30/2017 09:00:00 PM,61,18,43
10/30/2017 10:00:00 PM,28,10,18
10/30/2017 11:00:00 PM,15,5,10
10/31/2017 12:00:00 AM,7,3,4
10/31/2017 01:00:00 AM,7,2,5
10/31/2017 02:00:00 AM,1,1,0
10/31/2017 03:00:00 AM,5,2,3
10/31/2017 04:00:00 AM,12,4,8
10/31/2017 05:00:00 AM,39,22,17
10/31/2017 06:00:00 AM,131,74,57
10/31/2017 07:00:00 AM,404,222,182
10/31/2017 08:00:00 AM,581,292,289
10/31/2017 09:00:00 AM,278,134,144
10/31/2017 10:00:00 AM,117,60,57
10/31/2017 11:00:00 AM,79,41,38
10/31/2017 12:00:00 PM,96,50,46
10/31/2017 01:00:00 PM,134,62,72
10/31/2017 02:00:00 PM,101,45,56
10/31/2017 03:00:00 PM,179,63,116
10/31/2017 04:00:00 PM,407,110,297
10/31/2017 05:00:00 PM,679,148,531
10/31/2017 06:00:00 PM,324,102,222
10/31/2017 07:00:00 PM,116,39,77
10/31/2017 08:00:00 PM,72,31,41
10/31/2017 09:00:00 PM,32,13,19
10/31/2017 10:00:00 PM,40,17,23
10/31/2017 11:00:00 PM,23,8,15
11/01/2017 12:00:00 AM,6,1,5
11/01/2017 01:00:00 AM,14,6,8
11/01/2017 02:00:00 AM,3,0,3
11/01/2017 03:00:00 AM,3,0,3
11/01/2017 04:00:00 AM,10,4,6
11/01/2017 05:00:00 AM,32,19,13
11/01/2017 06:00:00 AM,126,66,60
11/01/2017 07:00:00 AM,370,193,177
11/01/2017 08:00:00 AM,516,276,240
11/01/2017 09:00:00 AM,257,126,131
11/01/2017 10:00:00 AM,104,40,64
11/01/2017 11:00:00 AM,57,28,29
11/01/2017 12:00:00 PM,55,21,34
11/01/2017 01:00:00 PM,64,25,39
11/01/2017 02:00:00 PM,77,36,41
11/01/2017 03:00:00 PM,118,47,71
11/01/2017 04:00:00 PM,289,88,201
11/01/2017 05:00:00 PM,566,131,435
11/01/2017 06:00:00 PM,356,107,249
11/01/2017 07:00:00 PM,131,40,91
11/01/2017 08:00:00 PM,88,26,62
11/01/2017 09:00:00 PM,66,30,36
11/01/2017 10:00:00 PM,34,17,17
11/01/2017 11:00:00 PM,16,4,12
11/02/2017 12:00:00 AM,11,3,8
11/02/2017 01:00:00 AM,7,1,6
11/02/2017 02:00:00 AM,5,2,3
11/02/2017 03:00:00 AM,4,2,2
11/02/2017 04:00:00 AM,8,4,4
11/02/2017 05:00:00 AM,29,20,9
11/02/2017 06:00:00 AM,122,58,64
11/02/2017 07:00:00 AM,294,150,144
11/02/2017 08:00:00 AM,475,257,218
11/02/2017 09:00:00 AM,239,115,124
11/02/2017 10:00:00 AM,79,31,48
11/02/2017 11:00:00 AM,58,26,32
11/02/2017 12:00:00 PM,37,18,19
11/02/2017 01:00:00 PM,39,16,23
11/02/2017 02:00:00 PM,56,20,36
11/02/2017 03:00:00 PM,103,36,67
11/02/2017 04:00:00 PM,222,63,159
11/02/2017 05:00:00 PM,498,124,374
11/02/2017 06:00:00 PM,293,72,221
11/02/2017 07:00:00 PM,139,43,96
11/02/2017 08:00:00 PM,56,23,33
11/02/2017 09:00:00 PM,42,8,34
11/02/2017 10:00:00 PM,39,10,29
11/02/2017 11:00:00 PM,14,5,9
11/03/2017 12:00:00 AM,5,2,3
11/03/2017 01:00:00 AM,4,1,3
11/03/2017 02:00:00 AM,2,1,1
11/03/2017 03:00:00 AM,1,1,0
11/03/2017 04:00:00 AM,5,2,3
11/03/2017 05:00:00 AM,16,8,8
11/03/2017 06:00:00 AM,67,38,29
11/03/2017 07:00:00 AM,209,120,89
11/03/2017 08:00:00 AM,332,170,162
11/03/2017 09:00:00 AM,188,93,95
11/03/2017 10:00:00 AM,71,32,39
11/03/2017 11:00:00 AM,44,20,24
11/03/2017 12:00:00 PM,40,20,20
11/03/2017 01:00:00 PM,42,17,25
11/03/2017 02:00:00 PM,43,25,18
11/03/2017 03:00:00 PM,81,25,56
11/03/2017 04:00:00 PM,163,49,114
11/03/2017 05:00:00 PM,350,76,274
11/03/2017 06:00:00 PM,189,56,133
11/03/2017 07:00:00 PM,59,16,43
11/03/2017 08:00:00 PM,42,17,25
11/03/2017 09:00:00 PM,22,10,12
11/03/2017 10:00:00 PM,10,6,4
11/03/2017 11:00:00 PM,14,8,6
11/04/2017 12:00:00 AM,13,6,7
11/04/2017 01:00:00 AM,4,2,2
11/04/2017 02:00:00 AM,2,0,2
11/04/2017 03:00:00 AM,2,1,1
11/04/2017 04:00:00 AM,3,2,1
11/04/2017 05:00:00 AM,1,1,0
11/04/2017 06:00:00 AM,11,6,5
11/04/2017 07:00:00 AM,16,7,9
11/04/2017 08:00:00 AM,42,21,21
11/04/2017 09:00:00 AM,43,25,18
11/04/2017 10:00:00 AM,62,39,23
11/04/2017 11:00:00 AM,82,40,42
11/04/2017 12:00:00 PM,89,51,38
11/04/2017 01:00:00 PM,87,48,39
11/04/2017 02:00:00 PM,59,30,29
11/04/2017 03:00:00 PM,51,30,21
11/04/2017 04:00:00 PM,60,31,29
11/04/2017 05:00:00 PM,41,20,21
11/04/2017 06:00:00 PM,19,8,11
11/04/2017 07:00:00 PM,17,7,10
11/04/2017 08:00:00 PM,17,11,6
11/04/2017 09:00:00 PM,15,6,9
11/04/2017 10:00:00 PM,17,8,9
11/04/2017 11:00:00 PM,12,7,5
11/05/2017 12:00:00 AM,3,0,3
11/05/2017 01:00:00 AM,4,3,1
11/05/2017 02:00:00 AM,1,1,0
11/05/2017 03:00:00 AM,3,1,2
11/05/2017 04:00:00 AM,3,2,1
11/05/2017 05:00:00 AM,4,2,2
11/05/2017 06:00:00 AM,4,2,2
11/05/2017 07:00:00 AM,8,4,4
11/05/2017 08:00:00 AM,13,7,6
11/05/2017 09:00:00 AM,25,14,11
11/05/2017 10:00:00 AM,20,8,12
11/05/2017 11:00:00 AM,21,12,9
11/05/2017 12:00:00 PM,20,10,10
11/05/2017 01:00:00 PM,22,6,16
11/05/2017 02:00:00 PM,25,11,14
11/05/2017 03:00:00 PM,15,8,7
11/05/2017 04:00:00 PM,26,14,12
11/05/2017 05:00:00 PM,29,16,13
11/05/2017 06:00:00 PM,21,12,9
11/05/2017 07:00:00 PM,9,4,5
11/05/2017 08:00:00 PM,9,2,7
11/05/2017 09:00:00 PM,14,8,6
11/05/2017 10:00:00 PM,8,3,5
11/05/2017 11:00:00 PM,8,4,4
11/06/2017 12:00:00 AM,2,2,0
11/06/2017 01:00:00 AM,0,0,0
11/06/2017 02:00:00 AM,1,0,1
11/06/2017 03:00:00 AM,0,0,0
11/06/2017 04:00:00 AM,0,0,0
11/06/2017 05:00:00 AM,29,19,10
11/06/2017 06:00:00 AM,119,69,50
11/06/2017 07:00:00 AM,377,210,167
11/06/2017 08:00:00 AM,480,259,221
11/06/2017 09:00:00 AM,250,120,130
11/06/2017 10:00:00 AM,86,37,49
11/06/2017 11:00:00 AM,65,26,39
11/06/2017 12:00:00 PM,68,30,38
11/06/2017 01:00:00 PM,101,46,55
11/06/2017 02:00:00 PM,81,42,39
11/06/2017 03:00:00 PM,138,49,89
11/06/2017 04:00:00 PM,263,69,194
11/06/2017 05:00:00 PM,557,104,453
11/06/2017 06:00:00 PM,346,100,246
11/06/2017 07:00:00 PM,122,35,87
11/06/2017 08:00:00 PM,60,14,46
11/06/2017 09:00:00 PM,43,16,27
11/06/2017 10:00:00 PM,23,11,12
11/06/2017 11:00:00 PM,11,5,6
11/07/2017 12:00:00 AM,5,3,2
11/07/2017 01:00:00 AM,3,0,3
11/07/2017 02:00:00 AM,2,0,2
11/07/2017 03:00:00 AM,1,0,1
11/07/2017 04:00:00 AM,9,4,5
11/07/2017 05:00:00 AM,36,21,15
11/07/2017 06:00:00 AM,154,77,77
11/07/2017 07:00:00 AM,372,201,171
11/07/2017 08:00:00 AM,477,267,210
11/07/2017 09:00:00 AM,241,115,126
11/07/2017 10:00:00 AM,94,43,51
11/07/2017 11:00:00 AM,71,31,40
11/07/2017 12:00:00 PM,62,32,30
11/07/2017 01:00:00 PM,65,30,35
11/07/2017 02:00:00 PM,73,34,39
11/07/2017 03:00:00 PM,115,44,71
11/07/2017 04:00:00 PM,293,80,213
11/07/2017 05:00:00 PM,539,115,424
11/07/2017 06:00:00 PM,341,92,249
11/07/2017 07:00:00 PM,151,47,104
11/07/2017 08:00:00 PM,73,20,53
11/07/2017 09:00:00 PM,53,20,33
11/07/2017 10:00:00 PM,27,8,19
11/07/2017 11:00:00 PM,11,4,7
11/08/2017 12:00:00 AM,9,4,5
11/08/2017 01:00:00 AM,2,0,2
11/08/2017 02:00:00 AM,2,0,2
11/08/2017 03:00:00 AM,6,3,3
11/08/2017 04:00:00 AM,5,3,2
11/08/2017 05:00:00 AM,32,20,12
11/08/2017 06:00:00 AM,123,71,52
11/08/2017 07:00:00 AM,357,194,163
11/08/2017 08:00:00 AM,438,226,212
11/08/2017 09:00:00 AM,215,99,116
11/08/2017 10:00:00 AM,88,38,50
11/08/2017 11:00:00 AM,51,28,23
11/08/2017 12:00:00 PM,72,42,30
11/08/2017 01:00:00 PM,67,35,32
11/08/2017 02:00:00 PM,76,32,44
11/08/2017 03:00:00 PM,114,48,66
11/08/2017 04:00:00 PM,228,58,170
11/08/2017 05:00:00 PM,442,94,348
11/08/2017 06:00:00 PM,274,79,195
11/08/2017 07:00:00 PM,127,28,99
11/08/2017 08:00:00 PM,78,18,60
11/08/2017 09:00:00 PM,41,15,26
11/08/2017 10:00:00 PM,17,3,14
11/08/2017 11:00:00 PM,15,4,11
11/09/2017 12:00:00 AM,10,4,6
11/09/2017 01:00:00 AM,2,2,0
11/09/2017 02:00:00 AM,0,0,0
11/09/2017 03:00:00 AM,3,1,2
11/09/2017 04:00:00 AM,3,2,1
11/09/2017 05:00:00 AM,28,19,9
11/09/2017 06:00:00 AM,95,50,45
11/09/2017 07:00:00 AM,263,140,123
11/09/2017 08:00:00 AM,335,197,138
11/09/2017 09:00:00 AM,211,111,100
11/09/2017 10:00:00 AM,69,36,33
11/09/2017 11:00:00 AM,37,17,20
11/09/2017 12:00:00 PM,25,16,9
11/09/2017 01:00:00 PM,34,12,22
11/09/2017 02:00:00 PM,39,21,18
11/09/2017 03:00:00 PM,77,32,45
11/09/2017 04:00:00 PM,187,49,138
11/09/2017 05:00:00 PM,404,83,321
11/09/2017 06:00:00 PM,224,51,173
11/09/2017 07:00:00 PM,125,39,86
11/09/2017 08:00:00 PM,58,25,33
11/09/2017 09:00:00 PM,45,17,28
11/09/2017 10:00:00 PM,33,7,26
11/09/2017 11:00:00 PM,19,4,15
11/10/2017 12:00:00 AM,12,6,6
11/10/2017 01:00:00 AM,3,2,1
11/10/2017 02:00:00 AM,6,2,4
11/10/2017 03:00:00 AM,4,3,1
11/10/2017 04:00:00 AM,7,2,5
11/10/2017 05:00:00 AM,16,12,4
11/10/2017 06:00:00 AM,63,34,29
11/10/2017 07:00:00 AM,204,105,99
11/10/2017 08:00:00 AM,320,172,148
11/10/2017 09:00:00 AM,176,82,94
11/10/2017 10:00:00 AM,86,39,47
11/10/2017 11:00:00 AM,78,40,38
11/10/2017 12:00:00 PM,77,31,46
11/10/2017 01:00:00 PM,116,57,59
11/10/2017 02:00:00 PM,119,56,63
11/10/2017 03:00:00 PM,173,73,100
11/10/2017 04:00:00 PM,239,64,175
11/10/2017 05:00:00 PM,326,79,247
11/10/2017 06:00:00 PM,186,45,141
11/10/2017 07:00:00 PM,85,26,59
11/10/2017 08:00:00 PM,35,13,22
11/10/2017 09:00:00 PM,31,6,25
11/10/2017 10:00:00 PM,23,8,15
11/10/2017 11:00:00 PM,23,10,13
11/11/2017 12:00:00 AM,10,2,8
11/11/2017 01:00:00 AM,10,5,5
11/11/2017 02:00:00 AM,4,2,2
11/11/2017 03:00:00 AM,0,0,0
11/11/2017 04:00:00 AM,3,2,1
11/11/2017 05:00:00 AM,2,0,2
11/11/2017 06:00:00 AM,8,4,4
11/11/2017 07:00:00 AM,23,12,11
11/11/2017 08:00:00 AM,60,25,35
11/11/2017 09:00:00 AM,53,27,26
11/11/2017 10:00:00 AM,47,26,21
11/11/2017 11:00:00 AM,53,33,20
11/11/2017 12:00:00 PM,39,19,20
11/11/2017 01:00:00 PM,30,14,16
11/11/2017 02:00:00 PM,38,13,25
11/11/2017 03:00:00 PM,72,28,44
11/11/2017 04:00:00 PM,41,20,21
11/11/2017 05:00:00 PM,26,11,15
11/11/2017 06:00:00 PM,41,22,19
11/11/2017 07:00:00 PM,18,11,7
11/11/2017 08:00:00 PM,27,11,16
11/11/2017 09:00:00 PM,13,5,8
11/11/2017 10:00:00 PM,20,4,16
11/11/2017 11:00:00 PM,13,7,6
11/12/2017 12:00:00 AM,17,9,8
11/12/2017 01:00:00 AM,5,4,1
11/12/2017 02:00:00 AM,3,1,2
11/12/2017 03:00:00 AM,0,0,0
11/12/2017 04:00:00 AM,3,2,1
11/12/2017 05:00:00 AM,3,3,0
11/12/2017 06:00:00 AM,5,3,2
11/12/2017 07:00:00 AM,5,1,4
11/12/2017 08:00:00 AM,21,12,9
11/12/2017 09:00:00 AM,33,21,12
11/12/2017 10:00:00 AM,45,23,22
11/12/2017 11:00:00 AM,83,43,40
11/12/2017 12:00:00 PM,64,35,29
11/12/2017 01:00:00 PM,82,42,40
11/12/2017 02:00:00 PM,47,27,20
11/12/2017 03:00:00 PM,32,18,14
11/12/2017 04:00:00 PM,35,18,17
11/12/2017 05:00:00 PM,31,14,17
11/12/2017 06:00:00 PM,18,8,10
11/12/2017 07:00:00 PM,14,5,9
11/12/2017 08:00:00 PM,13,6,7
11/12/2017 09:00:00 PM,7,3,4
11/12/2017 10:00:00 PM,4,2,2
11/12/2017 11:00:00 PM,9,1,8
11/13/2017 12:00:00 AM,1,1,0
11/13/2017 01:00:00 AM,2,0,2
11/13/2017 02:00:00 AM,0,0,0
11/13/2017 03:00:00 AM,1,0,1
11/13/2017 04:00:00 AM,3,1,2
11/13/2017 05:00:00 AM,24,12,12
11/13/2017 06:00:00 AM,87,56,31
11/13/2017 07:00:00 AM,246,126,120
11/13/2017 08:00:00 AM,386,211,175
11/13/2017 09:00:00 AM,184,92,92
11/13/2017 10:00:00 AM,70,30,40
11/13/2017 11:00:00 AM,41,20,21
11/13/2017 12:00:00 PM,42,21,21
11/13/2017 01:00:00 PM,48,24,24
11/13/2017 02:00:00 PM,52,30,22
11/13/2017 03:00:00 PM,83,21,62
11/13/2017 04:00:00 PM,140,33,107
11/13/2017 05:00:00 PM,322,48,274
11/13/2017 06:00:00 PM,188,53,135
11/13/2017 07:00:00 PM,66,16,50
11/13/2017 08:00:00 PM,41,11,30
11/13/2017 09:00:00 PM,27,12,15
11/13/2017 10:00:00 PM,14,6,8
11/13/2017 11:00:00 PM,9,4,5
11/14/2017 12:00:00 AM,5,1,4
11/14/2017 01:00:00 AM,2,0,2
11/14/2017 02:00:00 AM,3,1,2
11/14/2017 03:00:00 AM,3,0,3
11/14/2017 04:00:00 AM,7,3,4
11/14/2017 05:00:00 AM,20,16,4
11/14/2017 06:00:00 AM,88,47,41
11/14/2017 07:00:00 AM,260,129,131
11/14/2017 08:00:00 AM,397,210,187
11/14/2017 09:00:00 AM,181,79,102
11/14/2017 10:00:00 AM,73,38,35
11/14/2017 11:00:00 AM,44,22,22
11/14/2017 12:00:00 PM,50,25,25
11/14/2017 01:00:00 PM,47,15,32
11/14/2017 02:00:00 PM,51,24,27
11/14/2017 03:00:00 PM,89,30,59
11/14/2017 04:00:00 PM,199,52,147
11/14/2017 05:00:00 PM,422,95,327
11/14/2017 06:00:00 PM,261,67,194
11/14/2017 07:00:00 PM,128,40,88
11/14/2017 08:00:00 PM,73,22,51
11/14/2017 09:00:00 PM,43,18,25
11/14/2017 10:00:00 PM,26,16,10
11/14/2017 11:00:00 PM,10,4,6
11/15/2017 12:00:00 AM,5,1,4
11/15/2017 01:00:00 AM,0,0,0
11/15/2017 02:00:00 AM,3,2,1
11/15/2017 03:00:00 AM,1,1,0
11/15/2017 04:00:00 AM,8,4,4
11/15/2017 05:00:00 AM,28,19,9
11/15/2017 06:00:00 AM,87,48,39
11/15/2017 07:00:00 AM,229,123,106
11/15/2017 08:00:00 AM,277,138,139
11/15/2017 09:00:00 AM,171,80,91
11/15/2017 10:00:00 AM,82,41,41
11/15/2017 11:00:00 AM,28,15,13
11/15/2017 12:00:00 PM,45,23,22
11/15/2017 01:00:00 PM,41,19,22
11/15/2017 02:00:00 PM,49,26,23
11/15/2017 03:00:00 PM,84,34,50
11/15/2017 04:00:00 PM,187,56,131
11/15/2017 05:00:00 PM,391,94,297
11/15/2017 06:00:00 PM,250,68,182
11/15/2017 07:00:00 PM,105,36,69
11/15/2017 08:00:00 PM,75,21,54
11/15/2017 09:00:00 PM,33,13,20
11/15/2017 10:00:00 PM,21,9,12
11/15/2017 11:00:00 PM,15,4,11
11/16/2017 12:00:00 AM,7,0,7
11/16/2017 01:00:00 AM,1,0,1
11/16/2017 02:00:00 AM,2,0,2
11/16/2017 03:00:00 AM,3,2,1
11/16/2017 04:00:00 AM,6,2,4
11/16/2017 05:00:00 AM,34,22,12
11/16/2017 06:00:00 AM,99,52,47
11/16/2017 07:00:00 AM,316,162,154
11/16/2017 08:00:00 AM,371,194,177
11/16/2017 09:00:00 AM,207,103,104
11/16/2017 10:00:00 AM,73,33,40
11/16/2017 11:00:00 AM,47,22,25
11/16/2017 12:00:00 PM,28,12,16
11/16/2017 01:00:00 PM,37,16,21
11/16/2017 02:00:00 PM,57,23,34
11/16/2017 03:00:00 PM,78,27,51
11/16/2017 04:00:00 PM,209,59,150
11/16/2017 05:00:00 PM,429,81,348
11/16/2017 06:00:00 PM,278,72,206
11/16/2017 07:00:00 PM,122,28,94
11/16/2017 08:00:00 PM,59,20,39
11/16/2017 09:00:00 PM,49,19,30
11/16/2017 10:00:00 PM,26,12,14
11/16/2017 11:00:00 PM,16,7,9
11/17/2017 12:00:00 AM,9,1,8
11/17/2017 01:00:00 AM,2,1,1
11/17/2017 02:00:00 AM,1,0,1
11/17/2017 03:00:00 AM,4,3,1
11/17/2017 04:00:00 AM,9,5,4
11/17/2017 05:00:00 AM,24,17,7
11/17/2017 06:00:00 AM,106,46,60
11/17/2017 07:00:00 AM,279,150,129
11/17/2017 08:00:00 AM,389,205,184
11/17/2017 09:00:00 AM,207,102,105
11/17/2017 10:00:00 AM,99,49,50
11/17/2017 11:00:00 AM,74,39,35
11/17/2017 12:00:00 PM,83,36,47
11/17/2017 01:00:00 PM,94,45,49
11/17/2017 02:00:00 PM,107,46,61
11/17/2017 03:00:00 PM,126,52,74
11/17/2017 04:00:00 PM,247,58,189
11/17/2017 05:00:00 PM,423,100,323
11/17/2017 06:00:00 PM,230,57,173
11/17/2017 07:00:00 PM,102,22,80
11/17/2017 08:00:00 PM,52,15,37
11/17/2017 09:00:00 PM,38,15,23
11/17/2017 10:00:00 PM,36,13,23
11/17/2017 11:00:00 PM,20,10,10
11/18/2017 12:00:00 AM,27,10,17
11/18/2017 01:00:00 AM,10,5,5
11/18/2017 02:00:00 AM,7,5,2
11/18/2017 03:00:00 AM,1,1,0
11/18/2017 04:00:00 AM,7,4,3
11/18/2017 05:00:00 AM,6,2,4
11/18/2017 06:00:00 AM,13,7,6
11/18/2017 07:00:00 AM,28,11,17
11/18/2017 08:00:00 AM,77,35,42
11/18/2017 09:00:00 AM,97,53,44
11/18/2017 10:00:00 AM,89,53,36
11/18/2017 11:00:00 AM,91,52,39
11/18/2017 12:00:00 PM,132,61,71
11/18/2017 01:00:00 PM,167,76,91
11/18/2017 02:00:00 PM,188,88,100
11/18/2017 03:00:00 PM,148,73,75
11/18/2017 04:00:00 PM,114,61,53
11/18/2017 05:00:00 PM,78,33,45
11/18/2017 06:00:00 PM,62,28,34
11/18/2017 07:00:00 PM,30,10,20
11/18/2017 08:00:00 PM,21,5,16
11/18/2017 09:00:00 PM,31,12,19
11/18/2017 10:00:00 PM,19,6,13
11/18/2017 11:00:00 PM,37,18,19
11/19/2017 12:00:00 AM,22,10,12
11/19/2017 01:00:00 AM,11,7,4
11/19/2017 02:00:00 AM,9,6,3
11/19/2017 03:00:00 AM,1,1,0
11/19/2017 04:00:00 AM,3,1,2
11/19/2017 05:00:00 AM,4,4,0
11/19/2017 06:00:00 AM,8,3,5
11/19/2017 07:00:00 AM,20,10,10
11/19/2017 08:00:00 AM,53,26,27
11/19/2017 09:00:00 AM,60,19,41
11/19/2017 10:00:00 AM,75,43,32
11/19/2017 11:00:00 AM,77,53,24
11/19/2017 12:00:00 PM,77,47,30
11/19/2017 01:00:00 PM,79,41,38
11/19/2017 02:00:00 PM,61,24,37
11/19/2017 03:00:00 PM,39,17,22
11/19/2017 04:00:00 PM,27,14,13
11/19/2017 05:00:00 PM,17,11,6
11/19/2017 06:00:00 PM,19,10,9
11/19/2017 07:00:00 PM,16,8,8
11/19/2017 08:00:00 PM,7,4,3
11/19/2017 09:00:00 PM,8,5,3
11/19/2017 10:00:00 PM,6,5,1
11/19/2017 11:00:00 PM,5,3,2
11/20/2017 12:00:00 AM,3,1,2
11/20/2017 01:00:00 AM,2,1,1
11/20/2017 02:00:00 AM,1,0,1
11/20/2017 03:00:00 AM,1,1,0
11/20/2017 04:00:00 AM,8,5,3
11/20/2017 05:00:00 AM,26,15,11
11/20/2017 06:00:00 AM,89,51,38
11/20/2017 07:00:00 AM,191,110,81
11/20/2017 08:00:00 AM,263,146,117
11/20/2017 09:00:00 AM,164,83,81
11/20/2017 10:00:00 AM,65,27,38
11/20/2017 11:00:00 AM,43,17,26
11/20/2017 12:00:00 PM,49,24,25
11/20/2017 01:00:00 PM,51,28,23
11/20/2017 02:00:00 PM,39,19,20
11/20/2017 03:00:00 PM,73,21,52
11/20/2017 04:00:00 PM,162,41,121
11/20/2017 05:00:00 PM,339,67,272
11/20/2017 06:00:00 PM,217,47,170
11/20/2017 07:00:00 PM,107,32,75
11/20/2017 08:00:00 PM,37,13,24
11/20/2017 09:00:00 PM,28,9,19
11/20/2017 10:00:00 PM,24,11,13
11/20/2017 11:00:00 PM,6,1,5
11/21/2017 12:00:00 AM,7,1,6
11/21/2017 01:00:00 AM,3,3,0
11/21/2017 02:00:00 AM,1,0,1
11/21/2017 03:00:00 AM,2,2,0
11/21/2017 04:00:00 AM,10,3,7
11/21/2017 05:00:00 AM,28,17,11
11/21/2017 06:00:00 AM,68,33,35
11/21/2017 07:00:00 AM,184,95,89
11/21/2017 08:00:00 AM,253,137,116
11/21/2017 09:00:00 AM,146,65,81
11/21/2017 10:00:00 AM,37,15,22
11/21/2017 11:00:00 AM,30,11,19
11/21/2017 12:00:00 PM,24,11,13
11/21/2017 01:00:00 PM,35,13,22
11/21/2017 02:00:00 PM,35,18,17
11/21/2017 03:00:00 PM,54,22,32
11/21/2017 04:00:00 PM,139,43,96
11/21/2017 05:00:00 PM,310,48,262
11/21/2017 06:00:00 PM,188,49,139
11/21/2017 07:00:00 PM,84,26,58
11/21/2017 08:00:00 PM,33,11,22
11/21/2017 09:00:00 PM,20,10,10
11/21/2017 10:00:00 PM,12,6,6
11/21/2017 11:00:00 PM,4,2,2
11/22/2017 12:00:00 AM,3,0,3
11/22/2017 01:00:00 AM,2,1,1
11/22/2017 02:00:00 AM,3,1,2
11/22/2017 03:00:00 AM,3,2,1
11/22/2017 04:00:00 AM,5,2,3
11/22/2017 05:00:00 AM,23,11,12
11/22/2017 06:00:00 AM,69,41,28
11/22/2017 07:00:00 AM,200,103,97
11/22/2017 08:00:00 AM,255,138,117
11/22/2017 09:00:00 AM,152,71,81
11/22/2017 10:00:00 AM,77,45,32
11/22/2017 11:00:00 AM,55,27,28
11/22/2017 12:00:00 PM,58,18,40
11/22/2017 01:00:00 PM,73,28,45
11/22/2017 02:00:00 PM,114,42,72
11/22/2017 03:00:00 PM,151,46,105
11/22/2017 04:00:00 PM,215,67,148
11/22/2017 05:00:00 PM,229,59,170
11/22/2017 06:00:00 PM,115,46,69
11/22/2017 07:00:00 PM,57,25,32
11/22/2017 08:00:00 PM,34,16,18
11/22/2017 09:00:00 PM,17,4,13
11/22/2017 10:00:00 PM,6,1,5
11/22/2017 11:00:00 PM,6,4,2
11/23/2017 12:00:00 AM,3,1,2
11/23/2017 01:00:00 AM,4,2,2
11/23/2017 02:00:00 AM,8,5,3
11/23/2017 03:00:00 AM,4,3,1
11/23/2017 04:00:00 AM,1,0,1
11/23/2017 05:00:00 AM,2,1,1
11/23/2017 06:00:00 AM,7,3,4
11/23/2017 07:00:00 AM,11,8,3
11/23/2017 08:00:00 AM,23,10,13
11/23/2017 09:00:00 AM,25,13,12
11/23/2017 10:00:00 AM,26,14,12
11/23/2017 11:00:00 AM,35,14,21
11/23/2017 12:00:00 PM,16,6,10
11/23/2017 01:00:00 PM,18,12,6
11/23/2017 02:00:00 PM,40,25,15
11/23/2017 03:00:00 PM,29,17,12
11/23/2017 04:00:00 PM,11,4,7
11/23/2017 05:00:00 PM,20,9,11
11/23/2017 06:00:00 PM,12,5,7
11/23/2017 07:00:00 PM,8,1,7
11/23/2017 08:00:00 PM,40,7,33
11/23/2017 09:00:00 PM,14,4,10
11/23/2017 10:00:00 PM,8,3,5
11/23/2017 11:00:00 PM,5,1,4
11/24/2017 12:00:00 AM,9,4,5
11/24/2017 01:00:00 AM,2,1,1
11/24/2017 02:00:00 AM,4,0,4
11/24/2017 03:00:00 AM,0,0,0
11/24/2017 04:00:00 AM,5,2,3
11/24/2017 05:00:00 AM,9,6,3
11/24/2017 06:00:00 AM,23,8,15
11/24/2017 07:00:00 AM,29,12,17
11/24/2017 08:00:00 AM,52,27,25
11/24/2017 09:00:00 AM,56,26,30
11/24/2017 10:00:00 AM,65,34,31
11/24/2017 11:00:00 AM,96,58,38
11/24/2017 12:00:00 PM,69,41,28
11/24/2017 01:00:00 PM,88,58,30
11/24/2017 02:00:00 PM,71,34,37
11/24/2017 03:00:00 PM,74,30,44
11/24/2017 04:00:00 PM,67,27,40
11/24/2017 05:00:00 PM,32,10,22
11/24/2017 06:00:00 PM,37,15,22
11/24/2017 07:00:00 PM,17,8,9
11/24/2017 08:00:00 PM,14,6,8
11/24/2017 09:00:00 PM,29,15,14
11/24/2017 10:00:00 PM,5,2,3
11/24/2017 11:00:00 PM,10,2,8
11/25/2017 12:00:00 AM,8,6,2
11/25/2017 01:00:00 AM,10,7,3
11/25/2017 02:00:00 AM,0,0,0
11/25/2017 03:00:00 AM,1,1,0
11/25/2017 04:00:00 AM,3,2,1
11/25/2017 05:00:00 AM,10,3,7
11/25/2017 06:00:00 AM,11,4,7
11/25/2017 07:00:00 AM,17,12,5
11/25/2017 08:00:00 AM,49,24,25
11/25/2017 09:00:00 AM,53,29,24
11/25/2017 10:00:00 AM,82,49,33
11/25/2017 11:00:00 AM,79,38,41
11/25/2017 12:00:00 PM,101,60,41
11/25/2017 01:00:00 PM,104,45,59
11/25/2017 02:00:00 PM,74,36,38
11/25/2017 03:00:00 PM,73,33,40
11/25/2017 04:00:00 PM,42,14,28
11/25/2017 05:00:00 PM,34,18,16
11/25/2017 06:00:00 PM,17,7,10
11/25/2017 07:00:00 PM,11,4,7
11/25/2017 08:00:00 PM,25,12,13
11/25/2017 09:00:00 PM,21,6,15
11/25/2017 10:00:00 PM,15,6,9
11/25/2017 11:00:00 PM,18,4,14
11/26/2017 12:00:00 AM,5,2,3
11/26/2017 01:00:00 AM,0,0,0
11/26/2017 02:00:00 AM,1,1,0
11/26/2017 03:00:00 AM,2,2,0
11/26/2017 04:00:00 AM,3,1,2
11/26/2017 05:00:00 AM,2,2,0
11/26/2017 06:00:00 AM,9,2,7
11/26/2017 07:00:00 AM,9,7,2
11/26/2017 08:00:00 AM,17,9,8
11/26/2017 09:00:00 AM,28,16,12
11/26/2017 10:00:00 AM,55,26,29
11/26/2017 11:00:00 AM,70,34,36
11/26/2017 12:00:00 PM,50,25,25
11/26/2017 01:00:00 PM,19,8,11
11/26/2017 02:00:00 PM,32,15,17
11/26/2017 03:00:00 PM,22,16,6
11/26/2017 04:00:00 PM,33,16,17
11/26/2017 05:00:00 PM,25,9,16
11/26/2017 06:00:00 PM,17,9,8
11/26/2017 07:00:00 PM,16,6,10
11/26/2017 08:00:00 PM,10,5,5
11/26/2017 09:00:00 PM,8,5,3
11/26/2017 10:00:00 PM,4,2,2
11/26/2017 11:00:00 PM,5,1,4
11/27/2017 12:00:00 AM,1,0,1
11/27/2017 01:00:00 AM,1,0,1
11/27/2017 02:00:00 AM,1,0,1
11/27/2017 03:00:00 AM,0,0,0
11/27/2017 04:00:00 AM,8,3,5
11/27/2017 05:00:00 AM,41,28,13
11/27/2017 06:00:00 AM,124,65,59
11/27/2017 07:00:00 AM,342,200,142
11/27/2017 08:00:00 AM,493,258,235
11/27/2017 09:00:00 AM,199,90,109
11/27/2017 10:00:00 AM,98,45,53
11/27/2017 11:00:00 AM,38,17,21
11/27/2017 12:00:00 PM,57,27,30
11/27/2017 01:00:00 PM,58,26,32
11/27/2017 02:00:00 PM,74,27,47
11/27/2017 03:00:00 PM,112,42,70
11/27/2017 04:00:00 PM,288,73,215
11/27/2017 05:00:00 PM,529,104,425
11/27/2017 06:00:00 PM,339,93,246
11/27/2017 07:00:00 PM,143,45,98
11/27/2017 08:00:00 PM,66,21,45
11/27/2017 09:00:00 PM,47,20,27
11/27/2017 10:00:00 PM,20,5,15
11/27/2017 11:00:00 PM,19,8,11
11/28/2017 12:00:00 AM,5,0,5
11/28/2017 01:00:00 AM,2,0,2
11/28/2017 02:00:00 AM,4,1,3
11/28/2017 03:00:00 AM,2,1,1
11/28/2017 04:00:00 AM,9,5,4
11/28/2017 05:00:00 AM,26,13,13
11/28/2017 06:00:00 AM,96,48,48
11/28/2017 07:00:00 AM,290,157,133
11/28/2017 08:00:00 AM,361,183,178
11/28/2017 09:00:00 AM,184,89,95
11/28/2017 10:00:00 AM,61,26,35
11/28/2017 11:00:00 AM,26,12,14
11/28/2017 12:00:00 PM,36,18,18
11/28/2017 01:00:00 PM,31,9,22
11/28/2017 02:00:00 PM,39,21,18
11/28/2017 03:00:00 PM,75,33,42
11/28/2017 04:00:00 PM,184,49,135
11/28/2017 05:00:00 PM,405,86,319
11/28/2017 06:00:00 PM,284,60,224
11/28/2017 07:00:00 PM,90,27,63
11/28/2017 08:00:00 PM,52,14,38
11/28/2017 09:00:00 PM,41,10,31
11/28/2017 10:00:00 PM,22,8,14
11/28/2017 11:00:00 PM,6,1,5
11/29/2017 12:00:00 AM,7,2,5
11/29/2017 01:00:00 AM,4,2,2
11/29/2017 02:00:00 AM,5,2,3
11/29/2017 03:00:00 AM,4,2,2
11/29/2017 04:00:00 AM,8,2,6
11/29/2017 05:00:00 AM,37,20,17
11/29/2017 06:00:00 AM,134,78,56
11/29/2017 07:00:00 AM,328,187,141
11/29/2017 08:00:00 AM,431,239,192
11/29/2017 09:00:00 AM,260,123,137
11/29/2017 10:00:00 AM,86,35,51
11/29/2017 11:00:00 AM,59,34,25
11/29/2017 12:00:00 PM,65,21,44
11/29/2017 01:00:00 PM,83,35,48
11/29/2017 02:00:00 PM,84,40,44
11/29/2017 03:00:00 PM,149,63,86
11/29/2017 04:00:00 PM,277,81,196
11/29/2017 05:00:00 PM,496,113,383
11/29/2017 06:00:00 PM,311,88,223
11/29/2017 07:00:00 PM,122,32,90
11/29/2017 08:00:00 PM,91,35,56
11/29/2017 09:00:00 PM,40,19,21
11/29/2017 10:00:00 PM,19,5,14
11/29/2017 11:00:00 PM,19,8,11
11/30/2017 12:00:00 AM,13,2,11
11/30/2017 01:00:00 AM,2,1,1
11/30/2017 02:00:00 AM,2,1,1
11/30/2017 03:00:00 AM,2,2,0
11/30/2017 04:00:00 AM,9,4,5
11/30/2017 05:00:00 AM,36,24,12
11/30/2017 06:00:00 AM,97,53,44
11/30/2017 07:00:00 AM,229,123,106
11/30/2017 08:00:00 AM,286,162,124
11/30/2017 09:00:00 AM,158,84,74
11/30/2017 10:00:00 AM,55,28,27
11/30/2017 11:00:00 AM,37,19,18
11/30/2017 12:00:00 PM,36,17,19
11/30/2017 01:00:00 PM,45,23,22
11/30/2017 02:00:00 PM,49,26,23
11/30/2017 03:00:00 PM,80,36,44
11/30/2017 04:00:00 PM,189,58,131
11/30/2017 05:00:00 PM,328,74,254
11/30/2017 06:00:00 PM,200,50,150
11/30/2017 07:00:00 PM,98,28,70
11/30/2017 08:00:00 PM,47,16,31
11/30/2017 09:00:00 PM,39,14,25
11/30/2017 10:00:00 PM,28,12,16
11/30/2017 11:00:00 PM,9,5,4
12/01/2017 12:00:00 AM,11,4,7
12/01/2017 01:00:00 AM,6,3,3
12/01/2017 02:00:00 AM,6,1,5
12/01/2017 03:00:00 AM,4,3,1
12/01/2017 04:00:00 AM,4,2,2
12/01/2017 05:00:00 AM,30,20,10
12/01/2017 06:00:00 AM,74,38,36
12/01/2017 07:00:00 AM,212,118,94
12/01/2017 08:00:00 AM,344,193,151
12/01/2017 09:00:00 AM,202,96,106
12/01/2017 10:00:00 AM,83,43,40
12/01/2017 11:00:00 AM,72,33,39
12/01/2017 12:00:00 PM,53,21,32
12/01/2017 01:00:00 PM,63,26,37
12/01/2017 02:00:00 PM,45,13,32
12/01/2017 03:00:00 PM,78,26,52
12/01/2017 04:00:00 PM,188,49,139
12/01/2017 05:00:00 PM,400,85,315
12/01/2017 06:00:00 PM,178,44,134
12/01/2017 07:00:00 PM,73,20,53
12/01/2017 08:00:00 PM,30,7,23
12/01/2017 09:00:00 PM,30,11,19
12/01/2017 10:00:00 PM,20,9,11
12/01/2017 11:00:00 PM,15,9,6
12/02/2017 12:00:00 AM,15,5,10
12/02/2017 01:00:00 AM,15,3,12
12/02/2017 02:00:00 AM,2,1,1
12/02/2017 03:00:00 AM,2,2,0
12/02/2017 04:00:00 AM,1,0,1
12/02/2017 05:00:00 AM,2,1,1
12/02/2017 06:00:00 AM,11,10,1
12/02/2017 07:00:00 AM,10,5,5
12/02/2017 08:00:00 AM,34,16,18
12/02/2017 09:00:00 AM,31,15,16
12/02/2017 10:00:00 AM,23,16,7
12/02/2017 11:00:00 AM,29,18,11
12/02/2017 12:00:00 PM,27,17,10
12/02/2017 01:00:00 PM,28,13,15
12/02/2017 02:00:00 PM,20,6,14
12/02/2017 03:00:00 PM,26,16,10
12/02/2017 04:00:00 PM,16,7,9
12/02/2017 05:00:00 PM,22,5,17
12/02/2017 06:00:00 PM,27,20,7
12/02/2017 07:00:00 PM,13,5,8
12/02/2017 08:00:00 PM,5,3,2
12/02/2017 09:00:00 PM,6,3,3
12/02/2017 10:00:00 PM,10,3,7
12/02/2017 11:00:00 PM,8,3,5
12/03/2017 12:00:00 AM,5,1,4
12/03/2017 01:00:00 AM,3,2,1
12/03/2017 02:00:00 AM,3,3,0
12/03/2017 03:00:00 AM,6,4,2
12/03/2017 04:00:00 AM,4,2,2
12/03/2017 05:00:00 AM,3,1,2
12/03/2017 06:00:00 AM,8,5,3
12/03/2017 07:00:00 AM,14,7,7
12/03/2017 08:00:00 AM,44,26,18
12/03/2017 09:00:00 AM,40,21,19
12/03/2017 10:00:00 AM,72,41,31
12/03/2017 11:00:00 AM,103,56,47
12/03/2017 12:00:00 PM,68,37,31
12/03/2017 01:00:00 PM,97,49,48
12/03/2017 02:00:00 PM,84,48,36
12/03/2017 03:00:00 PM,81,36,45
12/03/2017 04:00:00 PM,56,26,30
12/03/2017 05:00:00 PM,27,12,15
12/03/2017 06:00:00 PM,18,6,12
12/03/2017 07:00:00 PM,22,10,12
12/03/2017 08:00:00 PM,11,1,10
12/03/2017 09:00:00 PM,9,0,9
12/03/2017 10:00:00 PM,11,5,6
12/03/2017 11:00:00 PM,8,6,2
12/04/2017 12:00:00 AM,4,0,4
12/04/2017 01:00:00 AM,1,0,1
12/04/2017 02:00:00 AM,0,0,0
12/04/2017 03:00:00 AM,2,0,2
12/04/2017 04:00:00 AM,9,3,6
12/04/2017 05:00:00 AM,45,26,19
12/04/2017 06:00:00 AM,96,55,41
12/04/2017 07:00:00 AM,269,157,112
12/04/2017 08:00:00 AM,441,245,196
12/04/2017 09:00:00 AM,247,122,125
12/04/2017 10:00:00 AM,90,43,47
12/04/2017 11:00:00 AM,52,25,27
12/04/2017 12:00:00 PM,59,28,31
12/04/2017 01:00:00 PM,69,33,36
12/04/2017 02:00:00 PM,71,23,48
12/04/2017 03:00:00 PM,112,40,72
12/04/2017 04:00:00 PM,228,56,172
12/04/2017 05:00:00 PM,501,110,391
12/04/2017 06:00:00 PM,334,89,245
12/04/2017 07:00:00 PM,158,40,118
12/04/2017 08:00:00 PM,57,16,41
12/04/2017 09:00:00 PM,30,12,18
12/04/2017 10:00:00 PM,27,9,18
12/04/2017 11:00:00 PM,11,3,8
12/05/2017 12:00:00 AM,3,1,2
12/05/2017 01:00:00 AM,6,2,4
12/05/2017 02:00:00 AM,4,2,2
12/05/2017 03:00:00 AM,3,2,1
12/05/2017 04:00:00 AM,9,3,6
12/05/2017 05:00:00 AM,34,21,13
12/05/2017 06:00:00 AM,116,65,51
12/05/2017 07:00:00 AM,285,161,124
12/05/2017 08:00:00 AM,414,215,199
12/05/2017 09:00:00 AM,248,122,126
12/05/2017 10:00:00 AM,93,47,46
12/05/2017 11:00:00 AM,64,40,24
12/05/2017 12:00:00 PM,63,34,29
12/05/2017 01:00:00 PM,61,36,25
12/05/2017 02:00:00 PM,91,41,50
12/05/2017 03:00:00 PM,125,58,67
12/05/2017 04:00:00 PM,239,70,169
12/05/2017 05:00:00 PM,485,109,376
12/05/2017 06:00:00 PM,323,92,231
12/05/2017 07:00:00 PM,119,38,81
12/05/2017 08:00:00 PM,68,22,46
12/05/2017 09:00:00 PM,48,14,34
12/05/2017 10:00:00 PM,33,15,18
12/05/2017 11:00:00 PM,15,4,11
12/06/2017 12:00:00 AM,6,1,5
12/06/2017 01:00:00 AM,1,0,1
12/06/2017 02:00:00 AM,3,1,2
12/06/2017 03:00:00 AM,2,1,1
12/06/2017 04:00:00 AM,7,3,4
12/06/2017 05:00:00 AM,35,22,13
12/06/2017 06:00:00 AM,98,58,40
12/06/2017 07:00:00 AM,319,170,149
12/06/2017 08:00:00 AM,396,206,190
12/06/2017 09:00:00 AM,230,110,120
12/06/2017 10:00:00 AM,113,54,59
12/06/2017 11:00:00 AM,61,28,33
12/06/2017 12:00:00 PM,70,34,36
12/06/2017 01:00:00 PM,95,50,45
12/06/2017 02:00:00 PM,87,41,46
12/06/2017 03:00:00 PM,120,51,69
12/06/2017 04:00:00 PM,258,77,181
12/06/2017 05:00:00 PM,420,103,317
12/06/2017 06:00:00 PM,287,81,206
12/06/2017 07:00:00 PM,122,23,99
12/06/2017 08:00:00 PM,75,17,58
12/06/2017 09:00:00 PM,54,14,40
12/06/2017 10:00:00 PM,31,10,21
12/06/2017 11:00:00 PM,12,3,9
12/07/2017 12:00:00 AM,11,5,6
12/07/2017 01:00:00 AM,9,4,5
12/07/2017 02:00:00 AM,3,2,1
12/07/2017 03:00:00 AM,2,2,0
12/07/2017 04:00:00 AM,7,3,4
12/07/2017 05:00:00 AM,32,19,13
12/07/2017 06:00:00 AM,87,55,32
12/07/2017 07:00:00 AM,254,145,109
12/07/2017 08:00:00 AM,389,193,196
12/07/2017 09:00:00 AM,194,85,109
12/07/2017 10:00:00 AM,95,47,48
12/07/2017 11:00:00 AM,73,45,28
12/07/2017 12:00:00 PM,64,30,34
12/07/2017 01:00:00 PM,89,46,43
12/07/2017 02:00:00 PM,78,40,38
12/07/2017 03:00:00 PM,124,46,78
12/07/2017 04:00:00 PM,243,87,156
12/07/2017 05:00:00 PM,385,94,291
12/07/2017 06:00:00 PM,271,62,209
12/07/2017 07:00:00 PM,121,31,90
12/07/2017 08:00:00 PM,60,15,45
12/07/2017 09:00:00 PM,51,15,36
12/07/2017 10:00:00 PM,31,8,23
12/07/2017 11:00:00 PM,17,4,13
12/08/2017 12:00:00 AM,7,3,4
12/08/2017 01:00:00 AM,1,1,0
12/08/2017 02:00:00 AM,4,3,1
12/08/2017 03:00:00 AM,4,1,3
12/08/2017 04:00:00 AM,7,3,4
12/08/2017 05:00:00 AM,25,14,11
12/08/2017 06:00:00 AM,56,28,28
12/08/2017 07:00:00 AM,170,96,74
12/08/2017 08:00:00 AM,296,158,138
12/08/2017 09:00:00 AM,164,66,98
12/08/2017 10:00:00 AM,88,42,46
12/08/2017 11:00:00 AM,68,30,38
12/08/2017 12:00:00 PM,54,22,32
12/08/2017 01:00:00 PM,67,32,35
12/08/2017 02:00:00 PM,80,39,41
12/08/2017 03:00:00 PM,106,38,68
12/08/2017 04:00:00 PM,224,61,163
12/08/2017 05:00:00 PM,310,73,237
12/08/2017 06:00:00 PM,187,39,148
12/08/2017 07:00:00 PM,62,15,47
12/08/2017 08:00:00 PM,41,16,25
12/08/2017 09:00:00 PM,25,8,17
12/08/2017 10:00:00 PM,13,3,10
12/08/2017 11:00:00 PM,21,9,12
12/09/2017 12:00:00 AM,18,5,13
12/09/2017 01:00:00 AM,3,2,1
12/09/2017 02:00:00 AM,3,2,1
12/09/2017 03:00:00 AM,6,2,4
12/09/2017 04:00:00 AM,6,4,2
12/09/2017 05:00:00 AM,5,3,2
12/09/2017 06:00:00 AM,7,4,3
12/09/2017 07:00:00 AM,15,9,6
12/09/2017 08:00:00 AM,30,15,15
12/09/2017 09:00:00 AM,37,23,14
12/09/2017 10:00:00 AM,44,21,23
12/09/2017 11:00:00 AM,61,31,30
12/09/2017 12:00:00 PM,85,45,40
12/09/2017 01:00:00 PM,80,37,43
12/09/2017 02:00:00 PM,95,44,51
12/09/2017 03:00:00 PM,101,56,45
12/09/2017 04:00:00 PM,66,28,38
12/09/2017 05:00:00 PM,39,17,22
12/09/2017 06:00:00 PM,27,10,17
12/09/2017 07:00:00 PM,23,7,16
12/09/2017 08:00:00 PM,12,4,8
12/09/2017 09:00:00 PM,12,6,6
12/09/2017 10:00:00 PM,19,6,13
12/09/2017 11:00:00 PM,16,3,13
12/10/2017 12:00:00 AM,11,5,6
12/10/2017 01:00:00 AM,12,5,7
12/10/2017 02:00:00 AM,3,2,1
12/10/2017 03:00:00 AM,0,0,0
12/10/2017 04:00:00 AM,5,2,3
12/10/2017 05:00:00 AM,4,3,1
12/10/2017 06:00:00 AM,4,1,3
12/10/2017 07:00:00 AM,18,10,8
12/10/2017 08:00:00 AM,24,14,10
12/10/2017 09:00:00 AM,28,9,19
12/10/2017 10:00:00 AM,46,22,24
12/10/2017 11:00:00 AM,91,49,42
12/10/2017 12:00:00 PM,78,41,37
12/10/2017 01:00:00 PM,115,66,49
12/10/2017 02:00:00 PM,121,64,57
12/10/2017 03:00:00 PM,125,64,61
12/10/2017 04:00:00 PM,71,37,34
12/10/2017 05:00:00 PM,35,15,20
12/10/2017 06:00:00 PM,41,19,22
12/10/2017 07:00:00 PM,22,8,14
12/10/2017 08:00:00 PM,11,4,7
12/10/2017 09:00:00 PM,17,11,6
12/10/2017 10:00:00 PM,9,2,7
12/10/2017 11:00:00 PM,6,2,4
12/11/2017 12:00:00 AM,5,0,5
12/11/2017 01:00:00 AM,0,0,0
12/11/2017 02:00:00 AM,1,1,0
12/11/2017 03:00:00 AM,1,0,1
12/11/2017 04:00:00 AM,8,3,5
12/11/2017 05:00:00 AM,28,15,13
12/11/2017 06:00:00 AM,91,47,44
12/11/2017 07:00:00 AM,219,114,105
12/11/2017 08:00:00 AM,363,197,166
12/11/2017 09:00:00 AM,207,91,116
12/11/2017 10:00:00 AM,68,26,42
12/11/2017 11:00:00 AM,50,23,27
12/11/2017 12:00:00 PM,64,29,35
12/11/2017 01:00:00 PM,47,25,22
12/11/2017 02:00:00 PM,68,26,42
12/11/2017 03:00:00 PM,96,34,62
12/11/2017 04:00:00 PM,220,57,163
12/11/2017 05:00:00 PM,400,81,319
12/11/2017 06:00:00 PM,250,62,188
12/11/2017 07:00:00 PM,103,28,75
12/11/2017 08:00:00 PM,51,15,36
12/11/2017 09:00:00 PM,39,10,29
12/11/2017 10:00:00 PM,21,4,17
12/11/2017 11:00:00 PM,10,5,5
12/12/2017 12:00:00 AM,3,1,2
12/12/2017 01:00:00 AM,2,1,1
12/12/2017 02:00:00 AM,2,0,2
12/12/2017 03:00:00 AM,4,2,2
12/12/2017 04:00:00 AM,12,5,7
12/12/2017 05:00:00 AM,32,20,12
12/12/2017 06:00:00 AM,98,55,43
12/12/2017 07:00:00 AM,254,141,113
12/12/2017 08:00:00 AM,391,209,182
12/12/2017 09:00:00 AM,214,106,108
12/12/2017 10:00:00 AM,107,44,63
12/12/2017 11:00:00 AM,56,29,27
12/12/2017 12:00:00 PM,55,30,25
12/12/2017 01:00:00 PM,71,35,36
12/12/2017 02:00:00 PM,48,15,33
12/12/2017 03:00:00 PM,118,48,70
12/12/2017 04:00:00 PM,217,66,151
12/12/2017 05:00:00 PM,400,69,331
12/12/2017 06:00:00 PM,280,85,195
12/12/2017 07:00:00 PM,148,37,111
12/12/2017 08:00:00 PM,67,27,40
12/12/2017 09:00:00 PM,35,13,22
12/12/2017 10:00:00 PM,23,10,13
12/12/2017 11:00:00 PM,8,3,5
12/13/2017 12:00:00 AM,5,0,5
12/13/2017 01:00:00 AM,3,1,2
12/13/2017 02:00:00 AM,3,2,1
12/13/2017 03:00:00 AM,3,1,2
12/13/2017 04:00:00 AM,7,3,4
12/13/2017 05:00:00 AM,32,22,10
12/13/2017 06:00:00 AM,92,50,42
12/13/2017 07:00:00 AM,274,147,127
12/13/2017 08:00:00 AM,392,226,166
12/13/2017 09:00:00 AM,240,102,138
12/13/2017 10:00:00 AM,95,41,54
12/13/2017 11:00:00 AM,54,32,22
12/13/2017 12:00:00 PM,60,29,31
12/13/2017 01:00:00 PM,69,24,45
12/13/2017 02:00:00 PM,100,40,60
12/13/2017 03:00:00 PM,115,39,76
12/13/2017 04:00:00 PM,219,63,156
12/13/2017 05:00:00 PM,419,89,330
12/13/2017 06:00:00 PM,280,85,195
12/13/2017 07:00:00 PM,130,33,97
12/13/2017 08:00:00 PM,62,13,49
12/13/2017 09:00:00 PM,49,13,36
12/13/2017 10:00:00 PM,21,9,12
12/13/2017 11:00:00 PM,17,4,13
12/14/2017 12:00:00 AM,7,0,7
12/14/2017 01:00:00 AM,4,4,0
12/14/2017 02:00:00 AM,3,2,1
12/14/2017 03:00:00 AM,3,2,1
12/14/2017 04:00:00 AM,3,1,2
12/14/2017 05:00:00 AM,36,18,18
12/14/2017 06:00:00 AM,97,51,46
12/14/2017 07:00:00 AM,253,147,106
12/14/2017 08:00:00 AM,373,194,179
12/14/2017 09:00:00 AM,204,92,112
12/14/2017 10:00:00 AM,97,52,45
12/14/2017 11:00:00 AM,58,28,30
12/14/2017 12:00:00 PM,44,20,24
12/14/2017 01:00:00 PM,64,26,38
12/14/2017 02:00:00 PM,85,41,44
12/14/2017 03:00:00 PM,110,45,65
12/14/2017 04:00:00 PM,238,64,174
12/14/2017 05:00:00 PM,406,105,301
12/14/2017 06:00:00 PM,239,61,178
12/14/2017 07:00:00 PM,104,36,68
12/14/2017 08:00:00 PM,52,13,39
12/14/2017 09:00:00 PM,44,13,31
12/14/2017 10:00:00 PM,29,9,20
12/14/2017 11:00:00 PM,16,8,8
12/15/2017 12:00:00 AM,9,5,4
12/15/2017 01:00:00 AM,10,3,7
12/15/2017 02:00:00 AM,3,2,1
12/15/2017 03:00:00 AM,4,0,4
12/15/2017 04:00:00 AM,6,2,4
12/15/2017 05:00:00 AM,27,14,13
12/15/2017 06:00:00 AM,62,39,23
12/15/2017 07:00:00 AM,191,106,85
12/15/2017 08:00:00 AM,298,164,134
12/15/2017 09:00:00 AM,154,78,76
12/15/2017 10:00:00 AM,87,38,49
12/15/2017 11:00:00 AM,56,24,32
12/15/2017 12:00:00 PM,55,27,28
12/15/2017 01:00:00 PM,52,18,34
12/15/2017 02:00:00 PM,62,20,42
12/15/2017 03:00:00 PM,80,31,49
12/15/2017 04:00:00 PM,189,46,143
12/15/2017 05:00:00 PM,296,68,228
12/15/2017 06:00:00 PM,152,49,103
12/15/2017 07:00:00 PM,70,20,50
12/15/2017 08:00:00 PM,13,9,4
12/15/2017 09:00:00 PM,28,14,14
12/15/2017 10:00:00 PM,19,12,7
12/15/2017 11:00:00 PM,19,11,8
12/16/2017 12:00:00 AM,8,5,3
12/16/2017 01:00:00 AM,6,3,3
12/16/2017 02:00:00 AM,6,4,2
12/16/2017 03:00:00 AM,1,0,1
12/16/2017 04:00:00 AM,4,2,2
12/16/2017 05:00:00 AM,8,5,3
12/16/2017 06:00:00 AM,10,6,4
12/16/2017 07:00:00 AM,20,11,9
12/16/2017 08:00:00 AM,40,14,26
12/16/2017 09:00:00 AM,38,19,19
12/16/2017 10:00:00 AM,44,24,20
12/16/2017 11:00:00 AM,83,46,37
12/16/2017 12:00:00 PM,79,48,31
12/16/2017 01:00:00 PM,78,41,37
12/16/2017 02:00:00 PM,91,39,52
12/16/2017 03:00:00 PM,67,35,32
12/16/2017 04:00:00 PM,57,25,32
12/16/2017 05:00:00 PM,53,28,25
12/16/2017 06:00:00 PM,33,19,14
12/16/2017 07:00:00 PM,30,13,17
12/16/2017 08:00:00 PM,21,6,15
12/16/2017 09:00:00 PM,14,5,9
12/16/2017 10:00:00 PM,2,2,0
12/16/2017 11:00:00 PM,13,6,7
12/17/2017 12:00:00 AM,3,0,3
12/17/2017 01:00:00 AM,2,1,1
12/17/2017 02:00:00 AM,10,8,2
12/17/2017 03:00:00 AM,1,1,0
12/17/2017 04:00:00 AM,3,2,1
12/17/2017 05:00:00 AM,5,4,1
12/17/2017 06:00:00 AM,4,2,2
12/17/2017 07:00:00 AM,7,4,3
12/17/2017 08:00:00 AM,18,11,7
12/17/2017 09:00:00 AM,27,16,11
12/17/2017 10:00:00 AM,43,27,16
12/17/2017 11:00:00 AM,43,26,17
12/17/2017 12:00:00 PM,44,23,21
12/17/2017 01:00:00 PM,52,27,25
12/17/2017 02:00:00 PM,46,25,21
12/17/2017 03:00:00 PM,30,14,16
12/17/2017 04:00:00 PM,32,16,16
12/17/2017 05:00:00 PM,30,12,18
12/17/2017 06:00:00 PM,22,8,14
12/17/2017 07:00:00 PM,19,10,9
12/17/2017 08:00:00 PM,8,3,5
12/17/2017 09:00:00 PM,10,4,6
12/17/2017 10:00:00 PM,5,2,3
12/17/2017 11:00:00 PM,5,0,5
12/18/2017 12:00:00 AM,1,1,0
12/18/2017 01:00:00 AM,2,1,1
12/18/2017 02:00:00 AM,1,1,0
12/18/2017 03:00:00 AM,3,1,2
12/18/2017 04:00:00 AM,6,2,4
12/18/2017 05:00:00 AM,20,14,6
12/18/2017 06:00:00 AM,83,50,33
12/18/2017 07:00:00 AM,177,97,80
12/18/2017 08:00:00 AM,278,153,125
12/18/2017 09:00:00 AM,169,73,96
12/18/2017 10:00:00 AM,45,16,29
12/18/2017 11:00:00 AM,34,14,20
12/18/2017 12:00:00 PM,31,17,14
12/18/2017 01:00:00 PM,32,8,24
12/18/2017 02:00:00 PM,34,15,19
12/18/2017 03:00:00 PM,69,22,47
12/18/2017 04:00:00 PM,149,33,116
12/18/2017 05:00:00 PM,287,61,226
12/18/2017 06:00:00 PM,201,48,153
12/18/2017 07:00:00 PM,71,17,54
12/18/2017 08:00:00 PM,37,16,21
12/18/2017 09:00:00 PM,20,4,16
12/18/2017 10:00:00 PM,14,3,11
12/18/2017 11:00:00 PM,4,1,3
12/19/2017 12:00:00 AM,2,0,2
12/19/2017 01:00:00 AM,2,1,1
12/19/2017 02:00:00 AM,3,0,3
12/19/2017 03:00:00 AM,2,2,0
12/19/2017 04:00:00 AM,8,4,4
12/19/2017 05:00:00 AM,23,14,9
12/19/2017 06:00:00 AM,65,38,27
12/19/2017 07:00:00 AM,132,75,57
12/19/2017 08:00:00 AM,175,100,75
12/19/2017 09:00:00 AM,122,57,65
12/19/2017 10:00:00 AM,46,16,30
12/19/2017 11:00:00 AM,23,10,13
12/19/2017 12:00:00 PM,23,8,15
12/19/2017 01:00:00 PM,22,10,12
12/19/2017 02:00:00 PM,26,9,17
12/19/2017 03:00:00 PM,45,28,17
12/19/2017 04:00:00 PM,137,30,107
12/19/2017 05:00:00 PM,244,55,189
12/19/2017 06:00:00 PM,157,46,111
12/19/2017 07:00:00 PM,51,10,41
12/19/2017 08:00:00 PM,37,19,18
12/19/2017 09:00:00 PM,24,10,14
12/19/2017 10:00:00 PM,14,5,9
12/19/2017 11:00:00 PM,4,3,1
12/20/2017 12:00:00 AM,7,3,4
12/20/2017 01:00:00 AM,4,1,3
12/20/2017 02:00:00 AM,0,0,0
12/20/2017 03:00:00 AM,4,1,3
12/20/2017 04:00:00 AM,8,2,6
12/20/2017 05:00:00 AM,32,18,14
12/20/2017 06:00:00 AM,87,47,40
12/20/2017 07:00:00 AM,204,111,93
12/20/2017 08:00:00 AM,282,153,129
12/20/2017 09:00:00 AM,163,69,94
12/20/2017 10:00:00 AM,93,41,52
12/20/2017 11:00:00 AM,60,34,26
12/20/2017 12:00:00 PM,58,19,39
12/20/2017 01:00:00 PM,53,25,28
12/20/2017 02:00:00 PM,81,32,49
12/20/2017 03:00:00 PM,116,46,70
12/20/2017 04:00:00 PM,201,52,149
12/20/2017 05:00:00 PM,320,76,244
12/20/2017 06:00:00 PM,166,50,116
12/20/2017 07:00:00 PM,96,22,74
12/20/2017 08:00:00 PM,45,16,29
12/20/2017 09:00:00 PM,20,8,12
12/20/2017 10:00:00 PM,17,7,10
12/20/2017 11:00:00 PM,16,9,7
12/21/2017 12:00:00 AM,9,3,6
12/21/2017 01:00:00 AM,1,0,1
12/21/2017 02:00:00 AM,3,3,0
12/21/2017 03:00:00 AM,4,4,0
12/21/2017 04:00:00 AM,4,2,2
12/21/2017 05:00:00 AM,28,15,13
12/21/2017 06:00:00 AM,67,35,32
12/21/2017 07:00:00 AM,128,67,61
12/21/2017 08:00:00 AM,239,122,117
12/21/2017 09:00:00 AM,140,73,67
12/21/2017 10:00:00 AM,66,28,38
12/21/2017 11:00:00 AM,46,27,19
12/21/2017 12:00:00 PM,48,19,29
12/21/2017 01:00:00 PM,55,21,34
12/21/2017 02:00:00 PM,69,31,38
12/21/2017 03:00:00 PM,108,37,71
12/21/2017 04:00:00 PM,204,60,144
12/21/2017 05:00:00 PM,265,73,192
12/21/2017 06:00:00 PM,129,47,82
12/21/2017 07:00:00 PM,48,17,31
12/21/2017 08:00:00 PM,35,10,25
12/21/2017 09:00:00 PM,18,11,7
12/21/2017 10:00:00 PM,14,6,8
12/21/2017 11:00:00 PM,8,6,2
12/22/2017 12:00:00 AM,12,4,8
12/22/2017 01:00:00 AM,0,0,0
12/22/2017 02:00:00 AM,0,0,0
12/22/2017 03:00:00 AM,3,1,2
12/22/2017 04:00:00 AM,6,4,2
12/22/2017 05:00:00 AM,20,12,8
12/22/2017 06:00:00 AM,54,38,16
12/22/2017 07:00:00 AM,102,49,53
12/22/2017 08:00:00 AM,120,61,59
12/22/2017 09:00:00 AM,81,36,45
12/22/2017 10:00:00 AM,49,22,27
12/22/2017 11:00:00 AM,32,13,19
12/22/2017 12:00:00 PM,36,14,22
12/22/2017 01:00:00 PM,63,20,43
12/22/2017 02:00:00 PM,89,36,53
12/22/2017 03:00:00 PM,96,42,54
12/22/2017 04:00:00 PM,130,41,89
12/22/2017 05:00:00 PM,109,31,78
12/22/2017 06:00:00 PM,63,23,40
12/22/2017 07:00:00 PM,35,12,23
12/22/2017 08:00:00 PM,21,5,16
12/22/2017 09:00:00 PM,17,7,10
12/22/2017 10:00:00 PM,17,9,8
12/22/2017 11:00:00 PM,4,2,2
12/23/2017 12:00:00 AM,4,3,1
12/23/2017 01:00:00 AM,3,3,0
12/23/2017 02:00:00 AM,3,2,1
12/23/2017 03:00:00 AM,1,1,0
12/23/2017 04:00:00 AM,2,1,1
12/23/2017 05:00:00 AM,5,4,1
12/23/2017 06:00:00 AM,7,4,3
12/23/2017 07:00:00 AM,10,6,4
12/23/2017 08:00:00 AM,25,12,13
12/23/2017 09:00:00 AM,29,13,16
12/23/2017 10:00:00 AM,28,16,12
12/23/2017 11:00:00 AM,54,24,30
12/23/2017 12:00:00 PM,59,29,30
12/23/2017 01:00:00 PM,75,30,45
12/23/2017 02:00:00 PM,87,48,39
12/23/2017 03:00:00 PM,65,35,30
12/23/2017 04:00:00 PM,28,16,12
12/23/2017 05:00:00 PM,41,27,14
12/23/2017 06:00:00 PM,21,6,15
12/23/2017 07:00:00 PM,12,5,7
12/23/2017 08:00:00 PM,8,3,5
12/23/2017 09:00:00 PM,6,1,5
12/23/2017 10:00:00 PM,5,1,4
12/23/2017 11:00:00 PM,8,2,6
12/24/2017 12:00:00 AM,5,2,3
12/24/2017 01:00:00 AM,2,1,1
12/24/2017 02:00:00 AM,1,1,0
12/24/2017 03:00:00 AM,0,0,0
12/24/2017 04:00:00 AM,4,2,2
12/24/2017 05:00:00 AM,2,2,0
12/24/2017 06:00:00 AM,4,3,1
12/24/2017 07:00:00 AM,6,5,1
12/24/2017 08:00:00 AM,21,10,11
12/24/2017 09:00:00 AM,19,11,8
12/24/2017 10:00:00 AM,23,12,11
12/24/2017 11:00:00 AM,30,17,13
12/24/2017 12:00:00 PM,24,12,12
12/24/2017 01:00:00 PM,32,14,18
12/24/2017 02:00:00 PM,27,16,11
12/24/2017 03:00:00 PM,18,10,8
12/24/2017 04:00:00 PM,10,6,4
12/24/2017 05:00:00 PM,3,2,1
12/24/2017 06:00:00 PM,6,3,3
12/24/2017 07:00:00 PM,4,2,2
12/24/2017 08:00:00 PM,0,0,0
12/24/2017 09:00:00 PM,4,1,3
12/24/2017 10:00:00 PM,1,0,1
12/24/2017 11:00:00 PM,2,2,0
12/25/2017 12:00:00 AM,2,0,2
12/25/2017 01:00:00 AM,0,0,0
12/25/2017 02:00:00 AM,0,0,0
12/25/2017 03:00:00 AM,0,0,0
12/25/2017 04:00:00 AM,0,0,0
12/25/2017 05:00:00 AM,1,0,1
12/25/2017 06:00:00 AM,0,0,0
12/25/2017 07:00:00 AM,2,1,1
12/25/2017 08:00:00 AM,1,0,1
12/25/2017 09:00:00 AM,1,0,1
12/25/2017 10:00:00 AM,4,3,1
12/25/2017 11:00:00 AM,3,1,2
12/25/2017 12:00:00 PM,5,3,2
12/25/2017 01:00:00 PM,0,0,0
12/25/2017 02:00:00 PM,6,2,4
12/25/2017 03:00:00 PM,3,1,2
12/25/2017 04:00:00 PM,2,1,1
12/25/2017 05:00:00 PM,0,0,0
12/25/2017 06:00:00 PM,5,1,4
12/25/2017 07:00:00 PM,6,2,4
12/25/2017 08:00:00 PM,3,3,0
12/25/2017 09:00:00 PM,1,1,0
12/25/2017 10:00:00 PM,1,0,1
12/25/2017 11:00:00 PM,2,1,1
12/26/2017 12:00:00 AM,2,0,2
12/26/2017 01:00:00 AM,0,0,0
12/26/2017 02:00:00 AM,0,0,0
12/26/2017 03:00:00 AM,0,0,0
12/26/2017 04:00:00 AM,8,4,4
12/26/2017 05:00:00 AM,12,6,6
12/26/2017 06:00:00 AM,12,5,7
12/26/2017 07:00:00 AM,24,9,15
12/26/2017 08:00:00 AM,41,23,18
12/26/2017 09:00:00 AM,38,12,26
12/26/2017 10:00:00 AM,34,14,20
12/26/2017 11:00:00 AM,26,13,13
12/26/2017 12:00:00 PM,22,11,11
12/26/2017 01:00:00 PM,36,12,24
12/26/2017 02:00:00 PM,38,18,20
12/26/2017 03:00:00 PM,50,23,27
12/26/2017 04:00:00 PM,67,28,39
12/26/2017 05:00:00 PM,63,15,48
12/26/2017 06:00:00 PM,24,5,19
12/26/2017 07:00:00 PM,22,6,16
12/26/2017 08:00:00 PM,19,12,7
12/26/2017 09:00:00 PM,5,3,2
12/26/2017 10:00:00 PM,4,1,3
12/26/2017 11:00:00 PM,7,4,3
12/27/2017 12:00:00 AM,4,3,1
12/27/2017 01:00:00 AM,2,2,0
12/27/2017 02:00:00 AM,0,0,0
12/27/2017 03:00:00 AM,1,1,0
12/27/2017 04:00:00 AM,4,3,1
12/27/2017 05:00:00 AM,17,10,7
12/27/2017 06:00:00 AM,42,25,17
12/27/2017 07:00:00 AM,58,31,27
12/27/2017 08:00:00 AM,118,60,58
12/27/2017 09:00:00 AM,63,28,35
12/27/2017 10:00:00 AM,33,15,18
12/27/2017 11:00:00 AM,41,20,21
12/27/2017 12:00:00 PM,41,25,16
12/27/2017 01:00:00 PM,50,22,28
12/27/2017 02:00:00 PM,45,20,25
12/27/2017 03:00:00 PM,73,22,51
12/27/2017 04:00:00 PM,133,47,86
12/27/2017 05:00:00 PM,111,28,83
12/27/2017 06:00:00 PM,62,23,39
12/27/2017 07:00:00 PM,34,15,19
12/27/2017 08:00:00 PM,27,3,24
12/27/2017 09:00:00 PM,21,6,15
12/27/2017 10:00:00 PM,10,6,4
12/27/2017 11:00:00 PM,7,3,4
12/28/2017 12:00:00 AM,2,1,1
12/28/2017 01:00:00 AM,0,0,0
12/28/2017 02:00:00 AM,2,1,1
12/28/2017 03:00:00 AM,2,1,1
12/28/2017 04:00:00 AM,8,4,4
12/28/2017 05:00:00 AM,21,11,10
12/28/2017 06:00:00 AM,43,21,22
12/28/2017 07:00:00 AM,83,44,39
12/28/2017 08:00:00 AM,117,65,52
12/28/2017 09:00:00 AM,83,48,35
12/28/2017 10:00:00 AM,37,18,19
12/28/2017 11:00:00 AM,31,13,18
12/28/2017 12:00:00 PM,37,15,22
12/28/2017 01:00:00 PM,28,12,16
12/28/2017 02:00:00 PM,30,9,21
12/28/2017 03:00:00 PM,62,23,39
12/28/2017 04:00:00 PM,101,30,71
12/28/2017 05:00:00 PM,133,42,91
12/28/2017 06:00:00 PM,51,15,36
12/28/2017 07:00:00 PM,51,16,35
12/28/2017 08:00:00 PM,18,8,10
12/28/2017 09:00:00 PM,15,6,9
12/28/2017 10:00:00 PM,14,6,8
12/28/2017 11:00:00 PM,3,2,1
12/29/2017 12:00:00 AM,11,3,8
12/29/2017 01:00:00 AM,2,1,1
12/29/2017 02:00:00 AM,2,1,1
12/29/2017 03:00:00 AM,2,1,1
12/29/2017 04:00:00 AM,5,2,3
12/29/2017 05:00:00 AM,15,6,9
12/29/2017 06:00:00 AM,35,24,11
12/29/2017 07:00:00 AM,56,33,23
12/29/2017 08:00:00 AM,70,36,34
12/29/2017 09:00:00 AM,39,17,22
12/29/2017 10:00:00 AM,27,14,13
12/29/2017 11:00:00 AM,11,5,6
12/29/2017 12:00:00 PM,15,6,9
12/29/2017 01:00:00 PM,20,6,14
12/29/2017 02:00:00 PM,35,16,19
12/29/2017 03:00:00 PM,40,14,26
12/29/2017 04:00:00 PM,60,23,37
12/29/2017 05:00:00 PM,66,15,51
12/29/2017 06:00:00 PM,29,15,14
12/29/2017 07:00:00 PM,24,7,17
12/29/2017 08:00:00 PM,10,5,5
12/29/2017 09:00:00 PM,7,3,4
12/29/2017 10:00:00 PM,6,3,3
12/29/2017 11:00:00 PM,4,1,3
12/30/2017 12:00:00 AM,3,1,2
12/30/2017 01:00:00 AM,2,1,1
12/30/2017 02:00:00 AM,1,1,0
12/30/2017 03:00:00 AM,2,1,1
12/30/2017 04:00:00 AM,3,2,1
12/30/2017 05:00:00 AM,5,2,3
12/30/2017 06:00:00 AM,9,2,7
12/30/2017 07:00:00 AM,17,9,8
12/30/2017 08:00:00 AM,29,17,12
12/30/2017 09:00:00 AM,33,16,17
12/30/2017 10:00:00 AM,60,29,31
12/30/2017 11:00:00 AM,48,18,30
12/30/2017 12:00:00 PM,78,40,38
12/30/2017 01:00:00 PM,76,36,40
12/30/2017 02:00:00 PM,75,43,32
12/30/2017 03:00:00 PM,69,26,43
12/30/2017 04:00:00 PM,89,41,48
12/30/2017 05:00:00 PM,27,12,15
12/30/2017 06:00:00 PM,26,17,9
12/30/2017 07:00:00 PM,13,8,5
12/30/2017 08:00:00 PM,26,5,21
12/30/2017 09:00:00 PM,14,4,10
12/30/2017 10:00:00 PM,12,9,3
12/30/2017 11:00:00 PM,8,3,5
12/31/2017 12:00:00 AM,12,3,9
12/31/2017 01:00:00 AM,5,4,1
12/31/2017 02:00:00 AM,2,0,2
12/31/2017 03:00:00 AM,2,2,0
12/31/2017 04:00:00 AM,5,3,2
12/31/2017 05:00:00 AM,3,2,1
12/31/2017 06:00:00 AM,6,0,6
12/31/2017 07:00:00 AM,10,7,3
12/31/2017 08:00:00 AM,22,13,9
12/31/2017 09:00:00 AM,30,23,7
12/31/2017 10:00:00 AM,47,27,20
12/31/2017 11:00:00 AM,65,41,24
12/31/2017 12:00:00 PM,86,41,45
12/31/2017 01:00:00 PM,93,54,39
12/31/2017 02:00:00 PM,90,54,36
12/31/2017 03:00:00 PM,69,38,31
12/31/2017 04:00:00 PM,57,32,25
12/31/2017 05:00:00 PM,33,12,21
12/31/2017 06:00:00 PM,20,3,17
12/31/2017 07:00:00 PM,21,9,12
12/31/2017 08:00:00 PM,14,6,8
12/31/2017 09:00:00 PM,13,3,10
12/31/2017 10:00:00 PM,13,7,6
12/31/2017 11:00:00 PM,16,7,9
01/01/2018 12:00:00 AM,28,14,14
01/01/2018 01:00:00 AM,16,2,14
01/01/2018 02:00:00 AM,8,4,4
01/01/2018 03:00:00 AM,2,2,0
01/01/2018 04:00:00 AM,0,0,0
01/01/2018 05:00:00 AM,2,1,1
01/01/2018 06:00:00 AM,6,2,4
01/01/2018 07:00:00 AM,9,6,3
01/01/2018 08:00:00 AM,11,6,5
01/01/2018 09:00:00 AM,21,11,10
01/01/2018 10:00:00 AM,48,19,29
01/01/2018 11:00:00 AM,53,26,27
01/01/2018 12:00:00 PM,50,24,26
01/01/2018 01:00:00 PM,95,38,57
01/01/2018 02:00:00 PM,95,46,49
01/01/2018 03:00:00 PM,85,34,51
01/01/2018 04:00:00 PM,62,26,36
01/01/2018 05:00:00 PM,15,4,11
01/01/2018 06:00:00 PM,12,7,5
01/01/2018 07:00:00 PM,17,6,11
01/01/2018 08:00:00 PM,13,5,8
01/01/2018 09:00:00 PM,13,7,6
01/01/2018 10:00:00 PM,9,1,8
01/01/2018 11:00:00 PM,4,2,2
01/02/2018 12:00:00 AM,2,1,1
01/02/2018 01:00:00 AM,1,0,1
01/02/2018 02:00:00 AM,1,1,0
01/02/2018 03:00:00 AM,1,1,0
01/02/2018 04:00:00 AM,10,4,6
01/02/2018 05:00:00 AM,35,21,14
01/02/2018 06:00:00 AM,94,60,34
01/02/2018 07:00:00 AM,250,130,120
01/02/2018 08:00:00 AM,409,222,187
01/02/2018 09:00:00 AM,189,91,98
01/02/2018 10:00:00 AM,56,22,34
01/02/2018 11:00:00 AM,51,20,31
01/02/2018 12:00:00 PM,68,37,31
01/02/2018 01:00:00 PM,53,26,27
01/02/2018 02:00:00 PM,51,22,29
01/02/2018 03:00:00 PM,84,27,57
01/02/2018 04:00:00 PM,230,59,171
01/02/2018 05:00:00 PM,487,101,386
01/02/2018 06:00:00 PM,240,57,183
01/02/2018 07:00:00 PM,102,28,74
01/02/2018 08:00:00 PM,32,10,22
01/02/2018 09:00:00 PM,33,11,22
01/02/2018 10:00:00 PM,14,5,9
01/02/2018 11:00:00 PM,5,3,2
01/03/2018 12:00:00 AM,7,3,4
01/03/2018 01:00:00 AM,2,1,1
01/03/2018 02:00:00 AM,2,1,1
01/03/2018 03:00:00 AM,2,1,1
01/03/2018 04:00:00 AM,6,3,3
01/03/2018 05:00:00 AM,34,17,17
01/03/2018 06:00:00 AM,116,68,48
01/03/2018 07:00:00 AM,291,163,128
01/03/2018 08:00:00 AM,406,233,173
01/03/2018 09:00:00 AM,250,128,122
01/03/2018 10:00:00 AM,87,45,42
01/03/2018 11:00:00 AM,59,23,36
01/03/2018 12:00:00 PM,61,36,25
01/03/2018 01:00:00 PM,74,38,36
01/03/2018 02:00:00 PM,78,36,42
01/03/2018 03:00:00 PM,115,51,64
01/03/2018 04:00:00 PM,265,76,189
01/03/2018 05:00:00 PM,485,98,387
01/03/2018 06:00:00 PM,262,75,187
01/03/2018 07:00:00 PM,99,23,76
01/03/2018 08:00:00 PM,64,19,45
01/03/2018 09:00:00 PM,32,12,20
01/03/2018 10:00:00 PM,18,7,11
01/03/2018 11:00:00 PM,12,8,4
01/04/2018 12:00:00 AM,6,2,4
01/04/2018 01:00:00 AM,5,4,1
01/04/2018 02:00:00 AM,2,2,0
01/04/2018 03:00:00 AM,3,2,1
01/04/2018 04:00:00 AM,7,5,2
01/04/2018 05:00:00 AM,33,21,12
01/04/2018 06:00:00 AM,91,53,38
01/04/2018 07:00:00 AM,251,128,123
01/04/2018 08:00:00 AM,388,213,175
01/04/2018 09:00:00 AM,235,116,119
01/04/2018 10:00:00 AM,78,40,38
01/04/2018 11:00:00 AM,44,21,23
01/04/2018 12:00:00 PM,58,28,30
01/04/2018 01:00:00 PM,55,29,26
01/04/2018 02:00:00 PM,62,26,36
01/04/2018 03:00:00 PM,72,27,45
01/04/2018 04:00:00 PM,210,58,152
01/04/2018 05:00:00 PM,501,108,393
01/04/2018 06:00:00 PM,264,83,181
01/04/2018 07:00:00 PM,108,35,73
01/04/2018 08:00:00 PM,53,12,41
01/04/2018 09:00:00 PM,29,8,21
01/04/2018 10:00:00 PM,17,9,8
01/04/2018 11:00:00 PM,6,3,3
01/05/2018 12:00:00 AM,10,5,5
01/05/2018 01:00:00 AM,4,3,1
01/05/2018 02:00:00 AM,3,2,1
01/05/2018 03:00:00 AM,2,1,1
01/05/2018 04:00:00 AM,10,4,6
01/05/2018 05:00:00 AM,23,13,10
01/05/2018 06:00:00 AM,66,39,27
01/05/2018 07:00:00 AM,186,103,83
01/05/2018 08:00:00 AM,327,175,152
01/05/2018 09:00:00 AM,159,72,87
01/05/2018 10:00:00 AM,47,28,19
01/05/2018 11:00:00 AM,25,11,14
01/05/2018 12:00:00 PM,34,18,16
01/05/2018 01:00:00 PM,26,14,12
01/05/2018 02:00:00 PM,40,20,20
01/05/2018 03:00:00 PM,77,28,49
01/05/2018 04:00:00 PM,178,40,138
01/05/2018 05:00:00 PM,311,73,238
01/05/2018 06:00:00 PM,188,42,146
01/05/2018 07:00:00 PM,66,20,46
01/05/2018 08:00:00 PM,32,11,21
01/05/2018 09:00:00 PM,22,10,12
01/05/2018 10:00:00 PM,18,10,8
01/05/2018 11:00:00 PM,12,7,5
01/06/2018 12:00:00 AM,11,9,2
01/06/2018 01:00:00 AM,5,2,3
01/06/2018 02:00:00 AM,5,1,4
01/06/2018 03:00:00 AM,2,1,1
01/06/2018 04:00:00 AM,3,2,1
01/06/2018 05:00:00 AM,3,2,1
01/06/2018 06:00:00 AM,11,8,3
01/06/2018 07:00:00 AM,13,6,7
01/06/2018 08:00:00 AM,39,12,27
01/06/2018 09:00:00 AM,38,19,19
01/06/2018 10:00:00 AM,29,15,14
01/06/2018 11:00:00 AM,36,22,14
01/06/2018 12:00:00 PM,38,25,13
01/06/2018 01:00:00 PM,53,27,26
01/06/2018 02:00:00 PM,57,34,23
01/06/2018 03:00:00 PM,60,30,30
01/06/2018 04:00:00 PM,69,25,44
01/06/2018 05:00:00 PM,31,15,16
01/06/2018 06:00:00 PM,39,24,15
01/06/2018 07:00:00 PM,28,12,16
01/06/2018 08:00:00 PM,22,6,16
01/06/2018 09:00:00 PM,12,6,6
01/06/2018 10:00:00 PM,6,2,4
01/06/2018 11:00:00 PM,19,8,11
01/07/2018 12:00:00 AM,8,3,5
01/07/2018 01:00:00 AM,8,1,7
01/07/2018 02:00:00 AM,5,2,3
01/07/2018 03:00:00 AM,1,1,0
01/07/2018 04:00:00 AM,3,2,1
01/07/2018 05:00:00 AM,4,1,3
01/07/2018 06:00:00 AM,2,2,0
01/07/2018 07:00:00 AM,6,4,2
01/07/2018 08:00:00 AM,17,7,10
01/07/2018 09:00:00 AM,19,10,9
01/07/2018 10:00:00 AM,34,18,16
01/07/2018 11:00:00 AM,60,38,22
01/07/2018 12:00:00 PM,44,25,19
01/07/2018 01:00:00 PM,54,22,32
01/07/2018 02:00:00 PM,40,19,21
01/07/2018 03:00:00 PM,38,18,20
01/07/2018 04:00:00 PM,31,18,13
01/07/2018 05:00:00 PM,19,8,11
01/07/2018 06:00:00 PM,19,9,10
01/07/2018 07:00:00 PM,14,6,8
01/07/2018 08:00:00 PM,5,2,3
01/07/2018 09:00:00 PM,4,3,1
01/07/2018 10:00:00 PM,5,2,3
01/07/2018 11:00:00 PM,8,3,5
01/08/2018 12:00:00 AM,0,0,0
01/08/2018 01:00:00 AM,4,3,1
01/08/2018 02:00:00 AM,1,0,1
01/08/2018 03:00:00 AM,0,0,0
01/08/2018 04:00:00 AM,9,2,7
01/08/2018 05:00:00 AM,36,19,17
01/08/2018 06:00:00 AM,119,67,52
01/08/2018 07:00:00 AM,300,145,155
01/08/2018 08:00:00 AM,419,227,192
01/08/2018 09:00:00 AM,245,124,121
01/08/2018 10:00:00 AM,84,43,41
01/08/2018 11:00:00 AM,65,39,26
01/08/2018 12:00:00 PM,52,26,26
01/08/2018 01:00:00 PM,57,25,32
01/08/2018 02:00:00 PM,79,31,48
01/08/2018 03:00:00 PM,96,39,57
01/08/2018 04:00:00 PM,261,70,191
01/08/2018 05:00:00 PM,497,106,391
01/08/2018 06:00:00 PM,340,106,234
01/08/2018 07:00:00 PM,118,38,80
01/08/2018 08:00:00 PM,48,21,27
01/08/2018 09:00:00 PM,50,15,35
01/08/2018 10:00:00 PM,15,7,8
01/08/2018 11:00:00 PM,14,4,10
01/09/2018 12:00:00 AM,4,0,4
01/09/2018 01:00:00 AM,2,1,1
01/09/2018 02:00:00 AM,1,0,1
01/09/2018 03:00:00 AM,2,2,0
01/09/2018 04:00:00 AM,5,3,2
01/09/2018 05:00:00 AM,31,19,12
01/09/2018 06:00:00 AM,115,67,48
01/09/2018 07:00:00 AM,251,136,115
01/09/2018 08:00:00 AM,348,191,157
01/09/2018 09:00:00 AM,179,91,88
01/09/2018 10:00:00 AM,71,30,41
01/09/2018 11:00:00 AM,43,24,19
01/09/2018 12:00:00 PM,41,15,26
01/09/2018 01:00:00 PM,24,9,15
01/09/2018 02:00:00 PM,36,21,15
01/09/2018 03:00:00 PM,75,31,44
01/09/2018 04:00:00 PM,172,47,125
01/09/2018 05:00:00 PM,404,73,331
01/09/2018 06:00:00 PM,223,46,177
01/09/2018 07:00:00 PM,86,28,58
01/09/2018 08:00:00 PM,51,20,31
01/09/2018 09:00:00 PM,22,7,15
01/09/2018 10:00:00 PM,27,13,14
01/09/2018 11:00:00 PM,2,1,1
01/10/2018 12:00:00 AM,7,1,6
01/10/2018 01:00:00 AM,1,1,0
01/10/2018 02:00:00 AM,2,1,1
01/10/2018 03:00:00 AM,3,2,1
01/10/2018 04:00:00 AM,6,4,2
01/10/2018 05:00:00 AM,32,18,14
01/10/2018 06:00:00 AM,95,63,32
01/10/2018 07:00:00 AM,270,155,115
01/10/2018 08:00:00 AM,386,218,168
01/10/2018 09:00:00 AM,191,93,98
01/10/2018 10:00:00 AM,84,36,48
01/10/2018 11:00:00 AM,37,21,16
01/10/2018 12:00:00 PM,41,17,24
01/10/2018 01:00:00 PM,47,22,25
01/10/2018 02:00:00 PM,58,23,35
01/10/2018 03:00:00 PM,80,30,50
01/10/2018 04:00:00 PM,204,62,142
01/10/2018 05:00:00 PM,426,96,330
01/10/2018 06:00:00 PM,263,74,189
01/10/2018 07:00:00 PM,104,33,71
01/10/2018 08:00:00 PM,61,15,46
01/10/2018 09:00:00 PM,33,17,16
01/10/2018 10:00:00 PM,11,4,7
01/10/2018 11:00:00 PM,8,2,6
01/11/2018 12:00:00 AM,4,0,4
01/11/2018 01:00:00 AM,2,0,2
01/11/2018 02:00:00 AM,2,1,1
01/11/2018 03:00:00 AM,1,1,0
01/11/2018 04:00:00 AM,6,5,1
01/11/2018 05:00:00 AM,25,17,8
01/11/2018 06:00:00 AM,62,33,29
01/11/2018 07:00:00 AM,180,99,81
01/11/2018 08:00:00 AM,229,132,97
01/11/2018 09:00:00 AM,145,62,83
01/11/2018 10:00:00 AM,35,18,17
01/11/2018 11:00:00 AM,23,9,14
01/11/2018 12:00:00 PM,17,7,10
01/11/2018 01:00:00 PM,24,13,11
01/11/2018 02:00:00 PM,35,20,15
01/11/2018 03:00:00 PM,69,25,44
01/11/2018 04:00:00 PM,160,50,110
01/11/2018 05:00:00 PM,281,48,233
01/11/2018 06:00:00 PM,220,67,153
01/11/2018 07:00:00 PM,115,31,84
01/11/2018 08:00:00 PM,55,12,43
01/11/2018 09:00:00 PM,18,5,13
01/11/2018 10:00:00 PM,26,9,17
01/11/2018 11:00:00 PM,22,6,16
01/12/2018 12:00:00 AM,11,6,5
01/12/2018 01:00:00 AM,4,1,3
01/12/2018 02:00:00 AM,3,1,2
01/12/2018 03:00:00 AM,10,6,4
01/12/2018 04:00:00 AM,3,1,2
01/12/2018 05:00:00 AM,23,10,13
01/12/2018 06:00:00 AM,75,44,31
01/12/2018 07:00:00 AM,206,107,99
01/12/2018 08:00:00 AM,325,165,160
01/12/2018 09:00:00 AM,180,93,87
01/12/2018 10:00:00 AM,79,34,45
01/12/2018 11:00:00 AM,60,30,30
01/12/2018 12:00:00 PM,35,19,16
01/12/2018 01:00:00 PM,67,25,42
01/12/2018 02:00:00 PM,67,27,40
01/12/2018 03:00:00 PM,102,29,73
01/12/2018 04:00:00 PM,206,56,150
01/12/2018 05:00:00 PM,335,71,264
01/12/2018 06:00:00 PM,199,56,143
01/12/2018 07:00:00 PM,63,21,42
01/12/2018 08:00:00 PM,37,13,24
01/12/2018 09:00:00 PM,14,3,11
01/12/2018 10:00:00 PM,16,8,8
01/12/2018 11:00:00 PM,20,7,13
01/13/2018 12:00:00 AM,6,4,2
01/13/2018 01:00:00 AM,6,4,2
01/13/2018 02:00:00 AM,2,1,1
01/13/2018 03:00:00 AM,1,0,1
01/13/2018 04:00:00 AM,4,3,1
01/13/2018 05:00:00 AM,2,2,0
01/13/2018 06:00:00 AM,6,2,4
01/13/2018 07:00:00 AM,31,12,19
01/13/2018 08:00:00 AM,52,26,26
01/13/2018 09:00:00 AM,56,26,30
01/13/2018 10:00:00 AM,65,25,40
01/13/2018 11:00:00 AM,90,54,36
01/13/2018 12:00:00 PM,76,25,51
01/13/2018 01:00:00 PM,108,53,55
01/13/2018 02:00:00 PM,99,55,44
01/13/2018 03:00:00 PM,137,76,61
01/13/2018 04:00:00 PM,112,65,47
01/13/2018 05:00:00 PM,69,34,35
01/13/2018 06:00:00 PM,37,17,20
01/13/2018 07:00:00 PM,27,18,9
01/13/2018 08:00:00 PM,14,6,8
01/13/2018 09:00:00 PM,21,7,14
01/13/2018 10:00:00 PM,21,8,13
01/13/2018 11:00:00 PM,16,7,9
01/14/2018 12:00:00 AM,11,3,8
01/14/2018 01:00:00 AM,6,3,3
01/14/2018 02:00:00 AM,3,3,0
01/14/2018 03:00:00 AM,2,1,1
01/14/2018 04:00:00 AM,3,2,1
01/14/2018 05:00:00 AM,3,2,1
01/14/2018 06:00:00 AM,11,6,5
01/14/2018 07:00:00 AM,20,12,8
01/14/2018 08:00:00 AM,41,19,22
01/14/2018 09:00:00 AM,74,33,41
01/14/2018 10:00:00 AM,88,48,40
01/14/2018 11:00:00 AM,153,81,72
01/14/2018 12:00:00 PM,147,70,77
01/14/2018 01:00:00 PM,238,129,109
01/14/2018 02:00:00 PM,241,143,98
01/14/2018 03:00:00 PM,200,101,99
01/14/2018 04:00:00 PM,134,75,59
01/14/2018 05:00:00 PM,68,33,35
01/14/2018 06:00:00 PM,42,25,17
01/14/2018 07:00:00 PM,28,17,11
01/14/2018 08:00:00 PM,21,10,11
01/14/2018 09:00:00 PM,18,7,11
01/14/2018 10:00:00 PM,12,8,4
01/14/2018 11:00:00 PM,15,4,11
01/15/2018 12:00:00 AM,7,5,2
01/15/2018 01:00:00 AM,4,1,3
01/15/2018 02:00:00 AM,0,0,0
01/15/2018 03:00:00 AM,0,0,0
01/15/2018 04:00:00 AM,7,3,4
01/15/2018 05:00:00 AM,21,10,11
01/15/2018 06:00:00 AM,54,26,28
01/15/2018 07:00:00 AM,122,55,67
01/15/2018 08:00:00 AM,238,128,110
01/15/2018 09:00:00 AM,173,74,99
01/15/2018 10:00:00 AM,84,54,30
01/15/2018 11:00:00 AM,108,62,46
01/15/2018 12:00:00 PM,92,54,38
01/15/2018 01:00:00 PM,129,55,74
01/15/2018 02:00:00 PM,179,96,83
01/15/2018 03:00:00 PM,143,79,64
01/15/2018 04:00:00 PM,234,69,165
01/15/2018 05:00:00 PM,271,58,213
01/15/2018 06:00:00 PM,188,44,144
01/15/2018 07:00:00 PM,74,20,54
01/15/2018 08:00:00 PM,48,18,30
01/15/2018 09:00:00 PM,22,8,14
01/15/2018 10:00:00 PM,7,1,6
01/15/2018 11:00:00 PM,15,7,8
01/16/2018 12:00:00 AM,3,1,2
01/16/2018 01:00:00 AM,1,0,1
01/16/2018 02:00:00 AM,0,0,0
01/16/2018 03:00:00 AM,3,3,0
01/16/2018 04:00:00 AM,10,4,6
01/16/2018 05:00:00 AM,28,17,11
01/16/2018 06:00:00 AM,108,58,50
01/16/2018 07:00:00 AM,287,157,130
01/16/2018 08:00:00 AM,413,210,203
01/16/2018 09:00:00 AM,244,117,127
01/16/2018 10:00:00 AM,81,39,42
01/16/2018 11:00:00 AM,53,25,28
01/16/2018 12:00:00 PM,75,35,40
01/16/2018 01:00:00 PM,64,34,30
01/16/2018 02:00:00 PM,64,22,42
01/16/2018 03:00:00 PM,118,53,65
01/16/2018 04:00:00 PM,222,60,162
01/16/2018 05:00:00 PM,462,88,374
01/16/2018 06:00:00 PM,298,79,219
01/16/2018 07:00:00 PM,129,28,101
01/16/2018 08:00:00 PM,51,20,31
01/16/2018 09:00:00 PM,38,19,19
01/16/2018 10:00:00 PM,18,10,8
01/16/2018 11:00:00 PM,12,7,5
01/17/2018 12:00:00 AM,7,3,4
01/17/2018 01:00:00 AM,2,0,2
01/17/2018 02:00:00 AM,1,0,1
01/17/2018 03:00:00 AM,2,0,2
01/17/2018 04:00:00 AM,11,4,7
01/17/2018 05:00:00 AM,31,15,16
01/17/2018 06:00:00 AM,104,60,44
01/17/2018 07:00:00 AM,255,138,117
01/17/2018 08:00:00 AM,350,187,163
01/17/2018 09:00:00 AM,214,101,113
01/17/2018 10:00:00 AM,84,42,42
01/17/2018 11:00:00 AM,43,17,26
01/17/2018 12:00:00 PM,58,31,27
01/17/2018 01:00:00 PM,42,14,28
01/17/2018 02:00:00 PM,66,32,34
01/17/2018 03:00:00 PM,71,25,46
01/17/2018 04:00:00 PM,166,40,126
01/17/2018 05:00:00 PM,371,76,295
01/17/2018 06:00:00 PM,242,58,184
01/17/2018 07:00:00 PM,95,28,67
01/17/2018 08:00:00 PM,48,15,33
01/17/2018 09:00:00 PM,24,11,13
01/17/2018 10:00:00 PM,15,9,6
01/17/2018 11:00:00 PM,11,4,7
01/18/2018 12:00:00 AM,6,2,4
01/18/2018 01:00:00 AM,1,0,1
01/18/2018 02:00:00 AM,0,0,0
01/18/2018 03:00:00 AM,3,3,0
01/18/2018 04:00:00 AM,9,3,6
01/18/2018 05:00:00 AM,27,17,10
01/18/2018 06:00:00 AM,98,51,47
01/18/2018 07:00:00 AM,216,119,97
01/18/2018 08:00:00 AM,389,208,181
01/18/2018 09:00:00 AM,201,95,106
01/18/2018 10:00:00 AM,80,36,44
01/18/2018 11:00:00 AM,53,26,27
01/18/2018 12:00:00 PM,45,19,26
01/18/2018 01:00:00 PM,46,22,24
01/18/2018 02:00:00 PM,43,17,26
01/18/2018 03:00:00 PM,60,22,38
01/18/2018 04:00:00 PM,167,41,126
01/18/2018 05:00:00 PM,373,79,294
01/18/2018 06:00:00 PM,252,68,184
01/18/2018 07:00:00 PM,81,29,52
01/18/2018 08:00:00 PM,43,10,33
01/18/2018 09:00:00 PM,45,11,34
01/18/2018 10:00:00 PM,21,12,9
01/18/2018 11:00:00 PM,10,2,8
01/19/2018 12:00:00 AM,7,4,3
01/19/2018 01:00:00 AM,4,1,3
01/19/2018 02:00:00 AM,2,1,1
01/19/2018 03:00:00 AM,2,1,1
01/19/2018 04:00:00 AM,6,1,5
01/19/2018 05:00:00 AM,26,13,13
01/19/2018 06:00:00 AM,88,51,37
01/19/2018 07:00:00 AM,214,124,90
01/19/2018 08:00:00 AM,343,175,168
01/19/2018 09:00:00 AM,180,83,97
01/19/2018 10:00:00 AM,90,39,51
01/19/2018 11:00:00 AM,48,20,28
01/19/2018 12:00:00 PM,57,23,34
01/19/2018 01:00:00 PM,60,28,32
01/19/2018 02:00:00 PM,70,28,42
01/19/2018 03:00:00 PM,90,29,61
01/19/2018 04:00:00 PM,199,49,150
01/19/2018 05:00:00 PM,381,93,288
01/19/2018 06:00:00 PM,205,56,149
01/19/2018 07:00:00 PM,72,22,50
01/19/2018 08:00:00 PM,34,11,23
01/19/2018 09:00:00 PM,33,18,15
01/19/2018 10:00:00 PM,23,7,16
01/19/2018 11:00:00 PM,17,11,6
01/20/2018 12:00:00 AM,14,7,7
01/20/2018 01:00:00 AM,6,2,4
01/20/2018 02:00:00 AM,6,2,4
01/20/2018 03:00:00 AM,1,0,1
01/20/2018 04:00:00 AM,3,2,1
01/20/2018 05:00:00 AM,8,4,4
01/20/2018 06:00:00 AM,10,4,6
01/20/2018 07:00:00 AM,20,6,14
01/20/2018 08:00:00 AM,48,27,21
01/20/2018 09:00:00 AM,57,37,20
01/20/2018 10:00:00 AM,72,41,31
01/20/2018 11:00:00 AM,86,45,41
01/20/2018 12:00:00 PM,77,37,40
01/20/2018 01:00:00 PM,107,41,66
01/20/2018 02:00:00 PM,118,25,93
01/20/2018 03:00:00 PM,99,41,58
01/20/2018 04:00:00 PM,67,33,34
01/20/2018 05:00:00 PM,44,18,26
01/20/2018 06:00:00 PM,29,14,15
01/20/2018 07:00:00 PM,16,10,6
01/20/2018 08:00:00 PM,10,6,4
01/20/2018 09:00:00 PM,15,8,7
01/20/2018 10:00:00 PM,19,8,11
01/20/2018 11:00:00 PM,12,4,8
01/21/2018 12:00:00 AM,11,6,5
01/21/2018 01:00:00 AM,6,5,1
01/21/2018 02:00:00 AM,4,3,1
01/21/2018 03:00:00 AM,4,1,3
01/21/2018 04:00:00 AM,5,2,3
01/21/2018 05:00:00 AM,2,0,2
01/21/2018 06:00:00 AM,4,1,3
01/21/2018 07:00:00 AM,12,10,2
01/21/2018 08:00:00 AM,13,10,3
01/21/2018 09:00:00 AM,18,8,10
01/21/2018 10:00:00 AM,25,18,7
01/21/2018 11:00:00 AM,19,14,5
01/21/2018 12:00:00 PM,35,14,21
01/21/2018 01:00:00 PM,51,24,27
01/21/2018 02:00:00 PM,50,24,26
01/21/2018 03:00:00 PM,34,20,14
01/21/2018 04:00:00 PM,26,12,14
01/21/2018 05:00:00 PM,24,7,17
01/21/2018 06:00:00 PM,14,4,10
01/21/2018 07:00:00 PM,16,6,10
01/21/2018 08:00:00 PM,9,4,5
01/21/2018 09:00:00 PM,8,3,5
01/21/2018 10:00:00 PM,4,2,2
01/21/2018 11:00:00 PM,8,5,3
01/22/2018 12:00:00 AM,3,2,1
01/22/2018 01:00:00 AM,2,1,1
01/22/2018 02:00:00 AM,3,0,3
01/22/2018 03:00:00 AM,0,0,0
01/22/2018 04:00:00 AM,9,4,5
01/22/2018 05:00:00 AM,26,14,12
01/22/2018 06:00:00 AM,111,52,59
01/22/2018 07:00:00 AM,260,149,111
01/22/2018 08:00:00 AM,419,219,200
01/22/2018 09:00:00 AM,245,118,127
01/22/2018 10:00:00 AM,69,32,37
01/22/2018 11:00:00 AM,70,32,38
01/22/2018 12:00:00 PM,63,32,31
01/22/2018 01:00:00 PM,61,26,35
01/22/2018 02:00:00 PM,92,43,49
01/22/2018 03:00:00 PM,113,48,65
01/22/2018 04:00:00 PM,221,52,169
01/22/2018 05:00:00 PM,486,113,373
01/22/2018 06:00:00 PM,319,78,241
01/22/2018 07:00:00 PM,122,31,91
01/22/2018 08:00:00 PM,56,16,40
01/22/2018 09:00:00 PM,36,10,26
01/22/2018 10:00:00 PM,17,8,9
01/22/2018 11:00:00 PM,8,3,5
01/23/2018 12:00:00 AM,7,3,4
01/23/2018 01:00:00 AM,1,1,0
01/23/2018 02:00:00 AM,4,2,2
01/23/2018 03:00:00 AM,0,0,0
01/23/2018 04:00:00 AM,8,4,4
01/23/2018 05:00:00 AM,28,19,9
01/23/2018 06:00:00 AM,105,57,48
01/23/2018 07:00:00 AM,227,126,101
01/23/2018 08:00:00 AM,330,176,154
01/23/2018 09:00:00 AM,158,81,77
01/23/2018 10:00:00 AM,56,29,27
01/23/2018 11:00:00 AM,33,14,19
01/23/2018 12:00:00 PM,30,10,20
01/23/2018 01:00:00 PM,23,9,14
01/23/2018 02:00:00 PM,31,13,18
01/23/2018 03:00:00 PM,53,24,29
01/23/2018 04:00:00 PM,168,30,138
01/23/2018 05:00:00 PM,329,52,277
01/23/2018 06:00:00 PM,212,62,150
01/23/2018 07:00:00 PM,76,23,53
01/23/2018 08:00:00 PM,43,12,31
01/23/2018 09:00:00 PM,24,8,16
01/23/2018 10:00:00 PM,21,8,13
01/23/2018 11:00:00 PM,9,6,3
01/24/2018 12:00:00 AM,5,0,5
01/24/2018 01:00:00 AM,2,1,1
01/24/2018 02:00:00 AM,0,0,0
01/24/2018 03:00:00 AM,4,2,2
01/24/2018 04:00:00 AM,10,6,4
01/24/2018 05:00:00 AM,32,21,11
01/24/2018 06:00:00 AM,88,55,33
01/24/2018 07:00:00 AM,238,135,103
01/24/2018 08:00:00 AM,306,163,143
01/24/2018 09:00:00 AM,181,87,94
01/24/2018 10:00:00 AM,65,25,40
01/24/2018 11:00:00 AM,27,13,14
01/24/2018 12:00:00 PM,27,13,14
01/24/2018 01:00:00 PM,34,18,16
01/24/2018 02:00:00 PM,57,26,31
01/24/2018 03:00:00 PM,50,19,31
01/24/2018 04:00:00 PM,179,54,125
01/24/2018 05:00:00 PM,344,62,282
01/24/2018 06:00:00 PM,211,55,156
01/24/2018 07:00:00 PM,87,25,62
01/24/2018 08:00:00 PM,46,12,34
01/24/2018 09:00:00 PM,27,9,18
01/24/2018 10:00:00 PM,12,6,6
01/24/2018 11:00:00 PM,15,5,10
01/25/2018 12:00:00 AM,2,0,2
01/25/2018 01:00:00 AM,2,2,0
01/25/2018 02:00:00 AM,2,0,2
01/25/2018 03:00:00 AM,3,1,2
01/25/2018 04:00:00 AM,6,4,2
01/25/2018 05:00:00 AM,35,23,12
01/25/2018 06:00:00 AM,101,53,48
01/25/2018 07:00:00 AM,224,114,110
01/25/2018 08:00:00 AM,357,191,166
01/25/2018 09:00:00 AM,168,77,91
01/25/2018 10:00:00 AM,51,27,24
01/25/2018 11:00:00 AM,29,16,13
01/25/2018 12:00:00 PM,42,22,20
01/25/2018 01:00:00 PM,27,13,14
01/25/2018 02:00:00 PM,46,23,23
01/25/2018 03:00:00 PM,89,33,56
01/25/2018 04:00:00 PM,197,54,143
01/25/2018 05:00:00 PM,399,86,313
01/25/2018 06:00:00 PM,231,54,177
01/25/2018 07:00:00 PM,138,32,106
01/25/2018 08:00:00 PM,58,28,30
01/25/2018 09:00:00 PM,28,9,19
01/25/2018 10:00:00 PM,21,10,11
01/25/2018 11:00:00 PM,19,11,8
01/26/2018 12:00:00 AM,13,8,5
01/26/2018 01:00:00 AM,9,4,5
01/26/2018 02:00:00 AM,5,0,5
01/26/2018 03:00:00 AM,3,2,1
01/26/2018 04:00:00 AM,8,4,4
01/26/2018 05:00:00 AM,27,17,10
01/26/2018 06:00:00 AM,87,50,37
01/26/2018 07:00:00 AM,194,111,83
01/26/2018 08:00:00 AM,305,164,141
01/26/2018 09:00:00 AM,179,89,90
01/26/2018 10:00:00 AM,59,30,29
01/26/2018 11:00:00 AM,43,19,24
01/26/2018 12:00:00 PM,39,19,20
01/26/2018 01:00:00 PM,51,25,26
01/26/2018 02:00:00 PM,70,28,42
01/26/2018 03:00:00 PM,87,32,55
01/26/2018 04:00:00 PM,233,61,172
01/26/2018 05:00:00 PM,329,68,261
01/26/2018 06:00:00 PM,165,51,114
01/26/2018 07:00:00 PM,65,17,48
01/26/2018 08:00:00 PM,29,3,26
01/26/2018 09:00:00 PM,20,4,16
01/26/2018 10:00:00 PM,9,5,4
01/26/2018 11:00:00 PM,16,5,11
01/27/2018 12:00:00 AM,7,3,4
01/27/2018 01:00:00 AM,2,1,1
01/27/2018 02:00:00 AM,2,1,1
01/27/2018 03:00:00 AM,4,1,3
01/27/2018 04:00:00 AM,4,2,2
01/27/2018 05:00:00 AM,1,0,1
01/27/2018 06:00:00 AM,4,2,2
01/27/2018 07:00:00 AM,20,5,15
01/27/2018 08:00:00 AM,34,14,20
01/27/2018 09:00:00 AM,32,16,16
01/27/2018 10:00:00 AM,32,22,10
01/27/2018 11:00:00 AM,41,24,17
01/27/2018 12:00:00 PM,42,17,25
01/27/2018 01:00:00 PM,52,23,29
01/27/2018 02:00:00 PM,44,21,23
01/27/2018 03:00:00 PM,50,21,29
01/27/2018 04:00:00 PM,61,23,38
01/27/2018 05:00:00 PM,41,18,23
01/27/2018 06:00:00 PM,29,16,13
01/27/2018 07:00:00 PM,14,7,7
01/27/2018 08:00:00 PM,12,5,7
01/27/2018 09:00:00 PM,12,5,7
01/27/2018 10:00:00 PM,14,7,7
01/27/2018 11:00:00 PM,11,3,8
01/28/2018 12:00:00 AM,6,3,3
01/28/2018 01:00:00 AM,6,1,5
01/28/2018 02:00:00 AM,1,0,1
01/28/2018 03:00:00 AM,2,2,0
01/28/2018 04:00:00 AM,3,2,1
01/28/2018 05:00:00 AM,1,1,0
01/28/2018 06:00:00 AM,2,1,1
01/28/2018 07:00:00 AM,14,9,5
01/28/2018 08:00:00 AM,29,21,8
01/28/2018 09:00:00 AM,30,16,14
01/28/2018 10:00:00 AM,39,19,20
01/28/2018 11:00:00 AM,52,29,23
01/28/2018 12:00:00 PM,51,27,24
01/28/2018 01:00:00 PM,83,44,39
01/28/2018 02:00:00 PM,76,44,32
01/28/2018 03:00:00 PM,80,36,44
01/28/2018 04:00:00 PM,69,32,37
01/28/2018 05:00:00 PM,41,20,21
01/28/2018 06:00:00 PM,44,20,24
01/28/2018 07:00:00 PM,15,8,7
01/28/2018 08:00:00 PM,21,8,13
01/28/2018 09:00:00 PM,4,3,1
01/28/2018 10:00:00 PM,4,1,3
01/28/2018 11:00:00 PM,5,2,3
01/29/2018 12:00:00 AM,5,2,3
01/29/2018 01:00:00 AM,4,0,4
01/29/2018 02:00:00 AM,0,0,0
01/29/2018 03:00:00 AM,3,2,1
01/29/2018 04:00:00 AM,7,4,3
01/29/2018 05:00:00 AM,34,22,12
01/29/2018 06:00:00 AM,94,58,36
01/29/2018 07:00:00 AM,195,110,85
01/29/2018 08:00:00 AM,349,198,151
01/29/2018 09:00:00 AM,167,94,73
01/29/2018 10:00:00 AM,52,29,23
01/29/2018 11:00:00 AM,28,14,14
01/29/2018 12:00:00 PM,31,12,19
01/29/2018 01:00:00 PM,19,8,11
01/29/2018 02:00:00 PM,29,13,16
01/29/2018 03:00:00 PM,42,15,27
01/29/2018 04:00:00 PM,119,26,93
01/29/2018 05:00:00 PM,362,70,292
01/29/2018 06:00:00 PM,232,43,189
01/29/2018 07:00:00 PM,103,26,77
01/29/2018 08:00:00 PM,39,12,27
01/29/2018 09:00:00 PM,25,11,14
01/29/2018 10:00:00 PM,18,6,12
01/29/2018 11:00:00 PM,15,8,7
01/30/2018 12:00:00 AM,6,1,5
01/30/2018 01:00:00 AM,1,1,0
01/30/2018 02:00:00 AM,2,1,1
01/30/2018 03:00:00 AM,3,1,2
01/30/2018 04:00:00 AM,9,6,3
01/30/2018 05:00:00 AM,39,20,19
01/30/2018 06:00:00 AM,130,72,58
01/30/2018 07:00:00 AM,294,172,122
01/30/2018 08:00:00 AM,406,213,193
01/30/2018 09:00:00 AM,219,111,108
01/30/2018 10:00:00 AM,80,37,43
01/30/2018 11:00:00 AM,58,29,29
01/30/2018 12:00:00 PM,53,23,30
01/30/2018 01:00:00 PM,59,30,29
01/30/2018 02:00:00 PM,68,21,47
01/30/2018 03:00:00 PM,128,60,68
01/30/2018 04:00:00 PM,271,85,186
01/30/2018 05:00:00 PM,495,107,388
01/30/2018 06:00:00 PM,292,85,207
01/30/2018 07:00:00 PM,120,32,88
01/30/2018 08:00:00 PM,62,20,42
01/30/2018 09:00:00 PM,50,20,30
01/30/2018 10:00:00 PM,23,10,13
01/30/2018 11:00:00 PM,10,5,5
01/31/2018 12:00:00 AM,14,7,7
01/31/2018 01:00:00 AM,2,0,2
01/31/2018 02:00:00 AM,2,0,2
01/31/2018 03:00:00 AM,4,1,3
01/31/2018 04:00:00 AM,9,4,5
01/31/2018 05:00:00 AM,36,19,17
01/31/2018 06:00:00 AM,115,61,54
01/31/2018 07:00:00 AM,270,144,126
01/31/2018 08:00:00 AM,381,196,185
01/31/2018 09:00:00 AM,199,99,100
01/31/2018 10:00:00 AM,65,24,41
01/31/2018 11:00:00 AM,53,24,29
01/31/2018 12:00:00 PM,42,19,23
01/31/2018 01:00:00 PM,51,26,25
01/31/2018 02:00:00 PM,77,36,41
01/31/2018 03:00:00 PM,78,31,47
01/31/2018 04:00:00 PM,209,60,149
01/31/2018 05:00:00 PM,412,88,324
01/31/2018 06:00:00 PM,263,65,198
01/31/2018 07:00:00 PM,113,36,77
01/31/2018 08:00:00 PM,69,24,45
01/31/2018 09:00:00 PM,37,15,22
01/31/2018 10:00:00 PM,29,12,17
01/31/2018 11:00:00 PM,6,2,4
02/01/2018 12:00:00 AM,8,2,6
02/01/2018 01:00:00 AM,3,2,1
02/01/2018 02:00:00 AM,0,0,0
02/01/2018 03:00:00 AM,6,3,3
02/01/2018 04:00:00 AM,8,5,3
02/01/2018 05:00:00 AM,36,21,15
02/01/2018 06:00:00 AM,102,61,41
02/01/2018 07:00:00 AM,233,124,109
02/01/2018 08:00:00 AM,359,172,187
02/01/2018 09:00:00 AM,196,98,98
02/01/2018 10:00:00 AM,79,37,42
02/01/2018 11:00:00 AM,45,19,26
02/01/2018 12:00:00 PM,43,17,26
02/01/2018 01:00:00 PM,43,20,23
02/01/2018 02:00:00 PM,37,17,20
02/01/2018 03:00:00 PM,68,23,45
02/01/2018 04:00:00 PM,154,44,110
02/01/2018 05:00:00 PM,390,71,319
02/01/2018 06:00:00 PM,216,52,164
02/01/2018 07:00:00 PM,99,18,81
02/01/2018 08:00:00 PM,47,14,33
02/01/2018 09:00:00 PM,25,10,15
02/01/2018 10:00:00 PM,21,10,11
02/01/2018 11:00:00 PM,9,4,5
02/02/2018 12:00:00 AM,5,1,4
02/02/2018 01:00:00 AM,1,0,1
02/02/2018 02:00:00 AM,2,0,2
02/02/2018 03:00:00 AM,6,2,4
02/02/2018 04:00:00 AM,9,3,6
02/02/2018 05:00:00 AM,33,19,14
02/02/2018 06:00:00 AM,76,37,39
02/02/2018 07:00:00 AM,216,124,92
02/02/2018 08:00:00 AM,292,167,125
02/02/2018 09:00:00 AM,148,69,79
02/02/2018 10:00:00 AM,39,21,18
02/02/2018 11:00:00 AM,54,30,24
02/02/2018 12:00:00 PM,43,23,20
02/02/2018 01:00:00 PM,84,39,45
02/02/2018 02:00:00 PM,56,18,38
02/02/2018 03:00:00 PM,110,47,63
02/02/2018 04:00:00 PM,186,50,136
02/02/2018 05:00:00 PM,371,96,275
02/02/2018 06:00:00 PM,213,54,159
02/02/2018 07:00:00 PM,71,24,47
02/02/2018 08:00:00 PM,46,16,30
02/02/2018 09:00:00 PM,32,14,18
02/02/2018 10:00:00 PM,15,6,9
02/02/2018 11:00:00 PM,20,12,8
02/03/2018 12:00:00 AM,18,9,9
02/03/2018 01:00:00 AM,11,10,1
02/03/2018 02:00:00 AM,5,2,3
02/03/2018 03:00:00 AM,3,0,3
02/03/2018 04:00:00 AM,5,3,2
02/03/2018 05:00:00 AM,4,2,2
02/03/2018 06:00:00 AM,11,6,5
02/03/2018 07:00:00 AM,21,8,13
02/03/2018 08:00:00 AM,51,19,32
02/03/2018 09:00:00 AM,52,25,27
02/03/2018 10:00:00 AM,49,33,16
02/03/2018 11:00:00 AM,71,35,36
02/03/2018 12:00:00 PM,66,36,30
02/03/2018 01:00:00 PM,73,36,37
02/03/2018 02:00:00 PM,56,27,29
02/03/2018 03:00:00 PM,53,22,31
02/03/2018 04:00:00 PM,37,21,16
02/03/2018 05:00:00 PM,41,14,27
02/03/2018 06:00:00 PM,17,11,6
02/03/2018 07:00:00 PM,15,9,6
02/03/2018 08:00:00 PM,9,4,5
02/03/2018 09:00:00 PM,12,5,7
02/03/2018 10:00:00 PM,5,3,2
02/03/2018 11:00:00 PM,11,4,7
02/04/2018 12:00:00 AM,10,6,4
02/04/2018 01:00:00 AM,4,1,3
02/04/2018 02:00:00 AM,6,3,3
02/04/2018 03:00:00 AM,0,0,0
02/04/2018 04:00:00 AM,2,1,1
02/04/2018 05:00:00 AM,5,4,1
02/04/2018 06:00:00 AM,12,4,8
02/04/2018 07:00:00 AM,8,5,3
02/04/2018 08:00:00 AM,26,14,12
02/04/2018 09:00:00 AM,42,23,19
02/04/2018 10:00:00 AM,41,21,20
02/04/2018 11:00:00 AM,62,33,29
02/04/2018 12:00:00 PM,77,45,32
02/04/2018 01:00:00 PM,112,64,48
02/04/2018 02:00:00 PM,133,69,64
02/04/2018 03:00:00 PM,150,66,84
02/04/2018 04:00:00 PM,80,45,35
02/04/2018 05:00:00 PM,45,27,18
02/04/2018 06:00:00 PM,33,18,15
02/04/2018 07:00:00 PM,27,11,16
02/04/2018 08:00:00 PM,30,12,18
02/04/2018 09:00:00 PM,15,9,6
02/04/2018 10:00:00 PM,14,12,2
02/04/2018 11:00:00 PM,4,2,2
02/05/2018 12:00:00 AM,3,1,2
02/05/2018 01:00:00 AM,2,0,2
02/05/2018 02:00:00 AM,2,0,2
02/05/2018 03:00:00 AM,0,0,0
02/05/2018 04:00:00 AM,13,5,8
02/05/2018 05:00:00 AM,42,26,16
02/05/2018 06:00:00 AM,103,59,44
02/05/2018 07:00:00 AM,293,159,134
02/05/2018 08:00:00 AM,453,245,208
02/05/2018 09:00:00 AM,218,96,122
02/05/2018 10:00:00 AM,75,40,35
02/05/2018 11:00:00 AM,50,22,28
02/05/2018 12:00:00 PM,42,16,26
02/05/2018 01:00:00 PM,50,24,26
02/05/2018 02:00:00 PM,45,16,29
02/05/2018 03:00:00 PM,94,39,55
02/05/2018 04:00:00 PM,218,66,152
02/05/2018 05:00:00 PM,502,102,400
02/05/2018 06:00:00 PM,312,71,241
02/05/2018 07:00:00 PM,122,30,92
02/05/2018 08:00:00 PM,65,17,48
02/05/2018 09:00:00 PM,35,13,22
02/05/2018 10:00:00 PM,18,4,14
02/05/2018 11:00:00 PM,10,4,6
02/06/2018 12:00:00 AM,5,3,2
02/06/2018 01:00:00 AM,6,5,1
02/06/2018 02:00:00 AM,4,3,1
02/06/2018 03:00:00 AM,2,1,1
02/06/2018 04:00:00 AM,8,4,4
02/06/2018 05:00:00 AM,37,17,20
02/06/2018 06:00:00 AM,117,68,49
02/06/2018 07:00:00 AM,322,176,146
02/06/2018 08:00:00 AM,430,228,202
02/06/2018 09:00:00 AM,200,92,108
02/06/2018 10:00:00 AM,83,38,45
02/06/2018 11:00:00 AM,52,23,29
02/06/2018 12:00:00 PM,48,17,31
02/06/2018 01:00:00 PM,65,28,37
02/06/2018 02:00:00 PM,66,31,35
02/06/2018 03:00:00 PM,97,40,57
02/06/2018 04:00:00 PM,245,66,179
02/06/2018 05:00:00 PM,455,89,366
02/06/2018 06:00:00 PM,320,78,242
02/06/2018 07:00:00 PM,119,43,76
02/06/2018 08:00:00 PM,64,15,49
02/06/2018 09:00:00 PM,47,17,30
02/06/2018 10:00:00 PM,28,11,17
02/06/2018 11:00:00 PM,10,2,8
02/07/2018 12:00:00 AM,2,1,1
02/07/2018 01:00:00 AM,0,0,0
02/07/2018 02:00:00 AM,0,0,0
02/07/2018 03:00:00 AM,4,2,2
02/07/2018 04:00:00 AM,9,5,4
02/07/2018 05:00:00 AM,35,20,15
02/07/2018 06:00:00 AM,121,74,47
02/07/2018 07:00:00 AM,302,155,147
02/07/2018 08:00:00 AM,434,237,197
02/07/2018 09:00:00 AM,219,97,122
02/07/2018 10:00:00 AM,75,31,44
02/07/2018 11:00:00 AM,69,41,28
02/07/2018 12:00:00 PM,53,24,29
02/07/2018 01:00:00 PM,67,39,28
02/07/2018 02:00:00 PM,58,28,30
02/07/2018 03:00:00 PM,110,47,63
02/07/2018 04:00:00 PM,252,75,177
02/07/2018 05:00:00 PM,420,94,326
02/07/2018 06:00:00 PM,310,81,229
02/07/2018 07:00:00 PM,129,50,79
02/07/2018 08:00:00 PM,65,19,46
02/07/2018 09:00:00 PM,48,19,29
02/07/2018 10:00:00 PM,24,10,14
02/07/2018 11:00:00 PM,12,3,9
02/08/2018 12:00:00 AM,6,3,3
02/08/2018 01:00:00 AM,4,2,2
02/08/2018 02:00:00 AM,1,1,0
02/08/2018 03:00:00 AM,2,1,1
02/08/2018 04:00:00 AM,9,5,4
02/08/2018 05:00:00 AM,32,20,12
02/08/2018 06:00:00 AM,102,56,46
02/08/2018 07:00:00 AM,266,156,110
02/08/2018 08:00:00 AM,407,204,203
02/08/2018 09:00:00 AM,219,112,107
02/08/2018 10:00:00 AM,86,44,42
02/08/2018 11:00:00 AM,59,21,38
02/08/2018 12:00:00 PM,66,24,42
02/08/2018 01:00:00 PM,62,27,35
02/08/2018 02:00:00 PM,52,22,30
02/08/2018 03:00:00 PM,87,37,50
02/08/2018 04:00:00 PM,207,55,152
02/08/2018 05:00:00 PM,371,88,283
02/08/2018 06:00:00 PM,268,77,191
02/08/2018 07:00:00 PM,98,28,70
02/08/2018 08:00:00 PM,80,43,37
02/08/2018 09:00:00 PM,44,17,27
02/08/2018 10:00:00 PM,15,6,9
02/08/2018 11:00:00 PM,10,2,8
02/09/2018 12:00:00 AM,10,3,7
02/09/2018 01:00:00 AM,0,0,0
02/09/2018 02:00:00 AM,4,0,4
02/09/2018 03:00:00 AM,4,2,2
02/09/2018 04:00:00 AM,11,6,5
02/09/2018 05:00:00 AM,28,11,17
02/09/2018 06:00:00 AM,85,44,41
02/09/2018 07:00:00 AM,213,118,95
02/09/2018 08:00:00 AM,349,185,164
02/09/2018 09:00:00 AM,187,83,104
02/09/2018 10:00:00 AM,77,33,44
02/09/2018 11:00:00 AM,54,23,31
02/09/2018 12:00:00 PM,67,28,39
02/09/2018 01:00:00 PM,78,41,37
02/09/2018 02:00:00 PM,73,31,42
02/09/2018 03:00:00 PM,138,51,87
02/09/2018 04:00:00 PM,251,71,180
02/09/2018 05:00:00 PM,374,87,287
02/09/2018 06:00:00 PM,222,56,166
02/09/2018 07:00:00 PM,84,38,46
02/09/2018 08:00:00 PM,43,11,32
02/09/2018 09:00:00 PM,31,11,20
02/09/2018 10:00:00 PM,24,9,15
02/09/2018 11:00:00 PM,17,7,10
02/10/2018 12:00:00 AM,13,1,12
02/10/2018 01:00:00 AM,1,1,0
02/10/2018 02:00:00 AM,5,3,2
02/10/2018 03:00:00 AM,2,0,2
02/10/2018 04:00:00 AM,5,3,2
02/10/2018 05:00:00 AM,4,1,3
02/10/2018 06:00:00 AM,24,15,9
02/10/2018 07:00:00 AM,29,15,14
02/10/2018 08:00:00 AM,54,24,30
02/10/2018 09:00:00 AM,68,38,30
02/10/2018 10:00:00 AM,88,49,39
02/10/2018 11:00:00 AM,141,67,74
02/10/2018 12:00:00 PM,129,63,66
02/10/2018 01:00:00 PM,182,111,71
02/10/2018 02:00:00 PM,190,92,98
02/10/2018 03:00:00 PM,174,89,85
02/10/2018 04:00:00 PM,154,89,65
02/10/2018 05:00:00 PM,89,45,44
02/10/2018 06:00:00 PM,48,19,29
02/10/2018 07:00:00 PM,37,17,20
02/10/2018 08:00:00 PM,12,6,6
02/10/2018 09:00:00 PM,24,16,8
02/10/2018 10:00:00 PM,8,4,4
02/10/2018 11:00:00 PM,14,5,9
02/11/2018 12:00:00 AM,12,4,8
02/11/2018 01:00:00 AM,6,4,2
02/11/2018 02:00:00 AM,3,0,3
02/11/2018 03:00:00 AM,1,1,0
02/11/2018 04:00:00 AM,1,0,1
02/11/2018 05:00:00 AM,2,2,0
02/11/2018 06:00:00 AM,10,4,6
02/11/2018 07:00:00 AM,18,10,8
02/11/2018 08:00:00 AM,40,21,19
02/11/2018 09:00:00 AM,50,25,25
02/11/2018 10:00:00 AM,44,25,19
02/11/2018 11:00:00 AM,109,50,59
02/11/2018 12:00:00 PM,115,62,53
02/11/2018 01:00:00 PM,140,71,69
02/11/2018 02:00:00 PM,120,51,69
02/11/2018 03:00:00 PM,124,69,55
02/11/2018 04:00:00 PM,127,56,71
02/11/2018 05:00:00 PM,80,41,39
02/11/2018 06:00:00 PM,29,13,16
02/11/2018 07:00:00 PM,18,9,9
02/11/2018 08:00:00 PM,7,2,5
02/11/2018 09:00:00 PM,12,8,4
02/11/2018 10:00:00 PM,7,3,4
02/11/2018 11:00:00 PM,13,7,6
02/12/2018 12:00:00 AM,8,3,5
02/12/2018 01:00:00 AM,2,1,1
02/12/2018 02:00:00 AM,3,2,1
02/12/2018 03:00:00 AM,1,1,0
02/12/2018 04:00:00 AM,10,6,4
02/12/2018 05:00:00 AM,34,18,16
02/12/2018 06:00:00 AM,114,68,46
02/12/2018 07:00:00 AM,284,154,130
02/12/2018 08:00:00 AM,468,241,227
02/12/2018 09:00:00 AM,252,120,132
02/12/2018 10:00:00 AM,75,34,41
02/12/2018 11:00:00 AM,62,32,30
02/12/2018 12:00:00 PM,76,44,32
02/12/2018 01:00:00 PM,65,34,31
02/12/2018 02:00:00 PM,79,39,40
02/12/2018 03:00:00 PM,120,58,62
02/12/2018 04:00:00 PM,266,72,194
02/12/2018 05:00:00 PM,499,118,381
02/12/2018 06:00:00 PM,319,85,234
02/12/2018 07:00:00 PM,139,37,102
02/12/2018 08:00:00 PM,61,16,45
02/12/2018 09:00:00 PM,37,12,25
02/12/2018 10:00:00 PM,30,10,20
02/12/2018 11:00:00 PM,7,4,3
02/13/2018 12:00:00 AM,3,1,2
02/13/2018 01:00:00 AM,2,2,0
02/13/2018 02:00:00 AM,1,0,1
02/13/2018 03:00:00 AM,3,2,1
02/13/2018 04:00:00 AM,9,5,4
02/13/2018 05:00:00 AM,27,13,14
02/13/2018 06:00:00 AM,97,60,37
02/13/2018 07:00:00 AM,280,141,139
02/13/2018 08:00:00 AM,416,229,187
02/13/2018 09:00:00 AM,224,99,125
02/13/2018 10:00:00 AM,69,28,41
02/13/2018 11:00:00 AM,61,25,36
02/13/2018 12:00:00 PM,50,22,28
02/13/2018 01:00:00 PM,74,38,36
02/13/2018 02:00:00 PM,81,44,37
02/13/2018 03:00:00 PM,110,37,73
02/13/2018 04:00:00 PM,250,75,175
02/13/2018 05:00:00 PM,471,91,380
02/13/2018 06:00:00 PM,293,77,216
02/13/2018 07:00:00 PM,133,33,100
02/13/2018 08:00:00 PM,55,21,34
02/13/2018 09:00:00 PM,45,13,32
02/13/2018 10:00:00 PM,24,9,15
02/13/2018 11:00:00 PM,4,1,3
02/14/2018 12:00:00 AM,2,2,0
02/14/2018 01:00:00 AM,5,2,3
02/14/2018 02:00:00 AM,0,0,0
02/14/2018 03:00:00 AM,1,0,1
02/14/2018 04:00:00 AM,8,4,4
02/14/2018 05:00:00 AM,39,17,22
02/14/2018 06:00:00 AM,108,68,40
02/14/2018 07:00:00 AM,227,128,99
02/14/2018 08:00:00 AM,363,195,168
02/14/2018 09:00:00 AM,184,93,91
02/14/2018 10:00:00 AM,59,33,26
02/14/2018 11:00:00 AM,31,16,15
02/14/2018 12:00:00 PM,33,19,14
02/14/2018 01:00:00 PM,52,27,25
02/14/2018 02:00:00 PM,64,28,36
02/14/2018 03:00:00 PM,70,28,42
02/14/2018 04:00:00 PM,209,64,145
02/14/2018 05:00:00 PM,433,90,343
02/14/2018 06:00:00 PM,200,54,146
02/14/2018 07:00:00 PM,87,30,57
02/14/2018 08:00:00 PM,52,29,23
02/14/2018 09:00:00 PM,31,13,18
02/14/2018 10:00:00 PM,9,3,6
02/14/2018 11:00:00 PM,13,7,6
02/15/2018 12:00:00 AM,5,1,4
02/15/2018 01:00:00 AM,3,1,2
02/15/2018 02:00:00 AM,2,0,2
02/15/2018 03:00:00 AM,3,1,2
02/15/2018 04:00:00 AM,13,9,4
02/15/2018 05:00:00 AM,30,16,14
02/15/2018 06:00:00 AM,95,59,36
02/15/2018 07:00:00 AM,269,139,130
02/15/2018 08:00:00 AM,416,227,189
02/15/2018 09:00:00 AM,193,99,94
02/15/2018 10:00:00 AM,74,32,42
02/15/2018 11:00:00 AM,70,34,36
02/15/2018 12:00:00 PM,59,27,32
02/15/2018 01:00:00 PM,66,31,35
02/15/2018 02:00:00 PM,62,28,34
02/15/2018 03:00:00 PM,106,44,62
02/15/2018 04:00:00 PM,243,68,175
02/15/2018 05:00:00 PM,419,95,324
02/15/2018 06:00:00 PM,263,75,188
02/15/2018 07:00:00 PM,115,38,77
02/15/2018 08:00:00 PM,58,18,40
02/15/2018 09:00:00 PM,47,16,31
02/15/2018 10:00:00 PM,21,8,13
02/15/2018 11:00:00 PM,12,6,6
02/16/2018 12:00:00 AM,7,1,6
02/16/2018 01:00:00 AM,3,1,2
02/16/2018 02:00:00 AM,3,0,3
02/16/2018 03:00:00 AM,3,1,2
02/16/2018 04:00:00 AM,7,2,5
02/16/2018 05:00:00 AM,21,13,8
02/16/2018 06:00:00 AM,57,32,25
02/16/2018 07:00:00 AM,189,107,82
02/16/2018 08:00:00 AM,256,134,122
02/16/2018 09:00:00 AM,150,74,76
02/16/2018 10:00:00 AM,60,25,35
02/16/2018 11:00:00 AM,42,22,20
02/16/2018 12:00:00 PM,44,21,23
02/16/2018 01:00:00 PM,38,14,24
02/16/2018 02:00:00 PM,74,30,44
02/16/2018 03:00:00 PM,78,27,51
02/16/2018 04:00:00 PM,178,46,132
02/16/2018 05:00:00 PM,312,75,237
02/16/2018 06:00:00 PM,168,40,128
02/16/2018 07:00:00 PM,63,16,47
02/16/2018 08:00:00 PM,50,19,31
02/16/2018 09:00:00 PM,22,10,12
02/16/2018 10:00:00 PM,23,10,13
02/16/2018 11:00:00 PM,12,6,6
02/17/2018 12:00:00 AM,12,7,5
02/17/2018 01:00:00 AM,6,5,1
02/17/2018 02:00:00 AM,6,3,3
02/17/2018 03:00:00 AM,1,1,0
02/17/2018 04:00:00 AM,3,2,1
02/17/2018 05:00:00 AM,3,0,3
02/17/2018 06:00:00 AM,4,0,4
02/17/2018 07:00:00 AM,8,3,5
02/17/2018 08:00:00 AM,35,19,16
02/17/2018 09:00:00 AM,22,10,12
02/17/2018 10:00:00 AM,24,15,9
02/17/2018 11:00:00 AM,38,21,17
02/17/2018 12:00:00 PM,56,29,27
02/17/2018 01:00:00 PM,78,37,41
02/17/2018 02:00:00 PM,91,40,51
02/17/2018 03:00:00 PM,107,53,54
02/17/2018 04:00:00 PM,82,43,39
02/17/2018 05:00:00 PM,72,38,34
02/17/2018 06:00:00 PM,38,17,21
02/17/2018 07:00:00 PM,21,12,9
02/17/2018 08:00:00 PM,18,7,11
02/17/2018 09:00:00 PM,16,8,8
02/17/2018 10:00:00 PM,21,7,14
02/17/2018 11:00:00 PM,6,4,2
02/18/2018 12:00:00 AM,12,5,7
02/18/2018 01:00:00 AM,5,0,5
02/18/2018 02:00:00 AM,5,1,4
02/18/2018 03:00:00 AM,3,3,0
02/18/2018 04:00:00 AM,1,0,1
02/18/2018 05:00:00 AM,4,4,0
02/18/2018 06:00:00 AM,5,1,4
02/18/2018 07:00:00 AM,6,2,4
02/18/2018 08:00:00 AM,20,10,10
02/18/2018 09:00:00 AM,28,14,14
02/18/2018 10:00:00 AM,29,18,11
02/18/2018 11:00:00 AM,39,13,26
02/18/2018 12:00:00 PM,43,18,25
02/18/2018 01:00:00 PM,19,11,8
02/18/2018 02:00:00 PM,32,12,20
02/18/2018 03:00:00 PM,42,23,19
02/18/2018 04:00:00 PM,46,21,25
02/18/2018 05:00:00 PM,24,8,16
02/18/2018 06:00:00 PM,23,12,11
02/18/2018 07:00:00 PM,13,7,6
02/18/2018 08:00:00 PM,8,5,3
02/18/2018 09:00:00 PM,7,3,4
02/18/2018 10:00:00 PM,6,4,2
02/18/2018 11:00:00 PM,6,3,3
02/19/2018 12:00:00 AM,5,5,0
02/19/2018 01:00:00 AM,3,1,2
02/19/2018 02:00:00 AM,1,0,1
02/19/2018 03:00:00 AM,0,0,0
02/19/2018 04:00:00 AM,5,2,3
02/19/2018 05:00:00 AM,16,12,4
02/19/2018 06:00:00 AM,25,11,14
02/19/2018 07:00:00 AM,73,34,39
02/19/2018 08:00:00 AM,115,54,61
02/19/2018 09:00:00 AM,99,47,52
02/19/2018 10:00:00 AM,50,22,28
02/19/2018 11:00:00 AM,50,21,29
02/19/2018 12:00:00 PM,53,21,32
02/19/2018 01:00:00 PM,73,33,40
02/19/2018 02:00:00 PM,78,32,46
02/19/2018 03:00:00 PM,86,38,48
02/19/2018 04:00:00 PM,97,36,61
02/19/2018 05:00:00 PM,186,44,142
02/19/2018 06:00:00 PM,101,20,81
02/19/2018 07:00:00 PM,36,8,28
02/19/2018 08:00:00 PM,25,9,16
02/19/2018 09:00:00 PM,9,1,8
02/19/2018 10:00:00 PM,15,4,11
02/19/2018 11:00:00 PM,5,3,2
02/20/2018 12:00:00 AM,7,3,4
02/20/2018 01:00:00 AM,6,3,3
02/20/2018 02:00:00 AM,1,0,1
02/20/2018 03:00:00 AM,2,1,1
02/20/2018 04:00:00 AM,8,5,3
02/20/2018 05:00:00 AM,24,14,10
02/20/2018 06:00:00 AM,69,39,30
02/20/2018 07:00:00 AM,186,103,83
02/20/2018 08:00:00 AM,268,128,140
02/20/2018 09:00:00 AM,154,73,81
02/20/2018 10:00:00 AM,66,26,40
02/20/2018 11:00:00 AM,37,15,22
02/20/2018 12:00:00 PM,33,13,20
02/20/2018 01:00:00 PM,36,13,23
02/20/2018 02:00:00 PM,46,22,24
02/20/2018 03:00:00 PM,62,22,40
02/20/2018 04:00:00 PM,149,44,105
02/20/2018 05:00:00 PM,316,78,238
02/20/2018 06:00:00 PM,216,58,158
02/20/2018 07:00:00 PM,107,33,74
02/20/2018 08:00:00 PM,34,12,22
02/20/2018 09:00:00 PM,25,6,19
02/20/2018 10:00:00 PM,22,11,11
02/20/2018 11:00:00 PM,11,6,5
02/21/2018 12:00:00 AM,6,1,5
02/21/2018 01:00:00 AM,4,3,1
02/21/2018 02:00:00 AM,4,2,2
02/21/2018 03:00:00 AM,2,1,1
02/21/2018 04:00:00 AM,7,4,3
02/21/2018 05:00:00 AM,32,20,12
02/21/2018 06:00:00 AM,63,34,29
02/21/2018 07:00:00 AM,179,83,96
02/21/2018 08:00:00 AM,286,137,149
02/21/2018 09:00:00 AM,159,82,77
02/21/2018 10:00:00 AM,65,27,38
02/21/2018 11:00:00 AM,42,22,20
02/21/2018 12:00:00 PM,39,20,19
02/21/2018 01:00:00 PM,34,15,19
02/21/2018 02:00:00 PM,42,18,24
02/21/2018 03:00:00 PM,83,31,52
02/21/2018 04:00:00 PM,134,49,85
02/21/2018 05:00:00 PM,295,61,234
02/21/2018 06:00:00 PM,187,48,139
02/21/2018 07:00:00 PM,75,18,57
02/21/2018 08:00:00 PM,45,12,33
02/21/2018 09:00:00 PM,22,11,11
02/21/2018 10:00:00 PM,12,4,8
02/21/2018 11:00:00 PM,5,3,2
02/22/2018 12:00:00 AM,4,0,4
02/22/2018 01:00:00 AM,4,1,3
02/22/2018 02:00:00 AM,1,0,1
02/22/2018 03:00:00 AM,3,2,1
02/22/2018 04:00:00 AM,7,4,3
02/22/2018 05:00:00 AM,13,6,7
02/22/2018 06:00:00 AM,35,15,20
02/22/2018 07:00:00 AM,65,29,36
02/22/2018 08:00:00 AM,113,50,63
02/22/2018 09:00:00 AM,86,42,44
02/22/2018 10:00:00 AM,48,15,33
02/22/2018 11:00:00 AM,32,16,16
02/22/2018 12:00:00 PM,31,9,22
02/22/2018 01:00:00 PM,30,11,19
02/22/2018 02:00:00 PM,30,16,14
02/22/2018 03:00:00 PM,41,16,25
02/22/2018 04:00:00 PM,80,24,56
02/22/2018 05:00:00 PM,160,38,122
02/22/2018 06:00:00 PM,107,24,83
02/22/2018 07:00:00 PM,48,17,31
02/22/2018 08:00:00 PM,23,7,16
02/22/2018 09:00:00 PM,29,10,19
02/22/2018 10:00:00 PM,22,15,7
02/22/2018 11:00:00 PM,10,6,4
02/23/2018 12:00:00 AM,4,2,2
02/23/2018 01:00:00 AM,1,1,0
02/23/2018 02:00:00 AM,2,1,1
02/23/2018 03:00:00 AM,3,2,1
02/23/2018 04:00:00 AM,5,1,4
02/23/2018 05:00:00 AM,11,6,5
02/23/2018 06:00:00 AM,36,16,20
02/23/2018 07:00:00 AM,100,57,43
02/23/2018 08:00:00 AM,159,84,75
02/23/2018 09:00:00 AM,107,47,60
02/23/2018 10:00:00 AM,39,17,22
02/23/2018 11:00:00 AM,26,10,16
02/23/2018 12:00:00 PM,24,8,16
02/23/2018 01:00:00 PM,25,10,15
02/23/2018 02:00:00 PM,35,12,23
02/23/2018 03:00:00 PM,61,13,48
02/23/2018 04:00:00 PM,118,38,80
02/23/2018 05:00:00 PM,170,40,130
02/23/2018 06:00:00 PM,91,22,69
02/23/2018 07:00:00 PM,37,10,27
02/23/2018 08:00:00 PM,25,8,17
02/23/2018 09:00:00 PM,23,8,15
02/23/2018 10:00:00 PM,10,4,6
02/23/2018 11:00:00 PM,14,7,7
02/24/2018 12:00:00 AM,5,2,3
02/24/2018 01:00:00 AM,2,1,1
02/24/2018 02:00:00 AM,3,0,3
02/24/2018 03:00:00 AM,5,1,4
02/24/2018 04:00:00 AM,6,4,2
02/24/2018 05:00:00 AM,3,1,2
02/24/2018 06:00:00 AM,4,3,1
02/24/2018 07:00:00 AM,9,4,5
02/24/2018 08:00:00 AM,22,11,11
02/24/2018 09:00:00 AM,28,13,15
02/24/2018 10:00:00 AM,25,15,10
02/24/2018 11:00:00 AM,36,21,15
02/24/2018 12:00:00 PM,63,39,24
02/24/2018 01:00:00 PM,87,42,45
02/24/2018 02:00:00 PM,63,38,25
02/24/2018 03:00:00 PM,84,32,52
02/24/2018 04:00:00 PM,75,38,37
02/24/2018 05:00:00 PM,57,26,31
02/24/2018 06:00:00 PM,36,21,15
02/24/2018 07:00:00 PM,18,8,10
02/24/2018 08:00:00 PM,19,5,14
02/24/2018 09:00:00 PM,9,4,5
02/24/2018 10:00:00 PM,20,7,13
02/24/2018 11:00:00 PM,7,0,7
02/25/2018 12:00:00 AM,5,1,4
02/25/2018 01:00:00 AM,8,4,4
02/25/2018 02:00:00 AM,2,1,1
02/25/2018 03:00:00 AM,1,0,1
02/25/2018 04:00:00 AM,4,0,4
02/25/2018 05:00:00 AM,2,1,1
02/25/2018 06:00:00 AM,15,2,13
02/25/2018 07:00:00 AM,47,31,16
02/25/2018 08:00:00 AM,51,40,11
02/25/2018 09:00:00 AM,34,23,11
02/25/2018 10:00:00 AM,36,17,19
02/25/2018 11:00:00 AM,41,20,21
02/25/2018 12:00:00 PM,57,23,34
02/25/2018 01:00:00 PM,66,28,38
02/25/2018 02:00:00 PM,86,48,38
02/25/2018 03:00:00 PM,62,33,29
02/25/2018 04:00:00 PM,77,37,40
02/25/2018 05:00:00 PM,29,8,21
02/25/2018 06:00:00 PM,19,11,8
02/25/2018 07:00:00 PM,20,5,15
02/25/2018 08:00:00 PM,7,3,4
02/25/2018 09:00:00 PM,17,13,4
02/25/2018 10:00:00 PM,8,1,7
02/25/2018 11:00:00 PM,4,2,2
02/26/2018 12:00:00 AM,2,1,1
02/26/2018 01:00:00 AM,3,0,3
02/26/2018 02:00:00 AM,0,0,0
02/26/2018 03:00:00 AM,5,3,2
02/26/2018 04:00:00 AM,11,7,4
02/26/2018 05:00:00 AM,22,15,7
02/26/2018 06:00:00 AM,82,43,39
02/26/2018 07:00:00 AM,205,118,87
02/26/2018 08:00:00 AM,307,159,148
02/26/2018 09:00:00 AM,180,81,99
02/26/2018 10:00:00 AM,68,35,33
02/26/2018 11:00:00 AM,41,16,25
02/26/2018 12:00:00 PM,40,16,24
02/26/2018 01:00:00 PM,59,25,34
02/26/2018 02:00:00 PM,72,33,39
02/26/2018 03:00:00 PM,99,43,56
02/26/2018 04:00:00 PM,203,68,135
02/26/2018 05:00:00 PM,377,99,278
02/26/2018 06:00:00 PM,265,69,196
02/26/2018 07:00:00 PM,118,31,87
02/26/2018 08:00:00 PM,49,19,30
02/26/2018 09:00:00 PM,37,11,26
02/26/2018 10:00:00 PM,23,9,14
02/26/2018 11:00:00 PM,10,3,7
02/27/2018 12:00:00 AM,7,2,5
02/27/2018 01:00:00 AM,1,1,0
02/27/2018 02:00:00 AM,2,0,2
02/27/2018 03:00:00 AM,3,3,0
02/27/2018 04:00:00 AM,7,2,5
02/27/2018 05:00:00 AM,26,14,12
02/27/2018 06:00:00 AM,93,52,41
02/27/2018 07:00:00 AM,258,149,109
02/27/2018 08:00:00 AM,367,214,153
02/27/2018 09:00:00 AM,189,92,97
02/27/2018 10:00:00 AM,64,26,38
02/27/2018 11:00:00 AM,43,15,28
02/27/2018 12:00:00 PM,42,25,17
02/27/2018 01:00:00 PM,49,17,32
02/27/2018 02:00:00 PM,50,20,30
02/27/2018 03:00:00 PM,82,30,52
02/27/2018 04:00:00 PM,173,49,124
02/27/2018 05:00:00 PM,339,69,270
02/27/2018 06:00:00 PM,255,63,192
02/27/2018 07:00:00 PM,83,21,62
02/27/2018 08:00:00 PM,48,16,32
02/27/2018 09:00:00 PM,33,10,23
02/27/2018 10:00:00 PM,22,12,10
02/27/2018 11:00:00 PM,11,4,7
02/28/2018 12:00:00 AM,4,0,4
02/28/2018 01:00:00 AM,1,0,1
02/28/2018 02:00:00 AM,0,0,0
02/28/2018 03:00:00 AM,4,2,2
02/28/2018 04:00:00 AM,8,3,5
02/28/2018 05:00:00 AM,25,11,14
02/28/2018 06:00:00 AM,89,45,44
02/28/2018 07:00:00 AM,240,123,117
02/28/2018 08:00:00 AM,329,178,151
02/28/2018 09:00:00 AM,179,86,93
02/28/2018 10:00:00 AM,68,23,45
02/28/2018 11:00:00 AM,40,15,25
02/28/2018 12:00:00 PM,16,7,9
02/28/2018 01:00:00 PM,35,14,21
02/28/2018 02:00:00 PM,43,19,24
02/28/2018 03:00:00 PM,50,15,35
02/28/2018 04:00:00 PM,149,38,111
02/28/2018 05:00:00 PM,334,78,256
02/28/2018 06:00:00 PM,192,46,146
02/28/2018 07:00:00 PM,77,17,60
02/28/2018 08:00:00 PM,35,7,28
02/28/2018 09:00:00 PM,32,14,18
02/28/2018 10:00:00 PM,13,2,11
02/28/2018 11:00:00 PM,9,3,6
03/01/2018 12:00:00 AM,4,0,4
03/01/2018 01:00:00 AM,2,0,2
03/01/2018 02:00:00 AM,4,1,3
03/01/2018 03:00:00 AM,1,1,0
03/01/2018 04:00:00 AM,13,6,7
03/01/2018 05:00:00 AM,33,17,16
03/01/2018 06:00:00 AM,95,51,44
03/01/2018 07:00:00 AM,275,139,136
03/01/2018 08:00:00 AM,425,228,197
03/01/2018 09:00:00 AM,197,80,117
03/01/2018 10:00:00 AM,77,47,30
03/01/2018 11:00:00 AM,69,34,35
03/01/2018 12:00:00 PM,72,34,38
03/01/2018 01:00:00 PM,72,34,38
03/01/2018 02:00:00 PM,82,37,45
03/01/2018 03:00:00 PM,137,52,85
03/01/2018 04:00:00 PM,241,71,170
03/01/2018 05:00:00 PM,492,114,378
03/01/2018 06:00:00 PM,261,80,181
03/01/2018 07:00:00 PM,127,41,86
03/01/2018 08:00:00 PM,60,21,39
03/01/2018 09:00:00 PM,35,14,21
03/01/2018 10:00:00 PM,27,15,12
03/01/2018 11:00:00 PM,9,4,5
03/02/2018 12:00:00 AM,9,2,7
03/02/2018 01:00:00 AM,2,1,1
03/02/2018 02:00:00 AM,2,0,2
03/02/2018 03:00:00 AM,4,2,2
03/02/2018 04:00:00 AM,6,1,5
03/02/2018 05:00:00 AM,22,15,7
03/02/2018 06:00:00 AM,77,38,39
03/02/2018 07:00:00 AM,212,108,104
03/02/2018 08:00:00 AM,304,160,144
03/02/2018 09:00:00 AM,192,87,105
03/02/2018 10:00:00 AM,75,40,35
03/02/2018 11:00:00 AM,64,32,32
03/02/2018 12:00:00 PM,58,16,42
03/02/2018 01:00:00 PM,65,33,32
03/02/2018 02:00:00 PM,51,18,33
03/02/2018 03:00:00 PM,112,39,73
03/02/2018 04:00:00 PM,176,43,133
03/02/2018 05:00:00 PM,378,93,285
03/02/2018 06:00:00 PM,186,60,126
03/02/2018 07:00:00 PM,83,16,67
03/02/2018 08:00:00 PM,36,8,28
03/02/2018 09:00:00 PM,34,10,24
03/02/2018 10:00:00 PM,18,8,10
03/02/2018 11:00:00 PM,15,5,10
03/03/2018 12:00:00 AM,7,2,5
03/03/2018 01:00:00 AM,5,3,2
03/03/2018 02:00:00 AM,6,2,4
03/03/2018 03:00:00 AM,2,2,0
03/03/2018 04:00:00 AM,3,1,2
03/03/2018 05:00:00 AM,5,4,1
03/03/2018 06:00:00 AM,8,4,4
03/03/2018 07:00:00 AM,26,13,13
03/03/2018 08:00:00 AM,42,18,24
03/03/2018 09:00:00 AM,65,29,36
03/03/2018 10:00:00 AM,97,54,43
03/03/2018 11:00:00 AM,107,64,43
03/03/2018 12:00:00 PM,172,96,76
03/03/2018 01:00:00 PM,174,87,87
03/03/2018 02:00:00 PM,173,89,84
03/03/2018 03:00:00 PM,226,128,98
03/03/2018 04:00:00 PM,141,72,69
03/03/2018 05:00:00 PM,93,44,49
03/03/2018 06:00:00 PM,73,37,36
03/03/2018 07:00:00 PM,13,6,7
03/03/2018 08:00:00 PM,20,6,14
03/03/2018 09:00:00 PM,16,6,10
03/03/2018 10:00:00 PM,17,7,10
03/03/2018 11:00:00 PM,17,4,13
03/04/2018 12:00:00 AM,10,4,6
03/04/2018 01:00:00 AM,9,4,5
03/04/2018 02:00:00 AM,3,1,2
03/04/2018 03:00:00 AM,4,3,1
03/04/2018 04:00:00 AM,2,0,2
03/04/2018 05:00:00 AM,5,4,1
03/04/2018 06:00:00 AM,9,5,4
03/04/2018 07:00:00 AM,18,12,6
03/04/2018 08:00:00 AM,37,11,26
03/04/2018 09:00:00 AM,42,17,25
03/04/2018 10:00:00 AM,71,36,35
03/04/2018 11:00:00 AM,99,50,49
03/04/2018 12:00:00 PM,105,60,45
03/04/2018 01:00:00 PM,89,46,43
03/04/2018 02:00:00 PM,51,24,27
03/04/2018 03:00:00 PM,47,26,21
03/04/2018 04:00:00 PM,45,23,22
03/04/2018 05:00:00 PM,43,24,19
03/04/2018 06:00:00 PM,28,17,11
03/04/2018 07:00:00 PM,23,7,16
03/04/2018 08:00:00 PM,14,5,9
03/04/2018 09:00:00 PM,13,5,8
03/04/2018 10:00:00 PM,5,0,5
03/04/2018 11:00:00 PM,5,2,3
03/05/2018 12:00:00 AM,0,0,0
03/05/2018 01:00:00 AM,3,1,2
03/05/2018 02:00:00 AM,2,0,2
03/05/2018 03:00:00 AM,2,0,2
03/05/2018 04:00:00 AM,6,2,4
03/05/2018 05:00:00 AM,38,17,21
03/05/2018 06:00:00 AM,98,60,38
03/05/2018 07:00:00 AM,306,164,142
03/05/2018 08:00:00 AM,393,210,183
03/05/2018 09:00:00 AM,245,113,132
03/05/2018 10:00:00 AM,76,37,39
03/05/2018 11:00:00 AM,52,30,22
03/05/2018 12:00:00 PM,39,17,22
03/05/2018 01:00:00 PM,69,37,32
03/05/2018 02:00:00 PM,69,29,40
03/05/2018 03:00:00 PM,78,30,48
03/05/2018 04:00:00 PM,219,53,166
03/05/2018 05:00:00 PM,493,117,376
03/05/2018 06:00:00 PM,306,71,235
03/05/2018 07:00:00 PM,118,31,87
03/05/2018 08:00:00 PM,64,18,46
03/05/2018 09:00:00 PM,38,15,23
03/05/2018 10:00:00 PM,18,7,11
03/05/2018 11:00:00 PM,10,4,6
03/06/2018 12:00:00 AM,1,0,1
03/06/2018 01:00:00 AM,4,2,2
03/06/2018 02:00:00 AM,2,0,2
03/06/2018 03:00:00 AM,1,1,0
03/06/2018 04:00:00 AM,8,6,2
03/06/2018 05:00:00 AM,33,17,16
03/06/2018 06:00:00 AM,119,70,49
03/06/2018 07:00:00 AM,361,192,169
03/06/2018 08:00:00 AM,492,266,226
03/06/2018 09:00:00 AM,241,109,132
03/06/2018 10:00:00 AM,99,46,53
03/06/2018 11:00:00 AM,70,31,39
03/06/2018 12:00:00 PM,79,35,44
03/06/2018 01:00:00 PM,114,57,57
03/06/2018 02:00:00 PM,86,36,50
03/06/2018 03:00:00 PM,166,80,86
03/06/2018 04:00:00 PM,273,75,198
03/06/2018 05:00:00 PM,556,112,444
03/06/2018 06:00:00 PM,374,104,270
03/06/2018 07:00:00 PM,134,37,97
03/06/2018 08:00:00 PM,77,29,48
03/06/2018 09:00:00 PM,36,19,17
03/06/2018 10:00:00 PM,25,11,14
03/06/2018 11:00:00 PM,15,6,9
03/07/2018 12:00:00 AM,8,1,7
03/07/2018 01:00:00 AM,2,0,2
03/07/2018 02:00:00 AM,1,0,1
03/07/2018 03:00:00 AM,2,1,1
03/07/2018 04:00:00 AM,9,5,4
03/07/2018 05:00:00 AM,30,16,14
03/07/2018 06:00:00 AM,122,70,52
03/07/2018 07:00:00 AM,298,157,141
03/07/2018 08:00:00 AM,457,256,201
03/07/2018 09:00:00 AM,242,109,133
03/07/2018 10:00:00 AM,98,41,57
03/07/2018 11:00:00 AM,65,32,33
03/07/2018 12:00:00 PM,50,25,25
03/07/2018 01:00:00 PM,72,33,39
03/07/2018 02:00:00 PM,68,29,39
03/07/2018 03:00:00 PM,111,41,70
03/07/2018 04:00:00 PM,234,63,171
03/07/2018 05:00:00 PM,478,117,361
03/07/2018 06:00:00 PM,295,78,217
03/07/2018 07:00:00 PM,152,43,109
03/07/2018 08:00:00 PM,83,33,50
03/07/2018 09:00:00 PM,57,21,36
03/07/2018 10:00:00 PM,26,11,15
03/07/2018 11:00:00 PM,13,4,9
03/08/2018 12:00:00 AM,6,1,5
03/08/2018 01:00:00 AM,2,1,1
03/08/2018 02:00:00 AM,3,0,3
03/08/2018 03:00:00 AM,3,1,2
03/08/2018 04:00:00 AM,7,4,3
03/08/2018 05:00:00 AM,30,18,12
03/08/2018 06:00:00 AM,81,41,40
03/08/2018 07:00:00 AM,180,97,83
03/08/2018 08:00:00 AM,287,159,128
03/08/2018 09:00:00 AM,151,72,79
03/08/2018 10:00:00 AM,43,17,26
03/08/2018 11:00:00 AM,24,16,8
03/08/2018 12:00:00 PM,21,14,7
03/08/2018 01:00:00 PM,21,13,8
03/08/2018 02:00:00 PM,29,18,11
03/08/2018 03:00:00 PM,52,18,34
03/08/2018 04:00:00 PM,117,29,88
03/08/2018 05:00:00 PM,291,63,228
03/08/2018 06:00:00 PM,215,57,158
03/08/2018 07:00:00 PM,91,28,63
03/08/2018 08:00:00 PM,40,16,24
03/08/2018 09:00:00 PM,20,10,10
03/08/2018 10:00:00 PM,15,8,7
03/08/2018 11:00:00 PM,8,2,6
03/09/2018 12:00:00 AM,7,5,2
03/09/2018 01:00:00 AM,8,3,5
03/09/2018 02:00:00 AM,5,0,5
03/09/2018 03:00:00 AM,5,3,2
03/09/2018 04:00:00 AM,6,3,3
03/09/2018 05:00:00 AM,30,18,12
03/09/2018 06:00:00 AM,84,46,38
03/09/2018 07:00:00 AM,243,141,102
03/09/2018 08:00:00 AM,357,190,167
03/09/2018 09:00:00 AM,208,109,99
03/09/2018 10:00:00 AM,70,34,36
03/09/2018 11:00:00 AM,56,20,36
03/09/2018 12:00:00 PM,64,25,39
03/09/2018 01:00:00 PM,69,30,39
03/09/2018 02:00:00 PM,96,46,50
03/09/2018 03:00:00 PM,151,52,99
03/09/2018 04:00:00 PM,269,89,180
03/09/2018 05:00:00 PM,407,84,323
03/09/2018 06:00:00 PM,224,72,152
03/09/2018 07:00:00 PM,90,23,67
03/09/2018 08:00:00 PM,56,14,42
03/09/2018 09:00:00 PM,41,15,26
03/09/2018 10:00:00 PM,29,7,22
03/09/2018 11:00:00 PM,23,9,14
03/10/2018 12:00:00 AM,10,6,4
03/10/2018 01:00:00 AM,4,3,1
03/10/2018 02:00:00 AM,13,3,10
03/10/2018 03:00:00 AM,4,2,2
03/10/2018 04:00:00 AM,4,3,1
03/10/2018 05:00:00 AM,5,3,2
03/10/2018 06:00:00 AM,17,7,10
03/10/2018 07:00:00 AM,30,14,16
03/10/2018 08:00:00 AM,65,32,33
03/10/2018 09:00:00 AM,91,35,56
03/10/2018 10:00:00 AM,115,63,52
03/10/2018 11:00:00 AM,139,68,71
03/10/2018 12:00:00 PM,180,85,95
03/10/2018 01:00:00 PM,209,116,93
03/10/2018 02:00:00 PM,260,131,129
03/10/2018 03:00:00 PM,201,99,102
03/10/2018 04:00:00 PM,229,116,113
03/10/2018 05:00:00 PM,130,65,65
03/10/2018 06:00:00 PM,89,53,36
03/10/2018 07:00:00 PM,50,30,20
03/10/2018 08:00:00 PM,35,14,21
03/10/2018 09:00:00 PM,39,18,21
03/10/2018 10:00:00 PM,19,7,12
03/10/2018 11:00:00 PM,19,5,14
03/11/2018 12:00:00 AM,6,4,2
03/11/2018 01:00:00 AM,9,2,7
03/11/2018 02:00:00 AM,,,
03/11/2018 03:00:00 AM,9,2,7
03/11/2018 04:00:00 AM,4,2,2
03/11/2018 05:00:00 AM,4,3,1
03/11/2018 06:00:00 AM,5,0,5
03/11/2018 07:00:00 AM,10,6,4
03/11/2018 08:00:00 AM,35,19,16
03/11/2018 09:00:00 AM,55,25,30
03/11/2018 10:00:00 AM,84,35,49
03/11/2018 11:00:00 AM,171,75,96
03/11/2018 12:00:00 PM,251,132,119
03/11/2018 01:00:00 PM,294,141,153
03/11/2018 02:00:00 PM,333,178,155
03/11/2018 03:00:00 PM,296,138,158
03/11/2018 04:00:00 PM,282,148,134
03/11/2018 05:00:00 PM,208,131,77
03/11/2018 06:00:00 PM,141,70,71
03/11/2018 07:00:00 PM,85,44,41
03/11/2018 08:00:00 PM,35,18,17
03/11/2018 09:00:00 PM,18,10,8
03/11/2018 10:00:00 PM,21,9,12
03/11/2018 11:00:00 PM,15,7,8
03/12/2018 12:00:00 AM,7,2,5
03/12/2018 01:00:00 AM,2,1,1
03/12/2018 02:00:00 AM,1,0,1
03/12/2018 03:00:00 AM,3,1,2
03/12/2018 04:00:00 AM,13,6,7
03/12/2018 05:00:00 AM,40,27,13
03/12/2018 06:00:00 AM,123,65,58
03/12/2018 07:00:00 AM,302,162,140
03/12/2018 08:00:00 AM,539,303,236
03/12/2018 09:00:00 AM,332,152,180
03/12/2018 10:00:00 AM,142,71,71
03/12/2018 11:00:00 AM,84,42,42
03/12/2018 12:00:00 PM,120,60,60
03/12/2018 01:00:00 PM,135,71,64
03/12/2018 02:00:00 PM,142,75,67
03/12/2018 03:00:00 PM,216,106,110
03/12/2018 04:00:00 PM,453,125,328
03/12/2018 05:00:00 PM,776,191,585
03/12/2018 06:00:00 PM,480,172,308
03/12/2018 07:00:00 PM,147,43,104
03/12/2018 08:00:00 PM,83,25,58
03/12/2018 09:00:00 PM,74,32,42
03/12/2018 10:00:00 PM,21,8,13
03/12/2018 11:00:00 PM,16,6,10
03/13/2018 12:00:00 AM,9,4,5
03/13/2018 01:00:00 AM,5,2,3
03/13/2018 02:00:00 AM,5,2,3
03/13/2018 03:00:00 AM,1,1,0
03/13/2018 04:00:00 AM,6,4,2
03/13/2018 05:00:00 AM,32,23,9
03/13/2018 06:00:00 AM,103,52,51
03/13/2018 07:00:00 AM,265,124,141
03/13/2018 08:00:00 AM,372,194,178
03/13/2018 09:00:00 AM,211,96,115
03/13/2018 10:00:00 AM,78,30,48
03/13/2018 11:00:00 AM,46,23,23
03/13/2018 12:00:00 PM,41,21,20
03/13/2018 01:00:00 PM,41,18,23
03/13/2018 02:00:00 PM,46,19,27
03/13/2018 03:00:00 PM,75,32,43
03/13/2018 04:00:00 PM,188,44,144
03/13/2018 05:00:00 PM,369,72,297
03/13/2018 06:00:00 PM,263,64,199
03/13/2018 07:00:00 PM,76,29,47
03/13/2018 08:00:00 PM,51,17,34
03/13/2018 09:00:00 PM,40,17,23
03/13/2018 10:00:00 PM,17,7,10
03/13/2018 11:00:00 PM,6,2,4
03/14/2018 12:00:00 AM,8,4,4
03/14/2018 01:00:00 AM,4,2,2
03/14/2018 02:00:00 AM,0,0,0
03/14/2018 03:00:00 AM,2,2,0
03/14/2018 04:00:00 AM,13,6,7
03/14/2018 05:00:00 AM,37,25,12
03/14/2018 06:00:00 AM,106,59,47
03/14/2018 07:00:00 AM,293,162,131
03/14/2018 08:00:00 AM,396,210,186
03/14/2018 09:00:00 AM,212,89,123
03/14/2018 10:00:00 AM,73,25,48
03/14/2018 11:00:00 AM,57,30,27
03/14/2018 12:00:00 PM,72,36,36
03/14/2018 01:00:00 PM,80,36,44
03/14/2018 02:00:00 PM,85,39,46
03/14/2018 03:00:00 PM,109,48,61
03/14/2018 04:00:00 PM,259,74,185
03/14/2018 05:00:00 PM,492,113,379
03/14/2018 06:00:00 PM,388,116,272
03/14/2018 07:00:00 PM,173,55,118
03/14/2018 08:00:00 PM,90,27,63
03/14/2018 09:00:00 PM,45,17,28
03/14/2018 10:00:00 PM,30,15,15
03/14/2018 11:00:00 PM,18,6,12
03/15/2018 12:00:00 AM,3,1,2
03/15/2018 01:00:00 AM,4,3,1
03/15/2018 02:00:00 AM,2,1,1
03/15/2018 03:00:00 AM,2,1,1
03/15/2018 04:00:00 AM,9,6,3
03/15/2018 05:00:00 AM,40,21,19
03/15/2018 06:00:00 AM,119,67,52
03/15/2018 07:00:00 AM,293,158,135
03/15/2018 08:00:00 AM,482,266,216
03/15/2018 09:00:00 AM,265,114,151
03/15/2018 10:00:00 AM,95,57,38
03/15/2018 11:00:00 AM,75,39,36
03/15/2018 12:00:00 PM,99,57,42
03/15/2018 01:00:00 PM,76,36,40
03/15/2018 02:00:00 PM,114,55,59
03/15/2018 03:00:00 PM,129,47,82
03/15/2018 04:00:00 PM,299,84,215
03/15/2018 05:00:00 PM,604,154,450
03/15/2018 06:00:00 PM,432,131,301
03/15/2018 07:00:00 PM,162,49,113
03/15/2018 08:00:00 PM,91,33,58
03/15/2018 09:00:00 PM,58,26,32
03/15/2018 10:00:00 PM,25,8,17
03/15/2018 11:00:00 PM,22,16,6
03/16/2018 12:00:00 AM,11,5,6
03/16/2018 01:00:00 AM,6,0,6
03/16/2018 02:00:00 AM,5,0,5
03/16/2018 03:00:00 AM,6,4,2
03/16/2018 04:00:00 AM,9,5,4
03/16/2018 05:00:00 AM,26,15,11
03/16/2018 06:00:00 AM,95,47,48
03/16/2018 07:00:00 AM,266,148,118
03/16/2018 08:00:00 AM,436,225,211
03/16/2018 09:00:00 AM,264,120,144
03/16/2018 10:00:00 AM,98,41,57
03/16/2018 11:00:00 AM,71,33,38
03/16/2018 12:00:00 PM,87,35,52
03/16/2018 01:00:00 PM,98,47,51
03/16/2018 02:00:00 PM,152,60,92
03/16/2018 03:00:00 PM,161,54,107
03/16/2018 04:00:00 PM,336,97,239
03/16/2018 05:00:00 PM,493,126,367
03/16/2018 06:00:00 PM,319,103,216
03/16/2018 07:00:00 PM,111,44,67
03/16/2018 08:00:00 PM,64,16,48
03/16/2018 09:00:00 PM,44,9,35
03/16/2018 10:00:00 PM,32,15,17
03/16/2018 11:00:00 PM,21,8,13
03/17/2018 12:00:00 AM,16,6,10
03/17/2018 01:00:00 AM,5,2,3
03/17/2018 02:00:00 AM,8,7,1
03/17/2018 03:00:00 AM,7,3,4
03/17/2018 04:00:00 AM,2,1,1
03/17/2018 05:00:00 AM,7,4,3
03/17/2018 06:00:00 AM,20,13,7
03/17/2018 07:00:00 AM,26,11,15
03/17/2018 08:00:00 AM,53,23,30
03/17/2018 09:00:00 AM,92,51,41
03/17/2018 10:00:00 AM,121,51,70
03/17/2018 11:00:00 AM,111,45,66
03/17/2018 12:00:00 PM,131,58,73
03/17/2018 01:00:00 PM,131,77,54
03/17/2018 02:00:00 PM,118,52,66
03/17/2018 03:00:00 PM,126,70,56
03/17/2018 04:00:00 PM,124,68,56
03/17/2018 05:00:00 PM,95,43,52
03/17/2018 06:00:00 PM,64,31,33
03/17/2018 07:00:00 PM,51,27,24
03/17/2018 08:00:00 PM,35,15,20
03/17/2018 09:00:00 PM,19,7,12
03/17/2018 10:00:00 PM,25,12,13
03/17/2018 11:00:00 PM,16,8,8
03/18/2018 12:00:00 AM,14,11,3
03/18/2018 01:00:00 AM,2,2,0
03/18/2018 02:00:00 AM,1,0,1
03/18/2018 03:00:00 AM,2,0,2
03/18/2018 04:00:00 AM,5,2,3
03/18/2018 05:00:00 AM,6,4,2
03/18/2018 06:00:00 AM,4,3,1
03/18/2018 07:00:00 AM,12,4,8
03/18/2018 08:00:00 AM,40,22,18
03/18/2018 09:00:00 AM,60,28,32
03/18/2018 10:00:00 AM,96,47,49
03/18/2018 11:00:00 AM,120,66,54
03/18/2018 12:00:00 PM,155,71,84
03/18/2018 01:00:00 PM,166,86,80
03/18/2018 02:00:00 PM,189,103,86
03/18/2018 03:00:00 PM,175,88,87
03/18/2018 04:00:00 PM,193,93,100
03/18/2018 05:00:00 PM,150,67,83
03/18/2018 06:00:00 PM,108,46,62
03/18/2018 07:00:00 PM,37,21,16
03/18/2018 08:00:00 PM,21,7,14
03/18/2018 09:00:00 PM,21,13,8
03/18/2018 10:00:00 PM,14,7,7
03/18/2018 11:00:00 PM,6,0,6
03/19/2018 12:00:00 AM,5,2,3
03/19/2018 01:00:00 AM,0,0,0
03/19/2018 02:00:00 AM,1,1,0
03/19/2018 03:00:00 AM,2,2,0
03/19/2018 04:00:00 AM,12,6,6
03/19/2018 05:00:00 AM,38,21,17
03/19/2018 06:00:00 AM,135,80,55
03/19/2018 07:00:00 AM,308,171,137
03/19/2018 08:00:00 AM,492,277,215
03/19/2018 09:00:00 AM,265,121,144
03/19/2018 10:00:00 AM,83,39,44
03/19/2018 11:00:00 AM,64,35,29
03/19/2018 12:00:00 PM,79,35,44
03/19/2018 01:00:00 PM,82,40,42
03/19/2018 02:00:00 PM,90,35,55
03/19/2018 03:00:00 PM,153,53,100
03/19/2018 04:00:00 PM,281,83,198
03/19/2018 05:00:00 PM,617,142,475
03/19/2018 06:00:00 PM,419,127,292
03/19/2018 07:00:00 PM,147,46,101
03/19/2018 08:00:00 PM,68,15,53
03/19/2018 09:00:00 PM,46,17,29
03/19/2018 10:00:00 PM,25,9,16
03/19/2018 11:00:00 PM,14,8,6
03/20/2018 12:00:00 AM,6,2,4
03/20/2018 01:00:00 AM,2,2,0
03/20/2018 02:00:00 AM,0,0,0
03/20/2018 03:00:00 AM,1,1,0
03/20/2018 04:00:00 AM,10,5,5
03/20/2018 05:00:00 AM,33,19,14
03/20/2018 06:00:00 AM,127,73,54
03/20/2018 07:00:00 AM,369,193,176
03/20/2018 08:00:00 AM,489,259,230
03/20/2018 09:00:00 AM,267,120,147
03/20/2018 10:00:00 AM,101,46,55
03/20/2018 11:00:00 AM,76,34,42
03/20/2018 12:00:00 PM,89,48,41
03/20/2018 01:00:00 PM,77,34,43
03/20/2018 02:00:00 PM,103,39,64
03/20/2018 03:00:00 PM,160,65,95
03/20/2018 04:00:00 PM,331,118,213
03/20/2018 05:00:00 PM,631,129,502
03/20/2018 06:00:00 PM,428,131,297
03/20/2018 07:00:00 PM,192,88,104
03/20/2018 08:00:00 PM,64,21,43
03/20/2018 09:00:00 PM,53,21,32
03/20/2018 10:00:00 PM,26,10,16
03/20/2018 11:00:00 PM,18,8,10
03/21/2018 12:00:00 AM,4,1,3
03/21/2018 01:00:00 AM,2,0,2
03/21/2018 02:00:00 AM,2,1,1
03/21/2018 03:00:00 AM,2,1,1
03/21/2018 04:00:00 AM,10,6,4
03/21/2018 05:00:00 AM,35,22,13
03/21/2018 06:00:00 AM,115,65,50
03/21/2018 07:00:00 AM,323,175,148
03/21/2018 08:00:00 AM,475,257,218
03/21/2018 09:00:00 AM,237,115,122
03/21/2018 10:00:00 AM,102,46,56
03/21/2018 11:00:00 AM,72,41,31
03/21/2018 12:00:00 PM,73,33,40
03/21/2018 01:00:00 PM,86,27,59
03/21/2018 02:00:00 PM,96,45,51
03/21/2018 03:00:00 PM,132,42,90
03/21/2018 04:00:00 PM,331,104,227
03/21/2018 05:00:00 PM,542,131,411
03/21/2018 06:00:00 PM,353,90,263
03/21/2018 07:00:00 PM,136,43,93
03/21/2018 08:00:00 PM,85,23,62
03/21/2018 09:00:00 PM,35,8,27
03/21/2018 10:00:00 PM,22,8,14
03/21/2018 11:00:00 PM,10,5,5
03/22/2018 12:00:00 AM,3,2,1
03/22/2018 01:00:00 AM,4,1,3
03/22/2018 02:00:00 AM,3,0,3
03/22/2018 03:00:00 AM,3,2,1
03/22/2018 04:00:00 AM,9,7,2
03/22/2018 05:00:00 AM,28,13,15
03/22/2018 06:00:00 AM,86,48,38
03/22/2018 07:00:00 AM,188,104,84
03/22/2018 08:00:00 AM,273,133,140
03/22/2018 09:00:00 AM,136,72,64
03/22/2018 10:00:00 AM,51,19,32
03/22/2018 11:00:00 AM,27,9,18
03/22/2018 12:00:00 PM,32,16,16
03/22/2018 01:00:00 PM,27,13,14
03/22/2018 02:00:00 PM,31,14,17
03/22/2018 03:00:00 PM,67,20,47
03/22/2018 04:00:00 PM,155,41,114
03/22/2018 05:00:00 PM,314,71,243
03/22/2018 06:00:00 PM,221,65,156
03/22/2018 07:00:00 PM,93,32,61
03/22/2018 08:00:00 PM,48,18,30
03/22/2018 09:00:00 PM,26,10,16
03/22/2018 10:00:00 PM,14,4,10
03/22/2018 11:00:00 PM,8,4,4
03/23/2018 12:00:00 AM,12,3,9
03/23/2018 01:00:00 AM,3,2,1
03/23/2018 02:00:00 AM,0,0,0
03/23/2018 03:00:00 AM,3,3,0
03/23/2018 04:00:00 AM,3,2,1
03/23/2018 05:00:00 AM,29,13,16
03/23/2018 06:00:00 AM,67,32,35
03/23/2018 07:00:00 AM,177,86,91
03/23/2018 08:00:00 AM,240,125,115
03/23/2018 09:00:00 AM,138,56,82
03/23/2018 10:00:00 AM,38,18,20
03/23/2018 11:00:00 AM,21,10,11
03/23/2018 12:00:00 PM,24,10,14
03/23/2018 01:00:00 PM,31,12,19
03/23/2018 02:00:00 PM,57,27,30
03/23/2018 03:00:00 PM,90,22,68
03/23/2018 04:00:00 PM,161,32,129
03/23/2018 05:00:00 PM,279,66,213
03/23/2018 06:00:00 PM,181,48,133
03/23/2018 07:00:00 PM,73,21,52
03/23/2018 08:00:00 PM,41,14,27
03/23/2018 09:00:00 PM,22,5,17
03/23/2018 10:00:00 PM,26,11,15
03/23/2018 11:00:00 PM,12,6,6
03/24/2018 12:00:00 AM,11,4,7
03/24/2018 01:00:00 AM,1,1,0
03/24/2018 02:00:00 AM,2,2,0
03/24/2018 03:00:00 AM,3,1,2
03/24/2018 04:00:00 AM,4,4,0
03/24/2018 05:00:00 AM,1,0,1
03/24/2018 06:00:00 AM,7,3,4
03/24/2018 07:00:00 AM,11,5,6
03/24/2018 08:00:00 AM,30,15,15
03/24/2018 09:00:00 AM,47,27,20
03/24/2018 10:00:00 AM,69,36,33
03/24/2018 11:00:00 AM,86,42,44
03/24/2018 12:00:00 PM,136,55,81
03/24/2018 01:00:00 PM,137,45,92
03/24/2018 02:00:00 PM,137,52,85
03/24/2018 03:00:00 PM,128,58,70
03/24/2018 04:00:00 PM,138,60,78
03/24/2018 05:00:00 PM,100,45,55
03/24/2018 06:00:00 PM,72,33,39
03/24/2018 07:00:00 PM,55,25,30
03/24/2018 08:00:00 PM,23,13,10
03/24/2018 09:00:00 PM,28,8,20
03/24/2018 10:00:00 PM,16,8,8
03/24/2018 11:00:00 PM,19,11,8
03/25/2018 12:00:00 AM,12,3,9
03/25/2018 01:00:00 AM,6,2,4
03/25/2018 02:00:00 AM,3,1,2
03/25/2018 03:00:00 AM,3,1,2
03/25/2018 04:00:00 AM,1,0,1
03/25/2018 05:00:00 AM,3,2,1
03/25/2018 06:00:00 AM,10,6,4
03/25/2018 07:00:00 AM,17,10,7
03/25/2018 08:00:00 AM,38,20,18
03/25/2018 09:00:00 AM,60,27,33
03/25/2018 10:00:00 AM,99,38,61
03/25/2018 11:00:00 AM,106,62,44
03/25/2018 12:00:00 PM,132,69,63
03/25/2018 01:00:00 PM,146,79,67
03/25/2018 02:00:00 PM,168,79,89
03/25/2018 03:00:00 PM,171,82,89
03/25/2018 04:00:00 PM,149,63,86
03/25/2018 05:00:00 PM,140,81,59
03/25/2018 06:00:00 PM,92,51,41
03/25/2018 07:00:00 PM,55,25,30
03/25/2018 08:00:00 PM,24,17,7
03/25/2018 09:00:00 PM,21,3,18
03/25/2018 10:00:00 PM,7,3,4
03/25/2018 11:00:00 PM,7,3,4
03/26/2018 12:00:00 AM,4,1,3
03/26/2018 01:00:00 AM,5,1,4
03/26/2018 02:00:00 AM,0,0,0
03/26/2018 03:00:00 AM,1,0,1
03/26/2018 04:00:00 AM,8,4,4
03/26/2018 05:00:00 AM,33,18,15
03/26/2018 06:00:00 AM,70,35,35
03/26/2018 07:00:00 AM,246,132,114
03/26/2018 08:00:00 AM,382,212,170
03/26/2018 09:00:00 AM,201,89,112
03/26/2018 10:00:00 AM,78,39,39
03/26/2018 11:00:00 AM,37,22,15
03/26/2018 12:00:00 PM,34,15,19
03/26/2018 01:00:00 PM,35,15,20
03/26/2018 02:00:00 PM,48,21,27
03/26/2018 03:00:00 PM,76,21,55
03/26/2018 04:00:00 PM,203,62,141
03/26/2018 05:00:00 PM,424,94,330
03/26/2018 06:00:00 PM,259,81,178
03/26/2018 07:00:00 PM,93,26,67
03/26/2018 08:00:00 PM,45,10,35
03/26/2018 09:00:00 PM,24,7,17
03/26/2018 10:00:00 PM,15,5,10
03/26/2018 11:00:00 PM,11,3,8
03/27/2018 12:00:00 AM,3,3,0
03/27/2018 01:00:00 AM,2,2,0
03/27/2018 02:00:00 AM,3,2,1
03/27/2018 03:00:00 AM,2,2,0
03/27/2018 04:00:00 AM,8,5,3
03/27/2018 05:00:00 AM,31,20,11
03/27/2018 06:00:00 AM,96,52,44
03/27/2018 07:00:00 AM,281,159,122
03/27/2018 08:00:00 AM,370,199,171
03/27/2018 09:00:00 AM,190,77,113
03/27/2018 10:00:00 AM,73,38,35
03/27/2018 11:00:00 AM,44,15,29
03/27/2018 12:00:00 PM,42,22,20
03/27/2018 01:00:00 PM,46,23,23
03/27/2018 02:00:00 PM,58,25,33
03/27/2018 03:00:00 PM,94,30,64
03/27/2018 04:00:00 PM,219,72,147
03/27/2018 05:00:00 PM,399,75,324
03/27/2018 06:00:00 PM,302,79,223
03/27/2018 07:00:00 PM,124,36,88
03/27/2018 08:00:00 PM,55,19,36
03/27/2018 09:00:00 PM,41,18,23
03/27/2018 10:00:00 PM,26,13,13
03/27/2018 11:00:00 PM,11,4,7
03/28/2018 12:00:00 AM,6,3,3
03/28/2018 01:00:00 AM,0,0,0
03/28/2018 02:00:00 AM,0,0,0
03/28/2018 03:00:00 AM,3,1,2
03/28/2018 04:00:00 AM,7,4,3
03/28/2018 05:00:00 AM,45,23,22
03/28/2018 06:00:00 AM,127,67,60
03/28/2018 07:00:00 AM,325,191,134
03/28/2018 08:00:00 AM,462,245,217
03/28/2018 09:00:00 AM,235,115,120
03/28/2018 10:00:00 AM,111,52,59
03/28/2018 11:00:00 AM,66,32,34
03/28/2018 12:00:00 PM,75,32,43
03/28/2018 01:00:00 PM,83,41,42
03/28/2018 02:00:00 PM,104,39,65
03/28/2018 03:00:00 PM,97,34,63
03/28/2018 04:00:00 PM,304,87,217
03/28/2018 05:00:00 PM,566,134,432
03/28/2018 06:00:00 PM,347,92,255
03/28/2018 07:00:00 PM,155,48,107
03/28/2018 08:00:00 PM,84,28,56
03/28/2018 09:00:00 PM,67,33,34
03/28/2018 10:00:00 PM,37,22,15
03/28/2018 11:00:00 PM,19,9,10
03/29/2018 12:00:00 AM,10,4,6
03/29/2018 01:00:00 AM,3,0,3
03/29/2018 02:00:00 AM,3,1,2
03/29/2018 03:00:00 AM,2,0,2
03/29/2018 04:00:00 AM,7,5,2
03/29/2018 05:00:00 AM,44,28,16
03/29/2018 06:00:00 AM,110,61,49
03/29/2018 07:00:00 AM,322,177,145
03/29/2018 08:00:00 AM,444,230,214
03/29/2018 09:00:00 AM,201,103,98
03/29/2018 10:00:00 AM,116,63,53
03/29/2018 11:00:00 AM,82,41,41
03/29/2018 12:00:00 PM,78,39,39
03/29/2018 01:00:00 PM,70,31,39
03/29/2018 02:00:00 PM,86,40,46
03/29/2018 03:00:00 PM,142,60,82
03/29/2018 04:00:00 PM,276,69,207
03/29/2018 05:00:00 PM,496,111,385
03/29/2018 06:00:00 PM,368,112,256
03/29/2018 07:00:00 PM,147,44,103
03/29/2018 08:00:00 PM,106,28,78
03/29/2018 09:00:00 PM,58,21,37
03/29/2018 10:00:00 PM,45,11,34
03/29/2018 11:00:00 PM,15,9,6
03/30/2018 12:00:00 AM,9,4,5
03/30/2018 01:00:00 AM,4,1,3
03/30/2018 02:00:00 AM,3,1,2
03/30/2018 03:00:00 AM,2,2,0
03/30/2018 04:00:00 AM,12,6,6
03/30/2018 05:00:00 AM,26,17,9
03/30/2018 06:00:00 AM,70,48,22
03/30/2018 07:00:00 AM,243,110,133
03/30/2018 08:00:00 AM,354,187,167
03/30/2018 09:00:00 AM,201,88,113
03/30/2018 10:00:00 AM,106,46,60
03/30/2018 11:00:00 AM,84,31,53
03/30/2018 12:00:00 PM,94,43,51
03/30/2018 01:00:00 PM,104,51,53
03/30/2018 02:00:00 PM,121,52,69
03/30/2018 03:00:00 PM,161,65,96
03/30/2018 04:00:00 PM,288,84,204
03/30/2018 05:00:00 PM,422,101,321
03/30/2018 06:00:00 PM,262,89,173
03/30/2018 07:00:00 PM,105,37,68
03/30/2018 08:00:00 PM,73,30,43
03/30/2018 09:00:00 PM,50,25,25
03/30/2018 10:00:00 PM,27,14,13
03/30/2018 11:00:00 PM,20,10,10
03/31/2018 12:00:00 AM,21,6,15
03/31/2018 01:00:00 AM,6,3,3
03/31/2018 02:00:00 AM,7,3,4
03/31/2018 03:00:00 AM,6,3,3
03/31/2018 04:00:00 AM,2,1,1
03/31/2018 05:00:00 AM,9,1,8
03/31/2018 06:00:00 AM,21,9,12
03/31/2018 07:00:00 AM,27,10,17
03/31/2018 08:00:00 AM,58,27,31
03/31/2018 09:00:00 AM,90,45,45
03/31/2018 10:00:00 AM,123,63,60
03/31/2018 11:00:00 AM,124,62,62
03/31/2018 12:00:00 PM,164,100,64
03/31/2018 01:00:00 PM,180,90,90
03/31/2018 02:00:00 PM,202,87,115
03/31/2018 03:00:00 PM,222,98,124
03/31/2018 04:00:00 PM,208,103,105
03/31/2018 05:00:00 PM,173,73,100
03/31/2018 06:00:00 PM,160,72,88
03/31/2018 07:00:00 PM,76,41,35
03/31/2018 08:00:00 PM,35,23,12
03/31/2018 09:00:00 PM,33,13,20
03/31/2018 10:00:00 PM,32,15,17
03/31/2018 11:00:00 PM,21,10,11
04/01/2018 12:00:00 AM,10,4,6
04/01/2018 01:00:00 AM,7,2,5
04/01/2018 02:00:00 AM,6,4,2
04/01/2018 03:00:00 AM,2,0,2
04/01/2018 04:00:00 AM,1,0,1
04/01/2018 05:00:00 AM,4,2,2
04/01/2018 06:00:00 AM,14,5,9
04/01/2018 07:00:00 AM,17,10,7
04/01/2018 08:00:00 AM,31,15,16
04/01/2018 09:00:00 AM,52,29,23
04/01/2018 10:00:00 AM,41,25,16
04/01/2018 11:00:00 AM,55,30,25
04/01/2018 12:00:00 PM,48,29,19
04/01/2018 01:00:00 PM,51,30,21
04/01/2018 02:00:00 PM,60,31,29
04/01/2018 03:00:00 PM,47,26,21
04/01/2018 04:00:00 PM,40,19,21
04/01/2018 05:00:00 PM,43,15,28
04/01/2018 06:00:00 PM,45,18,27
04/01/2018 07:00:00 PM,14,8,6
04/01/2018 08:00:00 PM,14,4,10
04/01/2018 09:00:00 PM,14,6,8
04/01/2018 10:00:00 PM,4,1,3
04/01/2018 11:00:00 PM,2,1,1
04/02/2018 12:00:00 AM,3,1,2
04/02/2018 01:00:00 AM,1,0,1
04/02/2018 02:00:00 AM,1,1,0
04/02/2018 03:00:00 AM,1,1,0
04/02/2018 04:00:00 AM,9,5,4
04/02/2018 05:00:00 AM,37,26,11
04/02/2018 06:00:00 AM,120,70,50
04/02/2018 07:00:00 AM,298,164,134
04/02/2018 08:00:00 AM,513,267,246
04/02/2018 09:00:00 AM,270,125,145
04/02/2018 10:00:00 AM,118,54,64
04/02/2018 11:00:00 AM,72,32,40
04/02/2018 12:00:00 PM,87,48,39
04/02/2018 01:00:00 PM,81,42,39
04/02/2018 02:00:00 PM,87,37,50
04/02/2018 03:00:00 PM,135,48,87
04/02/2018 04:00:00 PM,253,79,174
04/02/2018 05:00:00 PM,644,145,499
04/02/2018 06:00:00 PM,389,116,273
04/02/2018 07:00:00 PM,157,65,92
04/02/2018 08:00:00 PM,73,20,53
04/02/2018 09:00:00 PM,43,15,28
04/02/2018 10:00:00 PM,20,9,11
04/02/2018 11:00:00 PM,11,2,9
04/03/2018 12:00:00 AM,4,1,3
04/03/2018 01:00:00 AM,3,1,2
04/03/2018 02:00:00 AM,3,0,3
04/03/2018 03:00:00 AM,1,1,0
04/03/2018 04:00:00 AM,4,2,2
04/03/2018 05:00:00 AM,48,36,12
04/03/2018 06:00:00 AM,131,68,63
04/03/2018 07:00:00 AM,339,188,151
04/03/2018 08:00:00 AM,459,231,228
04/03/2018 09:00:00 AM,273,129,144
04/03/2018 10:00:00 AM,106,48,58
04/03/2018 11:00:00 AM,88,40,48
04/03/2018 12:00:00 PM,76,39,37
04/03/2018 01:00:00 PM,68,31,37
04/03/2018 02:00:00 PM,84,40,44
04/03/2018 03:00:00 PM,127,42,85
04/03/2018 04:00:00 PM,283,81,202
04/03/2018 05:00:00 PM,567,137,430
04/03/2018 06:00:00 PM,391,113,278
04/03/2018 07:00:00 PM,168,54,114
04/03/2018 08:00:00 PM,80,28,52
04/03/2018 09:00:00 PM,42,18,24
04/03/2018 10:00:00 PM,32,10,22
04/03/2018 11:00:00 PM,16,7,9
04/04/2018 12:00:00 AM,11,3,8
04/04/2018 01:00:00 AM,1,1,0
04/04/2018 02:00:00 AM,0,0,0
04/04/2018 03:00:00 AM,3,1,2
04/04/2018 04:00:00 AM,8,4,4
04/04/2018 05:00:00 AM,23,12,11
04/04/2018 06:00:00 AM,98,62,36
04/04/2018 07:00:00 AM,236,141,95
04/04/2018 08:00:00 AM,362,193,169
04/04/2018 09:00:00 AM,204,94,110
04/04/2018 10:00:00 AM,77,43,34
04/04/2018 11:00:00 AM,33,15,18
04/04/2018 12:00:00 PM,27,14,13
04/04/2018 01:00:00 PM,37,14,23
04/04/2018 02:00:00 PM,39,22,17
04/04/2018 03:00:00 PM,76,22,54
04/04/2018 04:00:00 PM,162,43,119
04/04/2018 05:00:00 PM,392,97,295
04/04/2018 06:00:00 PM,237,73,164
04/04/2018 07:00:00 PM,109,35,74
04/04/2018 08:00:00 PM,56,14,42
04/04/2018 09:00:00 PM,30,13,17
04/04/2018 10:00:00 PM,15,7,8
04/04/2018 11:00:00 PM,9,4,5
04/05/2018 12:00:00 AM,7,3,4
04/05/2018 01:00:00 AM,7,3,4
04/05/2018 02:00:00 AM,0,0,0
04/05/2018 03:00:00 AM,2,1,1
04/05/2018 04:00:00 AM,2,1,1
04/05/2018 05:00:00 AM,40,27,13
04/05/2018 06:00:00 AM,91,49,42
04/05/2018 07:00:00 AM,237,136,101
04/05/2018 08:00:00 AM,362,192,170
04/05/2018 09:00:00 AM,200,102,98
04/05/2018 10:00:00 AM,75,34,41
04/05/2018 11:00:00 AM,43,22,21
04/05/2018 12:00:00 PM,38,16,22
04/05/2018 01:00:00 PM,34,9,25
04/05/2018 02:00:00 PM,32,13,19
04/05/2018 03:00:00 PM,87,32,55
04/05/2018 04:00:00 PM,156,45,111
04/05/2018 05:00:00 PM,370,90,280
04/05/2018 06:00:00 PM,217,56,161
04/05/2018 07:00:00 PM,113,33,80
04/05/2018 08:00:00 PM,57,16,41
04/05/2018 09:00:00 PM,44,15,29
04/05/2018 10:00:00 PM,26,10,16
04/05/2018 11:00:00 PM,15,6,9
04/06/2018 12:00:00 AM,10,5,5
04/06/2018 01:00:00 AM,1,0,1
04/06/2018 02:00:00 AM,0,0,0
04/06/2018 03:00:00 AM,3,3,0
04/06/2018 04:00:00 AM,10,2,8
04/06/2018 05:00:00 AM,25,15,10
04/06/2018 06:00:00 AM,94,50,44
04/06/2018 07:00:00 AM,244,129,115
04/06/2018 08:00:00 AM,362,209,153
04/06/2018 09:00:00 AM,243,119,124
04/06/2018 10:00:00 AM,83,33,50
04/06/2018 11:00:00 AM,56,23,33
04/06/2018 12:00:00 PM,69,30,39
04/06/2018 01:00:00 PM,67,34,33
04/06/2018 02:00:00 PM,101,49,52
04/06/2018 03:00:00 PM,146,54,92
04/06/2018 04:00:00 PM,322,83,239
04/06/2018 05:00:00 PM,509,133,376
04/06/2018 06:00:00 PM,336,116,220
04/06/2018 07:00:00 PM,171,54,117
04/06/2018 08:00:00 PM,91,38,53
04/06/2018 09:00:00 PM,62,30,32
04/06/2018 10:00:00 PM,32,22,10
04/06/2018 11:00:00 PM,35,20,15
04/07/2018 12:00:00 AM,15,6,9
04/07/2018 01:00:00 AM,11,4,7
04/07/2018 02:00:00 AM,4,1,3
04/07/2018 03:00:00 AM,4,1,3
04/07/2018 04:00:00 AM,4,2,2
04/07/2018 05:00:00 AM,1,1,0
04/07/2018 06:00:00 AM,9,2,7
04/07/2018 07:00:00 AM,8,4,4
04/07/2018 08:00:00 AM,28,13,15
04/07/2018 09:00:00 AM,25,15,10
04/07/2018 10:00:00 AM,51,30,21
04/07/2018 11:00:00 AM,75,39,36
04/07/2018 12:00:00 PM,75,35,40
04/07/2018 01:00:00 PM,57,21,36
04/07/2018 02:00:00 PM,62,28,34
04/07/2018 03:00:00 PM,31,15,16
04/07/2018 04:00:00 PM,53,28,25
04/07/2018 05:00:00 PM,36,25,11
04/07/2018 06:00:00 PM,33,14,19
04/07/2018 07:00:00 PM,21,10,11
04/07/2018 08:00:00 PM,18,11,7
04/07/2018 09:00:00 PM,14,3,11
04/07/2018 10:00:00 PM,14,10,4
04/07/2018 11:00:00 PM,15,4,11
04/08/2018 12:00:00 AM,3,2,1
04/08/2018 01:00:00 AM,1,0,1
04/08/2018 02:00:00 AM,6,1,5
04/08/2018 03:00:00 AM,3,2,1
04/08/2018 04:00:00 AM,5,3,2
04/08/2018 05:00:00 AM,6,2,4
04/08/2018 06:00:00 AM,112,84,28
04/08/2018 07:00:00 AM,141,93,48
04/08/2018 08:00:00 AM,43,26,17
04/08/2018 09:00:00 AM,81,26,55
04/08/2018 10:00:00 AM,126,43,83
04/08/2018 11:00:00 AM,80,26,54
04/08/2018 12:00:00 PM,53,22,31
04/08/2018 01:00:00 PM,65,29,36
04/08/2018 02:00:00 PM,50,23,27
04/08/2018 03:00:00 PM,78,45,33
04/08/2018 04:00:00 PM,48,19,29
04/08/2018 05:00:00 PM,55,28,27
04/08/2018 06:00:00 PM,37,24,13
04/08/2018 07:00:00 PM,38,18,20
04/08/2018 08:00:00 PM,15,9,6
04/08/2018 09:00:00 PM,18,10,8
04/08/2018 10:00:00 PM,11,5,6
04/08/2018 11:00:00 PM,6,2,4
04/09/2018 12:00:00 AM,3,1,2
04/09/2018 01:00:00 AM,2,0,2
04/09/2018 02:00:00 AM,2,1,1
04/09/2018 03:00:00 AM,2,0,2
04/09/2018 04:00:00 AM,8,5,3
04/09/2018 05:00:00 AM,32,17,15
04/09/2018 06:00:00 AM,133,66,67
04/09/2018 07:00:00 AM,331,182,149
04/09/2018 08:00:00 AM,477,250,227
04/09/2018 09:00:00 AM,274,133,141
04/09/2018 10:00:00 AM,124,49,75
04/09/2018 11:00:00 AM,77,29,48
04/09/2018 12:00:00 PM,102,59,43
04/09/2018 01:00:00 PM,100,44,56
04/09/2018 02:00:00 PM,116,51,65
04/09/2018 03:00:00 PM,138,54,84
04/09/2018 04:00:00 PM,332,106,226
04/09/2018 05:00:00 PM,644,173,471
04/09/2018 06:00:00 PM,442,119,323
04/09/2018 07:00:00 PM,192,72,120
04/09/2018 08:00:00 PM,94,42,52
04/09/2018 09:00:00 PM,47,16,31
04/09/2018 10:00:00 PM,41,18,23
04/09/2018 11:00:00 PM,18,11,7
04/10/2018 12:00:00 AM,9,4,5
04/10/2018 01:00:00 AM,1,1,0
04/10/2018 02:00:00 AM,0,0,0
04/10/2018 03:00:00 AM,2,0,2
04/10/2018 04:00:00 AM,7,3,4
04/10/2018 05:00:00 AM,39,22,17
04/10/2018 06:00:00 AM,93,43,50
04/10/2018 07:00:00 AM,196,108,88
04/10/2018 08:00:00 AM,260,128,132
04/10/2018 09:00:00 AM,125,63,62
04/10/2018 10:00:00 AM,55,27,28
04/10/2018 11:00:00 AM,32,13,19
04/10/2018 12:00:00 PM,45,17,28
04/10/2018 01:00:00 PM,52,19,33
04/10/2018 02:00:00 PM,81,34,47
04/10/2018 03:00:00 PM,98,41,57
04/10/2018 04:00:00 PM,189,66,123
04/10/2018 05:00:00 PM,426,112,314
04/10/2018 06:00:00 PM,319,106,213
04/10/2018 07:00:00 PM,139,51,88
04/10/2018 08:00:00 PM,92,47,45
04/10/2018 09:00:00 PM,44,17,27
04/10/2018 10:00:00 PM,34,10,24
04/10/2018 11:00:00 PM,19,8,11
04/11/2018 12:00:00 AM,2,0,2
04/11/2018 01:00:00 AM,5,2,3
04/11/2018 02:00:00 AM,4,1,3
04/11/2018 03:00:00 AM,0,0,0
04/11/2018 04:00:00 AM,7,4,3
04/11/2018 05:00:00 AM,28,16,12
04/11/2018 06:00:00 AM,103,59,44
04/11/2018 07:00:00 AM,277,150,127
04/11/2018 08:00:00 AM,390,199,191
04/11/2018 09:00:00 AM,217,89,128
04/11/2018 10:00:00 AM,109,54,55
04/11/2018 11:00:00 AM,54,29,25
04/11/2018 12:00:00 PM,42,13,29
04/11/2018 01:00:00 PM,27,13,14
04/11/2018 02:00:00 PM,46,25,21
04/11/2018 03:00:00 PM,59,18,41
04/11/2018 04:00:00 PM,166,34,132
04/11/2018 05:00:00 PM,387,90,297
04/11/2018 06:00:00 PM,271,75,196
04/11/2018 07:00:00 PM,120,41,79
04/11/2018 08:00:00 PM,65,15,50
04/11/2018 09:00:00 PM,29,13,16
04/11/2018 10:00:00 PM,16,8,8
04/11/2018 11:00:00 PM,3,0,3
04/12/2018 12:00:00 AM,2,1,1
04/12/2018 01:00:00 AM,3,1,2
04/12/2018 02:00:00 AM,0,0,0
04/12/2018 03:00:00 AM,3,1,2
04/12/2018 04:00:00 AM,7,4,3
04/12/2018 05:00:00 AM,21,14,7
04/12/2018 06:00:00 AM,100,46,54
04/12/2018 07:00:00 AM,241,140,101
04/12/2018 08:00:00 AM,349,191,158
04/12/2018 09:00:00 AM,215,94,121
04/12/2018 10:00:00 AM,73,37,36
04/12/2018 11:00:00 AM,46,25,21
04/12/2018 12:00:00 PM,31,17,14
04/12/2018 01:00:00 PM,36,16,20
04/12/2018 02:00:00 PM,42,20,22
04/12/2018 03:00:00 PM,81,32,49
04/12/2018 04:00:00 PM,182,49,133
04/12/2018 05:00:00 PM,408,97,311
04/12/2018 06:00:00 PM,274,71,203
04/12/2018 07:00:00 PM,115,36,79
04/12/2018 08:00:00 PM,80,26,54
04/12/2018 09:00:00 PM,41,13,28
04/12/2018 10:00:00 PM,25,11,14
04/12/2018 11:00:00 PM,20,5,15
04/13/2018 12:00:00 AM,5,1,4
04/13/2018 01:00:00 AM,2,1,1
04/13/2018 02:00:00 AM,1,0,1
04/13/2018 03:00:00 AM,3,3,0
04/13/2018 04:00:00 AM,5,1,4
04/13/2018 05:00:00 AM,18,13,5
04/13/2018 06:00:00 AM,75,44,31
04/13/2018 07:00:00 AM,165,78,87
04/13/2018 08:00:00 AM,249,141,108
04/13/2018 09:00:00 AM,140,69,71
04/13/2018 10:00:00 AM,57,19,38
04/13/2018 11:00:00 AM,42,22,20
04/13/2018 12:00:00 PM,40,26,14
04/13/2018 01:00:00 PM,45,21,24
04/13/2018 02:00:00 PM,41,19,22
04/13/2018 03:00:00 PM,69,29,40
04/13/2018 04:00:00 PM,152,31,121
04/13/2018 05:00:00 PM,235,49,186
04/13/2018 06:00:00 PM,146,45,101
04/13/2018 07:00:00 PM,53,15,38
04/13/2018 08:00:00 PM,35,8,27
04/13/2018 09:00:00 PM,16,3,13
04/13/2018 10:00:00 PM,21,8,13
04/13/2018 11:00:00 PM,13,3,10
04/14/2018 12:00:00 AM,2,0,2
04/14/2018 01:00:00 AM,3,1,2
04/14/2018 02:00:00 AM,2,1,1
04/14/2018 03:00:00 AM,2,1,1
04/14/2018 04:00:00 AM,3,1,2
04/14/2018 05:00:00 AM,1,0,1
04/14/2018 06:00:00 AM,12,1,11
04/14/2018 07:00:00 AM,22,12,10
04/14/2018 08:00:00 AM,35,18,17
04/14/2018 09:00:00 AM,42,15,27
04/14/2018 10:00:00 AM,34,17,17
04/14/2018 11:00:00 AM,40,20,20
04/14/2018 12:00:00 PM,40,14,26
04/14/2018 01:00:00 PM,38,21,17
04/14/2018 02:00:00 PM,31,11,20
04/14/2018 03:00:00 PM,35,23,12
04/14/2018 04:00:00 PM,23,12,11
04/14/2018 05:00:00 PM,18,6,12
04/14/2018 06:00:00 PM,14,7,7
04/14/2018 07:00:00 PM,13,5,8
04/14/2018 08:00:00 PM,12,6,6
04/14/2018 09:00:00 PM,1,1,0
04/14/2018 10:00:00 PM,3,1,2
04/14/2018 11:00:00 PM,13,5,8
04/15/2018 12:00:00 AM,4,2,2
04/15/2018 01:00:00 AM,3,1,2
04/15/2018 02:00:00 AM,1,0,1
04/15/2018 03:00:00 AM,1,1,0
04/15/2018 04:00:00 AM,2,0,2
04/15/2018 05:00:00 AM,1,0,1
04/15/2018 06:00:00 AM,6,1,5
04/15/2018 07:00:00 AM,14,8,6
04/15/2018 08:00:00 AM,47,28,19
04/15/2018 09:00:00 AM,69,35,34
04/15/2018 10:00:00 AM,66,33,33
04/15/2018 11:00:00 AM,109,52,57
04/15/2018 12:00:00 PM,118,72,46
04/15/2018 01:00:00 PM,106,46,60
04/15/2018 02:00:00 PM,82,35,47
04/15/2018 03:00:00 PM,102,51,51
04/15/2018 04:00:00 PM,72,38,34
04/15/2018 05:00:00 PM,43,23,20
04/15/2018 06:00:00 PM,34,20,14
04/15/2018 07:00:00 PM,26,10,16
04/15/2018 08:00:00 PM,22,13,9
04/15/2018 09:00:00 PM,10,3,7
04/15/2018 10:00:00 PM,9,4,5
04/15/2018 11:00:00 PM,4,0,4
04/16/2018 12:00:00 AM,3,1,2
04/16/2018 01:00:00 AM,2,0,2
04/16/2018 02:00:00 AM,3,3,0
04/16/2018 03:00:00 AM,0,0,0
04/16/2018 04:00:00 AM,9,3,6
04/16/2018 05:00:00 AM,26,17,9
04/16/2018 06:00:00 AM,103,52,51
04/16/2018 07:00:00 AM,244,141,103
04/16/2018 08:00:00 AM,330,173,157
04/16/2018 09:00:00 AM,173,69,104
04/16/2018 10:00:00 AM,42,12,30
04/16/2018 11:00:00 AM,30,14,16
04/16/2018 12:00:00 PM,30,17,13
04/16/2018 01:00:00 PM,32,14,18
04/16/2018 02:00:00 PM,41,26,15
04/16/2018 03:00:00 PM,74,27,47
04/16/2018 04:00:00 PM,176,37,139
04/16/2018 05:00:00 PM,377,81,296
04/16/2018 06:00:00 PM,234,58,176
04/16/2018 07:00:00 PM,105,40,65
04/16/2018 08:00:00 PM,46,17,29
04/16/2018 09:00:00 PM,28,10,18
04/16/2018 10:00:00 PM,17,9,8
04/16/2018 11:00:00 PM,9,3,6
04/17/2018 12:00:00 AM,2,2,0
04/17/2018 01:00:00 AM,5,3,2
04/17/2018 02:00:00 AM,4,0,4
04/17/2018 03:00:00 AM,4,2,2
04/17/2018 04:00:00 AM,9,3,6
04/17/2018 05:00:00 AM,33,18,15
04/17/2018 06:00:00 AM,131,63,68
04/17/2018 07:00:00 AM,357,195,162
04/17/2018 08:00:00 AM,453,239,214
04/17/2018 09:00:00 AM,244,110,134
04/17/2018 10:00:00 AM,78,29,49
04/17/2018 11:00:00 AM,80,35,45
04/17/2018 12:00:00 PM,83,49,34
04/17/2018 01:00:00 PM,79,39,40
04/17/2018 02:00:00 PM,82,35,47
04/17/2018 03:00:00 PM,134,47,87
04/17/2018 04:00:00 PM,275,65,210
04/17/2018 05:00:00 PM,528,116,412
04/17/2018 06:00:00 PM,385,114,271
04/17/2018 07:00:00 PM,171,52,119
04/17/2018 08:00:00 PM,93,45,48
04/17/2018 09:00:00 PM,58,16,42
04/17/2018 10:00:00 PM,32,10,22
04/17/2018 11:00:00 PM,17,3,14
04/18/2018 12:00:00 AM,7,6,1
04/18/2018 01:00:00 AM,2,1,1
04/18/2018 02:00:00 AM,3,0,3
04/18/2018 03:00:00 AM,5,1,4
04/18/2018 04:00:00 AM,11,5,6
04/18/2018 05:00:00 AM,29,15,14
04/18/2018 06:00:00 AM,145,85,60
04/18/2018 07:00:00 AM,373,207,166
04/18/2018 08:00:00 AM,545,282,263
04/18/2018 09:00:00 AM,245,113,132
04/18/2018 10:00:00 AM,91,31,60
04/18/2018 11:00:00 AM,81,32,49
04/18/2018 12:00:00 PM,70,36,34
04/18/2018 01:00:00 PM,73,43,30
04/18/2018 02:00:00 PM,84,45,39
04/18/2018 03:00:00 PM,125,41,84
04/18/2018 04:00:00 PM,282,85,197
04/18/2018 05:00:00 PM,608,140,468
04/18/2018 06:00:00 PM,485,163,322
04/18/2018 07:00:00 PM,195,63,132
04/18/2018 08:00:00 PM,107,36,71
04/18/2018 09:00:00 PM,65,29,36
04/18/2018 10:00:00 PM,43,23,20
04/18/2018 11:00:00 PM,26,9,17
04/19/2018 12:00:00 AM,8,3,5
04/19/2018 01:00:00 AM,4,1,3
04/19/2018 02:00:00 AM,3,0,3
04/19/2018 03:00:00 AM,6,4,2
04/19/2018 04:00:00 AM,9,4,5
04/19/2018 05:00:00 AM,43,25,18
04/19/2018 06:00:00 AM,146,81,65
04/19/2018 07:00:00 AM,382,198,184
04/19/2018 08:00:00 AM,538,293,245
04/19/2018 09:00:00 AM,296,137,159
04/19/2018 10:00:00 AM,110,50,60
04/19/2018 11:00:00 AM,119,48,71
04/19/2018 12:00:00 PM,95,53,42
04/19/2018 01:00:00 PM,111,56,55
04/19/2018 02:00:00 PM,116,56,60
04/19/2018 03:00:00 PM,195,76,119
04/19/2018 04:00:00 PM,348,90,258
04/19/2018 05:00:00 PM,657,181,476
04/19/2018 06:00:00 PM,441,153,288
04/19/2018 07:00:00 PM,247,96,151
04/19/2018 08:00:00 PM,135,55,80
04/19/2018 09:00:00 PM,69,31,38
04/19/2018 10:00:00 PM,39,17,22
04/19/2018 11:00:00 PM,16,6,10
04/20/2018 12:00:00 AM,10,1,9
04/20/2018 01:00:00 AM,5,2,3
04/20/2018 02:00:00 AM,2,1,1
04/20/2018 03:00:00 AM,2,1,1
04/20/2018 04:00:00 AM,8,4,4
04/20/2018 05:00:00 AM,30,18,12
04/20/2018 06:00:00 AM,118,66,52
04/20/2018 07:00:00 AM,316,167,149
04/20/2018 08:00:00 AM,468,246,222
04/20/2018 09:00:00 AM,222,113,109
04/20/2018 10:00:00 AM,104,53,51
04/20/2018 11:00:00 AM,94,39,55
04/20/2018 12:00:00 PM,81,32,49
04/20/2018 01:00:00 PM,100,52,48
04/20/2018 02:00:00 PM,118,54,64
04/20/2018 03:00:00 PM,181,65,116
04/20/2018 04:00:00 PM,332,87,245
04/20/2018 05:00:00 PM,460,96,364
04/20/2018 06:00:00 PM,305,94,211
04/20/2018 07:00:00 PM,129,47,82
04/20/2018 08:00:00 PM,88,20,68
04/20/2018 09:00:00 PM,53,15,38
04/20/2018 10:00:00 PM,52,19,33
04/20/2018 11:00:00 PM,36,12,24
04/21/2018 12:00:00 AM,18,7,11
04/21/2018 01:00:00 AM,6,0,6
04/21/2018 02:00:00 AM,3,1,2
04/21/2018 03:00:00 AM,4,1,3
04/21/2018 04:00:00 AM,4,2,2
04/21/2018 05:00:00 AM,7,4,3
04/21/2018 06:00:00 AM,20,12,8
04/21/2018 07:00:00 AM,40,21,19
04/21/2018 08:00:00 AM,80,36,44
04/21/2018 09:00:00 AM,71,49,22
04/21/2018 10:00:00 AM,140,62,78
04/21/2018 11:00:00 AM,158,75,83
04/21/2018 12:00:00 PM,176,80,96
04/21/2018 01:00:00 PM,174,96,78
04/21/2018 02:00:00 PM,139,78,61
04/21/2018 03:00:00 PM,105,66,39
04/21/2018 04:00:00 PM,98,56,42
04/21/2018 05:00:00 PM,99,39,60
04/21/2018 06:00:00 PM,81,40,41
04/21/2018 07:00:00 PM,51,26,25
04/21/2018 08:00:00 PM,50,25,25
04/21/2018 09:00:00 PM,25,11,14
04/21/2018 10:00:00 PM,22,12,10
04/21/2018 11:00:00 PM,9,2,7
04/22/2018 12:00:00 AM,19,3,16
04/22/2018 01:00:00 AM,5,3,2
04/22/2018 02:00:00 AM,7,3,4
04/22/2018 03:00:00 AM,1,1,0
04/22/2018 04:00:00 AM,1,0,1
04/22/2018 05:00:00 AM,7,4,3
04/22/2018 06:00:00 AM,23,13,10
04/22/2018 07:00:00 AM,43,26,17
04/22/2018 08:00:00 AM,56,31,25
04/22/2018 09:00:00 AM,97,42,55
04/22/2018 10:00:00 AM,118,71,47
04/22/2018 11:00:00 AM,142,84,58
04/22/2018 12:00:00 PM,202,117,85
04/22/2018 01:00:00 PM,196,95,101
04/22/2018 02:00:00 PM,231,123,108
04/22/2018 03:00:00 PM,225,103,122
04/22/2018 04:00:00 PM,199,85,114
04/22/2018 05:00:00 PM,207,95,112
04/22/2018 06:00:00 PM,115,54,61
04/22/2018 07:00:00 PM,83,43,40
04/22/2018 08:00:00 PM,56,26,30
04/22/2018 09:00:00 PM,28,16,12
04/22/2018 10:00:00 PM,15,8,7
04/22/2018 11:00:00 PM,9,2,7
04/23/2018 12:00:00 AM,7,2,5
04/23/2018 01:00:00 AM,4,2,2
04/23/2018 02:00:00 AM,2,2,0
04/23/2018 03:00:00 AM,1,0,1
04/23/2018 04:00:00 AM,13,5,8
04/23/2018 05:00:00 AM,26,15,11
04/23/2018 06:00:00 AM,167,91,76
04/23/2018 07:00:00 AM,444,245,199
04/23/2018 08:00:00 AM,612,336,276
04/23/2018 09:00:00 AM,325,157,168
04/23/2018 10:00:00 AM,115,49,66
04/23/2018 11:00:00 AM,105,45,60
04/23/2018 12:00:00 PM,121,60,61
04/23/2018 01:00:00 PM,88,44,44
04/23/2018 02:00:00 PM,139,67,72
04/23/2018 03:00:00 PM,188,85,103
04/23/2018 04:00:00 PM,401,117,284
04/23/2018 05:00:00 PM,770,172,598
04/23/2018 06:00:00 PM,467,161,306
04/23/2018 07:00:00 PM,265,80,185
04/23/2018 08:00:00 PM,102,35,67
04/23/2018 09:00:00 PM,59,14,45
04/23/2018 10:00:00 PM,24,11,13
04/23/2018 11:00:00 PM,11,4,7
04/24/2018 12:00:00 AM,5,3,2
04/24/2018 01:00:00 AM,3,2,1
04/24/2018 02:00:00 AM,2,0,2
04/24/2018 03:00:00 AM,2,1,1
04/24/2018 04:00:00 AM,9,4,5
04/24/2018 05:00:00 AM,38,24,14
04/24/2018 06:00:00 AM,230,135,95
04/24/2018 07:00:00 AM,535,286,249
04/24/2018 08:00:00 AM,697,356,341
04/24/2018 09:00:00 AM,334,149,185
04/24/2018 10:00:00 AM,134,67,67
04/24/2018 11:00:00 AM,121,63,58
04/24/2018 12:00:00 PM,84,44,40
04/24/2018 01:00:00 PM,133,61,72
04/24/2018 02:00:00 PM,129,54,75
04/24/2018 03:00:00 PM,213,93,120
04/24/2018 04:00:00 PM,444,124,320
04/24/2018 05:00:00 PM,874,211,663
04/24/2018 06:00:00 PM,610,190,420
04/24/2018 07:00:00 PM,266,100,166
04/24/2018 08:00:00 PM,165,65,100
04/24/2018 09:00:00 PM,74,36,38
04/24/2018 10:00:00 PM,66,37,29
04/24/2018 11:00:00 PM,20,6,14
04/25/2018 12:00:00 AM,7,5,2
04/25/2018 01:00:00 AM,2,2,0
04/25/2018 02:00:00 AM,4,2,2
04/25/2018 03:00:00 AM,3,1,2
04/25/2018 04:00:00 AM,10,4,6
04/25/2018 05:00:00 AM,49,29,20
04/25/2018 06:00:00 AM,190,101,89
04/25/2018 07:00:00 AM,573,329,244
04/25/2018 08:00:00 AM,646,328,318
04/25/2018 09:00:00 AM,338,160,178
04/25/2018 10:00:00 AM,146,68,78
04/25/2018 11:00:00 AM,103,51,52
04/25/2018 12:00:00 PM,142,61,81
04/25/2018 01:00:00 PM,125,59,66
04/25/2018 02:00:00 PM,153,71,82
04/25/2018 03:00:00 PM,192,78,114
04/25/2018 04:00:00 PM,452,146,306
04/25/2018 05:00:00 PM,805,182,623
04/25/2018 06:00:00 PM,528,175,353
04/25/2018 07:00:00 PM,274,106,168
04/25/2018 08:00:00 PM,170,67,103
04/25/2018 09:00:00 PM,84,36,48
04/25/2018 10:00:00 PM,45,16,29
04/25/2018 11:00:00 PM,19,8,11
04/26/2018 12:00:00 AM,12,8,4
04/26/2018 01:00:00 AM,5,2,3
04/26/2018 02:00:00 AM,1,1,0
04/26/2018 03:00:00 AM,2,2,0
04/26/2018 04:00:00 AM,8,3,5
04/26/2018 05:00:00 AM,42,25,17
04/26/2018 06:00:00 AM,195,103,92
04/26/2018 07:00:00 AM,500,268,232
04/26/2018 08:00:00 AM,679,354,325
04/26/2018 09:00:00 AM,319,141,178
04/26/2018 10:00:00 AM,168,76,92
04/26/2018 11:00:00 AM,134,60,74
04/26/2018 12:00:00 PM,125,52,73
04/26/2018 01:00:00 PM,127,77,50
04/26/2018 02:00:00 PM,164,88,76
04/26/2018 03:00:00 PM,204,79,125
04/26/2018 04:00:00 PM,450,114,336
04/26/2018 05:00:00 PM,804,202,602
04/26/2018 06:00:00 PM,573,201,372
04/26/2018 07:00:00 PM,294,119,175
04/26/2018 08:00:00 PM,185,71,114
04/26/2018 09:00:00 PM,111,47,64
04/26/2018 10:00:00 PM,50,23,27
04/26/2018 11:00:00 PM,22,12,10
04/27/2018 12:00:00 AM,18,2,16
04/27/2018 01:00:00 AM,10,5,5
04/27/2018 02:00:00 AM,0,0,0
04/27/2018 03:00:00 AM,4,4,0
04/27/2018 04:00:00 AM,9,4,5
04/27/2018 05:00:00 AM,41,24,17
04/27/2018 06:00:00 AM,131,70,61
04/27/2018 07:00:00 AM,339,178,161
04/27/2018 08:00:00 AM,485,250,235
04/27/2018 09:00:00 AM,263,139,124
04/27/2018 10:00:00 AM,95,46,49
04/27/2018 11:00:00 AM,84,30,54
04/27/2018 12:00:00 PM,78,38,40
04/27/2018 01:00:00 PM,83,43,40
04/27/2018 02:00:00 PM,97,47,50
04/27/2018 03:00:00 PM,168,61,107
04/27/2018 04:00:00 PM,329,78,251
04/27/2018 05:00:00 PM,542,136,406
04/27/2018 06:00:00 PM,341,95,246
04/27/2018 07:00:00 PM,139,45,94
04/27/2018 08:00:00 PM,78,28,50
04/27/2018 09:00:00 PM,38,13,25
04/27/2018 10:00:00 PM,25,10,15
04/27/2018 11:00:00 PM,24,14,10
04/28/2018 12:00:00 AM,16,6,10
04/28/2018 01:00:00 AM,6,1,5
04/28/2018 02:00:00 AM,3,1,2
04/28/2018 03:00:00 AM,2,2,0
04/28/2018 04:00:00 AM,2,1,1
04/28/2018 05:00:00 AM,2,0,2
04/28/2018 06:00:00 AM,7,4,3
04/28/2018 07:00:00 AM,14,5,9
04/28/2018 08:00:00 AM,25,10,15
04/28/2018 09:00:00 AM,18,12,6
04/28/2018 10:00:00 AM,18,12,6
04/28/2018 11:00:00 AM,42,24,18
04/28/2018 12:00:00 PM,49,24,25
04/28/2018 01:00:00 PM,54,23,31
04/28/2018 02:00:00 PM,55,26,29
04/28/2018 03:00:00 PM,67,21,46
04/28/2018 04:00:00 PM,67,36,31
04/28/2018 05:00:00 PM,54,20,34
04/28/2018 06:00:00 PM,44,21,23
04/28/2018 07:00:00 PM,16,7,9
04/28/2018 08:00:00 PM,35,13,22
04/28/2018 09:00:00 PM,10,7,3
04/28/2018 10:00:00 PM,14,7,7
04/28/2018 11:00:00 PM,13,5,8
04/29/2018 12:00:00 AM,20,5,15
04/29/2018 01:00:00 AM,8,5,3
04/29/2018 02:00:00 AM,7,5,2
04/29/2018 03:00:00 AM,1,0,1
04/29/2018 04:00:00 AM,3,2,1
04/29/2018 05:00:00 AM,3,2,1
04/29/2018 06:00:00 AM,21,9,12
04/29/2018 07:00:00 AM,35,13,22
04/29/2018 08:00:00 AM,52,24,28
04/29/2018 09:00:00 AM,78,38,40
04/29/2018 10:00:00 AM,96,57,39
04/29/2018 11:00:00 AM,136,70,66
04/29/2018 12:00:00 PM,181,89,92
04/29/2018 01:00:00 PM,166,87,79
04/29/2018 02:00:00 PM,124,69,55
04/29/2018 03:00:00 PM,151,73,78
04/29/2018 04:00:00 PM,118,64,54
04/29/2018 05:00:00 PM,81,41,40
04/29/2018 06:00:00 PM,61,25,36
04/29/2018 07:00:00 PM,57,27,30
04/29/2018 08:00:00 PM,52,23,29
04/29/2018 09:00:00 PM,23,16,7
04/29/2018 10:00:00 PM,15,3,12
04/29/2018 11:00:00 PM,11,3,8
04/30/2018 12:00:00 AM,2,1,1
04/30/2018 01:00:00 AM,2,1,1
04/30/2018 02:00:00 AM,4,4,0
04/30/2018 03:00:00 AM,2,1,1
04/30/2018 04:00:00 AM,7,1,6
04/30/2018 05:00:00 AM,31,17,14
04/30/2018 06:00:00 AM,145,80,65
04/30/2018 07:00:00 AM,389,224,165
04/30/2018 08:00:00 AM,541,272,269
04/30/2018 09:00:00 AM,259,121,138
04/30/2018 10:00:00 AM,94,38,56
04/30/2018 11:00:00 AM,66,28,38
04/30/2018 12:00:00 PM,55,27,28
04/30/2018 01:00:00 PM,63,31,32
04/30/2018 02:00:00 PM,81,33,48
04/30/2018 03:00:00 PM,118,39,79
04/30/2018 04:00:00 PM,288,81,207
04/30/2018 05:00:00 PM,621,130,491
04/30/2018 06:00:00 PM,410,115,295
04/30/2018 07:00:00 PM,196,49,147
04/30/2018 08:00:00 PM,98,34,64
04/30/2018 09:00:00 PM,46,21,25
04/30/2018 10:00:00 PM,23,9,14
04/30/2018 11:00:00 PM,8,2,6
05/01/2018 12:00:00 AM,7,4,3
05/01/2018 01:00:00 AM,3,2,1
05/01/2018 02:00:00 AM,4,2,2
05/01/2018 03:00:00 AM,6,2,4
05/01/2018 04:00:00 AM,9,3,6
05/01/2018 05:00:00 AM,43,25,18
05/01/2018 06:00:00 AM,209,122,87
05/01/2018 07:00:00 AM,502,288,214
05/01/2018 08:00:00 AM,660,345,315
05/01/2018 09:00:00 AM,327,150,177
05/01/2018 10:00:00 AM,123,54,69
05/01/2018 11:00:00 AM,97,50,47
05/01/2018 12:00:00 PM,91,53,38
05/01/2018 01:00:00 PM,106,43,63
05/01/2018 02:00:00 PM,118,46,72
05/01/2018 03:00:00 PM,187,58,129
05/01/2018 04:00:00 PM,414,102,312
05/01/2018 05:00:00 PM,820,207,613
05/01/2018 06:00:00 PM,489,141,348
05/01/2018 07:00:00 PM,263,96,167
05/01/2018 08:00:00 PM,149,60,89
05/01/2018 09:00:00 PM,66,26,40
05/01/2018 10:00:00 PM,57,23,34
05/01/2018 11:00:00 PM,21,8,13
05/02/2018 12:00:00 AM,11,4,7
05/02/2018 01:00:00 AM,4,3,1
05/02/2018 02:00:00 AM,2,1,1
05/02/2018 03:00:00 AM,3,3,0
05/02/2018 04:00:00 AM,7,4,3
05/02/2018 05:00:00 AM,48,31,17
05/02/2018 06:00:00 AM,214,114,100
05/02/2018 07:00:00 AM,553,309,244
05/02/2018 08:00:00 AM,766,399,367
05/02/2018 09:00:00 AM,313,153,160
05/02/2018 10:00:00 AM,149,66,83
05/02/2018 11:00:00 AM,110,55,55
05/02/2018 12:00:00 PM,102,44,58
05/02/2018 01:00:00 PM,143,68,75
05/02/2018 02:00:00 PM,150,71,79
05/02/2018 03:00:00 PM,206,80,126
05/02/2018 04:00:00 PM,450,130,320
05/02/2018 05:00:00 PM,871,205,666
05/02/2018 06:00:00 PM,606,191,415
05/02/2018 07:00:00 PM,316,106,210
05/02/2018 08:00:00 PM,138,47,91
05/02/2018 09:00:00 PM,90,43,47
05/02/2018 10:00:00 PM,50,20,30
05/02/2018 11:00:00 PM,30,10,20
05/03/2018 12:00:00 AM,7,4,3
05/03/2018 01:00:00 AM,4,1,3
05/03/2018 02:00:00 AM,5,4,1
05/03/2018 03:00:00 AM,2,1,1
05/03/2018 04:00:00 AM,13,7,6
05/03/2018 05:00:00 AM,50,29,21
05/03/2018 06:00:00 AM,170,98,72
05/03/2018 07:00:00 AM,502,274,228
05/03/2018 08:00:00 AM,715,367,348
05/03/2018 09:00:00 AM,335,135,200
05/03/2018 10:00:00 AM,108,55,53
05/03/2018 11:00:00 AM,101,43,58
05/03/2018 12:00:00 PM,114,54,60
05/03/2018 01:00:00 PM,139,69,70
05/03/2018 02:00:00 PM,114,41,73
05/03/2018 03:00:00 PM,186,73,113
05/03/2018 04:00:00 PM,474,151,323
05/03/2018 05:00:00 PM,865,217,648
05/03/2018 06:00:00 PM,487,172,315
05/03/2018 07:00:00 PM,292,99,193
05/03/2018 08:00:00 PM,138,54,84
05/03/2018 09:00:00 PM,88,39,49
05/03/2018 10:00:00 PM,45,15,30
05/03/2018 11:00:00 PM,24,9,15
05/04/2018 12:00:00 AM,14,2,12
05/04/2018 01:00:00 AM,12,4,8
05/04/2018 02:00:00 AM,5,2,3
05/04/2018 03:00:00 AM,4,2,2
05/04/2018 04:00:00 AM,9,4,5
05/04/2018 05:00:00 AM,50,30,20
05/04/2018 06:00:00 AM,151,83,68
05/04/2018 07:00:00 AM,405,225,180
05/04/2018 08:00:00 AM,550,283,267
05/04/2018 09:00:00 AM,299,143,156
05/04/2018 10:00:00 AM,99,37,62
05/04/2018 11:00:00 AM,84,38,46
05/04/2018 12:00:00 PM,114,59,55
05/04/2018 01:00:00 PM,126,58,68
05/04/2018 02:00:00 PM,142,52,90
05/04/2018 03:00:00 PM,196,78,118
05/04/2018 04:00:00 PM,395,104,291
05/04/2018 05:00:00 PM,604,130,474
05/04/2018 06:00:00 PM,387,102,285
05/04/2018 07:00:00 PM,200,63,137
05/04/2018 08:00:00 PM,89,37,52
05/04/2018 09:00:00 PM,73,28,45
05/04/2018 10:00:00 PM,51,21,30
05/04/2018 11:00:00 PM,29,11,18
05/05/2018 12:00:00 AM,15,7,8
05/05/2018 01:00:00 AM,14,6,8
05/05/2018 02:00:00 AM,5,3,2
05/05/2018 03:00:00 AM,7,5,2
05/05/2018 04:00:00 AM,3,1,2
05/05/2018 05:00:00 AM,6,0,6
05/05/2018 06:00:00 AM,26,16,10
05/05/2018 07:00:00 AM,71,33,38
05/05/2018 08:00:00 AM,123,60,63
05/05/2018 09:00:00 AM,155,71,84
05/05/2018 10:00:00 AM,186,104,82
05/05/2018 11:00:00 AM,230,126,104
05/05/2018 12:00:00 PM,249,139,110
05/05/2018 01:00:00 PM,253,137,116
05/05/2018 02:00:00 PM,214,112,102
05/05/2018 03:00:00 PM,235,115,120
05/05/2018 04:00:00 PM,197,93,104
05/05/2018 05:00:00 PM,180,82,98
05/05/2018 06:00:00 PM,125,74,51
05/05/2018 07:00:00 PM,84,42,42
05/05/2018 08:00:00 PM,43,22,21
05/05/2018 09:00:00 PM,23,8,15
05/05/2018 10:00:00 PM,26,11,15
05/05/2018 11:00:00 PM,25,7,18
05/06/2018 12:00:00 AM,11,6,5
05/06/2018 01:00:00 AM,8,5,3
05/06/2018 02:00:00 AM,3,2,1
05/06/2018 03:00:00 AM,0,0,0
05/06/2018 04:00:00 AM,3,1,2
05/06/2018 05:00:00 AM,6,3,3
05/06/2018 06:00:00 AM,22,8,14
05/06/2018 07:00:00 AM,45,19,26
05/06/2018 08:00:00 AM,85,43,42
05/06/2018 09:00:00 AM,88,42,46
05/06/2018 10:00:00 AM,164,88,76
05/06/2018 11:00:00 AM,211,115,96
05/06/2018 12:00:00 PM,209,115,94
05/06/2018 01:00:00 PM,266,131,135
05/06/2018 02:00:00 PM,280,139,141
05/06/2018 03:00:00 PM,227,102,125
05/06/2018 04:00:00 PM,232,112,120
05/06/2018 05:00:00 PM,181,99,82
05/06/2018 06:00:00 PM,123,69,54
05/06/2018 07:00:00 PM,93,53,40
05/06/2018 08:00:00 PM,48,23,25
05/06/2018 09:00:00 PM,44,18,26
05/06/2018 10:00:00 PM,19,7,12
05/06/2018 11:00:00 PM,17,10,7
05/07/2018 12:00:00 AM,10,6,4
05/07/2018 01:00:00 AM,1,0,1
05/07/2018 02:00:00 AM,0,0,0
05/07/2018 03:00:00 AM,3,2,1
05/07/2018 04:00:00 AM,11,6,5
05/07/2018 05:00:00 AM,45,24,21
05/07/2018 06:00:00 AM,195,104,91
05/07/2018 07:00:00 AM,512,268,244
05/07/2018 08:00:00 AM,719,381,338
05/07/2018 09:00:00 AM,296,137,159
05/07/2018 10:00:00 AM,118,46,72
05/07/2018 11:00:00 AM,98,51,47
05/07/2018 12:00:00 PM,85,40,45
05/07/2018 01:00:00 PM,95,48,47
05/07/2018 02:00:00 PM,108,39,69
05/07/2018 03:00:00 PM,192,62,130
05/07/2018 04:00:00 PM,408,104,304
05/07/2018 05:00:00 PM,831,170,661
05/07/2018 06:00:00 PM,540,169,371
05/07/2018 07:00:00 PM,272,88,184
05/07/2018 08:00:00 PM,146,62,84
05/07/2018 09:00:00 PM,83,38,45
05/07/2018 10:00:00 PM,30,11,19
05/07/2018 11:00:00 PM,18,7,11
05/08/2018 12:00:00 AM,7,3,4
05/08/2018 01:00:00 AM,3,2,1
05/08/2018 02:00:00 AM,0,0,0
05/08/2018 03:00:00 AM,2,2,0
05/08/2018 04:00:00 AM,11,4,7
05/08/2018 05:00:00 AM,48,23,25
05/08/2018 06:00:00 AM,225,129,96
05/08/2018 07:00:00 AM,628,341,287
05/08/2018 08:00:00 AM,731,405,326
05/08/2018 09:00:00 AM,354,154,200
05/08/2018 10:00:00 AM,142,62,80
05/08/2018 11:00:00 AM,123,61,62
05/08/2018 12:00:00 PM,121,59,62
05/08/2018 01:00:00 PM,119,59,60
05/08/2018 02:00:00 PM,136,65,71
05/08/2018 03:00:00 PM,228,98,130
05/08/2018 04:00:00 PM,459,121,338
05/08/2018 05:00:00 PM,869,196,673
05/08/2018 06:00:00 PM,485,144,341
05/08/2018 07:00:00 PM,227,85,142
05/08/2018 08:00:00 PM,96,33,63
05/08/2018 09:00:00 PM,69,26,43
05/08/2018 10:00:00 PM,44,12,32
05/08/2018 11:00:00 PM,16,5,11
05/09/2018 12:00:00 AM,15,8,7
05/09/2018 01:00:00 AM,3,1,2
05/09/2018 02:00:00 AM,2,0,2
05/09/2018 03:00:00 AM,4,3,1
05/09/2018 04:00:00 AM,7,4,3
05/09/2018 05:00:00 AM,46,26,20
05/09/2018 06:00:00 AM,199,113,86
05/09/2018 07:00:00 AM,508,274,234
05/09/2018 08:00:00 AM,669,355,314
05/09/2018 09:00:00 AM,336,158,178
05/09/2018 10:00:00 AM,140,65,75
05/09/2018 11:00:00 AM,86,39,47
05/09/2018 12:00:00 PM,86,44,42
05/09/2018 01:00:00 PM,85,40,45
05/09/2018 02:00:00 PM,116,46,70
05/09/2018 03:00:00 PM,198,85,113
05/09/2018 04:00:00 PM,386,95,291
05/09/2018 05:00:00 PM,812,231,581
05/09/2018 06:00:00 PM,520,143,377
05/09/2018 07:00:00 PM,293,101,192
05/09/2018 08:00:00 PM,172,65,107
05/09/2018 09:00:00 PM,82,26,56
05/09/2018 10:00:00 PM,44,17,27
05/09/2018 11:00:00 PM,24,9,15
05/10/2018 12:00:00 AM,12,4,8
05/10/2018 01:00:00 AM,5,3,2
05/10/2018 02:00:00 AM,5,0,5
05/10/2018 03:00:00 AM,4,3,1
05/10/2018 04:00:00 AM,9,3,6
05/10/2018 05:00:00 AM,56,35,21
05/10/2018 06:00:00 AM,143,77,66
05/10/2018 07:00:00 AM,381,196,185
05/10/2018 08:00:00 AM,550,297,253
05/10/2018 09:00:00 AM,255,118,137
05/10/2018 10:00:00 AM,91,38,53
05/10/2018 11:00:00 AM,67,30,37
05/10/2018 12:00:00 PM,73,34,39
05/10/2018 01:00:00 PM,81,46,35
05/10/2018 02:00:00 PM,85,32,53
05/10/2018 03:00:00 PM,149,61,88
05/10/2018 04:00:00 PM,298,81,217
05/10/2018 05:00:00 PM,623,166,457
05/10/2018 06:00:00 PM,441,139,302
05/10/2018 07:00:00 PM,209,78,131
05/10/2018 08:00:00 PM,125,46,79
05/10/2018 09:00:00 PM,65,29,36
05/10/2018 10:00:00 PM,28,10,18
05/10/2018 11:00:00 PM,18,9,9
05/11/2018 12:00:00 AM,11,3,8
05/11/2018 01:00:00 AM,5,2,3
05/11/2018 02:00:00 AM,6,1,5
05/11/2018 03:00:00 AM,6,5,1
05/11/2018 04:00:00 AM,9,4,5
05/11/2018 05:00:00 AM,62,35,27
05/11/2018 06:00:00 AM,180,96,84
05/11/2018 07:00:00 AM,417,224,193
05/11/2018 08:00:00 AM,573,310,263
05/11/2018 09:00:00 AM,266,123,143
05/11/2018 10:00:00 AM,115,50,65
05/11/2018 11:00:00 AM,94,38,56
05/11/2018 12:00:00 PM,90,35,55
05/11/2018 01:00:00 PM,111,56,55
05/11/2018 02:00:00 PM,165,57,108
05/11/2018 03:00:00 PM,242,94,148
05/11/2018 04:00:00 PM,447,108,339
05/11/2018 05:00:00 PM,684,156,528
05/11/2018 06:00:00 PM,393,143,250
05/11/2018 07:00:00 PM,225,88,137
05/11/2018 08:00:00 PM,142,57,85
05/11/2018 09:00:00 PM,83,27,56
05/11/2018 10:00:00 PM,46,26,20
05/11/2018 11:00:00 PM,31,13,18
05/12/2018 12:00:00 AM,35,17,18
05/12/2018 01:00:00 AM,18,12,6
05/12/2018 02:00:00 AM,5,2,3
05/12/2018 03:00:00 AM,4,4,0
05/12/2018 04:00:00 AM,6,2,4
05/12/2018 05:00:00 AM,7,2,5
05/12/2018 06:00:00 AM,38,15,23
05/12/2018 07:00:00 AM,64,24,40
05/12/2018 08:00:00 AM,104,53,51
05/12/2018 09:00:00 AM,165,85,80
05/12/2018 10:00:00 AM,163,71,92
05/12/2018 11:00:00 AM,225,123,102
05/12/2018 12:00:00 PM,199,97,102
05/12/2018 01:00:00 PM,326,170,156
05/12/2018 02:00:00 PM,235,117,118
05/12/2018 03:00:00 PM,268,127,141
05/12/2018 04:00:00 PM,242,101,141
05/12/2018 05:00:00 PM,233,132,101
05/12/2018 06:00:00 PM,217,115,102
05/12/2018 07:00:00 PM,119,63,56
05/12/2018 08:00:00 PM,107,54,53
05/12/2018 09:00:00 PM,66,35,31
05/12/2018 10:00:00 PM,62,28,34
05/12/2018 11:00:00 PM,24,9,15
05/13/2018 12:00:00 AM,24,10,14
05/13/2018 01:00:00 AM,12,4,8
05/13/2018 02:00:00 AM,3,0,3
05/13/2018 03:00:00 AM,5,2,3
05/13/2018 04:00:00 AM,5,2,3
05/13/2018 05:00:00 AM,6,6,0
05/13/2018 06:00:00 AM,35,13,22
05/13/2018 07:00:00 AM,51,25,26
05/13/2018 08:00:00 AM,84,52,32
05/13/2018 09:00:00 AM,140,65,75
05/13/2018 10:00:00 AM,172,82,90
05/13/2018 11:00:00 AM,170,86,84
05/13/2018 12:00:00 PM,258,128,130
05/13/2018 01:00:00 PM,278,146,132
05/13/2018 02:00:00 PM,247,134,113
05/13/2018 03:00:00 PM,253,124,129
05/13/2018 04:00:00 PM,232,93,139
05/13/2018 05:00:00 PM,186,108,78
05/13/2018 06:00:00 PM,150,93,57
05/13/2018 07:00:00 PM,100,49,51
05/13/2018 08:00:00 PM,90,35,55
05/13/2018 09:00:00 PM,36,14,22
05/13/2018 10:00:00 PM,28,11,17
05/13/2018 11:00:00 PM,28,10,18
05/14/2018 12:00:00 AM,2,1,1
05/14/2018 01:00:00 AM,3,2,1
05/14/2018 02:00:00 AM,2,0,2
05/14/2018 03:00:00 AM,5,4,1
05/14/2018 04:00:00 AM,9,4,5
05/14/2018 05:00:00 AM,65,39,26
05/14/2018 06:00:00 AM,191,102,89
05/14/2018 07:00:00 AM,588,337,251
05/14/2018 08:00:00 AM,811,438,373
05/14/2018 09:00:00 AM,390,181,209
05/14/2018 10:00:00 AM,138,66,72
05/14/2018 11:00:00 AM,127,59,68
05/14/2018 12:00:00 PM,127,64,63
05/14/2018 01:00:00 PM,111,44,67
05/14/2018 02:00:00 PM,115,39,76
05/14/2018 03:00:00 PM,219,92,127
05/14/2018 04:00:00 PM,495,111,384
05/14/2018 05:00:00 PM,903,205,698
05/14/2018 06:00:00 PM,567,181,386
05/14/2018 07:00:00 PM,249,95,154
05/14/2018 08:00:00 PM,162,60,102
05/14/2018 09:00:00 PM,102,33,69
05/14/2018 10:00:00 PM,40,19,21
05/14/2018 11:00:00 PM,22,8,14
05/15/2018 12:00:00 AM,11,4,7
05/15/2018 01:00:00 AM,5,3,2
05/15/2018 02:00:00 AM,2,2,0
05/15/2018 03:00:00 AM,4,0,4
05/15/2018 04:00:00 AM,12,5,7
05/15/2018 05:00:00 AM,61,37,24
05/15/2018 06:00:00 AM,267,144,123
05/15/2018 07:00:00 AM,568,313,255
05/15/2018 08:00:00 AM,730,368,362
05/15/2018 09:00:00 AM,376,175,201
05/15/2018 10:00:00 AM,141,56,85
05/15/2018 11:00:00 AM,116,51,65
05/15/2018 12:00:00 PM,88,58,30
05/15/2018 01:00:00 PM,98,47,51
05/15/2018 02:00:00 PM,166,65,101
05/15/2018 03:00:00 PM,196,84,112
05/15/2018 04:00:00 PM,474,128,346
05/15/2018 05:00:00 PM,907,213,694
05/15/2018 06:00:00 PM,619,198,421
05/15/2018 07:00:00 PM,308,118,190
05/15/2018 08:00:00 PM,150,50,100
05/15/2018 09:00:00 PM,104,46,58
05/15/2018 10:00:00 PM,50,16,34
05/15/2018 11:00:00 PM,26,13,13
05/16/2018 12:00:00 AM,10,1,9
05/16/2018 01:00:00 AM,10,5,5
05/16/2018 02:00:00 AM,1,1,0
05/16/2018 03:00:00 AM,0,0,0
05/16/2018 04:00:00 AM,14,8,6
05/16/2018 05:00:00 AM,48,31,17
05/16/2018 06:00:00 AM,230,124,106
05/16/2018 07:00:00 AM,571,319,252
05/16/2018 08:00:00 AM,704,357,347
05/16/2018 09:00:00 AM,365,169,196
05/16/2018 10:00:00 AM,144,76,68
05/16/2018 11:00:00 AM,110,74,36
05/16/2018 12:00:00 PM,95,48,47
05/16/2018 01:00:00 PM,123,53,70
05/16/2018 02:00:00 PM,117,56,61
05/16/2018 03:00:00 PM,197,70,127
05/16/2018 04:00:00 PM,500,139,361
05/16/2018 05:00:00 PM,828,196,632
05/16/2018 06:00:00 PM,531,146,385
05/16/2018 07:00:00 PM,285,102,183
05/16/2018 08:00:00 PM,168,79,89
05/16/2018 09:00:00 PM,96,44,52
05/16/2018 10:00:00 PM,54,24,30
05/16/2018 11:00:00 PM,39,16,23
05/17/2018 12:00:00 AM,12,3,9
05/17/2018 01:00:00 AM,3,3,0
05/17/2018 02:00:00 AM,3,0,3
05/17/2018 03:00:00 AM,4,2,2
05/17/2018 04:00:00 AM,11,7,4
05/17/2018 05:00:00 AM,53,31,22
05/17/2018 06:00:00 AM,196,112,84
05/17/2018 07:00:00 AM,496,269,227
05/17/2018 08:00:00 AM,668,346,322
05/17/2018 09:00:00 AM,323,154,169
05/17/2018 10:00:00 AM,145,69,76
05/17/2018 11:00:00 AM,109,56,53
05/17/2018 12:00:00 PM,91,46,45
05/17/2018 01:00:00 PM,128,58,70
05/17/2018 02:00:00 PM,117,53,64
05/17/2018 03:00:00 PM,227,106,121
05/17/2018 04:00:00 PM,407,123,284
05/17/2018 05:00:00 PM,767,190,577
05/17/2018 06:00:00 PM,510,153,357
05/17/2018 07:00:00 PM,262,81,181
05/17/2018 08:00:00 PM,162,79,83
05/17/2018 09:00:00 PM,78,35,43
05/17/2018 10:00:00 PM,53,23,30
05/17/2018 11:00:00 PM,25,9,16
05/18/2018 12:00:00 AM,13,5,8
05/18/2018 01:00:00 AM,7,3,4
05/18/2018 02:00:00 AM,0,0,0
05/18/2018 03:00:00 AM,4,2,2
05/18/2018 04:00:00 AM,9,3,6
05/18/2018 05:00:00 AM,55,37,18
05/18/2018 06:00:00 AM,265,158,107
05/18/2018 07:00:00 AM,745,470,275
05/18/2018 08:00:00 AM,822,495,327
05/18/2018 09:00:00 AM,364,187,177
05/18/2018 10:00:00 AM,141,55,86
05/18/2018 11:00:00 AM,101,46,55
05/18/2018 12:00:00 PM,135,60,75
05/18/2018 01:00:00 PM,120,55,65
05/18/2018 02:00:00 PM,133,55,78
05/18/2018 03:00:00 PM,222,71,151
05/18/2018 04:00:00 PM,543,137,406
05/18/2018 05:00:00 PM,734,161,573
05/18/2018 06:00:00 PM,397,131,266
05/18/2018 07:00:00 PM,181,70,111
05/18/2018 08:00:00 PM,109,53,56
05/18/2018 09:00:00 PM,61,29,32
05/18/2018 10:00:00 PM,47,15,32
05/18/2018 11:00:00 PM,30,9,21
05/19/2018 12:00:00 AM,23,8,15
05/19/2018 01:00:00 AM,15,8,7
05/19/2018 02:00:00 AM,4,1,3
05/19/2018 03:00:00 AM,3,3,0
05/19/2018 04:00:00 AM,4,1,3
05/19/2018 05:00:00 AM,15,4,11
05/19/2018 06:00:00 AM,23,8,15
05/19/2018 07:00:00 AM,75,41,34
05/19/2018 08:00:00 AM,106,47,59
05/19/2018 09:00:00 AM,179,108,71
05/19/2018 10:00:00 AM,153,85,68
05/19/2018 11:00:00 AM,187,84,103
05/19/2018 12:00:00 PM,228,102,126
05/19/2018 01:00:00 PM,223,110,113
05/19/2018 02:00:00 PM,212,93,119
05/19/2018 03:00:00 PM,219,111,108
05/19/2018 04:00:00 PM,210,98,112
05/19/2018 05:00:00 PM,214,118,96
05/19/2018 06:00:00 PM,151,81,70
05/19/2018 07:00:00 PM,66,41,25
05/19/2018 08:00:00 PM,36,10,26
05/19/2018 09:00:00 PM,43,19,24
05/19/2018 10:00:00 PM,35,18,17
05/19/2018 11:00:00 PM,25,12,13
05/20/2018 12:00:00 AM,14,3,11
05/20/2018 01:00:00 AM,7,3,4
05/20/2018 02:00:00 AM,6,2,4
05/20/2018 03:00:00 AM,2,1,1
05/20/2018 04:00:00 AM,2,0,2
05/20/2018 05:00:00 AM,7,5,2
05/20/2018 06:00:00 AM,14,7,7
05/20/2018 07:00:00 AM,33,14,19
05/20/2018 08:00:00 AM,74,33,41
05/20/2018 09:00:00 AM,79,36,43
05/20/2018 10:00:00 AM,119,68,51
05/20/2018 11:00:00 AM,133,68,65
05/20/2018 12:00:00 PM,159,73,86
05/20/2018 01:00:00 PM,169,89,80
05/20/2018 02:00:00 PM,175,91,84
05/20/2018 03:00:00 PM,169,85,84
05/20/2018 04:00:00 PM,172,98,74
05/20/2018 05:00:00 PM,164,85,79
05/20/2018 06:00:00 PM,110,68,42
05/20/2018 07:00:00 PM,89,34,55
05/20/2018 08:00:00 PM,51,17,34
05/20/2018 09:00:00 PM,42,24,18
05/20/2018 10:00:00 PM,22,11,11
05/20/2018 11:00:00 PM,13,3,10
05/21/2018 12:00:00 AM,7,1,6
05/21/2018 01:00:00 AM,3,0,3
05/21/2018 02:00:00 AM,3,1,2
05/21/2018 03:00:00 AM,6,4,2
05/21/2018 04:00:00 AM,12,3,9
05/21/2018 05:00:00 AM,51,30,21
05/21/2018 06:00:00 AM,189,102,87
05/21/2018 07:00:00 AM,529,286,243
05/21/2018 08:00:00 AM,685,354,331
05/21/2018 09:00:00 AM,379,176,203
05/21/2018 10:00:00 AM,149,78,71
05/21/2018 11:00:00 AM,129,72,57
05/21/2018 12:00:00 PM,108,45,63
05/21/2018 01:00:00 PM,100,45,55
05/21/2018 02:00:00 PM,116,52,64
05/21/2018 03:00:00 PM,202,75,127
05/21/2018 04:00:00 PM,438,117,321
05/21/2018 05:00:00 PM,837,186,651
05/21/2018 06:00:00 PM,606,177,429
05/21/2018 07:00:00 PM,245,85,160
05/21/2018 08:00:00 PM,165,66,99
05/21/2018 09:00:00 PM,86,33,53
05/21/2018 10:00:00 PM,46,25,21
05/21/2018 11:00:00 PM,14,5,9
05/22/2018 12:00:00 AM,9,5,4
05/22/2018 01:00:00 AM,8,5,3
05/22/2018 02:00:00 AM,3,3,0
05/22/2018 03:00:00 AM,3,2,1
05/22/2018 04:00:00 AM,17,9,8
05/22/2018 05:00:00 AM,68,36,32
05/22/2018 06:00:00 AM,249,132,117
05/22/2018 07:00:00 AM,640,338,302
05/22/2018 08:00:00 AM,748,400,348
05/22/2018 09:00:00 AM,404,174,230
05/22/2018 10:00:00 AM,157,75,82
05/22/2018 11:00:00 AM,129,63,66
05/22/2018 12:00:00 PM,134,58,76
05/22/2018 01:00:00 PM,126,48,78
05/22/2018 02:00:00 PM,158,79,79
05/22/2018 03:00:00 PM,240,81,159
05/22/2018 04:00:00 PM,528,148,380
05/22/2018 05:00:00 PM,868,211,657
05/22/2018 06:00:00 PM,567,193,374
05/22/2018 07:00:00 PM,348,102,246
05/22/2018 08:00:00 PM,187,65,122
05/22/2018 09:00:00 PM,95,45,50
05/22/2018 10:00:00 PM,60,28,32
05/22/2018 11:00:00 PM,41,12,29
05/23/2018 12:00:00 AM,13,8,5
05/23/2018 01:00:00 AM,8,3,5
05/23/2018 02:00:00 AM,3,0,3
05/23/2018 03:00:00 AM,6,4,2
05/23/2018 04:00:00 AM,18,9,9
05/23/2018 05:00:00 AM,72,32,40
05/23/2018 06:00:00 AM,215,111,104
05/23/2018 07:00:00 AM,585,294,291
05/23/2018 08:00:00 AM,714,376,338
05/23/2018 09:00:00 AM,350,168,182
05/23/2018 10:00:00 AM,132,57,75
05/23/2018 11:00:00 AM,142,66,76
05/23/2018 12:00:00 PM,115,58,57
05/23/2018 01:00:00 PM,160,83,77
05/23/2018 02:00:00 PM,172,81,91
05/23/2018 03:00:00 PM,233,102,131
05/23/2018 04:00:00 PM,502,146,356
05/23/2018 05:00:00 PM,924,215,709
05/23/2018 06:00:00 PM,561,177,384
05/23/2018 07:00:00 PM,302,104,198
05/23/2018 08:00:00 PM,210,90,120
05/23/2018 09:00:00 PM,103,42,61
05/23/2018 10:00:00 PM,60,21,39
05/23/2018 11:00:00 PM,32,17,15
05/24/2018 12:00:00 AM,20,6,14
05/24/2018 01:00:00 AM,1,1,0
05/24/2018 02:00:00 AM,4,2,2
05/24/2018 03:00:00 AM,6,2,4
05/24/2018 04:00:00 AM,12,10,2
05/24/2018 05:00:00 AM,69,39,30
05/24/2018 06:00:00 AM,182,94,88
05/24/2018 07:00:00 AM,467,251,216
05/24/2018 08:00:00 AM,696,374,322
05/24/2018 09:00:00 AM,333,150,183
05/24/2018 10:00:00 AM,135,63,72
05/24/2018 11:00:00 AM,91,47,44
05/24/2018 12:00:00 PM,112,68,44
05/24/2018 01:00:00 PM,116,55,61
05/24/2018 02:00:00 PM,129,51,78
05/24/2018 03:00:00 PM,189,66,123
05/24/2018 04:00:00 PM,418,125,293
05/24/2018 05:00:00 PM,775,199,576
05/24/2018 06:00:00 PM,533,170,363
05/24/2018 07:00:00 PM,240,94,146
05/24/2018 08:00:00 PM,149,63,86
05/24/2018 09:00:00 PM,97,26,71
05/24/2018 10:00:00 PM,46,22,24
05/24/2018 11:00:00 PM,25,12,13
05/25/2018 12:00:00 AM,12,5,7
05/25/2018 01:00:00 AM,6,2,4
05/25/2018 02:00:00 AM,2,0,2
05/25/2018 03:00:00 AM,1,1,0
05/25/2018 04:00:00 AM,14,10,4
05/25/2018 05:00:00 AM,55,27,28
05/25/2018 06:00:00 AM,157,69,88
05/25/2018 07:00:00 AM,384,199,185
05/25/2018 08:00:00 AM,534,273,261
05/25/2018 09:00:00 AM,322,146,176
05/25/2018 10:00:00 AM,137,60,77
05/25/2018 11:00:00 AM,85,32,53
05/25/2018 12:00:00 PM,133,52,81
05/25/2018 01:00:00 PM,140,54,86
05/25/2018 02:00:00 PM,169,52,117
05/25/2018 03:00:00 PM,250,75,175
05/25/2018 04:00:00 PM,393,95,298
05/25/2018 05:00:00 PM,555,147,408
05/25/2018 06:00:00 PM,285,85,200
05/25/2018 07:00:00 PM,132,60,72
05/25/2018 08:00:00 PM,84,41,43
05/25/2018 09:00:00 PM,84,29,55
05/25/2018 10:00:00 PM,68,31,37
05/25/2018 11:00:00 PM,43,13,30
05/26/2018 12:00:00 AM,18,9,9
05/26/2018 01:00:00 AM,17,8,9
05/26/2018 02:00:00 AM,8,5,3
05/26/2018 03:00:00 AM,1,0,1
05/26/2018 04:00:00 AM,6,3,3
05/26/2018 05:00:00 AM,10,3,7
05/26/2018 06:00:00 AM,23,9,14
05/26/2018 07:00:00 AM,63,26,37
05/26/2018 08:00:00 AM,79,37,42
05/26/2018 09:00:00 AM,103,51,52
05/26/2018 10:00:00 AM,130,57,73
05/26/2018 11:00:00 AM,196,98,98
05/26/2018 12:00:00 PM,206,123,83
05/26/2018 01:00:00 PM,208,113,95
05/26/2018 02:00:00 PM,179,90,89
05/26/2018 03:00:00 PM,186,100,86
05/26/2018 04:00:00 PM,192,89,103
05/26/2018 05:00:00 PM,139,59,80
05/26/2018 06:00:00 PM,119,52,67
05/26/2018 07:00:00 PM,95,39,56
05/26/2018 08:00:00 PM,66,21,45
05/26/2018 09:00:00 PM,55,11,44
05/26/2018 10:00:00 PM,50,20,30
05/26/2018 11:00:00 PM,29,13,16
05/27/2018 12:00:00 AM,5,2,3
05/27/2018 01:00:00 AM,10,5,5
05/27/2018 02:00:00 AM,7,4,3
05/27/2018 03:00:00 AM,4,0,4
05/27/2018 04:00:00 AM,2,1,1
05/27/2018 05:00:00 AM,9,3,6
05/27/2018 06:00:00 AM,17,8,9
05/27/2018 07:00:00 AM,45,20,25
05/27/2018 08:00:00 AM,83,43,40
05/27/2018 09:00:00 AM,122,57,65
05/27/2018 10:00:00 AM,149,66,83
05/27/2018 11:00:00 AM,181,92,89
05/27/2018 12:00:00 PM,236,109,127
05/27/2018 01:00:00 PM,250,148,102
05/27/2018 02:00:00 PM,271,127,144
05/27/2018 03:00:00 PM,245,121,124
05/27/2018 04:00:00 PM,231,115,116
05/27/2018 05:00:00 PM,214,91,123
05/27/2018 06:00:00 PM,195,102,93
05/27/2018 07:00:00 PM,123,51,72
05/27/2018 08:00:00 PM,98,36,62
05/27/2018 09:00:00 PM,71,22,49
05/27/2018 10:00:00 PM,45,14,31
05/27/2018 11:00:00 PM,13,3,10
05/28/2018 12:00:00 AM,18,11,7
05/28/2018 01:00:00 AM,6,3,3
05/28/2018 02:00:00 AM,4,4,0
05/28/2018 03:00:00 AM,0,0,0
05/28/2018 04:00:00 AM,3,0,3
05/28/2018 05:00:00 AM,9,7,2
05/28/2018 06:00:00 AM,29,13,16
05/28/2018 07:00:00 AM,52,26,26
05/28/2018 08:00:00 AM,85,43,42
05/28/2018 09:00:00 AM,110,51,59
05/28/2018 10:00:00 AM,167,85,82
05/28/2018 11:00:00 AM,199,92,107
05/28/2018 12:00:00 PM,195,81,114
05/28/2018 01:00:00 PM,234,104,130
05/28/2018 02:00:00 PM,263,119,144
05/28/2018 03:00:00 PM,257,114,143
05/28/2018 04:00:00 PM,255,135,120
05/28/2018 05:00:00 PM,172,73,99
05/28/2018 06:00:00 PM,122,57,65
05/28/2018 07:00:00 PM,107,51,56
05/28/2018 08:00:00 PM,68,27,41
05/28/2018 09:00:00 PM,28,10,18
05/28/2018 10:00:00 PM,28,9,19
05/28/2018 11:00:00 PM,13,6,7
05/29/2018 12:00:00 AM,12,7,5
05/29/2018 01:00:00 AM,3,3,0
05/29/2018 02:00:00 AM,0,0,0
05/29/2018 03:00:00 AM,6,4,2
05/29/2018 04:00:00 AM,10,4,6
05/29/2018 05:00:00 AM,40,21,19
05/29/2018 06:00:00 AM,190,93,97
05/29/2018 07:00:00 AM,491,264,227
05/29/2018 08:00:00 AM,679,355,324
05/29/2018 09:00:00 AM,304,133,171
05/29/2018 10:00:00 AM,132,49,83
05/29/2018 11:00:00 AM,95,39,56
05/29/2018 12:00:00 PM,70,30,40
05/29/2018 01:00:00 PM,97,42,55
05/29/2018 02:00:00 PM,97,52,45
05/29/2018 03:00:00 PM,159,56,103
05/29/2018 04:00:00 PM,383,103,280
05/29/2018 05:00:00 PM,779,185,594
05/29/2018 06:00:00 PM,455,142,313
05/29/2018 07:00:00 PM,218,69,149
05/29/2018 08:00:00 PM,127,44,83
05/29/2018 09:00:00 PM,60,21,39
05/29/2018 10:00:00 PM,25,9,16
05/29/2018 11:00:00 PM,16,6,10
05/30/2018 12:00:00 AM,5,0,5
05/30/2018 01:00:00 AM,8,5,3
05/30/2018 02:00:00 AM,1,0,1
05/30/2018 03:00:00 AM,7,4,3
05/30/2018 04:00:00 AM,13,7,6
05/30/2018 05:00:00 AM,75,44,31
05/30/2018 06:00:00 AM,204,114,90
05/30/2018 07:00:00 AM,545,297,248
05/30/2018 08:00:00 AM,687,364,323
05/30/2018 09:00:00 AM,285,135,150
05/30/2018 10:00:00 AM,146,70,76
05/30/2018 11:00:00 AM,78,43,35
05/30/2018 12:00:00 PM,95,45,50
05/30/2018 01:00:00 PM,103,45,58
05/30/2018 02:00:00 PM,115,45,70
05/30/2018 03:00:00 PM,187,66,121
05/30/2018 04:00:00 PM,462,121,341
05/30/2018 05:00:00 PM,804,189,615
05/30/2018 06:00:00 PM,660,203,457
05/30/2018 07:00:00 PM,274,104,170
05/30/2018 08:00:00 PM,167,60,107
05/30/2018 09:00:00 PM,87,35,52
05/30/2018 10:00:00 PM,46,22,24
05/30/2018 11:00:00 PM,23,6,17
05/31/2018 12:00:00 AM,9,7,2
05/31/2018 01:00:00 AM,6,3,3
05/31/2018 02:00:00 AM,4,4,0
05/31/2018 03:00:00 AM,4,3,1
05/31/2018 04:00:00 AM,13,10,3
05/31/2018 05:00:00 AM,59,39,20
05/31/2018 06:00:00 AM,178,92,86
05/31/2018 07:00:00 AM,520,271,249
05/31/2018 08:00:00 AM,659,345,314
05/31/2018 09:00:00 AM,310,145,165
05/31/2018 10:00:00 AM,96,48,48
05/31/2018 11:00:00 AM,90,53,37
05/31/2018 12:00:00 PM,75,27,48
05/31/2018 01:00:00 PM,90,46,44
05/31/2018 02:00:00 PM,108,42,66
05/31/2018 03:00:00 PM,179,70,109
05/31/2018 04:00:00 PM,379,97,282
05/31/2018 05:00:00 PM,753,202,551
05/31/2018 06:00:00 PM,500,156,344
05/31/2018 07:00:00 PM,248,84,164
05/31/2018 08:00:00 PM,120,27,93
05/31/2018 09:00:00 PM,99,36,63
05/31/2018 10:00:00 PM,51,21,30
05/31/2018 11:00:00 PM,30,14,16
06/01/2018 12:00:00 AM,7,4,3
06/01/2018 01:00:00 AM,4,1,3
06/01/2018 02:00:00 AM,0,0,0
06/01/2018 03:00:00 AM,11,8,3
06/01/2018 04:00:00 AM,8,4,4
06/01/2018 05:00:00 AM,43,22,21
06/01/2018 06:00:00 AM,132,62,70
06/01/2018 07:00:00 AM,373,187,186
06/01/2018 08:00:00 AM,555,284,271
06/01/2018 09:00:00 AM,276,130,146
06/01/2018 10:00:00 AM,137,73,64
06/01/2018 11:00:00 AM,102,49,53
06/01/2018 12:00:00 PM,92,38,54
06/01/2018 01:00:00 PM,104,44,60
06/01/2018 02:00:00 PM,143,60,83
06/01/2018 03:00:00 PM,222,76,146
06/01/2018 04:00:00 PM,387,109,278
06/01/2018 05:00:00 PM,639,139,500
06/01/2018 06:00:00 PM,423,142,281
06/01/2018 07:00:00 PM,223,99,124
06/01/2018 08:00:00 PM,120,49,71
06/01/2018 09:00:00 PM,88,51,37
06/01/2018 10:00:00 PM,48,21,27
06/01/2018 11:00:00 PM,30,13,17
06/02/2018 12:00:00 AM,38,10,28
06/02/2018 01:00:00 AM,24,11,13
06/02/2018 02:00:00 AM,12,6,6
06/02/2018 03:00:00 AM,7,3,4
06/02/2018 04:00:00 AM,8,4,4
06/02/2018 05:00:00 AM,16,10,6
06/02/2018 06:00:00 AM,31,13,18
06/02/2018 07:00:00 AM,62,32,30
06/02/2018 08:00:00 AM,88,44,44
06/02/2018 09:00:00 AM,160,91,69
06/02/2018 10:00:00 AM,180,87,93
06/02/2018 11:00:00 AM,231,117,114
06/02/2018 12:00:00 PM,236,112,124
06/02/2018 01:00:00 PM,250,128,122
06/02/2018 02:00:00 PM,271,140,131
06/02/2018 03:00:00 PM,253,130,123
06/02/2018 04:00:00 PM,245,131,114
06/02/2018 05:00:00 PM,221,97,124
06/02/2018 06:00:00 PM,194,101,93
06/02/2018 07:00:00 PM,112,48,64
06/02/2018 08:00:00 PM,125,53,72
06/02/2018 09:00:00 PM,65,33,32
06/02/2018 10:00:00 PM,54,23,31
06/02/2018 11:00:00 PM,28,7,21
06/03/2018 12:00:00 AM,16,4,12
06/03/2018 01:00:00 AM,27,9,18
06/03/2018 02:00:00 AM,12,5,7
06/03/2018 03:00:00 AM,4,2,2
06/03/2018 04:00:00 AM,7,2,5
06/03/2018 05:00:00 AM,7,4,3
06/03/2018 06:00:00 AM,24,13,11
06/03/2018 07:00:00 AM,57,38,19
06/03/2018 08:00:00 AM,82,41,41
06/03/2018 09:00:00 AM,102,57,45
06/03/2018 10:00:00 AM,148,79,69
06/03/2018 11:00:00 AM,160,88,72
06/03/2018 12:00:00 PM,154,93,61
06/03/2018 01:00:00 PM,134,51,83
06/03/2018 02:00:00 PM,84,35,49
06/03/2018 03:00:00 PM,68,31,37
06/03/2018 04:00:00 PM,63,27,36
06/03/2018 05:00:00 PM,47,16,31
06/03/2018 06:00:00 PM,43,23,20
06/03/2018 07:00:00 PM,38,20,18
06/03/2018 08:00:00 PM,28,18,10
06/03/2018 09:00:00 PM,19,11,8
06/03/2018 10:00:00 PM,14,7,7
06/03/2018 11:00:00 PM,6,1,5
06/04/2018 12:00:00 AM,3,3,0
06/04/2018 01:00:00 AM,1,0,1
06/04/2018 02:00:00 AM,5,2,3
06/04/2018 03:00:00 AM,1,0,1
06/04/2018 04:00:00 AM,14,7,7
06/04/2018 05:00:00 AM,46,25,21
06/04/2018 06:00:00 AM,144,82,62
06/04/2018 07:00:00 AM,409,197,212
06/04/2018 08:00:00 AM,570,295,275
06/04/2018 09:00:00 AM,243,119,124
06/04/2018 10:00:00 AM,76,36,40
06/04/2018 11:00:00 AM,59,26,33
06/04/2018 12:00:00 PM,63,30,33
06/04/2018 01:00:00 PM,85,40,45
06/04/2018 02:00:00 PM,89,47,42
06/04/2018 03:00:00 PM,149,46,103
06/04/2018 04:00:00 PM,329,91,238
06/04/2018 05:00:00 PM,688,149,539
06/04/2018 06:00:00 PM,416,135,281
06/04/2018 07:00:00 PM,206,82,124
06/04/2018 08:00:00 PM,109,44,65
06/04/2018 09:00:00 PM,67,34,33
06/04/2018 10:00:00 PM,35,17,18
06/04/2018 11:00:00 PM,10,7,3
06/05/2018 12:00:00 AM,11,7,4
06/05/2018 01:00:00 AM,6,3,3
06/05/2018 02:00:00 AM,3,0,3
06/05/2018 03:00:00 AM,5,3,2
06/05/2018 04:00:00 AM,8,5,3
06/05/2018 05:00:00 AM,60,33,27
06/05/2018 06:00:00 AM,202,93,109
06/05/2018 07:00:00 AM,538,282,256
06/05/2018 08:00:00 AM,695,357,338
06/05/2018 09:00:00 AM,359,163,196
06/05/2018 10:00:00 AM,134,67,67
06/05/2018 11:00:00 AM,113,53,60
06/05/2018 12:00:00 PM,86,38,48
06/05/2018 01:00:00 PM,133,74,59
06/05/2018 02:00:00 PM,121,62,59
06/05/2018 03:00:00 PM,194,75,119
06/05/2018 04:00:00 PM,415,114,301
06/05/2018 05:00:00 PM,839,189,650
06/05/2018 06:00:00 PM,496,161,335
06/05/2018 07:00:00 PM,281,98,183
06/05/2018 08:00:00 PM,172,70,102
06/05/2018 09:00:00 PM,86,36,50
06/05/2018 10:00:00 PM,45,12,33
06/05/2018 11:00:00 PM,21,11,10
06/06/2018 12:00:00 AM,9,4,5
06/06/2018 01:00:00 AM,7,2,5
06/06/2018 02:00:00 AM,2,0,2
06/06/2018 03:00:00 AM,5,4,1
06/06/2018 04:00:00 AM,12,6,6
06/06/2018 05:00:00 AM,55,34,21
06/06/2018 06:00:00 AM,213,110,103
06/06/2018 07:00:00 AM,544,277,267
06/06/2018 08:00:00 AM,638,330,308
06/06/2018 09:00:00 AM,370,183,187
06/06/2018 10:00:00 AM,166,67,99
06/06/2018 11:00:00 AM,126,70,56
06/06/2018 12:00:00 PM,118,61,57
06/06/2018 01:00:00 PM,123,58,65
06/06/2018 02:00:00 PM,142,65,77
06/06/2018 03:00:00 PM,203,66,137
06/06/2018 04:00:00 PM,479,147,332
06/06/2018 05:00:00 PM,837,192,645
06/06/2018 06:00:00 PM,542,175,367
06/06/2018 07:00:00 PM,275,107,168
06/06/2018 08:00:00 PM,143,61,82
06/06/2018 09:00:00 PM,107,37,70
06/06/2018 10:00:00 PM,57,21,36
06/06/2018 11:00:00 PM,47,21,26
06/07/2018 12:00:00 AM,20,5,15
06/07/2018 01:00:00 AM,5,4,1
06/07/2018 02:00:00 AM,3,0,3
06/07/2018 03:00:00 AM,5,3,2
06/07/2018 04:00:00 AM,12,6,6
06/07/2018 05:00:00 AM,55,33,22
06/07/2018 06:00:00 AM,196,91,105
06/07/2018 07:00:00 AM,454,230,224
06/07/2018 08:00:00 AM,597,299,298
06/07/2018 09:00:00 AM,335,161,174
06/07/2018 10:00:00 AM,149,83,66
06/07/2018 11:00:00 AM,115,52,63
06/07/2018 12:00:00 PM,110,46,64
06/07/2018 01:00:00 PM,97,43,54
06/07/2018 02:00:00 PM,118,61,57
06/07/2018 03:00:00 PM,187,50,137
06/07/2018 04:00:00 PM,404,114,290
06/07/2018 05:00:00 PM,766,190,576
06/07/2018 06:00:00 PM,474,158,316
06/07/2018 07:00:00 PM,278,99,179
06/07/2018 08:00:00 PM,160,57,103
06/07/2018 09:00:00 PM,82,32,50
06/07/2018 10:00:00 PM,59,22,37
06/07/2018 11:00:00 PM,34,12,22
06/08/2018 12:00:00 AM,14,5,9
06/08/2018 01:00:00 AM,7,1,6
06/08/2018 02:00:00 AM,4,1,3
06/08/2018 03:00:00 AM,1,1,0
06/08/2018 04:00:00 AM,8,2,6
06/08/2018 05:00:00 AM,42,22,20
06/08/2018 06:00:00 AM,115,54,61
06/08/2018 07:00:00 AM,291,133,158
06/08/2018 08:00:00 AM,467,250,217
06/08/2018 09:00:00 AM,235,105,130
06/08/2018 10:00:00 AM,123,49,74
06/08/2018 11:00:00 AM,97,41,56
06/08/2018 12:00:00 PM,61,26,35
06/08/2018 01:00:00 PM,65,31,34
06/08/2018 02:00:00 PM,72,20,52
06/08/2018 03:00:00 PM,114,42,72
06/08/2018 04:00:00 PM,269,66,203
06/08/2018 05:00:00 PM,414,89,325
06/08/2018 06:00:00 PM,234,69,165
06/08/2018 07:00:00 PM,73,17,56
06/08/2018 08:00:00 PM,46,16,30
06/08/2018 09:00:00 PM,28,9,19
06/08/2018 10:00:00 PM,16,6,10
06/08/2018 11:00:00 PM,10,4,6
06/09/2018 12:00:00 AM,9,3,6
06/09/2018 01:00:00 AM,6,4,2
06/09/2018 02:00:00 AM,4,1,3
06/09/2018 03:00:00 AM,3,2,1
06/09/2018 04:00:00 AM,2,1,1
06/09/2018 05:00:00 AM,10,6,4
06/09/2018 06:00:00 AM,15,10,5
06/09/2018 07:00:00 AM,29,11,18
06/09/2018 08:00:00 AM,54,25,29
06/09/2018 09:00:00 AM,76,44,32
06/09/2018 10:00:00 AM,106,63,43
06/09/2018 11:00:00 AM,113,54,59
06/09/2018 12:00:00 PM,139,67,72
06/09/2018 01:00:00 PM,129,60,69
06/09/2018 02:00:00 PM,118,51,67
06/09/2018 03:00:00 PM,139,71,68
06/09/2018 04:00:00 PM,112,70,42
06/09/2018 05:00:00 PM,109,67,42
06/09/2018 06:00:00 PM,101,55,46
06/09/2018 07:00:00 PM,54,26,28
06/09/2018 08:00:00 PM,35,20,15
06/09/2018 09:00:00 PM,30,12,18
06/09/2018 10:00:00 PM,15,8,7
06/09/2018 11:00:00 PM,15,6,9
06/10/2018 12:00:00 AM,8,4,4
06/10/2018 01:00:00 AM,4,1,3
06/10/2018 02:00:00 AM,4,0,4
06/10/2018 03:00:00 AM,4,2,2
06/10/2018 04:00:00 AM,2,1,1
06/10/2018 05:00:00 AM,23,15,8
06/10/2018 06:00:00 AM,30,13,17
06/10/2018 07:00:00 AM,43,20,23
06/10/2018 08:00:00 AM,93,37,56
06/10/2018 09:00:00 AM,122,60,62
06/10/2018 10:00:00 AM,155,81,74
06/10/2018 11:00:00 AM,89,43,46
06/10/2018 12:00:00 PM,112,73,39
06/10/2018 01:00:00 PM,173,83,90
06/10/2018 02:00:00 PM,153,75,78
06/10/2018 03:00:00 PM,133,74,59
06/10/2018 04:00:00 PM,142,60,82
06/10/2018 05:00:00 PM,74,44,30
06/10/2018 06:00:00 PM,53,24,29
06/10/2018 07:00:00 PM,34,19,15
06/10/2018 08:00:00 PM,23,16,7
06/10/2018 09:00:00 PM,23,13,10
06/10/2018 10:00:00 PM,15,7,8
06/10/2018 11:00:00 PM,11,7,4
06/11/2018 12:00:00 AM,3,2,1
06/11/2018 01:00:00 AM,2,2,0
06/11/2018 02:00:00 AM,0,0,0
06/11/2018 03:00:00 AM,3,2,1
06/11/2018 04:00:00 AM,15,8,7
06/11/2018 05:00:00 AM,64,35,29
06/11/2018 06:00:00 AM,207,102,105
06/11/2018 07:00:00 AM,452,229,223
06/11/2018 08:00:00 AM,617,311,306
06/11/2018 09:00:00 AM,316,145,171
06/11/2018 10:00:00 AM,133,66,67
06/11/2018 11:00:00 AM,88,35,53
06/11/2018 12:00:00 PM,113,48,65
06/11/2018 01:00:00 PM,100,41,59
06/11/2018 02:00:00 PM,146,61,85
06/11/2018 03:00:00 PM,172,63,109
06/11/2018 04:00:00 PM,379,111,268
06/11/2018 05:00:00 PM,857,188,669
06/11/2018 06:00:00 PM,570,139,431
06/11/2018 07:00:00 PM,279,101,178
06/11/2018 08:00:00 PM,155,59,96
06/11/2018 09:00:00 PM,85,29,56
06/11/2018 10:00:00 PM,38,15,23
06/11/2018 11:00:00 PM,20,8,12
06/12/2018 12:00:00 AM,8,3,5
06/12/2018 01:00:00 AM,4,3,1
06/12/2018 02:00:00 AM,5,3,2
06/12/2018 03:00:00 AM,5,3,2
06/12/2018 04:00:00 AM,5,3,2
06/12/2018 05:00:00 AM,56,35,21
06/12/2018 06:00:00 AM,208,101,107
06/12/2018 07:00:00 AM,556,275,281
06/12/2018 08:00:00 AM,705,375,330
06/12/2018 09:00:00 AM,356,149,207
06/12/2018 10:00:00 AM,135,69,66
06/12/2018 11:00:00 AM,91,47,44
06/12/2018 12:00:00 PM,91,45,46
06/12/2018 01:00:00 PM,114,53,61
06/12/2018 02:00:00 PM,127,47,80
06/12/2018 03:00:00 PM,186,76,110
06/12/2018 04:00:00 PM,441,118,323
06/12/2018 05:00:00 PM,836,200,636
06/12/2018 06:00:00 PM,510,148,362
06/12/2018 07:00:00 PM,253,78,175
06/12/2018 08:00:00 PM,139,37,102
06/12/2018 09:00:00 PM,72,36,36
06/12/2018 10:00:00 PM,49,24,25
06/12/2018 11:00:00 PM,28,6,22
06/13/2018 12:00:00 AM,6,3,3
06/13/2018 01:00:00 AM,2,1,1
06/13/2018 02:00:00 AM,6,1,5
06/13/2018 03:00:00 AM,6,3,3
06/13/2018 04:00:00 AM,13,12,1
06/13/2018 05:00:00 AM,48,27,21
06/13/2018 06:00:00 AM,92,46,46
06/13/2018 07:00:00 AM,235,122,113
06/13/2018 08:00:00 AM,387,195,192
06/13/2018 09:00:00 AM,247,118,129
06/13/2018 10:00:00 AM,98,39,59
06/13/2018 11:00:00 AM,65,31,34
06/13/2018 12:00:00 PM,85,48,37
06/13/2018 01:00:00 PM,89,37,52
06/13/2018 02:00:00 PM,68,31,37
06/13/2018 03:00:00 PM,108,52,56
06/13/2018 04:00:00 PM,225,62,163
06/13/2018 05:00:00 PM,440,89,351
06/13/2018 06:00:00 PM,290,79,211
06/13/2018 07:00:00 PM,116,32,84
06/13/2018 08:00:00 PM,64,26,38
06/13/2018 09:00:00 PM,37,8,29
06/13/2018 10:00:00 PM,21,11,10
06/13/2018 11:00:00 PM,22,7,15
06/14/2018 12:00:00 AM,10,3,7
06/14/2018 01:00:00 AM,2,1,1
06/14/2018 02:00:00 AM,6,4,2
06/14/2018 03:00:00 AM,8,5,3
06/14/2018 04:00:00 AM,12,7,5
06/14/2018 05:00:00 AM,48,25,23
06/14/2018 06:00:00 AM,141,61,80
06/14/2018 07:00:00 AM,371,192,179
06/14/2018 08:00:00 AM,544,255,289
06/14/2018 09:00:00 AM,273,122,151
06/14/2018 10:00:00 AM,129,55,74
06/14/2018 11:00:00 AM,74,27,47
06/14/2018 12:00:00 PM,91,45,46
06/14/2018 01:00:00 PM,102,53,49
06/14/2018 02:00:00 PM,102,51,51
06/14/2018 03:00:00 PM,137,52,85
06/14/2018 04:00:00 PM,365,104,261
06/14/2018 05:00:00 PM,648,173,475
06/14/2018 06:00:00 PM,467,144,323
06/14/2018 07:00:00 PM,236,87,149
06/14/2018 08:00:00 PM,130,37,93
06/14/2018 09:00:00 PM,91,36,55
06/14/2018 10:00:00 PM,55,18,37
06/14/2018 11:00:00 PM,33,10,23
06/15/2018 12:00:00 AM,9,2,7
06/15/2018 01:00:00 AM,7,3,4
06/15/2018 02:00:00 AM,2,1,1
06/15/2018 03:00:00 AM,5,2,3
06/15/2018 04:00:00 AM,14,8,6
06/15/2018 05:00:00 AM,44,23,21
06/15/2018 06:00:00 AM,148,67,81
06/15/2018 07:00:00 AM,382,197,185
06/15/2018 08:00:00 AM,547,293,254
06/15/2018 09:00:00 AM,291,137,154
06/15/2018 10:00:00 AM,127,49,78
06/15/2018 11:00:00 AM,106,47,59
06/15/2018 12:00:00 PM,127,60,67
06/15/2018 01:00:00 PM,118,56,62
06/15/2018 02:00:00 PM,182,91,91
06/15/2018 03:00:00 PM,231,88,143
06/15/2018 04:00:00 PM,458,122,336
06/15/2018 05:00:00 PM,703,193,510
06/15/2018 06:00:00 PM,376,122,254
06/15/2018 07:00:00 PM,205,64,141
06/15/2018 08:00:00 PM,124,52,72
06/15/2018 09:00:00 PM,67,34,33
06/15/2018 10:00:00 PM,58,19,39
06/15/2018 11:00:00 PM,47,17,30
06/16/2018 12:00:00 AM,20,8,12
06/16/2018 01:00:00 AM,12,8,4
06/16/2018 02:00:00 AM,9,2,7
06/16/2018 03:00:00 AM,5,1,4
06/16/2018 04:00:00 AM,4,2,2
06/16/2018 05:00:00 AM,17,6,11
06/16/2018 06:00:00 AM,38,11,27
06/16/2018 07:00:00 AM,56,24,32
06/16/2018 08:00:00 AM,115,56,59
06/16/2018 09:00:00 AM,171,71,100
06/16/2018 10:00:00 AM,228,88,140
06/16/2018 11:00:00 AM,248,87,161
06/16/2018 12:00:00 PM,53,18,35
06/16/2018 01:00:00 PM,38,16,22
06/16/2018 02:00:00 PM,57,23,34
06/16/2018 03:00:00 PM,175,71,104
06/16/2018 04:00:00 PM,266,133,133
06/16/2018 05:00:00 PM,286,116,170
06/16/2018 06:00:00 PM,198,105,93
06/16/2018 07:00:00 PM,155,73,82
06/16/2018 08:00:00 PM,140,63,77
06/16/2018 09:00:00 PM,90,34,56
06/16/2018 10:00:00 PM,85,48,37
06/16/2018 11:00:00 PM,53,26,27
06/17/2018 12:00:00 AM,20,7,13
06/17/2018 01:00:00 AM,16,10,6
06/17/2018 02:00:00 AM,8,3,5
06/17/2018 03:00:00 AM,6,2,4
06/17/2018 04:00:00 AM,6,3,3
06/17/2018 05:00:00 AM,11,5,6
06/17/2018 06:00:00 AM,25,9,16
06/17/2018 07:00:00 AM,60,26,34
06/17/2018 08:00:00 AM,115,60,55
06/17/2018 09:00:00 AM,144,64,80
06/17/2018 10:00:00 AM,178,80,98
06/17/2018 11:00:00 AM,224,88,136
06/17/2018 12:00:00 PM,235,113,122
06/17/2018 01:00:00 PM,278,120,158
06/17/2018 02:00:00 PM,217,111,106
06/17/2018 03:00:00 PM,198,94,104
06/17/2018 04:00:00 PM,230,101,129
06/17/2018 05:00:00 PM,223,97,126
06/17/2018 06:00:00 PM,177,91,86
06/17/2018 07:00:00 PM,117,61,56
06/17/2018 08:00:00 PM,92,55,37
06/17/2018 09:00:00 PM,43,20,23
06/17/2018 10:00:00 PM,35,14,21
06/17/2018 11:00:00 PM,15,9,6
06/18/2018 12:00:00 AM,7,5,2
06/18/2018 01:00:00 AM,3,2,1
06/18/2018 02:00:00 AM,3,1,2
06/18/2018 03:00:00 AM,3,0,3
06/18/2018 04:00:00 AM,13,9,4
06/18/2018 05:00:00 AM,48,26,22
06/18/2018 06:00:00 AM,196,102,94
06/18/2018 07:00:00 AM,527,266,261
06/18/2018 08:00:00 AM,725,352,373
06/18/2018 09:00:00 AM,351,165,186
06/18/2018 10:00:00 AM,132,68,64
06/18/2018 11:00:00 AM,105,46,59
06/18/2018 12:00:00 PM,104,54,50
06/18/2018 01:00:00 PM,109,56,53
06/18/2018 02:00:00 PM,131,55,76
06/18/2018 03:00:00 PM,187,73,114
06/18/2018 04:00:00 PM,437,100,337
06/18/2018 05:00:00 PM,852,180,672
06/18/2018 06:00:00 PM,561,166,395
06/18/2018 07:00:00 PM,295,101,194
06/18/2018 08:00:00 PM,165,67,98
06/18/2018 09:00:00 PM,111,34,77
06/18/2018 10:00:00 PM,57,24,33
06/18/2018 11:00:00 PM,19,8,11
06/19/2018 12:00:00 AM,11,5,6
06/19/2018 01:00:00 AM,7,4,3
06/19/2018 02:00:00 AM,3,1,2
06/19/2018 03:00:00 AM,2,1,1
06/19/2018 04:00:00 AM,10,4,6
06/19/2018 05:00:00 AM,60,35,25
06/19/2018 06:00:00 AM,221,111,110
06/19/2018 07:00:00 AM,541,275,266
06/19/2018 08:00:00 AM,751,364,387
06/19/2018 09:00:00 AM,390,180,210
06/19/2018 10:00:00 AM,164,79,85
06/19/2018 11:00:00 AM,110,53,57
06/19/2018 12:00:00 PM,125,65,60
06/19/2018 01:00:00 PM,133,55,78
06/19/2018 02:00:00 PM,148,67,81
06/19/2018 03:00:00 PM,226,74,152
06/19/2018 04:00:00 PM,475,112,363
06/19/2018 05:00:00 PM,873,188,685
06/19/2018 06:00:00 PM,554,163,391
06/19/2018 07:00:00 PM,276,107,169
06/19/2018 08:00:00 PM,193,64,129
06/19/2018 09:00:00 PM,112,51,61
06/19/2018 10:00:00 PM,59,28,31
06/19/2018 11:00:00 PM,39,25,14
06/20/2018 12:00:00 AM,10,5,5
06/20/2018 01:00:00 AM,8,3,5
06/20/2018 02:00:00 AM,3,2,1
06/20/2018 03:00:00 AM,3,2,1
06/20/2018 04:00:00 AM,14,5,9
06/20/2018 05:00:00 AM,47,23,24
06/20/2018 06:00:00 AM,220,110,110
06/20/2018 07:00:00 AM,556,294,262
06/20/2018 08:00:00 AM,662,303,359
06/20/2018 09:00:00 AM,387,190,197
06/20/2018 10:00:00 AM,144,63,81
06/20/2018 11:00:00 AM,117,58,59
06/20/2018 12:00:00 PM,105,59,46
06/20/2018 01:00:00 PM,115,52,63
06/20/2018 02:00:00 PM,117,37,80
06/20/2018 03:00:00 PM,194,74,120
06/20/2018 04:00:00 PM,412,108,304
06/20/2018 05:00:00 PM,852,203,649
06/20/2018 06:00:00 PM,570,169,401
06/20/2018 07:00:00 PM,281,84,197
06/20/2018 08:00:00 PM,209,90,119
06/20/2018 09:00:00 PM,126,67,59
06/20/2018 10:00:00 PM,62,34,28
06/20/2018 11:00:00 PM,33,10,23
06/21/2018 12:00:00 AM,21,9,12
06/21/2018 01:00:00 AM,7,2,5
06/21/2018 02:00:00 AM,3,2,1
06/21/2018 03:00:00 AM,4,2,2
06/21/2018 04:00:00 AM,9,4,5
06/21/2018 05:00:00 AM,56,30,26
06/21/2018 06:00:00 AM,177,100,77
06/21/2018 07:00:00 AM,478,229,249
06/21/2018 08:00:00 AM,620,288,332
06/21/2018 09:00:00 AM,349,165,184
06/21/2018 10:00:00 AM,138,66,72
06/21/2018 11:00:00 AM,113,59,54
06/21/2018 12:00:00 PM,91,47,44
06/21/2018 01:00:00 PM,100,45,55
06/21/2018 02:00:00 PM,123,54,69
06/21/2018 03:00:00 PM,167,65,102
06/21/2018 04:00:00 PM,435,123,312
06/21/2018 05:00:00 PM,806,190,616
06/21/2018 06:00:00 PM,529,144,385
06/21/2018 07:00:00 PM,258,103,155
06/21/2018 08:00:00 PM,157,55,102
06/21/2018 09:00:00 PM,126,68,58
06/21/2018 10:00:00 PM,92,38,54
06/21/2018 11:00:00 PM,49,22,27
06/22/2018 12:00:00 AM,23,9,14
06/22/2018 01:00:00 AM,13,6,7
06/22/2018 02:00:00 AM,8,6,2
06/22/2018 03:00:00 AM,5,1,4
06/22/2018 04:00:00 AM,12,6,6
06/22/2018 05:00:00 AM,34,18,16
06/22/2018 06:00:00 AM,151,86,65
06/22/2018 07:00:00 AM,353,187,166
06/22/2018 08:00:00 AM,542,255,287
06/22/2018 09:00:00 AM,310,140,170
06/22/2018 10:00:00 AM,128,53,75
06/22/2018 11:00:00 AM,102,44,58
06/22/2018 12:00:00 PM,104,51,53
06/22/2018 01:00:00 PM,117,50,67
06/22/2018 02:00:00 PM,151,72,79
06/22/2018 03:00:00 PM,194,80,114
06/22/2018 04:00:00 PM,421,128,293
06/22/2018 05:00:00 PM,581,142,439
06/22/2018 06:00:00 PM,328,105,223
06/22/2018 07:00:00 PM,163,70,93
06/22/2018 08:00:00 PM,103,35,68
06/22/2018 09:00:00 PM,69,26,43
06/22/2018 10:00:00 PM,41,17,24
06/22/2018 11:00:00 PM,13,8,5
06/23/2018 12:00:00 AM,9,4,5
06/23/2018 01:00:00 AM,7,3,4
06/23/2018 02:00:00 AM,4,3,1
06/23/2018 03:00:00 AM,5,4,1
06/23/2018 04:00:00 AM,8,4,4
06/23/2018 05:00:00 AM,14,6,8
06/23/2018 06:00:00 AM,15,9,6
06/23/2018 07:00:00 AM,46,18,28
06/23/2018 08:00:00 AM,110,64,46
06/23/2018 09:00:00 AM,91,53,38
06/23/2018 10:00:00 AM,139,63,76
06/23/2018 11:00:00 AM,138,62,76
06/23/2018 12:00:00 PM,183,103,80
06/23/2018 01:00:00 PM,200,104,96
06/23/2018 02:00:00 PM,150,63,87
06/23/2018 03:00:00 PM,203,87,116
06/23/2018 04:00:00 PM,214,84,130
06/23/2018 05:00:00 PM,174,85,89
06/23/2018 06:00:00 PM,173,80,93
06/23/2018 07:00:00 PM,150,70,80
06/23/2018 08:00:00 PM,102,55,47
06/23/2018 09:00:00 PM,95,33,62
06/23/2018 10:00:00 PM,43,20,23
06/23/2018 11:00:00 PM,38,13,25
06/24/2018 12:00:00 AM,19,11,8
06/24/2018 01:00:00 AM,8,3,5
06/24/2018 02:00:00 AM,5,2,3
06/24/2018 03:00:00 AM,4,2,2
06/24/2018 04:00:00 AM,6,1,5
06/24/2018 05:00:00 AM,17,13,4
06/24/2018 06:00:00 AM,20,12,8
06/24/2018 07:00:00 AM,45,19,26
06/24/2018 08:00:00 AM,86,37,49
06/24/2018 09:00:00 AM,88,47,41
06/24/2018 10:00:00 AM,178,87,91
06/24/2018 11:00:00 AM,219,95,124
06/24/2018 12:00:00 PM,238,114,124
06/24/2018 01:00:00 PM,258,107,151
06/24/2018 02:00:00 PM,250,106,144
06/24/2018 03:00:00 PM,285,138,147
06/24/2018 04:00:00 PM,225,104,121
06/24/2018 05:00:00 PM,212,90,122
06/24/2018 06:00:00 PM,164,64,100
06/24/2018 07:00:00 PM,133,58,75
06/24/2018 08:00:00 PM,82,42,40
06/24/2018 09:00:00 PM,39,11,28
06/24/2018 10:00:00 PM,24,10,14
06/24/2018 11:00:00 PM,18,5,13
06/25/2018 12:00:00 AM,6,3,3
06/25/2018 01:00:00 AM,4,3,1
06/25/2018 02:00:00 AM,3,0,3
06/25/2018 03:00:00 AM,3,1,2
06/25/2018 04:00:00 AM,8,3,5
06/25/2018 05:00:00 AM,41,24,17
06/25/2018 06:00:00 AM,139,75,64
06/25/2018 07:00:00 AM,304,151,153
06/25/2018 08:00:00 AM,498,234,264
06/25/2018 09:00:00 AM,306,144,162
06/25/2018 10:00:00 AM,96,44,52
06/25/2018 11:00:00 AM,69,24,45
06/25/2018 12:00:00 PM,66,29,37
06/25/2018 01:00:00 PM,70,36,34
06/25/2018 02:00:00 PM,82,41,41
06/25/2018 03:00:00 PM,145,54,91
06/25/2018 04:00:00 PM,304,84,220
06/25/2018 05:00:00 PM,570,129,441
06/25/2018 06:00:00 PM,386,124,262
06/25/2018 07:00:00 PM,235,83,152
06/25/2018 08:00:00 PM,100,33,67
06/25/2018 09:00:00 PM,64,29,35
06/25/2018 10:00:00 PM,40,21,19
06/25/2018 11:00:00 PM,19,7,12
06/26/2018 12:00:00 AM,21,13,8
06/26/2018 01:00:00 AM,2,2,0
06/26/2018 02:00:00 AM,3,1,2
06/26/2018 03:00:00 AM,2,2,0
06/26/2018 04:00:00 AM,13,7,6
06/26/2018 05:00:00 AM,56,31,25
06/26/2018 06:00:00 AM,165,90,75
06/26/2018 07:00:00 AM,389,203,186
06/26/2018 08:00:00 AM,599,289,310
06/26/2018 09:00:00 AM,371,152,219
06/26/2018 10:00:00 AM,125,56,69
06/26/2018 11:00:00 AM,110,58,52
06/26/2018 12:00:00 PM,109,55,54
06/26/2018 01:00:00 PM,109,45,64
06/26/2018 02:00:00 PM,113,55,58
06/26/2018 03:00:00 PM,182,74,108
06/26/2018 04:00:00 PM,361,114,247
06/26/2018 05:00:00 PM,807,180,627
06/26/2018 06:00:00 PM,487,161,326
06/26/2018 07:00:00 PM,316,111,205
06/26/2018 08:00:00 PM,229,92,137
06/26/2018 09:00:00 PM,104,30,74
06/26/2018 10:00:00 PM,66,26,40
06/26/2018 11:00:00 PM,32,10,22
06/27/2018 12:00:00 AM,11,4,7
06/27/2018 01:00:00 AM,3,2,1
06/27/2018 02:00:00 AM,3,1,2
06/27/2018 03:00:00 AM,5,4,1
06/27/2018 04:00:00 AM,22,11,11
06/27/2018 05:00:00 AM,77,43,34
06/27/2018 06:00:00 AM,184,98,86
06/27/2018 07:00:00 AM,528,262,266
06/27/2018 08:00:00 AM,626,312,314
06/27/2018 09:00:00 AM,376,163,213
06/27/2018 10:00:00 AM,138,61,77
06/27/2018 11:00:00 AM,125,63,62
06/27/2018 12:00:00 PM,105,55,50
06/27/2018 01:00:00 PM,113,46,67
06/27/2018 02:00:00 PM,127,56,71
06/27/2018 03:00:00 PM,180,64,116
06/27/2018 04:00:00 PM,399,99,300
06/27/2018 05:00:00 PM,804,181,623
06/27/2018 06:00:00 PM,492,151,341
06/27/2018 07:00:00 PM,300,101,199
06/27/2018 08:00:00 PM,148,59,89
06/27/2018 09:00:00 PM,84,38,46
06/27/2018 10:00:00 PM,63,34,29
06/27/2018 11:00:00 PM,29,15,14
06/28/2018 12:00:00 AM,11,5,6
06/28/2018 01:00:00 AM,1,0,1
06/28/2018 02:00:00 AM,1,1,0
06/28/2018 03:00:00 AM,4,2,2
06/28/2018 04:00:00 AM,10,5,5
06/28/2018 05:00:00 AM,56,27,29
06/28/2018 06:00:00 AM,179,97,82
06/28/2018 07:00:00 AM,444,202,242
06/28/2018 08:00:00 AM,565,272,293
06/28/2018 09:00:00 AM,327,153,174
06/28/2018 10:00:00 AM,139,69,70
06/28/2018 11:00:00 AM,99,50,49
06/28/2018 12:00:00 PM,78,31,47
06/28/2018 01:00:00 PM,113,47,66
06/28/2018 02:00:00 PM,102,43,59
06/28/2018 03:00:00 PM,149,65,84
06/28/2018 04:00:00 PM,403,102,301
06/28/2018 05:00:00 PM,710,169,541
06/28/2018 06:00:00 PM,502,162,340
06/28/2018 07:00:00 PM,222,67,155
06/28/2018 08:00:00 PM,129,47,82
06/28/2018 09:00:00 PM,75,36,39
06/28/2018 10:00:00 PM,41,18,23
06/28/2018 11:00:00 PM,27,10,17
06/29/2018 12:00:00 AM,9,3,6
06/29/2018 01:00:00 AM,6,2,4
06/29/2018 02:00:00 AM,6,3,3
06/29/2018 03:00:00 AM,4,2,2
06/29/2018 04:00:00 AM,11,6,5
06/29/2018 05:00:00 AM,48,22,26
06/29/2018 06:00:00 AM,121,62,59
06/29/2018 07:00:00 AM,349,173,176
06/29/2018 08:00:00 AM,474,207,267
06/29/2018 09:00:00 AM,269,129,140
06/29/2018 10:00:00 AM,137,52,85
06/29/2018 11:00:00 AM,102,60,42
06/29/2018 12:00:00 PM,111,49,62
06/29/2018 01:00:00 PM,127,48,79
06/29/2018 02:00:00 PM,172,70,102
06/29/2018 03:00:00 PM,191,64,127
06/29/2018 04:00:00 PM,368,97,271
06/29/2018 05:00:00 PM,550,121,429
06/29/2018 06:00:00 PM,296,82,214
06/29/2018 07:00:00 PM,192,54,138
06/29/2018 08:00:00 PM,135,45,90
06/29/2018 09:00:00 PM,565,521,44
06/29/2018 10:00:00 PM,460,32,428
06/29/2018 11:00:00 PM,216,24,192
06/30/2018 12:00:00 AM,45,21,24
06/30/2018 01:00:00 AM,17,10,7
06/30/2018 02:00:00 AM,6,3,3
06/30/2018 03:00:00 AM,6,2,4
06/30/2018 04:00:00 AM,5,2,3
06/30/2018 05:00:00 AM,14,11,3
06/30/2018 06:00:00 AM,25,9,16
06/30/2018 07:00:00 AM,53,26,27
06/30/2018 08:00:00 AM,95,40,55
06/30/2018 09:00:00 AM,143,56,87
06/30/2018 10:00:00 AM,133,48,85
06/30/2018 11:00:00 AM,126,58,68
06/30/2018 12:00:00 PM,177,74,103
06/30/2018 01:00:00 PM,166,97,69
06/30/2018 02:00:00 PM,119,63,56
06/30/2018 03:00:00 PM,98,34,64
06/30/2018 04:00:00 PM,118,48,70
06/30/2018 05:00:00 PM,103,39,64
06/30/2018 06:00:00 PM,88,43,45
06/30/2018 07:00:00 PM,70,31,39
06/30/2018 08:00:00 PM,43,13,30
06/30/2018 09:00:00 PM,34,13,21
06/30/2018 10:00:00 PM,21,10,11
06/30/2018 11:00:00 PM,26,14,12
07/01/2018 12:00:00 AM,13,7,6
07/01/2018 01:00:00 AM,5,2,3
07/01/2018 02:00:00 AM,8,5,3
07/01/2018 03:00:00 AM,6,2,4
07/01/2018 04:00:00 AM,4,0,4
07/01/2018 05:00:00 AM,8,6,2
07/01/2018 06:00:00 AM,18,6,12
07/01/2018 07:00:00 AM,47,25,22
07/01/2018 08:00:00 AM,78,37,41
07/01/2018 09:00:00 AM,84,30,54
07/01/2018 10:00:00 AM,121,54,67
07/01/2018 11:00:00 AM,127,68,59
07/01/2018 12:00:00 PM,126,52,74
07/01/2018 01:00:00 PM,140,58,82
07/01/2018 02:00:00 PM,166,71,95
07/01/2018 03:00:00 PM,177,92,85
07/01/2018 04:00:00 PM,148,65,83
07/01/2018 05:00:00 PM,127,67,60
07/01/2018 06:00:00 PM,122,62,60
07/01/2018 07:00:00 PM,78,30,48
07/01/2018 08:00:00 PM,65,26,39
07/01/2018 09:00:00 PM,42,13,29
07/01/2018 10:00:00 PM,12,3,9
07/01/2018 11:00:00 PM,11,1,10
07/02/2018 12:00:00 AM,8,4,4
07/02/2018 01:00:00 AM,2,1,1
07/02/2018 02:00:00 AM,4,2,2
07/02/2018 03:00:00 AM,1,0,1
07/02/2018 04:00:00 AM,17,7,10
07/02/2018 05:00:00 AM,42,18,24
07/02/2018 06:00:00 AM,150,74,76
07/02/2018 07:00:00 AM,394,185,209
07/02/2018 08:00:00 AM,577,295,282
07/02/2018 09:00:00 AM,314,143,171
07/02/2018 10:00:00 AM,130,58,72
07/02/2018 11:00:00 AM,106,48,58
07/02/2018 12:00:00 PM,93,49,44
07/02/2018 01:00:00 PM,106,42,64
07/02/2018 02:00:00 PM,121,63,58
07/02/2018 03:00:00 PM,178,76,102
07/02/2018 04:00:00 PM,367,99,268
07/02/2018 05:00:00 PM,745,176,569
07/02/2018 06:00:00 PM,471,131,340
07/02/2018 07:00:00 PM,245,82,163
07/02/2018 08:00:00 PM,152,55,97
07/02/2018 09:00:00 PM,75,36,39
07/02/2018 10:00:00 PM,22,15,7
07/02/2018 11:00:00 PM,24,7,17
07/03/2018 12:00:00 AM,12,5,7
07/03/2018 01:00:00 AM,8,7,1
07/03/2018 02:00:00 AM,5,3,2
07/03/2018 03:00:00 AM,7,2,5
07/03/2018 04:00:00 AM,13,7,6
07/03/2018 05:00:00 AM,52,27,25
07/03/2018 06:00:00 AM,177,91,86
07/03/2018 07:00:00 AM,433,209,224
07/03/2018 08:00:00 AM,578,298,280
07/03/2018 09:00:00 AM,361,168,193
07/03/2018 10:00:00 AM,157,76,81
07/03/2018 11:00:00 AM,140,66,74
07/03/2018 12:00:00 PM,113,48,65
07/03/2018 01:00:00 PM,146,52,94
07/03/2018 02:00:00 PM,179,74,105
07/03/2018 03:00:00 PM,263,83,180
07/03/2018 04:00:00 PM,493,137,356
07/03/2018 05:00:00 PM,701,186,515
07/03/2018 06:00:00 PM,444,136,308
07/03/2018 07:00:00 PM,281,109,172
07/03/2018 08:00:00 PM,156,64,92
07/03/2018 09:00:00 PM,117,60,57
07/03/2018 10:00:00 PM,55,19,36
07/03/2018 11:00:00 PM,41,20,21
07/04/2018 12:00:00 AM,29,6,23
07/04/2018 01:00:00 AM,9,4,5
07/04/2018 02:00:00 AM,5,3,2
07/04/2018 03:00:00 AM,4,1,3
07/04/2018 04:00:00 AM,7,4,3
07/04/2018 05:00:00 AM,18,8,10
07/04/2018 06:00:00 AM,35,13,22
07/04/2018 07:00:00 AM,73,32,41
07/04/2018 08:00:00 AM,161,98,63
07/04/2018 09:00:00 AM,130,59,71
07/04/2018 10:00:00 AM,176,91,85
07/04/2018 11:00:00 AM,236,117,119
07/04/2018 12:00:00 PM,248,120,128
07/04/2018 01:00:00 PM,319,146,173
07/04/2018 02:00:00 PM,295,126,169
07/04/2018 03:00:00 PM,284,146,138
07/04/2018 04:00:00 PM,226,91,135
07/04/2018 05:00:00 PM,246,138,108
07/04/2018 06:00:00 PM,265,133,132
07/04/2018 07:00:00 PM,236,104,132
07/04/2018 08:00:00 PM,201,92,109
07/04/2018 09:00:00 PM,183,99,84
07/04/2018 10:00:00 PM,129,58,71
07/04/2018 11:00:00 PM,264,114,150
07/05/2018 12:00:00 AM,53,14,39
07/05/2018 01:00:00 AM,15,6,9
07/05/2018 02:00:00 AM,7,2,5
07/05/2018 03:00:00 AM,6,3,3
07/05/2018 04:00:00 AM,20,11,9
07/05/2018 05:00:00 AM,44,20,24
07/05/2018 06:00:00 AM,124,65,59
07/05/2018 07:00:00 AM,327,153,174
07/05/2018 08:00:00 AM,475,216,259
07/05/2018 09:00:00 AM,302,133,169
07/05/2018 10:00:00 AM,169,77,92
07/05/2018 11:00:00 AM,141,81,60
07/05/2018 12:00:00 PM,123,54,69
07/05/2018 01:00:00 PM,150,72,78
07/05/2018 02:00:00 PM,163,64,99
07/05/2018 03:00:00 PM,196,72,124
07/05/2018 04:00:00 PM,352,88,264
07/05/2018 05:00:00 PM,634,155,479
07/05/2018 06:00:00 PM,448,140,308
07/05/2018 07:00:00 PM,237,94,143
07/05/2018 08:00:00 PM,136,41,95
07/05/2018 09:00:00 PM,82,38,44
07/05/2018 10:00:00 PM,66,27,39
07/05/2018 11:00:00 PM,41,18,23
07/06/2018 12:00:00 AM,4,2,2
07/06/2018 01:00:00 AM,7,1,6
07/06/2018 02:00:00 AM,3,2,1
07/06/2018 03:00:00 AM,2,1,1
07/06/2018 04:00:00 AM,15,7,8
07/06/2018 05:00:00 AM,36,17,19
07/06/2018 06:00:00 AM,121,61,60
07/06/2018 07:00:00 AM,334,166,168
07/06/2018 08:00:00 AM,488,266,222
07/06/2018 09:00:00 AM,304,144,160
07/06/2018 10:00:00 AM,140,67,73
07/06/2018 11:00:00 AM,127,60,67
07/06/2018 12:00:00 PM,126,63,63
07/06/2018 01:00:00 PM,130,51,79
07/06/2018 02:00:00 PM,180,65,115
07/06/2018 03:00:00 PM,236,74,162
07/06/2018 04:00:00 PM,392,131,261
07/06/2018 05:00:00 PM,526,132,394
07/06/2018 06:00:00 PM,374,126,248
07/06/2018 07:00:00 PM,197,75,122
07/06/2018 08:00:00 PM,161,68,93
07/06/2018 09:00:00 PM,88,45,43
07/06/2018 10:00:00 PM,55,27,28
07/06/2018 11:00:00 PM,46,25,21
07/07/2018 12:00:00 AM,23,10,13
07/07/2018 01:00:00 AM,12,4,8
07/07/2018 02:00:00 AM,9,2,7
07/07/2018 03:00:00 AM,4,4,0
07/07/2018 04:00:00 AM,6,1,5
07/07/2018 05:00:00 AM,20,11,9
07/07/2018 06:00:00 AM,24,8,16
07/07/2018 07:00:00 AM,42,17,25
07/07/2018 08:00:00 AM,99,41,58
07/07/2018 09:00:00 AM,128,53,75
07/07/2018 10:00:00 AM,160,77,83
07/07/2018 11:00:00 AM,171,62,109
07/07/2018 12:00:00 PM,187,93,94
07/07/2018 01:00:00 PM,186,98,88
07/07/2018 02:00:00 PM,235,102,133
07/07/2018 03:00:00 PM,193,85,108
07/07/2018 04:00:00 PM,239,117,122
07/07/2018 05:00:00 PM,237,109,128
07/07/2018 06:00:00 PM,225,104,121
07/07/2018 07:00:00 PM,100,37,63
07/07/2018 08:00:00 PM,124,56,68
07/07/2018 09:00:00 PM,107,36,71
07/07/2018 10:00:00 PM,54,19,35
07/07/2018 11:00:00 PM,41,21,20
07/08/2018 12:00:00 AM,24,12,12
07/08/2018 01:00:00 AM,8,2,6
07/08/2018 02:00:00 AM,8,4,4
07/08/2018 03:00:00 AM,2,1,1
07/08/2018 04:00:00 AM,4,1,3
07/08/2018 05:00:00 AM,9,4,5
07/08/2018 06:00:00 AM,23,9,14
07/08/2018 07:00:00 AM,49,18,31
07/08/2018 08:00:00 AM,87,51,36
07/08/2018 09:00:00 AM,157,67,90
07/08/2018 10:00:00 AM,177,77,100
07/08/2018 11:00:00 AM,242,142,100
07/08/2018 12:00:00 PM,246,129,117
07/08/2018 01:00:00 PM,299,155,144
07/08/2018 02:00:00 PM,284,144,140
07/08/2018 03:00:00 PM,257,141,116
07/08/2018 04:00:00 PM,263,120,143
07/08/2018 05:00:00 PM,170,97,73
07/08/2018 06:00:00 PM,155,84,71
07/08/2018 07:00:00 PM,104,54,50
07/08/2018 08:00:00 PM,96,46,50
07/08/2018 09:00:00 PM,54,26,28
07/08/2018 10:00:00 PM,24,10,14
07/08/2018 11:00:00 PM,15,5,10
07/09/2018 12:00:00 AM,11,4,7
07/09/2018 01:00:00 AM,2,2,0
07/09/2018 02:00:00 AM,3,2,1
07/09/2018 03:00:00 AM,2,1,1
07/09/2018 04:00:00 AM,10,4,6
07/09/2018 05:00:00 AM,57,32,25
07/09/2018 06:00:00 AM,193,95,98
07/09/2018 07:00:00 AM,529,248,281
07/09/2018 08:00:00 AM,657,328,329
07/09/2018 09:00:00 AM,346,153,193
07/09/2018 10:00:00 AM,139,66,73
07/09/2018 11:00:00 AM,111,48,63
07/09/2018 12:00:00 PM,129,67,62
07/09/2018 01:00:00 PM,110,53,57
07/09/2018 02:00:00 PM,145,64,81
07/09/2018 03:00:00 PM,166,56,110
07/09/2018 04:00:00 PM,416,114,302
07/09/2018 05:00:00 PM,793,174,619
07/09/2018 06:00:00 PM,509,145,364
07/09/2018 07:00:00 PM,209,68,141
07/09/2018 08:00:00 PM,119,38,81
07/09/2018 09:00:00 PM,69,21,48
07/09/2018 10:00:00 PM,46,23,23
07/09/2018 11:00:00 PM,27,11,16
07/10/2018 12:00:00 AM,13,6,7
07/10/2018 01:00:00 AM,2,1,1
07/10/2018 02:00:00 AM,4,3,1
07/10/2018 03:00:00 AM,3,1,2
07/10/2018 04:00:00 AM,13,7,6
07/10/2018 05:00:00 AM,64,33,31
07/10/2018 06:00:00 AM,205,99,106
07/10/2018 07:00:00 AM,492,242,250
07/10/2018 08:00:00 AM,674,322,352
07/10/2018 09:00:00 AM,360,163,197
07/10/2018 10:00:00 AM,141,56,85
07/10/2018 11:00:00 AM,91,53,38
07/10/2018 12:00:00 PM,99,50,49
07/10/2018 01:00:00 PM,129,69,60
07/10/2018 02:00:00 PM,121,57,64
07/10/2018 03:00:00 PM,185,73,112
07/10/2018 04:00:00 PM,404,112,292
07/10/2018 05:00:00 PM,813,202,611
07/10/2018 06:00:00 PM,560,196,364
07/10/2018 07:00:00 PM,321,126,195
07/10/2018 08:00:00 PM,204,58,146
07/10/2018 09:00:00 PM,131,56,75
07/10/2018 10:00:00 PM,50,21,29
07/10/2018 11:00:00 PM,23,16,7
07/11/2018 12:00:00 AM,8,5,3
07/11/2018 01:00:00 AM,5,3,2
07/11/2018 02:00:00 AM,8,5,3
07/11/2018 03:00:00 AM,5,2,3
07/11/2018 04:00:00 AM,18,7,11
07/11/2018 05:00:00 AM,54,29,25
07/11/2018 06:00:00 AM,182,93,89
07/11/2018 07:00:00 AM,525,247,278
07/11/2018 08:00:00 AM,656,319,337
07/11/2018 09:00:00 AM,386,182,204
07/11/2018 10:00:00 AM,181,93,88
07/11/2018 11:00:00 AM,141,82,59
07/11/2018 12:00:00 PM,111,56,55
07/11/2018 01:00:00 PM,113,60,53
07/11/2018 02:00:00 PM,164,75,89
07/11/2018 03:00:00 PM,201,83,118
07/11/2018 04:00:00 PM,437,113,324
07/11/2018 05:00:00 PM,839,210,629
07/11/2018 06:00:00 PM,591,197,394
07/11/2018 07:00:00 PM,324,106,218
07/11/2018 08:00:00 PM,222,96,126
07/11/2018 09:00:00 PM,131,53,78
07/11/2018 10:00:00 PM,65,22,43
07/11/2018 11:00:00 PM,36,15,21
07/12/2018 12:00:00 AM,11,6,5
07/12/2018 01:00:00 AM,7,2,5
07/12/2018 02:00:00 AM,3,1,2
07/12/2018 03:00:00 AM,4,2,2
07/12/2018 04:00:00 AM,19,7,12
07/12/2018 05:00:00 AM,61,31,30
07/12/2018 06:00:00 AM,192,101,91
07/12/2018 07:00:00 AM,495,245,250
07/12/2018 08:00:00 AM,653,326,327
07/12/2018 09:00:00 AM,412,181,231
07/12/2018 10:00:00 AM,179,76,103
07/12/2018 11:00:00 AM,122,57,65
07/12/2018 12:00:00 PM,108,51,57
07/12/2018 01:00:00 PM,99,52,47
07/12/2018 02:00:00 PM,139,52,87
07/12/2018 03:00:00 PM,212,60,152
07/12/2018 04:00:00 PM,436,125,311
07/12/2018 05:00:00 PM,830,198,632
07/12/2018 06:00:00 PM,534,187,347
07/12/2018 07:00:00 PM,309,103,206
07/12/2018 08:00:00 PM,225,98,127
07/12/2018 09:00:00 PM,153,84,69
07/12/2018 10:00:00 PM,80,33,47
07/12/2018 11:00:00 PM,49,16,33
07/13/2018 12:00:00 AM,16,7,9
07/13/2018 01:00:00 AM,9,4,5
07/13/2018 02:00:00 AM,4,1,3
07/13/2018 03:00:00 AM,6,4,2
07/13/2018 04:00:00 AM,12,5,7
07/13/2018 05:00:00 AM,37,19,18
07/13/2018 06:00:00 AM,154,69,85
07/13/2018 07:00:00 AM,433,207,226
07/13/2018 08:00:00 AM,539,284,255
07/13/2018 09:00:00 AM,322,134,188
07/13/2018 10:00:00 AM,154,70,84
07/13/2018 11:00:00 AM,117,57,60
07/13/2018 12:00:00 PM,110,53,57
07/13/2018 01:00:00 PM,109,48,61
07/13/2018 02:00:00 PM,191,56,135
07/13/2018 03:00:00 PM,241,91,150
07/13/2018 04:00:00 PM,402,126,276
07/13/2018 05:00:00 PM,647,152,495
07/13/2018 06:00:00 PM,401,138,263
07/13/2018 07:00:00 PM,236,82,154
07/13/2018 08:00:00 PM,183,68,115
07/13/2018 09:00:00 PM,87,43,44
07/13/2018 10:00:00 PM,61,30,31
07/13/2018 11:00:00 PM,42,18,24
07/14/2018 12:00:00 AM,25,16,9
07/14/2018 01:00:00 AM,11,3,8
07/14/2018 02:00:00 AM,7,4,3
07/14/2018 03:00:00 AM,15,4,11
07/14/2018 04:00:00 AM,48,11,37
07/14/2018 05:00:00 AM,31,13,18
07/14/2018 06:00:00 AM,63,26,37
07/14/2018 07:00:00 AM,52,29,23
07/14/2018 08:00:00 AM,107,54,53
07/14/2018 09:00:00 AM,130,59,71
07/14/2018 10:00:00 AM,151,80,71
07/14/2018 11:00:00 AM,192,91,101
07/14/2018 12:00:00 PM,202,83,119
07/14/2018 01:00:00 PM,201,98,103
07/14/2018 02:00:00 PM,205,113,92
07/14/2018 03:00:00 PM,224,108,116
07/14/2018 04:00:00 PM,207,92,115
07/14/2018 05:00:00 PM,165,95,70
07/14/2018 06:00:00 PM,164,87,77
07/14/2018 07:00:00 PM,123,61,62
07/14/2018 08:00:00 PM,128,59,69
07/14/2018 09:00:00 PM,91,53,38
07/14/2018 10:00:00 PM,46,30,16
07/14/2018 11:00:00 PM,43,14,29
07/15/2018 12:00:00 AM,29,19,10
07/15/2018 01:00:00 AM,12,3,9
07/15/2018 02:00:00 AM,7,4,3
07/15/2018 03:00:00 AM,6,1,5
07/15/2018 04:00:00 AM,6,3,3
07/15/2018 05:00:00 AM,14,7,7
07/15/2018 06:00:00 AM,33,13,20
07/15/2018 07:00:00 AM,80,34,46
07/15/2018 08:00:00 AM,101,46,55
07/15/2018 09:00:00 AM,106,45,61
07/15/2018 10:00:00 AM,175,97,78
07/15/2018 11:00:00 AM,208,94,114
07/15/2018 12:00:00 PM,190,95,95
07/15/2018 01:00:00 PM,183,88,95
07/15/2018 02:00:00 PM,196,102,94
07/15/2018 03:00:00 PM,182,102,80
07/15/2018 04:00:00 PM,126,66,60
07/15/2018 05:00:00 PM,142,75,67
07/15/2018 06:00:00 PM,105,44,61
07/15/2018 07:00:00 PM,83,37,46
07/15/2018 08:00:00 PM,79,34,45
07/15/2018 09:00:00 PM,68,38,30
07/15/2018 10:00:00 PM,41,28,13
07/15/2018 11:00:00 PM,21,12,9
07/16/2018 12:00:00 AM,6,3,3
07/16/2018 01:00:00 AM,0,0,0
07/16/2018 02:00:00 AM,7,3,4
07/16/2018 03:00:00 AM,5,1,4
07/16/2018 04:00:00 AM,15,6,9
07/16/2018 05:00:00 AM,53,33,20
07/16/2018 06:00:00 AM,180,97,83
07/16/2018 07:00:00 AM,494,246,248
07/16/2018 08:00:00 AM,647,295,352
07/16/2018 09:00:00 AM,342,152,190
07/16/2018 10:00:00 AM,154,67,87
07/16/2018 11:00:00 AM,102,52,50
07/16/2018 12:00:00 PM,115,52,63
07/16/2018 01:00:00 PM,108,45,63
07/16/2018 02:00:00 PM,109,45,64
07/16/2018 03:00:00 PM,201,76,125
07/16/2018 04:00:00 PM,387,102,285
07/16/2018 05:00:00 PM,789,188,601
07/16/2018 06:00:00 PM,542,139,403
07/16/2018 07:00:00 PM,284,112,172
07/16/2018 08:00:00 PM,127,39,88
07/16/2018 09:00:00 PM,120,42,78
07/16/2018 10:00:00 PM,49,25,24
07/16/2018 11:00:00 PM,28,7,21
07/17/2018 12:00:00 AM,14,8,6
07/17/2018 01:00:00 AM,3,2,1
07/17/2018 02:00:00 AM,4,1,3
07/17/2018 03:00:00 AM,1,1,0
07/17/2018 04:00:00 AM,20,7,13
07/17/2018 05:00:00 AM,61,32,29
07/17/2018 06:00:00 AM,239,119,120
07/17/2018 07:00:00 AM,522,261,261
07/17/2018 08:00:00 AM,736,361,375
07/17/2018 09:00:00 AM,401,170,231
07/17/2018 10:00:00 AM,157,75,82
07/17/2018 11:00:00 AM,103,47,56
07/17/2018 12:00:00 PM,120,65,55
07/17/2018 01:00:00 PM,121,42,79
07/17/2018 02:00:00 PM,132,50,82
07/17/2018 03:00:00 PM,195,74,121
07/17/2018 04:00:00 PM,461,113,348
07/17/2018 05:00:00 PM,889,240,649
07/17/2018 06:00:00 PM,527,177,350
07/17/2018 07:00:00 PM,281,104,177
07/17/2018 08:00:00 PM,173,64,109
07/17/2018 09:00:00 PM,113,38,75
07/17/2018 10:00:00 PM,63,25,38
07/17/2018 11:00:00 PM,23,9,14
07/18/2018 12:00:00 AM,8,2,6
07/18/2018 01:00:00 AM,2,0,2
07/18/2018 02:00:00 AM,3,1,2
07/18/2018 03:00:00 AM,2,1,1
07/18/2018 04:00:00 AM,17,10,7
07/18/2018 05:00:00 AM,61,37,24
07/18/2018 06:00:00 AM,197,102,95
07/18/2018 07:00:00 AM,521,257,264
07/18/2018 08:00:00 AM,646,334,312
07/18/2018 09:00:00 AM,391,171,220
07/18/2018 10:00:00 AM,173,70,103
07/18/2018 11:00:00 AM,122,57,65
07/18/2018 12:00:00 PM,118,69,49
07/18/2018 01:00:00 PM,114,41,73
07/18/2018 02:00:00 PM,125,53,72
07/18/2018 03:00:00 PM,207,74,133
07/18/2018 04:00:00 PM,409,122,287
07/18/2018 05:00:00 PM,824,236,588
07/18/2018 06:00:00 PM,567,157,410
07/18/2018 07:00:00 PM,363,137,226
07/18/2018 08:00:00 PM,198,79,119
07/18/2018 09:00:00 PM,134,74,60
07/18/2018 10:00:00 PM,60,26,34
07/18/2018 11:00:00 PM,24,7,17
07/19/2018 12:00:00 AM,14,5,9
07/19/2018 01:00:00 AM,7,4,3
07/19/2018 02:00:00 AM,1,0,1
07/19/2018 03:00:00 AM,6,2,4
07/19/2018 04:00:00 AM,14,5,9
07/19/2018 05:00:00 AM,57,37,20
07/19/2018 06:00:00 AM,169,93,76
07/19/2018 07:00:00 AM,443,208,235
07/19/2018 08:00:00 AM,632,317,315
07/19/2018 09:00:00 AM,336,158,178
07/19/2018 10:00:00 AM,156,72,84
07/19/2018 11:00:00 AM,114,55,59
07/19/2018 12:00:00 PM,90,47,43
07/19/2018 01:00:00 PM,142,60,82
07/19/2018 02:00:00 PM,136,66,70
07/19/2018 03:00:00 PM,181,67,114
07/19/2018 04:00:00 PM,442,128,314
07/19/2018 05:00:00 PM,752,193,559
07/19/2018 06:00:00 PM,475,123,352
07/19/2018 07:00:00 PM,256,93,163
07/19/2018 08:00:00 PM,152,67,85
07/19/2018 09:00:00 PM,93,37,56
07/19/2018 10:00:00 PM,66,32,34
07/19/2018 11:00:00 PM,25,10,15
07/20/2018 12:00:00 AM,24,7,17
07/20/2018 01:00:00 AM,7,4,3
07/20/2018 02:00:00 AM,8,2,6
07/20/2018 03:00:00 AM,4,3,1
07/20/2018 04:00:00 AM,18,11,7
07/20/2018 05:00:00 AM,44,24,20
07/20/2018 06:00:00 AM,145,79,66
07/20/2018 07:00:00 AM,377,169,208
07/20/2018 08:00:00 AM,527,278,249
07/20/2018 09:00:00 AM,278,140,138
07/20/2018 10:00:00 AM,133,61,72
07/20/2018 11:00:00 AM,111,49,62
07/20/2018 12:00:00 PM,106,45,61
07/20/2018 01:00:00 PM,120,58,62
07/20/2018 02:00:00 PM,191,68,123
07/20/2018 03:00:00 PM,271,103,168
07/20/2018 04:00:00 PM,418,127,291
07/20/2018 05:00:00 PM,567,135,432
07/20/2018 06:00:00 PM,391,131,260
07/20/2018 07:00:00 PM,204,73,131
07/20/2018 08:00:00 PM,141,41,100
07/20/2018 09:00:00 PM,73,38,35
07/20/2018 10:00:00 PM,60,26,34
07/20/2018 11:00:00 PM,31,11,20
07/21/2018 12:00:00 AM,27,16,11
07/21/2018 01:00:00 AM,17,7,10
07/21/2018 02:00:00 AM,8,2,6
07/21/2018 03:00:00 AM,7,2,5
07/21/2018 04:00:00 AM,9,2,7
07/21/2018 05:00:00 AM,12,7,5
07/21/2018 06:00:00 AM,30,15,15
07/21/2018 07:00:00 AM,53,20,33
07/21/2018 08:00:00 AM,118,55,63
07/21/2018 09:00:00 AM,173,109,64
07/21/2018 10:00:00 AM,137,67,70
07/21/2018 11:00:00 AM,239,127,112
07/21/2018 12:00:00 PM,231,109,122
07/21/2018 01:00:00 PM,226,110,116
07/21/2018 02:00:00 PM,241,109,132
07/21/2018 03:00:00 PM,246,116,130
07/21/2018 04:00:00 PM,194,81,113
07/21/2018 05:00:00 PM,202,81,121
07/21/2018 06:00:00 PM,168,71,97
07/21/2018 07:00:00 PM,104,60,44
07/21/2018 08:00:00 PM,89,44,45
07/21/2018 09:00:00 PM,69,33,36
07/21/2018 10:00:00 PM,35,19,16
07/21/2018 11:00:00 PM,34,13,21
07/22/2018 12:00:00 AM,20,10,10
07/22/2018 01:00:00 AM,11,6,5
07/22/2018 02:00:00 AM,3,1,2
07/22/2018 03:00:00 AM,4,0,4
07/22/2018 04:00:00 AM,10,4,6
07/22/2018 05:00:00 AM,7,4,3
07/22/2018 06:00:00 AM,29,14,15
07/22/2018 07:00:00 AM,48,26,22
07/22/2018 08:00:00 AM,109,49,60
07/22/2018 09:00:00 AM,124,54,70
07/22/2018 10:00:00 AM,210,113,97
07/22/2018 11:00:00 AM,188,93,95
07/22/2018 12:00:00 PM,229,119,110
07/22/2018 01:00:00 PM,231,112,119
07/22/2018 02:00:00 PM,190,99,91
07/22/2018 03:00:00 PM,164,86,78
07/22/2018 04:00:00 PM,176,77,99
07/22/2018 05:00:00 PM,160,79,81
07/22/2018 06:00:00 PM,121,55,66
07/22/2018 07:00:00 PM,122,59,63
07/22/2018 08:00:00 PM,77,39,38
07/22/2018 09:00:00 PM,60,35,25
07/22/2018 10:00:00 PM,22,11,11
07/22/2018 11:00:00 PM,21,10,11
07/23/2018 12:00:00 AM,5,2,3
07/23/2018 01:00:00 AM,9,1,8
07/23/2018 02:00:00 AM,5,2,3
07/23/2018 03:00:00 AM,4,0,4
07/23/2018 04:00:00 AM,14,3,11
07/23/2018 05:00:00 AM,57,33,24
07/23/2018 06:00:00 AM,172,82,90
07/23/2018 07:00:00 AM,493,236,257
07/23/2018 08:00:00 AM,673,334,339
07/23/2018 09:00:00 AM,348,169,179
07/23/2018 10:00:00 AM,182,89,93
07/23/2018 11:00:00 AM,94,40,54
07/23/2018 12:00:00 PM,121,57,64
07/23/2018 01:00:00 PM,113,48,65
07/23/2018 02:00:00 PM,117,48,69
07/23/2018 03:00:00 PM,190,63,127
07/23/2018 04:00:00 PM,407,120,287
07/23/2018 05:00:00 PM,871,198,673
07/23/2018 06:00:00 PM,505,147,358
07/23/2018 07:00:00 PM,234,86,148
07/23/2018 08:00:00 PM,182,66,116
07/23/2018 09:00:00 PM,83,31,52
07/23/2018 10:00:00 PM,43,20,23
07/23/2018 11:00:00 PM,29,9,20
07/24/2018 12:00:00 AM,6,3,3
07/24/2018 01:00:00 AM,4,3,1
07/24/2018 02:00:00 AM,3,1,2
07/24/2018 03:00:00 AM,4,1,3
07/24/2018 04:00:00 AM,15,4,11
07/24/2018 05:00:00 AM,69,43,26
07/24/2018 06:00:00 AM,208,97,111
07/24/2018 07:00:00 AM,583,293,290
07/24/2018 08:00:00 AM,745,355,390
07/24/2018 09:00:00 AM,382,178,204
07/24/2018 10:00:00 AM,155,70,85
07/24/2018 11:00:00 AM,125,65,60
07/24/2018 12:00:00 PM,112,57,55
07/24/2018 01:00:00 PM,125,67,58
07/24/2018 02:00:00 PM,124,53,71
07/24/2018 03:00:00 PM,219,72,147
07/24/2018 04:00:00 PM,455,124,331
07/24/2018 05:00:00 PM,891,200,691
07/24/2018 06:00:00 PM,543,152,391
07/24/2018 07:00:00 PM,276,106,170
07/24/2018 08:00:00 PM,205,76,129
07/24/2018 09:00:00 PM,97,40,57
07/24/2018 10:00:00 PM,67,26,41
07/24/2018 11:00:00 PM,37,11,26
07/25/2018 12:00:00 AM,17,7,10
07/25/2018 01:00:00 AM,5,2,3
07/25/2018 02:00:00 AM,10,3,7
07/25/2018 03:00:00 AM,5,4,1
07/25/2018 04:00:00 AM,17,5,12
07/25/2018 05:00:00 AM,59,28,31
07/25/2018 06:00:00 AM,197,88,109
07/25/2018 07:00:00 AM,514,249,265
07/25/2018 08:00:00 AM,714,367,347
07/25/2018 09:00:00 AM,363,182,181
07/25/2018 10:00:00 AM,148,65,83
07/25/2018 11:00:00 AM,121,55,66
07/25/2018 12:00:00 PM,107,56,51
07/25/2018 01:00:00 PM,103,43,60
07/25/2018 02:00:00 PM,110,41,69
07/25/2018 03:00:00 PM,212,71,141
07/25/2018 04:00:00 PM,422,114,308
07/25/2018 05:00:00 PM,773,167,606
07/25/2018 06:00:00 PM,557,162,395
07/25/2018 07:00:00 PM,317,116,201
07/25/2018 08:00:00 PM,198,73,125
07/25/2018 09:00:00 PM,110,43,67
07/25/2018 10:00:00 PM,63,28,35
07/25/2018 11:00:00 PM,29,14,15
07/26/2018 12:00:00 AM,7,1,6
07/26/2018 01:00:00 AM,6,5,1
07/26/2018 02:00:00 AM,3,2,1
07/26/2018 03:00:00 AM,3,1,2
07/26/2018 04:00:00 AM,13,5,8
07/26/2018 05:00:00 AM,57,33,24
07/26/2018 06:00:00 AM,197,91,106
07/26/2018 07:00:00 AM,510,253,257
07/26/2018 08:00:00 AM,718,337,381
07/26/2018 09:00:00 AM,360,173,187
07/26/2018 10:00:00 AM,153,84,69
07/26/2018 11:00:00 AM,119,61,58
07/26/2018 12:00:00 PM,126,60,66
07/26/2018 01:00:00 PM,112,53,59
07/26/2018 02:00:00 PM,133,53,80
07/26/2018 03:00:00 PM,196,72,124
07/26/2018 04:00:00 PM,432,110,322
07/26/2018 05:00:00 PM,823,184,639
07/26/2018 06:00:00 PM,479,152,327
07/26/2018 07:00:00 PM,308,94,214
07/26/2018 08:00:00 PM,180,69,111
07/26/2018 09:00:00 PM,85,35,50
07/26/2018 10:00:00 PM,83,35,48
07/26/2018 11:00:00 PM,37,20,17
07/27/2018 12:00:00 AM,11,4,7
07/27/2018 01:00:00 AM,13,5,8
07/27/2018 02:00:00 AM,5,2,3
07/27/2018 03:00:00 AM,6,3,3
07/27/2018 04:00:00 AM,12,4,8
07/27/2018 05:00:00 AM,42,23,19
07/27/2018 06:00:00 AM,155,75,80
07/27/2018 07:00:00 AM,413,207,206
07/27/2018 08:00:00 AM,590,260,330
07/27/2018 09:00:00 AM,325,163,162
07/27/2018 10:00:00 AM,150,69,81
07/27/2018 11:00:00 AM,104,54,50
07/27/2018 12:00:00 PM,115,52,63
07/27/2018 01:00:00 PM,147,66,81
07/27/2018 02:00:00 PM,191,76,115
07/27/2018 03:00:00 PM,257,86,171
07/27/2018 04:00:00 PM,447,138,309
07/27/2018 05:00:00 PM,645,145,500
07/27/2018 06:00:00 PM,372,117,255
07/27/2018 07:00:00 PM,178,66,112
07/27/2018 08:00:00 PM,154,61,93
07/27/2018 09:00:00 PM,86,34,52
07/27/2018 10:00:00 PM,56,29,27
07/27/2018 11:00:00 PM,35,15,20
07/28/2018 12:00:00 AM,21,12,9
07/28/2018 01:00:00 AM,21,4,17
07/28/2018 02:00:00 AM,4,2,2
07/28/2018 03:00:00 AM,8,4,4
07/28/2018 04:00:00 AM,6,2,4
07/28/2018 05:00:00 AM,20,10,10
07/28/2018 06:00:00 AM,41,22,19
07/28/2018 07:00:00 AM,67,36,31
07/28/2018 08:00:00 AM,111,46,65
07/28/2018 09:00:00 AM,151,72,79
07/28/2018 10:00:00 AM,170,89,81
07/28/2018 11:00:00 AM,232,100,132
07/28/2018 12:00:00 PM,229,118,111
07/28/2018 01:00:00 PM,215,106,109
07/28/2018 02:00:00 PM,200,90,110
07/28/2018 03:00:00 PM,170,90,80
07/28/2018 04:00:00 PM,190,86,104
07/28/2018 05:00:00 PM,183,96,87
07/28/2018 06:00:00 PM,134,65,69
07/28/2018 07:00:00 PM,125,64,61
07/28/2018 08:00:00 PM,78,39,39
07/28/2018 09:00:00 PM,74,33,41
07/28/2018 10:00:00 PM,59,28,31
07/28/2018 11:00:00 PM,26,14,12
07/29/2018 12:00:00 AM,27,20,7
07/29/2018 01:00:00 AM,16,11,5
07/29/2018 02:00:00 AM,14,9,5
07/29/2018 03:00:00 AM,8,3,5
07/29/2018 04:00:00 AM,12,6,6
07/29/2018 05:00:00 AM,14,8,6
07/29/2018 06:00:00 AM,21,7,14
07/29/2018 07:00:00 AM,70,38,32
07/29/2018 08:00:00 AM,101,52,49
07/29/2018 09:00:00 AM,134,64,70
07/29/2018 10:00:00 AM,173,84,89
07/29/2018 11:00:00 AM,204,98,106
07/29/2018 12:00:00 PM,199,115,84
07/29/2018 01:00:00 PM,215,103,112
07/29/2018 02:00:00 PM,157,56,101
07/29/2018 03:00:00 PM,165,75,90
07/29/2018 04:00:00 PM,171,59,112
07/29/2018 05:00:00 PM,133,66,67
07/29/2018 06:00:00 PM,140,69,71
07/29/2018 07:00:00 PM,108,45,63
07/29/2018 08:00:00 PM,95,41,54
07/29/2018 09:00:00 PM,48,25,23
07/29/2018 10:00:00 PM,22,11,11
07/29/2018 11:00:00 PM,19,5,14
07/30/2018 12:00:00 AM,5,1,4
07/30/2018 01:00:00 AM,9,5,4
07/30/2018 02:00:00 AM,4,2,2
07/30/2018 03:00:00 AM,3,2,1
07/30/2018 04:00:00 AM,15,5,10
07/30/2018 05:00:00 AM,48,33,15
07/30/2018 06:00:00 AM,172,79,93
07/30/2018 07:00:00 AM,511,257,254
07/30/2018 08:00:00 AM,682,357,325
07/30/2018 09:00:00 AM,375,164,211
07/30/2018 10:00:00 AM,126,53,73
07/30/2018 11:00:00 AM,119,59,60
07/30/2018 12:00:00 PM,103,48,55
07/30/2018 01:00:00 PM,103,49,54
07/30/2018 02:00:00 PM,133,51,82
07/30/2018 03:00:00 PM,191,57,134
07/30/2018 04:00:00 PM,370,98,272
07/30/2018 05:00:00 PM,735,156,579
07/30/2018 06:00:00 PM,519,140,379
07/30/2018 07:00:00 PM,232,70,162
07/30/2018 08:00:00 PM,177,70,107
07/30/2018 09:00:00 PM,86,45,41
07/30/2018 10:00:00 PM,50,20,30
07/30/2018 11:00:00 PM,33,15,18
07/31/2018 12:00:00 AM,8,4,4
07/31/2018 01:00:00 AM,8,3,5
07/31/2018 02:00:00 AM,3,2,1
07/31/2018 03:00:00 AM,6,3,3
07/31/2018 04:00:00 AM,16,7,9
07/31/2018 05:00:00 AM,60,35,25
07/31/2018 06:00:00 AM,200,93,107
07/31/2018 07:00:00 AM,507,254,253
07/31/2018 08:00:00 AM,718,381,337
07/31/2018 09:00:00 AM,343,142,201
07/31/2018 10:00:00 AM,188,74,114
07/31/2018 11:00:00 AM,89,36,53
07/31/2018 12:00:00 PM,85,42,43
07/31/2018 01:00:00 PM,107,50,57
07/31/2018 02:00:00 PM,123,51,72
07/31/2018 03:00:00 PM,192,71,121
07/31/2018 04:00:00 PM,480,135,345
07/31/2018 05:00:00 PM,811,213,598
07/31/2018 06:00:00 PM,509,156,353
07/31/2018 07:00:00 PM,277,100,177
07/31/2018 08:00:00 PM,176,79,97
07/31/2018 09:00:00 PM,111,47,64
07/31/2018 10:00:00 PM,81,39,42
07/31/2018 11:00:00 PM,29,10,19
08/01/2018 12:00:00 AM,13,4,9
08/01/2018 01:00:00 AM,8,2,6
08/01/2018 02:00:00 AM,5,4,1
08/01/2018 03:00:00 AM,7,5,2
08/01/2018 04:00:00 AM,14,9,5
08/01/2018 05:00:00 AM,52,29,23
08/01/2018 06:00:00 AM,198,97,101
08/01/2018 07:00:00 AM,490,250,240
08/01/2018 08:00:00 AM,701,351,350
08/01/2018 09:00:00 AM,322,158,164
08/01/2018 10:00:00 AM,152,52,100
08/01/2018 11:00:00 AM,97,42,55
08/01/2018 12:00:00 PM,85,36,49
08/01/2018 01:00:00 PM,88,44,44
08/01/2018 02:00:00 PM,97,44,53
08/01/2018 03:00:00 PM,202,68,134
08/01/2018 04:00:00 PM,451,122,329
08/01/2018 05:00:00 PM,835,187,648
08/01/2018 06:00:00 PM,551,159,392
08/01/2018 07:00:00 PM,351,119,232
08/01/2018 08:00:00 PM,170,71,99
08/01/2018 09:00:00 PM,99,35,64
08/01/2018 10:00:00 PM,41,15,26
08/01/2018 11:00:00 PM,29,14,15
08/02/2018 12:00:00 AM,10,4,6
08/02/2018 01:00:00 AM,8,3,5
08/02/2018 02:00:00 AM,3,0,3
08/02/2018 03:00:00 AM,3,1,2
08/02/2018 04:00:00 AM,10,4,6
08/02/2018 05:00:00 AM,55,30,25
08/02/2018 06:00:00 AM,159,88,71
08/02/2018 07:00:00 AM,389,202,187
08/02/2018 08:00:00 AM,575,273,302
08/02/2018 09:00:00 AM,331,141,190
08/02/2018 10:00:00 AM,131,45,86
08/02/2018 11:00:00 AM,107,51,56
08/02/2018 12:00:00 PM,76,35,41
08/02/2018 01:00:00 PM,64,31,33
08/02/2018 02:00:00 PM,121,50,71
08/02/2018 03:00:00 PM,154,55,99
08/02/2018 04:00:00 PM,395,105,290
08/02/2018 05:00:00 PM,689,160,529
08/02/2018 06:00:00 PM,440,132,308
08/02/2018 07:00:00 PM,234,83,151
08/02/2018 08:00:00 PM,129,46,83
08/02/2018 09:00:00 PM,95,44,51
08/02/2018 10:00:00 PM,54,21,33
08/02/2018 11:00:00 PM,21,12,9
08/03/2018 12:00:00 AM,9,3,6
08/03/2018 01:00:00 AM,6,3,3
08/03/2018 02:00:00 AM,1,1,0
08/03/2018 03:00:00 AM,9,6,3
08/03/2018 04:00:00 AM,17,9,8
08/03/2018 05:00:00 AM,37,21,16
08/03/2018 06:00:00 AM,116,62,54
08/03/2018 07:00:00 AM,287,142,145
08/03/2018 08:00:00 AM,448,228,220
08/03/2018 09:00:00 AM,246,114,132
08/03/2018 10:00:00 AM,110,41,69
08/03/2018 11:00:00 AM,110,42,68
08/03/2018 12:00:00 PM,117,56,61
08/03/2018 01:00:00 PM,127,68,59
08/03/2018 02:00:00 PM,127,59,68
08/03/2018 03:00:00 PM,193,90,103
08/03/2018 04:00:00 PM,372,86,286
08/03/2018 05:00:00 PM,528,155,373
08/03/2018 06:00:00 PM,314,93,221
08/03/2018 07:00:00 PM,206,64,142
08/03/2018 08:00:00 PM,125,57,68
08/03/2018 09:00:00 PM,75,26,49
08/03/2018 10:00:00 PM,52,27,25
08/03/2018 11:00:00 PM,43,19,24
08/04/2018 12:00:00 AM,18,4,14
08/04/2018 01:00:00 AM,10,6,4
08/04/2018 02:00:00 AM,11,7,4
08/04/2018 03:00:00 AM,3,2,1
08/04/2018 04:00:00 AM,7,2,5
08/04/2018 05:00:00 AM,12,6,6
08/04/2018 06:00:00 AM,40,18,22
08/04/2018 07:00:00 AM,40,11,29
08/04/2018 08:00:00 AM,92,44,48
08/04/2018 09:00:00 AM,97,53,44
08/04/2018 10:00:00 AM,114,56,58
08/04/2018 11:00:00 AM,194,94,100
08/04/2018 12:00:00 PM,220,120,100
08/04/2018 01:00:00 PM,198,98,100
08/04/2018 02:00:00 PM,228,114,114
08/04/2018 03:00:00 PM,263,129,134
08/04/2018 04:00:00 PM,196,103,93
08/04/2018 05:00:00 PM,177,97,80
08/04/2018 06:00:00 PM,139,65,74
08/04/2018 07:00:00 PM,94,53,41
08/04/2018 08:00:00 PM,106,51,55
08/04/2018 09:00:00 PM,64,21,43
08/04/2018 10:00:00 PM,42,23,19
08/04/2018 11:00:00 PM,32,8,24
08/05/2018 12:00:00 AM,33,7,26
08/05/2018 01:00:00 AM,18,6,12
08/05/2018 02:00:00 AM,18,3,15
08/05/2018 03:00:00 AM,8,2,6
08/05/2018 04:00:00 AM,3,1,2
08/05/2018 05:00:00 AM,7,1,6
08/05/2018 06:00:00 AM,28,9,19
08/05/2018 07:00:00 AM,57,23,34
08/05/2018 08:00:00 AM,92,50,42
08/05/2018 09:00:00 AM,113,55,58
08/05/2018 10:00:00 AM,150,70,80
08/05/2018 11:00:00 AM,204,90,114
08/05/2018 12:00:00 PM,201,101,100
08/05/2018 01:00:00 PM,214,106,108
08/05/2018 02:00:00 PM,212,119,93
08/05/2018 03:00:00 PM,182,99,83
08/05/2018 04:00:00 PM,191,86,105
08/05/2018 05:00:00 PM,135,62,73
08/05/2018 06:00:00 PM,115,56,59
08/05/2018 07:00:00 PM,122,56,66
08/05/2018 08:00:00 PM,83,38,45
08/05/2018 09:00:00 PM,39,22,17
08/05/2018 10:00:00 PM,32,15,17
08/05/2018 11:00:00 PM,17,3,14
08/06/2018 12:00:00 AM,6,3,3
08/06/2018 01:00:00 AM,4,2,2
08/06/2018 02:00:00 AM,6,4,2
08/06/2018 03:00:00 AM,2,1,1
08/06/2018 04:00:00 AM,14,6,8
08/06/2018 05:00:00 AM,43,21,22
08/06/2018 06:00:00 AM,187,92,95
08/06/2018 07:00:00 AM,520,247,273
08/06/2018 08:00:00 AM,701,337,364
08/06/2018 09:00:00 AM,339,168,171
08/06/2018 10:00:00 AM,173,74,99
08/06/2018 11:00:00 AM,118,47,71
08/06/2018 12:00:00 PM,108,48,60
08/06/2018 01:00:00 PM,133,65,68
08/06/2018 02:00:00 PM,123,55,68
08/06/2018 03:00:00 PM,187,61,126
08/06/2018 04:00:00 PM,434,106,328
08/06/2018 05:00:00 PM,828,176,652
08/06/2018 06:00:00 PM,519,157,362
08/06/2018 07:00:00 PM,259,97,162
08/06/2018 08:00:00 PM,165,68,97
08/06/2018 09:00:00 PM,88,38,50
08/06/2018 10:00:00 PM,51,25,26
08/06/2018 11:00:00 PM,22,8,14
08/07/2018 12:00:00 AM,11,5,6
08/07/2018 01:00:00 AM,6,0,6
08/07/2018 02:00:00 AM,0,0,0
08/07/2018 03:00:00 AM,6,3,3
08/07/2018 04:00:00 AM,17,8,9
08/07/2018 05:00:00 AM,59,31,28
08/07/2018 06:00:00 AM,198,97,101
08/07/2018 07:00:00 AM,594,317,277
08/07/2018 08:00:00 AM,746,359,387
08/07/2018 09:00:00 AM,381,156,225
08/07/2018 10:00:00 AM,141,68,73
08/07/2018 11:00:00 AM,116,51,65
08/07/2018 12:00:00 PM,121,45,76
08/07/2018 01:00:00 PM,104,46,58
08/07/2018 02:00:00 PM,119,50,69
08/07/2018 03:00:00 PM,200,67,133
08/07/2018 04:00:00 PM,459,120,339
08/07/2018 05:00:00 PM,906,203,703
08/07/2018 06:00:00 PM,548,154,394
08/07/2018 07:00:00 PM,260,100,160
08/07/2018 08:00:00 PM,190,74,116
08/07/2018 09:00:00 PM,110,48,62
08/07/2018 10:00:00 PM,65,18,47
08/07/2018 11:00:00 PM,26,7,19
08/08/2018 12:00:00 AM,17,11,6
08/08/2018 01:00:00 AM,3,1,2
08/08/2018 02:00:00 AM,5,1,4
08/08/2018 03:00:00 AM,5,2,3
08/08/2018 04:00:00 AM,19,11,8
08/08/2018 05:00:00 AM,65,31,34
08/08/2018 06:00:00 AM,179,96,83
08/08/2018 07:00:00 AM,502,255,247
08/08/2018 08:00:00 AM,728,359,369
08/08/2018 09:00:00 AM,357,161,196
08/08/2018 10:00:00 AM,158,80,78
08/08/2018 11:00:00 AM,131,80,51
08/08/2018 12:00:00 PM,133,68,65
08/08/2018 01:00:00 PM,115,48,67
08/08/2018 02:00:00 PM,105,50,55
08/08/2018 03:00:00 PM,180,66,114
08/08/2018 04:00:00 PM,473,129,344
08/08/2018 05:00:00 PM,814,192,622
08/08/2018 06:00:00 PM,518,177,341
08/08/2018 07:00:00 PM,311,127,184
08/08/2018 08:00:00 PM,190,65,125
08/08/2018 09:00:00 PM,102,49,53
08/08/2018 10:00:00 PM,55,16,39
08/08/2018 11:00:00 PM,47,20,27
08/09/2018 12:00:00 AM,24,8,16
08/09/2018 01:00:00 AM,12,3,9
08/09/2018 02:00:00 AM,3,3,0
08/09/2018 03:00:00 AM,4,1,3
08/09/2018 04:00:00 AM,13,6,7
08/09/2018 05:00:00 AM,46,23,23
08/09/2018 06:00:00 AM,174,85,89
08/09/2018 07:00:00 AM,444,216,228
08/09/2018 08:00:00 AM,681,322,359
08/09/2018 09:00:00 AM,332,162,170
08/09/2018 10:00:00 AM,145,61,84
08/09/2018 11:00:00 AM,120,64,56
08/09/2018 12:00:00 PM,113,49,64
08/09/2018 01:00:00 PM,123,53,70
08/09/2018 02:00:00 PM,103,49,54
08/09/2018 03:00:00 PM,173,62,111
08/09/2018 04:00:00 PM,412,135,277
08/09/2018 05:00:00 PM,782,195,587
08/09/2018 06:00:00 PM,488,141,347
08/09/2018 07:00:00 PM,267,95,172
08/09/2018 08:00:00 PM,166,61,105
08/09/2018 09:00:00 PM,105,41,64
08/09/2018 10:00:00 PM,62,27,35
08/09/2018 11:00:00 PM,58,28,30
08/10/2018 12:00:00 AM,17,5,12
08/10/2018 01:00:00 AM,5,1,4
08/10/2018 02:00:00 AM,3,1,2
08/10/2018 03:00:00 AM,4,1,3
08/10/2018 04:00:00 AM,12,3,9
08/10/2018 05:00:00 AM,48,22,26
08/10/2018 06:00:00 AM,133,63,70
08/10/2018 07:00:00 AM,406,200,206
08/10/2018 08:00:00 AM,550,276,274
08/10/2018 09:00:00 AM,303,134,169
08/10/2018 10:00:00 AM,162,67,95
08/10/2018 11:00:00 AM,122,56,66
08/10/2018 12:00:00 PM,97,32,65
08/10/2018 01:00:00 PM,131,56,75
08/10/2018 02:00:00 PM,174,79,95
08/10/2018 03:00:00 PM,232,90,142
08/10/2018 04:00:00 PM,453,139,314
08/10/2018 05:00:00 PM,658,162,496
08/10/2018 06:00:00 PM,411,132,279
08/10/2018 07:00:00 PM,232,89,143
08/10/2018 08:00:00 PM,154,63,91
08/10/2018 09:00:00 PM,100,28,72
08/10/2018 10:00:00 PM,70,21,49
08/10/2018 11:00:00 PM,79,18,61
08/11/2018 12:00:00 AM,44,24,20
08/11/2018 01:00:00 AM,19,4,15
08/11/2018 02:00:00 AM,12,3,9
08/11/2018 03:00:00 AM,10,5,5
08/11/2018 04:00:00 AM,9,7,2
08/11/2018 05:00:00 AM,9,5,4
08/11/2018 06:00:00 AM,35,10,25
08/11/2018 07:00:00 AM,80,28,52
08/11/2018 08:00:00 AM,78,32,46
08/11/2018 09:00:00 AM,100,47,53
08/11/2018 10:00:00 AM,155,53,102
08/11/2018 11:00:00 AM,474,64,410
08/11/2018 12:00:00 PM,496,86,410
08/11/2018 01:00:00 PM,254,71,183
08/11/2018 02:00:00 PM,254,91,163
08/11/2018 03:00:00 PM,237,71,166
08/11/2018 04:00:00 PM,260,106,154
08/11/2018 05:00:00 PM,169,80,89
08/11/2018 06:00:00 PM,127,74,53
08/11/2018 07:00:00 PM,75,34,41
08/11/2018 08:00:00 PM,53,22,31
08/11/2018 09:00:00 PM,38,15,23
08/11/2018 10:00:00 PM,51,23,28
08/11/2018 11:00:00 PM,41,11,30
08/12/2018 12:00:00 AM,19,4,15
08/12/2018 01:00:00 AM,12,6,6
08/12/2018 02:00:00 AM,6,1,5
08/12/2018 03:00:00 AM,7,1,6
08/12/2018 04:00:00 AM,4,2,2
08/12/2018 05:00:00 AM,7,3,4
08/12/2018 06:00:00 AM,23,10,13
08/12/2018 07:00:00 AM,34,17,17
08/12/2018 08:00:00 AM,111,72,39
08/12/2018 09:00:00 AM,101,41,60
08/12/2018 10:00:00 AM,146,74,72
08/12/2018 11:00:00 AM,174,87,87
08/12/2018 12:00:00 PM,209,103,106
08/12/2018 01:00:00 PM,175,84,91
08/12/2018 02:00:00 PM,175,91,84
08/12/2018 03:00:00 PM,179,78,101
08/12/2018 04:00:00 PM,179,75,104
08/12/2018 05:00:00 PM,159,89,70
08/12/2018 06:00:00 PM,114,58,56
08/12/2018 07:00:00 PM,113,43,70
08/12/2018 08:00:00 PM,56,26,30
08/12/2018 09:00:00 PM,56,29,27
08/12/2018 10:00:00 PM,44,17,27
08/12/2018 11:00:00 PM,17,7,10
08/13/2018 12:00:00 AM,15,7,8
08/13/2018 01:00:00 AM,8,8,0
08/13/2018 02:00:00 AM,3,1,2
08/13/2018 03:00:00 AM,2,2,0
08/13/2018 04:00:00 AM,9,3,6
08/13/2018 05:00:00 AM,54,28,26
08/13/2018 06:00:00 AM,171,91,80
08/13/2018 07:00:00 AM,478,214,264
08/13/2018 08:00:00 AM,695,345,350
08/13/2018 09:00:00 AM,344,149,195
08/13/2018 10:00:00 AM,146,62,84
08/13/2018 11:00:00 AM,88,39,49
08/13/2018 12:00:00 PM,115,59,56
08/13/2018 01:00:00 PM,135,52,83
08/13/2018 02:00:00 PM,121,61,60
08/13/2018 03:00:00 PM,209,75,134
08/13/2018 04:00:00 PM,410,105,305
08/13/2018 05:00:00 PM,795,174,621
08/13/2018 06:00:00 PM,544,159,385
08/13/2018 07:00:00 PM,258,82,176
08/13/2018 08:00:00 PM,151,52,99
08/13/2018 09:00:00 PM,62,28,34
08/13/2018 10:00:00 PM,34,15,19
08/13/2018 11:00:00 PM,22,5,17
08/14/2018 12:00:00 AM,23,6,17
08/14/2018 01:00:00 AM,5,3,2
08/14/2018 02:00:00 AM,5,4,1
08/14/2018 03:00:00 AM,6,2,4
08/14/2018 04:00:00 AM,12,7,5
08/14/2018 05:00:00 AM,53,26,27
08/14/2018 06:00:00 AM,188,106,82
08/14/2018 07:00:00 AM,480,225,255
08/14/2018 08:00:00 AM,636,312,324
08/14/2018 09:00:00 AM,340,151,189
08/14/2018 10:00:00 AM,126,58,68
08/14/2018 11:00:00 AM,88,43,45
08/14/2018 12:00:00 PM,95,41,54
08/14/2018 01:00:00 PM,106,42,64
08/14/2018 02:00:00 PM,98,42,56
08/14/2018 03:00:00 PM,161,52,109
08/14/2018 04:00:00 PM,395,110,285
08/14/2018 05:00:00 PM,766,165,601
08/14/2018 06:00:00 PM,439,140,299
08/14/2018 07:00:00 PM,232,89,143
08/14/2018 08:00:00 PM,144,54,90
08/14/2018 09:00:00 PM,76,26,50
08/14/2018 10:00:00 PM,51,19,32
08/14/2018 11:00:00 PM,27,12,15
08/15/2018 12:00:00 AM,12,3,9
08/15/2018 01:00:00 AM,5,2,3
08/15/2018 02:00:00 AM,4,3,1
08/15/2018 03:00:00 AM,1,1,0
08/15/2018 04:00:00 AM,21,10,11
08/15/2018 05:00:00 AM,55,30,25
08/15/2018 06:00:00 AM,174,79,95
08/15/2018 07:00:00 AM,443,210,233
08/15/2018 08:00:00 AM,538,256,282
08/15/2018 09:00:00 AM,303,121,182
08/15/2018 10:00:00 AM,143,73,70
08/15/2018 11:00:00 AM,99,59,40
08/15/2018 12:00:00 PM,85,47,38
08/15/2018 01:00:00 PM,98,45,53
08/15/2018 02:00:00 PM,124,48,76
08/15/2018 03:00:00 PM,173,55,118
08/15/2018 04:00:00 PM,348,102,246
08/15/2018 05:00:00 PM,650,175,475
08/15/2018 06:00:00 PM,395,154,241
08/15/2018 07:00:00 PM,248,89,159
08/15/2018 08:00:00 PM,139,49,90
08/15/2018 09:00:00 PM,74,28,46
08/15/2018 10:00:00 PM,57,23,34
08/15/2018 11:00:00 PM,35,11,24
08/16/2018 12:00:00 AM,12,3,9
08/16/2018 01:00:00 AM,6,6,0
08/16/2018 02:00:00 AM,3,1,2
08/16/2018 03:00:00 AM,5,4,1
08/16/2018 04:00:00 AM,12,6,6
08/16/2018 05:00:00 AM,58,29,29
08/16/2018 06:00:00 AM,135,72,63
08/16/2018 07:00:00 AM,376,186,190
08/16/2018 08:00:00 AM,554,249,305
08/16/2018 09:00:00 AM,269,120,149
08/16/2018 10:00:00 AM,126,56,70
08/16/2018 11:00:00 AM,98,48,50
08/16/2018 12:00:00 PM,91,38,53
08/16/2018 01:00:00 PM,93,41,52
08/16/2018 02:00:00 PM,85,28,57
08/16/2018 03:00:00 PM,186,62,124
08/16/2018 04:00:00 PM,336,85,251
08/16/2018 05:00:00 PM,650,160,490
08/16/2018 06:00:00 PM,484,177,307
08/16/2018 07:00:00 PM,233,85,148
08/16/2018 08:00:00 PM,169,66,103
08/16/2018 09:00:00 PM,86,35,51
08/16/2018 10:00:00 PM,56,16,40
08/16/2018 11:00:00 PM,22,14,8
08/17/2018 12:00:00 AM,13,6,7
08/17/2018 01:00:00 AM,7,4,3
08/17/2018 02:00:00 AM,0,0,0
08/17/2018 03:00:00 AM,6,3,3
08/17/2018 04:00:00 AM,9,4,5
08/17/2018 05:00:00 AM,47,25,22
08/17/2018 06:00:00 AM,161,60,101
08/17/2018 07:00:00 AM,338,148,190
08/17/2018 08:00:00 AM,504,250,254
08/17/2018 09:00:00 AM,277,119,158
08/17/2018 10:00:00 AM,116,53,63
08/17/2018 11:00:00 AM,106,58,48
08/17/2018 12:00:00 PM,123,58,65
08/17/2018 01:00:00 PM,138,68,70
08/17/2018 02:00:00 PM,138,61,77
08/17/2018 03:00:00 PM,192,62,130
08/17/2018 04:00:00 PM,429,136,293
08/17/2018 05:00:00 PM,571,154,417
08/17/2018 06:00:00 PM,342,136,206
08/17/2018 07:00:00 PM,211,88,123
08/17/2018 08:00:00 PM,128,60,68
08/17/2018 09:00:00 PM,105,34,71
08/17/2018 10:00:00 PM,64,27,37
08/17/2018 11:00:00 PM,36,10,26
08/18/2018 12:00:00 AM,11,7,4
08/18/2018 01:00:00 AM,14,4,10
08/18/2018 02:00:00 AM,4,4,0
08/18/2018 03:00:00 AM,4,4,0
08/18/2018 04:00:00 AM,12,4,8
08/18/2018 05:00:00 AM,5,3,2
08/18/2018 06:00:00 AM,24,13,11
08/18/2018 07:00:00 AM,29,15,14
08/18/2018 08:00:00 AM,76,36,40
08/18/2018 09:00:00 AM,120,55,65
08/18/2018 10:00:00 AM,177,92,85
08/18/2018 11:00:00 AM,187,100,87
08/18/2018 12:00:00 PM,182,97,85
08/18/2018 01:00:00 PM,203,94,109
08/18/2018 02:00:00 PM,168,73,95
08/18/2018 03:00:00 PM,156,66,90
08/18/2018 04:00:00 PM,225,98,127
08/18/2018 05:00:00 PM,162,83,79
08/18/2018 06:00:00 PM,191,77,114
08/18/2018 07:00:00 PM,101,42,59
08/18/2018 08:00:00 PM,64,28,36
08/18/2018 09:00:00 PM,50,19,31
08/18/2018 10:00:00 PM,39,19,20
08/18/2018 11:00:00 PM,39,11,28
08/19/2018 12:00:00 AM,20,3,17
08/19/2018 01:00:00 AM,5,2,3
08/19/2018 02:00:00 AM,10,4,6
08/19/2018 03:00:00 AM,4,2,2
08/19/2018 04:00:00 AM,3,0,3
08/19/2018 05:00:00 AM,5,3,2
08/19/2018 06:00:00 AM,14,9,5
08/19/2018 07:00:00 AM,33,20,13
08/19/2018 08:00:00 AM,76,42,34
08/19/2018 09:00:00 AM,102,50,52
08/19/2018 10:00:00 AM,142,64,78
08/19/2018 11:00:00 AM,185,99,86
08/19/2018 12:00:00 PM,189,79,110
08/19/2018 01:00:00 PM,193,83,110
08/19/2018 02:00:00 PM,212,104,108
08/19/2018 03:00:00 PM,184,99,85
08/19/2018 04:00:00 PM,169,82,87
08/19/2018 05:00:00 PM,143,67,76
08/19/2018 06:00:00 PM,75,37,38
08/19/2018 07:00:00 PM,79,43,36
08/19/2018 08:00:00 PM,44,22,22
08/19/2018 09:00:00 PM,19,12,7
08/19/2018 10:00:00 PM,26,12,14
08/19/2018 11:00:00 PM,13,3,10
08/20/2018 12:00:00 AM,2,1,1
08/20/2018 01:00:00 AM,2,0,2
08/20/2018 02:00:00 AM,3,1,2
08/20/2018 03:00:00 AM,5,1,4
08/20/2018 04:00:00 AM,11,7,4
08/20/2018 05:00:00 AM,45,25,20
08/20/2018 06:00:00 AM,113,54,59
08/20/2018 07:00:00 AM,330,161,169
08/20/2018 08:00:00 AM,448,206,242
08/20/2018 09:00:00 AM,221,94,127
08/20/2018 10:00:00 AM,113,39,74
08/20/2018 11:00:00 AM,74,27,47
08/20/2018 12:00:00 PM,68,26,42
08/20/2018 01:00:00 PM,66,37,29
08/20/2018 02:00:00 PM,68,20,48
08/20/2018 03:00:00 PM,119,34,85
08/20/2018 04:00:00 PM,244,72,172
08/20/2018 05:00:00 PM,461,97,364
08/20/2018 06:00:00 PM,286,77,209
08/20/2018 07:00:00 PM,132,41,91
08/20/2018 08:00:00 PM,79,24,55
08/20/2018 09:00:00 PM,49,13,36
08/20/2018 10:00:00 PM,23,6,17
08/20/2018 11:00:00 PM,18,5,13
08/21/2018 12:00:00 AM,5,1,4
08/21/2018 01:00:00 AM,3,0,3
08/21/2018 02:00:00 AM,6,0,6
08/21/2018 03:00:00 AM,4,3,1
08/21/2018 04:00:00 AM,11,6,5
08/21/2018 05:00:00 AM,34,19,15
08/21/2018 06:00:00 AM,111,57,54
08/21/2018 07:00:00 AM,238,111,127
08/21/2018 08:00:00 AM,311,139,172
08/21/2018 09:00:00 AM,158,70,88
08/21/2018 10:00:00 AM,65,20,45
08/21/2018 11:00:00 AM,70,25,45
08/21/2018 12:00:00 PM,62,29,33
08/21/2018 01:00:00 PM,51,29,22
08/21/2018 02:00:00 PM,67,25,42
08/21/2018 03:00:00 PM,94,38,56
08/21/2018 04:00:00 PM,188,57,131
08/21/2018 05:00:00 PM,387,86,301
08/21/2018 06:00:00 PM,210,79,131
08/21/2018 07:00:00 PM,116,34,82
08/21/2018 08:00:00 PM,81,35,46
08/21/2018 09:00:00 PM,41,20,21
08/21/2018 10:00:00 PM,31,10,21
08/21/2018 11:00:00 PM,17,6,11
08/22/2018 12:00:00 AM,4,3,1
08/22/2018 01:00:00 AM,6,3,3
08/22/2018 02:00:00 AM,2,0,2
08/22/2018 03:00:00 AM,8,2,6
08/22/2018 04:00:00 AM,16,9,7
08/22/2018 05:00:00 AM,34,13,21
08/22/2018 06:00:00 AM,89,40,49
08/22/2018 07:00:00 AM,220,97,123
08/22/2018 08:00:00 AM,326,151,175
08/22/2018 09:00:00 AM,156,71,85
08/22/2018 10:00:00 AM,80,36,44
08/22/2018 11:00:00 AM,70,30,40
08/22/2018 12:00:00 PM,51,23,28
08/22/2018 01:00:00 PM,61,21,40
08/22/2018 02:00:00 PM,78,25,53
08/22/2018 03:00:00 PM,79,25,54
08/22/2018 04:00:00 PM,181,46,135
08/22/2018 05:00:00 PM,373,78,295
08/22/2018 06:00:00 PM,234,73,161
08/22/2018 07:00:00 PM,125,38,87
08/22/2018 08:00:00 PM,84,29,55
08/22/2018 09:00:00 PM,42,18,24
08/22/2018 10:00:00 PM,24,10,14
08/22/2018 11:00:00 PM,18,7,11
08/23/2018 12:00:00 AM,5,4,1
08/23/2018 01:00:00 AM,3,0,3
08/23/2018 02:00:00 AM,9,3,6
08/23/2018 03:00:00 AM,7,3,4
08/23/2018 04:00:00 AM,12,10,2
08/23/2018 05:00:00 AM,31,11,20
08/23/2018 06:00:00 AM,97,40,57
08/23/2018 07:00:00 AM,247,115,132
08/23/2018 08:00:00 AM,389,190,199
08/23/2018 09:00:00 AM,211,93,118
08/23/2018 10:00:00 AM,85,33,52
08/23/2018 11:00:00 AM,79,46,33
08/23/2018 12:00:00 PM,61,30,31
08/23/2018 01:00:00 PM,92,41,51
08/23/2018 02:00:00 PM,98,36,62
08/23/2018 03:00:00 PM,124,53,71
08/23/2018 04:00:00 PM,274,85,189
08/23/2018 05:00:00 PM,524,129,395
08/23/2018 06:00:00 PM,351,108,243
08/23/2018 07:00:00 PM,229,90,139
08/23/2018 08:00:00 PM,142,57,85
08/23/2018 09:00:00 PM,67,35,32
08/23/2018 10:00:00 PM,50,14,36
08/23/2018 11:00:00 PM,14,8,6
08/24/2018 12:00:00 AM,13,2,11
08/24/2018 01:00:00 AM,4,1,3
08/24/2018 02:00:00 AM,2,1,1
08/24/2018 03:00:00 AM,8,1,7
08/24/2018 04:00:00 AM,10,7,3
08/24/2018 05:00:00 AM,29,13,16
08/24/2018 06:00:00 AM,118,55,63
08/24/2018 07:00:00 AM,334,176,158
08/24/2018 08:00:00 AM,465,207,258
08/24/2018 09:00:00 AM,268,117,151
08/24/2018 10:00:00 AM,130,67,63
08/24/2018 11:00:00 AM,95,47,48
08/24/2018 12:00:00 PM,89,43,46
08/24/2018 01:00:00 PM,95,52,43
08/24/2018 02:00:00 PM,134,55,79
08/24/2018 03:00:00 PM,209,76,133
08/24/2018 04:00:00 PM,360,92,268
08/24/2018 05:00:00 PM,536,147,389
08/24/2018 06:00:00 PM,284,99,185
08/24/2018 07:00:00 PM,150,59,91
08/24/2018 08:00:00 PM,102,34,68
08/24/2018 09:00:00 PM,67,27,40
08/24/2018 10:00:00 PM,39,15,24
08/24/2018 11:00:00 PM,19,4,15
08/25/2018 12:00:00 AM,19,6,13
08/25/2018 01:00:00 AM,19,7,12
08/25/2018 02:00:00 AM,5,2,3
08/25/2018 03:00:00 AM,3,1,2
08/25/2018 04:00:00 AM,6,2,4
08/25/2018 05:00:00 AM,5,2,3
08/25/2018 06:00:00 AM,16,3,13
08/25/2018 07:00:00 AM,35,17,18
08/25/2018 08:00:00 AM,50,19,31
08/25/2018 09:00:00 AM,99,50,49
08/25/2018 10:00:00 AM,92,49,43
08/25/2018 11:00:00 AM,78,41,37
08/25/2018 12:00:00 PM,105,55,50
08/25/2018 01:00:00 PM,130,49,81
08/25/2018 02:00:00 PM,107,41,66
08/25/2018 03:00:00 PM,104,51,53
08/25/2018 04:00:00 PM,123,55,68
08/25/2018 05:00:00 PM,101,47,54
08/25/2018 06:00:00 PM,72,27,45
08/25/2018 07:00:00 PM,55,26,29
08/25/2018 08:00:00 PM,35,20,15
08/25/2018 09:00:00 PM,29,13,16
08/25/2018 10:00:00 PM,21,4,17
08/25/2018 11:00:00 PM,23,10,13
08/26/2018 12:00:00 AM,11,3,8
08/26/2018 01:00:00 AM,10,4,6
08/26/2018 02:00:00 AM,4,2,2
08/26/2018 03:00:00 AM,7,5,2
08/26/2018 04:00:00 AM,4,1,3
08/26/2018 05:00:00 AM,5,1,4
08/26/2018 06:00:00 AM,8,4,4
08/26/2018 07:00:00 AM,28,15,13
08/26/2018 08:00:00 AM,51,23,28
08/26/2018 09:00:00 AM,68,42,26
08/26/2018 10:00:00 AM,109,61,48
08/26/2018 11:00:00 AM,168,84,84
08/26/2018 12:00:00 PM,125,59,66
08/26/2018 01:00:00 PM,143,74,69
08/26/2018 02:00:00 PM,143,91,52
08/26/2018 03:00:00 PM,147,78,69
08/26/2018 04:00:00 PM,117,61,56
08/26/2018 05:00:00 PM,112,57,55
08/26/2018 06:00:00 PM,73,31,42
08/26/2018 07:00:00 PM,39,19,20
08/26/2018 08:00:00 PM,31,10,21
08/26/2018 09:00:00 PM,7,2,5
08/26/2018 10:00:00 PM,9,6,3
08/26/2018 11:00:00 PM,9,2,7
08/27/2018 12:00:00 AM,7,2,5
08/27/2018 01:00:00 AM,2,1,1
08/27/2018 02:00:00 AM,0,0,0
08/27/2018 03:00:00 AM,3,1,2
08/27/2018 04:00:00 AM,13,5,8
08/27/2018 05:00:00 AM,48,21,27
08/27/2018 06:00:00 AM,136,58,78
08/27/2018 07:00:00 AM,409,202,207
08/27/2018 08:00:00 AM,569,277,292
08/27/2018 09:00:00 AM,290,131,159
08/27/2018 10:00:00 AM,115,52,63
08/27/2018 11:00:00 AM,82,43,39
08/27/2018 12:00:00 PM,93,35,58
08/27/2018 01:00:00 PM,104,47,57
08/27/2018 02:00:00 PM,125,53,72
08/27/2018 03:00:00 PM,196,73,123
08/27/2018 04:00:00 PM,369,100,269
08/27/2018 05:00:00 PM,685,180,505
08/27/2018 06:00:00 PM,479,135,344
08/27/2018 07:00:00 PM,257,100,157
08/27/2018 08:00:00 PM,112,50,62
08/27/2018 09:00:00 PM,50,16,34
08/27/2018 10:00:00 PM,37,14,23
08/27/2018 11:00:00 PM,22,4,18
08/28/2018 12:00:00 AM,5,1,4
08/28/2018 01:00:00 AM,2,1,1
08/28/2018 02:00:00 AM,4,3,1
08/28/2018 03:00:00 AM,6,3,3
08/28/2018 04:00:00 AM,13,6,7
08/28/2018 05:00:00 AM,58,30,28
08/28/2018 06:00:00 AM,176,75,101
08/28/2018 07:00:00 AM,526,276,250
08/28/2018 08:00:00 AM,690,305,385
08/28/2018 09:00:00 AM,317,139,178
08/28/2018 10:00:00 AM,160,83,77
08/28/2018 11:00:00 AM,96,45,51
08/28/2018 12:00:00 PM,129,62,67
08/28/2018 01:00:00 PM,103,47,56
08/28/2018 02:00:00 PM,132,62,70
08/28/2018 03:00:00 PM,191,88,103
08/28/2018 04:00:00 PM,456,139,317
08/28/2018 05:00:00 PM,855,225,630
08/28/2018 06:00:00 PM,540,189,351
08/28/2018 07:00:00 PM,272,77,195
08/28/2018 08:00:00 PM,162,67,95
08/28/2018 09:00:00 PM,84,33,51
08/28/2018 10:00:00 PM,45,16,29
08/28/2018 11:00:00 PM,22,13,9
08/29/2018 12:00:00 AM,14,6,8
08/29/2018 01:00:00 AM,4,3,1
08/29/2018 02:00:00 AM,2,0,2
08/29/2018 03:00:00 AM,3,3,0
08/29/2018 04:00:00 AM,18,7,11
08/29/2018 05:00:00 AM,48,25,23
08/29/2018 06:00:00 AM,192,85,107
08/29/2018 07:00:00 AM,489,258,231
08/29/2018 08:00:00 AM,596,283,313
08/29/2018 09:00:00 AM,290,137,153
08/29/2018 10:00:00 AM,128,51,77
08/29/2018 11:00:00 AM,100,49,51
08/29/2018 12:00:00 PM,105,53,52
08/29/2018 01:00:00 PM,115,57,58
08/29/2018 02:00:00 PM,109,49,60
08/29/2018 03:00:00 PM,190,67,123
08/29/2018 04:00:00 PM,399,119,280
08/29/2018 05:00:00 PM,726,185,541
08/29/2018 06:00:00 PM,444,132,312
08/29/2018 07:00:00 PM,284,102,182
08/29/2018 08:00:00 PM,118,46,72
08/29/2018 09:00:00 PM,56,24,32
08/29/2018 10:00:00 PM,32,13,19
08/29/2018 11:00:00 PM,23,7,16
08/30/2018 12:00:00 AM,6,0,6
08/30/2018 01:00:00 AM,3,1,2
08/30/2018 02:00:00 AM,6,2,4
08/30/2018 03:00:00 AM,3,1,2
08/30/2018 04:00:00 AM,9,5,4
08/30/2018 05:00:00 AM,44,21,23
08/30/2018 06:00:00 AM,143,61,82
08/30/2018 07:00:00 AM,366,180,186
08/30/2018 08:00:00 AM,493,226,267
08/30/2018 09:00:00 AM,270,128,142
08/30/2018 10:00:00 AM,136,64,72
08/30/2018 11:00:00 AM,88,47,41
08/30/2018 12:00:00 PM,68,32,36
08/30/2018 01:00:00 PM,88,45,43
08/30/2018 02:00:00 PM,95,37,58
08/30/2018 03:00:00 PM,147,48,99
08/30/2018 04:00:00 PM,339,105,234
08/30/2018 05:00:00 PM,569,139,430
08/30/2018 06:00:00 PM,373,101,272
08/30/2018 07:00:00 PM,192,54,138
08/30/2018 08:00:00 PM,120,49,71
08/30/2018 09:00:00 PM,58,20,38
08/30/2018 10:00:00 PM,40,18,22
08/30/2018 11:00:00 PM,20,5,15
08/31/2018 12:00:00 AM,15,3,12
08/31/2018 01:00:00 AM,6,2,4
08/31/2018 02:00:00 AM,3,0,3
08/31/2018 03:00:00 AM,2,1,1
08/31/2018 04:00:00 AM,9,3,6
08/31/2018 05:00:00 AM,25,11,14
08/31/2018 06:00:00 AM,99,47,52
08/31/2018 07:00:00 AM,237,116,121
08/31/2018 08:00:00 AM,364,164,200
08/31/2018 09:00:00 AM,229,108,121
08/31/2018 10:00:00 AM,108,44,64
08/31/2018 11:00:00 AM,123,56,67
08/31/2018 12:00:00 PM,125,53,72
08/31/2018 01:00:00 PM,128,51,77
08/31/2018 02:00:00 PM,157,52,105
08/31/2018 03:00:00 PM,238,79,159
08/31/2018 04:00:00 PM,346,100,246
08/31/2018 05:00:00 PM,453,123,330
08/31/2018 06:00:00 PM,286,84,202
08/31/2018 07:00:00 PM,128,50,78
08/31/2018 08:00:00 PM,81,21,60
08/31/2018 09:00:00 PM,35,11,24
08/31/2018 10:00:00 PM,31,9,22
08/31/2018 11:00:00 PM,23,6,17
09/01/2018 12:00:00 AM,14,8,6
09/01/2018 01:00:00 AM,10,1,9
09/01/2018 02:00:00 AM,9,4,5
09/01/2018 03:00:00 AM,4,1,3
09/01/2018 04:00:00 AM,6,2,4
09/01/2018 05:00:00 AM,2,0,2
09/01/2018 06:00:00 AM,15,4,11
09/01/2018 07:00:00 AM,53,20,33
09/01/2018 08:00:00 AM,84,43,41
09/01/2018 09:00:00 AM,94,35,59
09/01/2018 10:00:00 AM,100,58,42
09/01/2018 11:00:00 AM,161,83,78
09/01/2018 12:00:00 PM,132,78,54
09/01/2018 01:00:00 PM,153,79,74
09/01/2018 02:00:00 PM,142,79,63
09/01/2018 03:00:00 PM,140,52,88
09/01/2018 04:00:00 PM,218,113,105
09/01/2018 05:00:00 PM,151,97,54
09/01/2018 06:00:00 PM,113,58,55
09/01/2018 07:00:00 PM,64,31,33
09/01/2018 08:00:00 PM,56,30,26
09/01/2018 09:00:00 PM,23,9,14
09/01/2018 10:00:00 PM,28,10,18
09/01/2018 11:00:00 PM,23,7,16
09/02/2018 12:00:00 AM,19,3,16
09/02/2018 01:00:00 AM,10,6,4
09/02/2018 02:00:00 AM,3,2,1
09/02/2018 03:00:00 AM,3,2,1
09/02/2018 04:00:00 AM,3,1,2
09/02/2018 05:00:00 AM,9,3,6
09/02/2018 06:00:00 AM,12,3,9
09/02/2018 07:00:00 AM,37,22,15
09/02/2018 08:00:00 AM,71,30,41
09/02/2018 09:00:00 AM,107,49,58
09/02/2018 10:00:00 AM,136,69,67
09/02/2018 11:00:00 AM,212,103,109
09/02/2018 12:00:00 PM,181,98,83
09/02/2018 01:00:00 PM,180,82,98
09/02/2018 02:00:00 PM,228,115,113
09/02/2018 03:00:00 PM,225,132,93
09/02/2018 04:00:00 PM,191,99,92
09/02/2018 05:00:00 PM,153,71,82
09/02/2018 06:00:00 PM,137,58,79
09/02/2018 07:00:00 PM,74,33,41
09/02/2018 08:00:00 PM,62,30,32
09/02/2018 09:00:00 PM,41,20,21
09/02/2018 10:00:00 PM,22,5,17
09/02/2018 11:00:00 PM,22,8,14
09/03/2018 12:00:00 AM,10,2,8
09/03/2018 01:00:00 AM,3,1,2
09/03/2018 02:00:00 AM,2,2,0
09/03/2018 03:00:00 AM,2,0,2
09/03/2018 04:00:00 AM,4,0,4
09/03/2018 05:00:00 AM,8,5,3
09/03/2018 06:00:00 AM,29,9,20
09/03/2018 07:00:00 AM,28,12,16
09/03/2018 08:00:00 AM,69,29,40
09/03/2018 09:00:00 AM,121,61,60
09/03/2018 10:00:00 AM,128,68,60
09/03/2018 11:00:00 AM,178,101,77
09/03/2018 12:00:00 PM,174,63,111
09/03/2018 01:00:00 PM,229,108,121
09/03/2018 02:00:00 PM,226,113,113
09/03/2018 03:00:00 PM,209,101,108
09/03/2018 04:00:00 PM,242,126,116
09/03/2018 05:00:00 PM,177,90,87
09/03/2018 06:00:00 PM,153,57,96
09/03/2018 07:00:00 PM,118,60,58
09/03/2018 08:00:00 PM,54,23,31
09/03/2018 09:00:00 PM,27,12,15
09/03/2018 10:00:00 PM,15,9,6
09/03/2018 11:00:00 PM,19,7,12
09/04/2018 12:00:00 AM,4,1,3
09/04/2018 01:00:00 AM,5,1,4
09/04/2018 02:00:00 AM,1,1,0
09/04/2018 03:00:00 AM,1,1,0
09/04/2018 04:00:00 AM,14,5,9
09/04/2018 05:00:00 AM,39,22,17
09/04/2018 06:00:00 AM,181,72,109
09/04/2018 07:00:00 AM,466,222,244
09/04/2018 08:00:00 AM,600,253,347
09/04/2018 09:00:00 AM,275,94,181
09/04/2018 10:00:00 AM,124,49,75
09/04/2018 11:00:00 AM,106,49,57
09/04/2018 12:00:00 PM,103,41,62
09/04/2018 01:00:00 PM,93,39,54
09/04/2018 02:00:00 PM,109,42,67
09/04/2018 03:00:00 PM,155,51,104
09/04/2018 04:00:00 PM,377,102,275
09/04/2018 05:00:00 PM,730,145,585
09/04/2018 06:00:00 PM,480,125,355
09/04/2018 07:00:00 PM,243,75,168
09/04/2018 08:00:00 PM,103,44,59
09/04/2018 09:00:00 PM,62,25,37
09/04/2018 10:00:00 PM,37,13,24
09/04/2018 11:00:00 PM,14,4,10
09/05/2018 12:00:00 AM,5,1,4
09/05/2018 01:00:00 AM,3,2,1
09/05/2018 02:00:00 AM,5,2,3
09/05/2018 03:00:00 AM,2,1,1
09/05/2018 04:00:00 AM,20,9,11
09/05/2018 05:00:00 AM,48,27,21
09/05/2018 06:00:00 AM,192,100,92
09/05/2018 07:00:00 AM,498,239,259
09/05/2018 08:00:00 AM,748,370,378
09/05/2018 09:00:00 AM,318,142,176
09/05/2018 10:00:00 AM,136,57,79
09/05/2018 11:00:00 AM,110,57,53
09/05/2018 12:00:00 PM,86,35,51
09/05/2018 01:00:00 PM,101,39,62
09/05/2018 02:00:00 PM,139,54,85
09/05/2018 03:00:00 PM,181,70,111
09/05/2018 04:00:00 PM,424,122,302
09/05/2018 05:00:00 PM,792,179,613
09/05/2018 06:00:00 PM,537,168,369
09/05/2018 07:00:00 PM,269,103,166
09/05/2018 08:00:00 PM,125,47,78
09/05/2018 09:00:00 PM,52,21,31
09/05/2018 10:00:00 PM,39,20,19
09/05/2018 11:00:00 PM,20,4,16
09/06/2018 12:00:00 AM,6,2,4
09/06/2018 01:00:00 AM,3,1,2
09/06/2018 02:00:00 AM,1,1,0
09/06/2018 03:00:00 AM,2,1,1
09/06/2018 04:00:00 AM,18,7,11
09/06/2018 05:00:00 AM,47,26,21
09/06/2018 06:00:00 AM,187,105,82
09/06/2018 07:00:00 AM,512,256,256
09/06/2018 08:00:00 AM,721,342,379
09/06/2018 09:00:00 AM,332,134,198
09/06/2018 10:00:00 AM,145,65,80
09/06/2018 11:00:00 AM,119,59,60
09/06/2018 12:00:00 PM,94,38,56
09/06/2018 01:00:00 PM,108,52,56
09/06/2018 02:00:00 PM,138,63,75
09/06/2018 03:00:00 PM,193,69,124
09/06/2018 04:00:00 PM,418,113,305
09/06/2018 05:00:00 PM,773,220,553
09/06/2018 06:00:00 PM,487,139,348
09/06/2018 07:00:00 PM,266,76,190
09/06/2018 08:00:00 PM,138,49,89
09/06/2018 09:00:00 PM,80,23,57
09/06/2018 10:00:00 PM,58,25,33
09/06/2018 11:00:00 PM,36,5,31
09/07/2018 12:00:00 AM,15,6,9
09/07/2018 01:00:00 AM,3,3,0
09/07/2018 02:00:00 AM,1,0,1
09/07/2018 03:00:00 AM,4,1,3
09/07/2018 04:00:00 AM,11,4,7
09/07/2018 05:00:00 AM,29,15,14
09/07/2018 06:00:00 AM,149,75,74
09/07/2018 07:00:00 AM,392,203,189
09/07/2018 08:00:00 AM,578,292,286
09/07/2018 09:00:00 AM,284,124,160
09/07/2018 10:00:00 AM,119,62,57
09/07/2018 11:00:00 AM,115,49,66
09/07/2018 12:00:00 PM,94,43,51
09/07/2018 01:00:00 PM,107,48,59
09/07/2018 02:00:00 PM,141,54,87
09/07/2018 03:00:00 PM,219,77,142
09/07/2018 04:00:00 PM,392,115,277
09/07/2018 05:00:00 PM,605,145,460
09/07/2018 06:00:00 PM,345,108,237
09/07/2018 07:00:00 PM,123,37,86
09/07/2018 08:00:00 PM,71,20,51
09/07/2018 09:00:00 PM,51,29,22
09/07/2018 10:00:00 PM,37,19,18
09/07/2018 11:00:00 PM,27,11,16
09/08/2018 12:00:00 AM,7,0,7
09/08/2018 01:00:00 AM,3,2,1
09/08/2018 02:00:00 AM,5,1,4
09/08/2018 03:00:00 AM,1,1,0
09/08/2018 04:00:00 AM,3,0,3
09/08/2018 05:00:00 AM,5,2,3
09/08/2018 06:00:00 AM,27,18,9
09/08/2018 07:00:00 AM,31,14,17
09/08/2018 08:00:00 AM,60,31,29
09/08/2018 09:00:00 AM,75,32,43
09/08/2018 10:00:00 AM,97,43,54
09/08/2018 11:00:00 AM,157,68,89
09/08/2018 12:00:00 PM,152,64,88
09/08/2018 01:00:00 PM,156,66,90
09/08/2018 02:00:00 PM,153,68,85
09/08/2018 03:00:00 PM,159,72,87
09/08/2018 04:00:00 PM,163,78,85
09/08/2018 05:00:00 PM,194,107,87
09/08/2018 06:00:00 PM,102,52,50
09/08/2018 07:00:00 PM,57,28,29
09/08/2018 08:00:00 PM,48,18,30
09/08/2018 09:00:00 PM,33,11,22
09/08/2018 10:00:00 PM,32,11,21
09/08/2018 11:00:00 PM,30,12,18
09/09/2018 12:00:00 AM,12,5,7
09/09/2018 01:00:00 AM,10,8,2
09/09/2018 02:00:00 AM,4,2,2
09/09/2018 03:00:00 AM,3,1,2
09/09/2018 04:00:00 AM,5,2,3
09/09/2018 05:00:00 AM,3,1,2
09/09/2018 06:00:00 AM,24,11,13
09/09/2018 07:00:00 AM,39,18,21
09/09/2018 08:00:00 AM,69,46,23
09/09/2018 09:00:00 AM,97,46,51
09/09/2018 10:00:00 AM,119,59,60
09/09/2018 11:00:00 AM,172,84,88
09/09/2018 12:00:00 PM,176,81,95
09/09/2018 01:00:00 PM,183,79,104
09/09/2018 02:00:00 PM,152,68,84
09/09/2018 03:00:00 PM,177,77,100
09/09/2018 04:00:00 PM,154,62,92
09/09/2018 05:00:00 PM,155,62,93
09/09/2018 06:00:00 PM,88,42,46
09/09/2018 07:00:00 PM,52,26,26
09/09/2018 08:00:00 PM,28,13,15
09/09/2018 09:00:00 PM,9,2,7
09/09/2018 10:00:00 PM,14,5,9
09/09/2018 11:00:00 PM,6,1,5
09/10/2018 12:00:00 AM,4,0,4
09/10/2018 01:00:00 AM,0,0,0
09/10/2018 02:00:00 AM,0,0,0
09/10/2018 03:00:00 AM,1,0,1
09/10/2018 04:00:00 AM,13,9,4
09/10/2018 05:00:00 AM,40,21,19
09/10/2018 06:00:00 AM,152,75,77
09/10/2018 07:00:00 AM,379,201,178
09/10/2018 08:00:00 AM,582,277,305
09/10/2018 09:00:00 AM,268,113,155
09/10/2018 10:00:00 AM,108,58,50
09/10/2018 11:00:00 AM,66,27,39
09/10/2018 12:00:00 PM,79,37,42
09/10/2018 01:00:00 PM,79,37,42
09/10/2018 02:00:00 PM,77,27,50
09/10/2018 03:00:00 PM,134,50,84
09/10/2018 04:00:00 PM,315,84,231
09/10/2018 05:00:00 PM,605,137,468
09/10/2018 06:00:00 PM,451,133,318
09/10/2018 07:00:00 PM,171,59,112
09/10/2018 08:00:00 PM,76,27,49
09/10/2018 09:00:00 PM,55,20,35
09/10/2018 10:00:00 PM,17,4,13
09/10/2018 11:00:00 PM,18,0,18
09/11/2018 12:00:00 AM,11,3,8
09/11/2018 01:00:00 AM,3,1,2
09/11/2018 02:00:00 AM,4,3,1
09/11/2018 03:00:00 AM,3,1,2
09/11/2018 04:00:00 AM,7,3,4
09/11/2018 05:00:00 AM,39,22,17
09/11/2018 06:00:00 AM,155,78,77
09/11/2018 07:00:00 AM,400,208,192
09/11/2018 08:00:00 AM,580,293,287
09/11/2018 09:00:00 AM,279,134,145
09/11/2018 10:00:00 AM,99,51,48
09/11/2018 11:00:00 AM,65,32,33
09/11/2018 12:00:00 PM,76,34,42
09/11/2018 01:00:00 PM,90,44,46
09/11/2018 02:00:00 PM,79,36,43
09/11/2018 03:00:00 PM,141,47,94
09/11/2018 04:00:00 PM,317,79,238
09/11/2018 05:00:00 PM,655,171,484
09/11/2018 06:00:00 PM,417,125,292
09/11/2018 07:00:00 PM,228,72,156
09/11/2018 08:00:00 PM,92,38,54
09/11/2018 09:00:00 PM,45,13,32
09/11/2018 10:00:00 PM,36,14,22
09/11/2018 11:00:00 PM,20,13,7
09/12/2018 12:00:00 AM,7,4,3
09/12/2018 01:00:00 AM,2,0,2
09/12/2018 02:00:00 AM,3,2,1
09/12/2018 03:00:00 AM,2,1,1
09/12/2018 04:00:00 AM,10,6,4
09/12/2018 05:00:00 AM,46,27,19
09/12/2018 06:00:00 AM,148,73,75
09/12/2018 07:00:00 AM,391,220,171
09/12/2018 08:00:00 AM,612,271,341
09/12/2018 09:00:00 AM,288,127,161
09/12/2018 10:00:00 AM,109,46,63
09/12/2018 11:00:00 AM,72,28,44
09/12/2018 12:00:00 PM,76,32,44
09/12/2018 01:00:00 PM,86,36,50
09/12/2018 02:00:00 PM,88,37,51
09/12/2018 03:00:00 PM,149,49,100
09/12/2018 04:00:00 PM,343,99,244
09/12/2018 05:00:00 PM,608,149,459
09/12/2018 06:00:00 PM,419,118,301
09/12/2018 07:00:00 PM,188,56,132
09/12/2018 08:00:00 PM,96,36,60
09/12/2018 09:00:00 PM,54,26,28
09/12/2018 10:00:00 PM,32,12,20
09/12/2018 11:00:00 PM,27,8,19
09/13/2018 12:00:00 AM,8,3,5
09/13/2018 01:00:00 AM,5,3,2
09/13/2018 02:00:00 AM,3,2,1
09/13/2018 03:00:00 AM,6,1,5
09/13/2018 04:00:00 AM,7,4,3
09/13/2018 05:00:00 AM,35,20,15
09/13/2018 06:00:00 AM,135,71,64
09/13/2018 07:00:00 AM,368,186,182
09/13/2018 08:00:00 AM,552,265,287
09/13/2018 09:00:00 AM,277,108,169
09/13/2018 10:00:00 AM,126,53,73
09/13/2018 11:00:00 AM,102,46,56
09/13/2018 12:00:00 PM,75,39,36
09/13/2018 01:00:00 PM,96,44,52
09/13/2018 02:00:00 PM,102,39,63
09/13/2018 03:00:00 PM,156,58,98
09/13/2018 04:00:00 PM,355,113,242
09/13/2018 05:00:00 PM,585,147,438
09/13/2018 06:00:00 PM,413,115,298
09/13/2018 07:00:00 PM,173,60,113
09/13/2018 08:00:00 PM,102,50,52
09/13/2018 09:00:00 PM,58,23,35
09/13/2018 10:00:00 PM,26,8,18
09/13/2018 11:00:00 PM,21,5,16
09/14/2018 12:00:00 AM,13,5,8
09/14/2018 01:00:00 AM,2,1,1
09/14/2018 02:00:00 AM,3,3,0
09/14/2018 03:00:00 AM,8,4,4
09/14/2018 04:00:00 AM,15,6,9
09/14/2018 05:00:00 AM,16,6,10
09/14/2018 06:00:00 AM,104,57,47
09/14/2018 07:00:00 AM,205,112,93
09/14/2018 08:00:00 AM,372,165,207
09/14/2018 09:00:00 AM,184,90,94
09/14/2018 10:00:00 AM,88,46,42
09/14/2018 11:00:00 AM,65,38,27
09/14/2018 12:00:00 PM,57,24,33
09/14/2018 01:00:00 PM,96,43,53
09/14/2018 02:00:00 PM,90,37,53
09/14/2018 03:00:00 PM,137,50,87
09/14/2018 04:00:00 PM,230,69,161
09/14/2018 05:00:00 PM,432,110,322
09/14/2018 06:00:00 PM,249,81,168
09/14/2018 07:00:00 PM,123,46,77
09/14/2018 08:00:00 PM,55,23,32
09/14/2018 09:00:00 PM,43,19,24
09/14/2018 10:00:00 PM,35,10,25
09/14/2018 11:00:00 PM,34,6,28
09/15/2018 12:00:00 AM,14,6,8
09/15/2018 01:00:00 AM,9,3,6
09/15/2018 02:00:00 AM,4,0,4
09/15/2018 03:00:00 AM,5,2,3
09/15/2018 04:00:00 AM,8,2,6
09/15/2018 05:00:00 AM,10,5,5
09/15/2018 06:00:00 AM,21,13,8
09/15/2018 07:00:00 AM,42,17,25
09/15/2018 08:00:00 AM,60,28,32
09/15/2018 09:00:00 AM,97,46,51
09/15/2018 10:00:00 AM,106,49,57
09/15/2018 11:00:00 AM,117,51,66
09/15/2018 12:00:00 PM,152,82,70
09/15/2018 01:00:00 PM,108,56,52
09/15/2018 02:00:00 PM,90,39,51
09/15/2018 03:00:00 PM,133,71,62
09/15/2018 04:00:00 PM,118,56,62
09/15/2018 05:00:00 PM,77,30,47
09/15/2018 06:00:00 PM,37,22,15
09/15/2018 07:00:00 PM,34,21,13
09/15/2018 08:00:00 PM,26,18,8
09/15/2018 09:00:00 PM,29,10,19
09/15/2018 10:00:00 PM,12,6,6
09/15/2018 11:00:00 PM,19,3,16
09/16/2018 12:00:00 AM,7,2,5
09/16/2018 01:00:00 AM,9,6,3
09/16/2018 02:00:00 AM,0,0,0
09/16/2018 03:00:00 AM,0,0,0
09/16/2018 04:00:00 AM,2,0,2
09/16/2018 05:00:00 AM,5,1,4
09/16/2018 06:00:00 AM,9,4,5
09/16/2018 07:00:00 AM,19,6,13
09/16/2018 08:00:00 AM,16,7,9
09/16/2018 09:00:00 AM,26,18,8
09/16/2018 10:00:00 AM,48,20,28
09/16/2018 11:00:00 AM,74,37,37
09/16/2018 12:00:00 PM,132,62,70
09/16/2018 01:00:00 PM,109,59,50
09/16/2018 02:00:00 PM,140,79,61
09/16/2018 03:00:00 PM,121,67,54
09/16/2018 04:00:00 PM,124,70,54
09/16/2018 05:00:00 PM,110,55,55
09/16/2018 06:00:00 PM,97,54,43
09/16/2018 07:00:00 PM,67,35,32
09/16/2018 08:00:00 PM,16,8,8
09/16/2018 09:00:00 PM,20,12,8
09/16/2018 10:00:00 PM,9,2,7
09/16/2018 11:00:00 PM,10,2,8
09/17/2018 12:00:00 AM,4,1,3
09/17/2018 01:00:00 AM,0,0,0
09/17/2018 02:00:00 AM,1,0,1
09/17/2018 03:00:00 AM,2,0,2
09/17/2018 04:00:00 AM,12,5,7
09/17/2018 05:00:00 AM,46,29,17
09/17/2018 06:00:00 AM,146,67,79
09/17/2018 07:00:00 AM,465,217,248
09/17/2018 08:00:00 AM,679,309,370
09/17/2018 09:00:00 AM,258,113,145
09/17/2018 10:00:00 AM,113,42,71
09/17/2018 11:00:00 AM,90,48,42
09/17/2018 12:00:00 PM,111,45,66
09/17/2018 01:00:00 PM,110,54,56
09/17/2018 02:00:00 PM,122,53,69
09/17/2018 03:00:00 PM,161,59,102
09/17/2018 04:00:00 PM,434,130,304
09/17/2018 05:00:00 PM,765,212,553
09/17/2018 06:00:00 PM,467,140,327
09/17/2018 07:00:00 PM,178,66,112
09/17/2018 08:00:00 PM,93,36,57
09/17/2018 09:00:00 PM,59,26,33
09/17/2018 10:00:00 PM,25,12,13
09/17/2018 11:00:00 PM,10,1,9
09/18/2018 12:00:00 AM,18,10,8
09/18/2018 01:00:00 AM,5,5,0
09/18/2018 02:00:00 AM,2,1,1
09/18/2018 03:00:00 AM,5,1,4
09/18/2018 04:00:00 AM,10,5,5
09/18/2018 05:00:00 AM,43,24,19
09/18/2018 06:00:00 AM,154,67,87
09/18/2018 07:00:00 AM,490,228,262
09/18/2018 08:00:00 AM,659,328,331
09/18/2018 09:00:00 AM,292,147,145
09/18/2018 10:00:00 AM,132,59,73
09/18/2018 11:00:00 AM,89,39,50
09/18/2018 12:00:00 PM,77,34,43
09/18/2018 01:00:00 PM,108,46,62
09/18/2018 02:00:00 PM,131,51,80
09/18/2018 03:00:00 PM,187,65,122
09/18/2018 04:00:00 PM,378,102,276
09/18/2018 05:00:00 PM,770,178,592
09/18/2018 06:00:00 PM,490,157,333
09/18/2018 07:00:00 PM,226,75,151
09/18/2018 08:00:00 PM,94,35,59
09/18/2018 09:00:00 PM,56,21,35
09/18/2018 10:00:00 PM,32,10,22
09/18/2018 11:00:00 PM,19,11,8
09/19/2018 12:00:00 AM,8,1,7
09/19/2018 01:00:00 AM,5,0,5
09/19/2018 02:00:00 AM,3,0,3
09/19/2018 03:00:00 AM,7,3,4
09/19/2018 04:00:00 AM,10,5,5
09/19/2018 05:00:00 AM,40,22,18
09/19/2018 06:00:00 AM,145,70,75
09/19/2018 07:00:00 AM,418,225,193
09/19/2018 08:00:00 AM,600,282,318
09/19/2018 09:00:00 AM,304,135,169
09/19/2018 10:00:00 AM,120,47,73
09/19/2018 11:00:00 AM,89,33,56
09/19/2018 12:00:00 PM,81,38,43
09/19/2018 01:00:00 PM,97,40,57
09/19/2018 02:00:00 PM,131,54,77
09/19/2018 03:00:00 PM,185,82,103
09/19/2018 04:00:00 PM,365,104,261
09/19/2018 05:00:00 PM,673,173,500
09/19/2018 06:00:00 PM,453,146,307
09/19/2018 07:00:00 PM,190,59,131
09/19/2018 08:00:00 PM,98,40,58
09/19/2018 09:00:00 PM,44,18,26
09/19/2018 10:00:00 PM,41,8,33
09/19/2018 11:00:00 PM,20,9,11
09/20/2018 12:00:00 AM,10,4,6
09/20/2018 01:00:00 AM,4,1,3
09/20/2018 02:00:00 AM,1,1,0
09/20/2018 03:00:00 AM,7,4,3
09/20/2018 04:00:00 AM,10,3,7
09/20/2018 05:00:00 AM,34,18,16
09/20/2018 06:00:00 AM,148,68,80
09/20/2018 07:00:00 AM,318,170,148
09/20/2018 08:00:00 AM,497,242,255
09/20/2018 09:00:00 AM,234,105,129
09/20/2018 10:00:00 AM,117,56,61
09/20/2018 11:00:00 AM,74,33,41
09/20/2018 12:00:00 PM,84,33,51
09/20/2018 01:00:00 PM,81,43,38
09/20/2018 02:00:00 PM,100,38,62
09/20/2018 03:00:00 PM,153,65,88
09/20/2018 04:00:00 PM,288,83,205
09/20/2018 05:00:00 PM,580,150,430
09/20/2018 06:00:00 PM,346,102,244
09/20/2018 07:00:00 PM,152,47,105
09/20/2018 08:00:00 PM,86,29,57
09/20/2018 09:00:00 PM,53,25,28
09/20/2018 10:00:00 PM,27,15,12
09/20/2018 11:00:00 PM,31,8,23
09/21/2018 12:00:00 AM,15,4,11
09/21/2018 01:00:00 AM,3,0,3
09/21/2018 02:00:00 AM,7,5,2
09/21/2018 03:00:00 AM,4,1,3
09/21/2018 04:00:00 AM,9,3,6
09/21/2018 05:00:00 AM,32,18,14
09/21/2018 06:00:00 AM,106,56,50
09/21/2018 07:00:00 AM,322,159,163
09/21/2018 08:00:00 AM,491,245,246
09/21/2018 09:00:00 AM,244,119,125
09/21/2018 10:00:00 AM,113,55,58
09/21/2018 11:00:00 AM,100,47,53
09/21/2018 12:00:00 PM,93,39,54
09/21/2018 01:00:00 PM,87,43,44
09/21/2018 02:00:00 PM,134,47,87
09/21/2018 03:00:00 PM,160,66,94
09/21/2018 04:00:00 PM,352,92,260
09/21/2018 05:00:00 PM,522,119,403
09/21/2018 06:00:00 PM,306,83,223
09/21/2018 07:00:00 PM,138,48,90
09/21/2018 08:00:00 PM,62,21,41
09/21/2018 09:00:00 PM,41,17,24
09/21/2018 10:00:00 PM,34,13,21
09/21/2018 11:00:00 PM,30,18,12
09/22/2018 12:00:00 AM,23,10,13
09/22/2018 01:00:00 AM,7,3,4
09/22/2018 02:00:00 AM,1,0,1
09/22/2018 03:00:00 AM,5,2,3
09/22/2018 04:00:00 AM,3,0,3
09/22/2018 05:00:00 AM,8,4,4
09/22/2018 06:00:00 AM,19,7,12
09/22/2018 07:00:00 AM,22,6,16
09/22/2018 08:00:00 AM,76,36,40
09/22/2018 09:00:00 AM,88,38,50
09/22/2018 10:00:00 AM,93,44,49
09/22/2018 11:00:00 AM,98,61,37
09/22/2018 12:00:00 PM,104,46,58
09/22/2018 01:00:00 PM,115,40,75
09/22/2018 02:00:00 PM,133,54,79
09/22/2018 03:00:00 PM,125,67,58
09/22/2018 04:00:00 PM,152,65,87
09/22/2018 05:00:00 PM,159,76,83
09/22/2018 06:00:00 PM,83,43,40
09/22/2018 07:00:00 PM,68,30,38
09/22/2018 08:00:00 PM,30,13,17
09/22/2018 09:00:00 PM,38,25,13
09/22/2018 10:00:00 PM,28,21,7
09/22/2018 11:00:00 PM,47,29,18
09/23/2018 12:00:00 AM,16,10,6
09/23/2018 01:00:00 AM,11,6,5
09/23/2018 02:00:00 AM,5,3,2
09/23/2018 03:00:00 AM,3,1,2
09/23/2018 04:00:00 AM,6,1,5
09/23/2018 05:00:00 AM,5,4,1
09/23/2018 06:00:00 AM,22,10,12
09/23/2018 07:00:00 AM,21,9,12
09/23/2018 08:00:00 AM,70,29,41
09/23/2018 09:00:00 AM,74,36,38
09/23/2018 10:00:00 AM,100,45,55
09/23/2018 11:00:00 AM,137,71,66
09/23/2018 12:00:00 PM,159,70,89
09/23/2018 01:00:00 PM,179,82,97
09/23/2018 02:00:00 PM,178,88,90
09/23/2018 03:00:00 PM,178,99,79
09/23/2018 04:00:00 PM,162,91,71
09/23/2018 05:00:00 PM,142,89,53
09/23/2018 06:00:00 PM,119,68,51
09/23/2018 07:00:00 PM,67,34,33
09/23/2018 08:00:00 PM,33,19,14
09/23/2018 09:00:00 PM,25,10,15
09/23/2018 10:00:00 PM,12,9,3
09/23/2018 11:00:00 PM,11,0,11
09/24/2018 12:00:00 AM,9,2,7
09/24/2018 01:00:00 AM,3,3,0
09/24/2018 02:00:00 AM,1,0,1
09/24/2018 03:00:00 AM,2,1,1
09/24/2018 04:00:00 AM,18,8,10
09/24/2018 05:00:00 AM,38,21,17
09/24/2018 06:00:00 AM,145,72,73
09/24/2018 07:00:00 AM,441,212,229
09/24/2018 08:00:00 AM,722,360,362
09/24/2018 09:00:00 AM,324,165,159
09/24/2018 10:00:00 AM,140,66,74
09/24/2018 11:00:00 AM,94,49,45
09/24/2018 12:00:00 PM,102,53,49
09/24/2018 01:00:00 PM,104,45,59
09/24/2018 02:00:00 PM,123,49,74
09/24/2018 03:00:00 PM,180,74,106
09/24/2018 04:00:00 PM,408,121,287
09/24/2018 05:00:00 PM,776,199,577
09/24/2018 06:00:00 PM,494,144,350
09/24/2018 07:00:00 PM,182,57,125
09/24/2018 08:00:00 PM,78,23,55
09/24/2018 09:00:00 PM,58,23,35
09/24/2018 10:00:00 PM,22,6,16
09/24/2018 11:00:00 PM,14,1,13
09/25/2018 12:00:00 AM,7,3,4
09/25/2018 01:00:00 AM,2,0,2
09/25/2018 02:00:00 AM,2,0,2
09/25/2018 03:00:00 AM,3,1,2
09/25/2018 04:00:00 AM,14,6,8
09/25/2018 05:00:00 AM,47,21,26
09/25/2018 06:00:00 AM,174,89,85
09/25/2018 07:00:00 AM,482,223,259
09/25/2018 08:00:00 AM,678,316,362
09/25/2018 09:00:00 AM,342,161,181
09/25/2018 10:00:00 AM,124,56,68
09/25/2018 11:00:00 AM,93,38,55
09/25/2018 12:00:00 PM,108,49,59
09/25/2018 01:00:00 PM,96,46,50
09/25/2018 02:00:00 PM,136,54,82
09/25/2018 03:00:00 PM,177,71,106
09/25/2018 04:00:00 PM,422,118,304
09/25/2018 05:00:00 PM,778,189,589
09/25/2018 06:00:00 PM,468,127,341
09/25/2018 07:00:00 PM,208,74,134
09/25/2018 08:00:00 PM,105,32,73
09/25/2018 09:00:00 PM,63,29,34
09/25/2018 10:00:00 PM,32,7,25
09/25/2018 11:00:00 PM,17,7,10
09/26/2018 12:00:00 AM,14,5,9
09/26/2018 01:00:00 AM,2,0,2
09/26/2018 02:00:00 AM,1,0,1
09/26/2018 03:00:00 AM,4,2,2
09/26/2018 04:00:00 AM,12,7,5
09/26/2018 05:00:00 AM,46,23,23
09/26/2018 06:00:00 AM,152,72,80
09/26/2018 07:00:00 AM,496,257,239
09/26/2018 08:00:00 AM,623,296,327
09/26/2018 09:00:00 AM,328,149,179
09/26/2018 10:00:00 AM,144,70,74
09/26/2018 11:00:00 AM,86,38,48
09/26/2018 12:00:00 PM,79,33,46
09/26/2018 01:00:00 PM,86,39,47
09/26/2018 02:00:00 PM,105,51,54
09/26/2018 03:00:00 PM,188,67,121
09/26/2018 04:00:00 PM,428,113,315
09/26/2018 05:00:00 PM,760,201,559
09/26/2018 06:00:00 PM,529,158,371
09/26/2018 07:00:00 PM,222,74,148
09/26/2018 08:00:00 PM,89,33,56
09/26/2018 09:00:00 PM,70,31,39
09/26/2018 10:00:00 PM,39,12,27
09/26/2018 11:00:00 PM,16,7,9
09/27/2018 12:00:00 AM,11,4,7
09/27/2018 01:00:00 AM,6,4,2
09/27/2018 02:00:00 AM,5,4,1
09/27/2018 03:00:00 AM,9,3,6
09/27/2018 04:00:00 AM,15,11,4
09/27/2018 05:00:00 AM,41,19,22
09/27/2018 06:00:00 AM,149,73,76
09/27/2018 07:00:00 AM,404,192,212
09/27/2018 08:00:00 AM,621,302,319
09/27/2018 09:00:00 AM,312,140,172
09/27/2018 10:00:00 AM,136,58,78
09/27/2018 11:00:00 AM,124,59,65
09/27/2018 12:00:00 PM,120,50,70
09/27/2018 01:00:00 PM,115,50,65
09/27/2018 02:00:00 PM,129,58,71
09/27/2018 03:00:00 PM,171,67,104
09/27/2018 04:00:00 PM,384,110,274
09/27/2018 05:00:00 PM,713,199,514
09/27/2018 06:00:00 PM,414,145,269
09/27/2018 07:00:00 PM,176,52,124
09/27/2018 08:00:00 PM,95,31,64
09/27/2018 09:00:00 PM,80,31,49
09/27/2018 10:00:00 PM,44,17,27
09/27/2018 11:00:00 PM,24,12,12
09/28/2018 12:00:00 AM,15,1,14
09/28/2018 01:00:00 AM,6,3,3
09/28/2018 02:00:00 AM,0,0,0
09/28/2018 03:00:00 AM,5,1,4
09/28/2018 04:00:00 AM,15,5,10
09/28/2018 05:00:00 AM,35,18,17
09/28/2018 06:00:00 AM,137,65,72
09/28/2018 07:00:00 AM,362,182,180
09/28/2018 08:00:00 AM,538,247,291
09/28/2018 09:00:00 AM,288,145,143
09/28/2018 10:00:00 AM,146,62,84
09/28/2018 11:00:00 AM,111,47,64
09/28/2018 12:00:00 PM,114,58,56
09/28/2018 01:00:00 PM,125,53,72
09/28/2018 02:00:00 PM,175,63,112
09/28/2018 03:00:00 PM,228,84,144
09/28/2018 04:00:00 PM,413,110,303
09/28/2018 05:00:00 PM,675,199,476
09/28/2018 06:00:00 PM,353,146,207
09/28/2018 07:00:00 PM,171,75,96
09/28/2018 08:00:00 PM,81,18,63
09/28/2018 09:00:00 PM,43,20,23
09/28/2018 10:00:00 PM,38,22,16
09/28/2018 11:00:00 PM,41,8,33
09/29/2018 12:00:00 AM,18,8,10
09/29/2018 01:00:00 AM,12,6,6
09/29/2018 02:00:00 AM,7,5,2
09/29/2018 03:00:00 AM,2,2,0
09/29/2018 04:00:00 AM,9,1,8
09/29/2018 05:00:00 AM,10,2,8
09/29/2018 06:00:00 AM,18,7,11
09/29/2018 07:00:00 AM,32,14,18
09/29/2018 08:00:00 AM,83,40,43
09/29/2018 09:00:00 AM,126,59,67
09/29/2018 10:00:00 AM,130,74,56
09/29/2018 11:00:00 AM,162,62,100
09/29/2018 12:00:00 PM,192,106,86
09/29/2018 01:00:00 PM,151,61,90
09/29/2018 02:00:00 PM,175,89,86
09/29/2018 03:00:00 PM,209,83,126
09/29/2018 04:00:00 PM,172,73,99
09/29/2018 05:00:00 PM,124,49,75
09/29/2018 06:00:00 PM,115,63,52
09/29/2018 07:00:00 PM,63,32,31
09/29/2018 08:00:00 PM,60,45,15
09/29/2018 09:00:00 PM,35,15,20
09/29/2018 10:00:00 PM,19,6,13
09/29/2018 11:00:00 PM,14,6,8
09/30/2018 12:00:00 AM,9,2,7
09/30/2018 01:00:00 AM,6,4,2
09/30/2018 02:00:00 AM,9,5,4
09/30/2018 03:00:00 AM,1,1,0
09/30/2018 04:00:00 AM,5,0,5
09/30/2018 05:00:00 AM,6,1,5
09/30/2018 06:00:00 AM,9,3,6
09/30/2018 07:00:00 AM,28,13,15
09/30/2018 08:00:00 AM,45,32,13
09/30/2018 09:00:00 AM,81,45,36
09/30/2018 10:00:00 AM,108,51,57
09/30/2018 11:00:00 AM,136,55,81
09/30/2018 12:00:00 PM,129,64,65
09/30/2018 01:00:00 PM,148,67,81
09/30/2018 02:00:00 PM,111,53,58
09/30/2018 03:00:00 PM,120,55,65
09/30/2018 04:00:00 PM,106,46,60
09/30/2018 05:00:00 PM,119,61,58
09/30/2018 06:00:00 PM,58,25,33
09/30/2018 07:00:00 PM,35,18,17
09/30/2018 08:00:00 PM,24,8,16
09/30/2018 09:00:00 PM,7,3,4
09/30/2018 10:00:00 PM,9,2,7
09/30/2018 11:00:00 PM,10,6,4
10/01/2018 12:00:00 AM,11,4,7
10/01/2018 01:00:00 AM,4,3,1
10/01/2018 02:00:00 AM,2,2,0
10/01/2018 03:00:00 AM,0,0,0
10/01/2018 04:00:00 AM,12,5,7
10/01/2018 05:00:00 AM,48,28,20
10/01/2018 06:00:00 AM,137,71,66
10/01/2018 07:00:00 AM,352,170,182
10/01/2018 08:00:00 AM,578,276,302
10/01/2018 09:00:00 AM,247,119,128
10/01/2018 10:00:00 AM,74,43,31
10/01/2018 11:00:00 AM,56,26,30
10/01/2018 12:00:00 PM,39,16,23
10/01/2018 01:00:00 PM,76,36,40
10/01/2018 02:00:00 PM,63,20,43
10/01/2018 03:00:00 PM,121,43,78
10/01/2018 04:00:00 PM,265,67,198
10/01/2018 05:00:00 PM,561,124,437
10/01/2018 06:00:00 PM,315,101,214
10/01/2018 07:00:00 PM,120,29,91
10/01/2018 08:00:00 PM,65,20,45
10/01/2018 09:00:00 PM,34,10,24
10/01/2018 10:00:00 PM,28,9,19
10/01/2018 11:00:00 PM,11,3,8
10/02/2018 12:00:00 AM,6,4,2
10/02/2018 01:00:00 AM,7,4,3
10/02/2018 02:00:00 AM,4,3,1
10/02/2018 03:00:00 AM,3,2,1
10/02/2018 04:00:00 AM,15,4,11
10/02/2018 05:00:00 AM,39,18,21
10/02/2018 06:00:00 AM,161,78,83
10/02/2018 07:00:00 AM,385,189,196
10/02/2018 08:00:00 AM,588,267,321
10/02/2018 09:00:00 AM,289,146,143
10/02/2018 10:00:00 AM,113,52,61
10/02/2018 11:00:00 AM,93,37,56
10/02/2018 12:00:00 PM,106,56,50
10/02/2018 01:00:00 PM,101,47,54
10/02/2018 02:00:00 PM,112,48,64
10/02/2018 03:00:00 PM,168,67,101
10/02/2018 04:00:00 PM,304,75,229
10/02/2018 05:00:00 PM,627,147,480
10/02/2018 06:00:00 PM,404,107,297
10/02/2018 07:00:00 PM,154,46,108
10/02/2018 08:00:00 PM,76,18,58
10/02/2018 09:00:00 PM,38,16,22
10/02/2018 10:00:00 PM,23,12,11
10/02/2018 11:00:00 PM,23,9,14
10/03/2018 12:00:00 AM,6,4,2
10/03/2018 01:00:00 AM,0,0,0
10/03/2018 02:00:00 AM,3,2,1
10/03/2018 03:00:00 AM,3,3,0
10/03/2018 04:00:00 AM,16,7,9
10/03/2018 05:00:00 AM,48,28,20
10/03/2018 06:00:00 AM,138,76,62
10/03/2018 07:00:00 AM,418,207,211
10/03/2018 08:00:00 AM,581,274,307
10/03/2018 09:00:00 AM,294,134,160
10/03/2018 10:00:00 AM,105,47,58
10/03/2018 11:00:00 AM,112,53,59
10/03/2018 12:00:00 PM,85,37,48
10/03/2018 01:00:00 PM,84,47,37
10/03/2018 02:00:00 PM,96,39,57
10/03/2018 03:00:00 PM,150,54,96
10/03/2018 04:00:00 PM,329,96,233
10/03/2018 05:00:00 PM,625,152,473
10/03/2018 06:00:00 PM,432,125,307
10/03/2018 07:00:00 PM,168,49,119
10/03/2018 08:00:00 PM,83,22,61
10/03/2018 09:00:00 PM,56,22,34
10/03/2018 10:00:00 PM,33,14,19
10/03/2018 11:00:00 PM,16,4,12
10/04/2018 12:00:00 AM,4,1,3
10/04/2018 01:00:00 AM,5,3,2
10/04/2018 02:00:00 AM,7,6,1
10/04/2018 03:00:00 AM,3,1,2
10/04/2018 04:00:00 AM,14,5,9
10/04/2018 05:00:00 AM,45,23,22
10/04/2018 06:00:00 AM,147,73,74
10/04/2018 07:00:00 AM,347,169,178
10/04/2018 08:00:00 AM,552,262,290
10/04/2018 09:00:00 AM,267,115,152
10/04/2018 10:00:00 AM,140,63,77
10/04/2018 11:00:00 AM,86,47,39
10/04/2018 12:00:00 PM,94,53,41
10/04/2018 01:00:00 PM,108,39,69
10/04/2018 02:00:00 PM,125,49,76
10/04/2018 03:00:00 PM,181,68,113
10/04/2018 04:00:00 PM,347,104,243
10/04/2018 05:00:00 PM,643,157,486
10/04/2018 06:00:00 PM,415,127,288
10/04/2018 07:00:00 PM,148,50,98
10/04/2018 08:00:00 PM,99,33,66
10/04/2018 09:00:00 PM,69,20,49
10/04/2018 10:00:00 PM,41,15,26
10/04/2018 11:00:00 PM,19,6,13
10/05/2018 12:00:00 AM,16,6,10
10/05/2018 01:00:00 AM,9,1,8
10/05/2018 02:00:00 AM,3,1,2
10/05/2018 03:00:00 AM,6,4,2
10/05/2018 04:00:00 AM,17,5,12
10/05/2018 05:00:00 AM,30,16,14
10/05/2018 06:00:00 AM,101,45,56
10/05/2018 07:00:00 AM,233,115,118
10/05/2018 08:00:00 AM,371,181,190
10/05/2018 09:00:00 AM,195,92,103
10/05/2018 10:00:00 AM,72,28,44
10/05/2018 11:00:00 AM,30,13,17
10/05/2018 12:00:00 PM,31,15,16
10/05/2018 01:00:00 PM,46,26,20
10/05/2018 02:00:00 PM,60,18,42
10/05/2018 03:00:00 PM,92,30,62
10/05/2018 04:00:00 PM,212,54,158
10/05/2018 05:00:00 PM,352,83,269
10/05/2018 06:00:00 PM,187,54,133
10/05/2018 07:00:00 PM,80,27,53
10/05/2018 08:00:00 PM,44,17,27
10/05/2018 09:00:00 PM,26,6,20
10/05/2018 10:00:00 PM,19,6,13
10/05/2018 11:00:00 PM,15,7,8
10/06/2018 12:00:00 AM,11,8,3
10/06/2018 01:00:00 AM,9,5,4
10/06/2018 02:00:00 AM,1,0,1
10/06/2018 03:00:00 AM,2,1,1
10/06/2018 04:00:00 AM,3,1,2
10/06/2018 05:00:00 AM,3,1,2
10/06/2018 06:00:00 AM,19,7,12
10/06/2018 07:00:00 AM,33,11,22
10/06/2018 08:00:00 AM,86,40,46
10/06/2018 09:00:00 AM,63,31,32
10/06/2018 10:00:00 AM,66,30,36
10/06/2018 11:00:00 AM,97,51,46
10/06/2018 12:00:00 PM,105,46,59
10/06/2018 01:00:00 PM,139,67,72
10/06/2018 02:00:00 PM,165,65,100
10/06/2018 03:00:00 PM,131,66,65
10/06/2018 04:00:00 PM,173,63,110
10/06/2018 05:00:00 PM,139,63,76
10/06/2018 06:00:00 PM,96,39,57
10/06/2018 07:00:00 PM,43,22,21
10/06/2018 08:00:00 PM,41,21,20
10/06/2018 09:00:00 PM,25,9,16
10/06/2018 10:00:00 PM,20,8,12
10/06/2018 11:00:00 PM,14,4,10
10/07/2018 12:00:00 AM,17,5,12
10/07/2018 01:00:00 AM,8,4,4
10/07/2018 02:00:00 AM,6,6,0
10/07/2018 03:00:00 AM,5,1,4
10/07/2018 04:00:00 AM,6,4,2
10/07/2018 05:00:00 AM,4,1,3
10/07/2018 06:00:00 AM,20,9,11
10/07/2018 07:00:00 AM,31,18,13
10/07/2018 08:00:00 AM,50,21,29
10/07/2018 09:00:00 AM,54,29,25
10/07/2018 10:00:00 AM,78,41,37
10/07/2018 11:00:00 AM,63,29,34
10/07/2018 12:00:00 PM,71,35,36
10/07/2018 01:00:00 PM,67,46,21
10/07/2018 02:00:00 PM,54,34,20
10/07/2018 03:00:00 PM,71,43,28
10/07/2018 04:00:00 PM,57,27,30
10/07/2018 05:00:00 PM,59,23,36
10/07/2018 06:00:00 PM,66,32,34
10/07/2018 07:00:00 PM,26,12,14
10/07/2018 08:00:00 PM,24,10,14
10/07/2018 09:00:00 PM,8,3,5
10/07/2018 10:00:00 PM,9,5,4
10/07/2018 11:00:00 PM,9,4,5
10/08/2018 12:00:00 AM,6,1,5
10/08/2018 01:00:00 AM,2,2,0
10/08/2018 02:00:00 AM,1,0,1
10/08/2018 03:00:00 AM,6,4,2
10/08/2018 04:00:00 AM,10,5,5
10/08/2018 05:00:00 AM,31,16,15
10/08/2018 06:00:00 AM,97,47,50
10/08/2018 07:00:00 AM,264,134,130
10/08/2018 08:00:00 AM,432,202,230
10/08/2018 09:00:00 AM,254,131,123
10/08/2018 10:00:00 AM,74,29,45
10/08/2018 11:00:00 AM,34,18,16
10/08/2018 12:00:00 PM,35,17,18
10/08/2018 01:00:00 PM,51,30,21
10/08/2018 02:00:00 PM,65,26,39
10/08/2018 03:00:00 PM,96,43,53
10/08/2018 04:00:00 PM,225,70,155
10/08/2018 05:00:00 PM,433,112,321
10/08/2018 06:00:00 PM,304,80,224
10/08/2018 07:00:00 PM,106,28,78
10/08/2018 08:00:00 PM,53,16,37
10/08/2018 09:00:00 PM,27,7,20
10/08/2018 10:00:00 PM,22,5,17
10/08/2018 11:00:00 PM,9,3,6
10/09/2018 12:00:00 AM,2,1,1
10/09/2018 01:00:00 AM,2,2,0
10/09/2018 02:00:00 AM,0,0,0
10/09/2018 03:00:00 AM,4,2,2
10/09/2018 04:00:00 AM,9,5,4
10/09/2018 05:00:00 AM,40,19,21
10/09/2018 06:00:00 AM,138,72,66
10/09/2018 07:00:00 AM,306,158,148
10/09/2018 08:00:00 AM,487,229,258
10/09/2018 09:00:00 AM,288,119,169
10/09/2018 10:00:00 AM,103,48,55
10/09/2018 11:00:00 AM,73,34,39
10/09/2018 12:00:00 PM,85,49,36
10/09/2018 01:00:00 PM,81,46,35
10/09/2018 02:00:00 PM,94,35,59
10/09/2018 03:00:00 PM,121,43,78
10/09/2018 04:00:00 PM,308,68,240
10/09/2018 05:00:00 PM,584,163,421
10/09/2018 06:00:00 PM,378,122,256
10/09/2018 07:00:00 PM,160,60,100
10/09/2018 08:00:00 PM,91,28,63
10/09/2018 09:00:00 PM,46,18,28
10/09/2018 10:00:00 PM,24,8,16
10/09/2018 11:00:00 PM,21,8,13
10/10/2018 12:00:00 AM,9,4,5
10/10/2018 01:00:00 AM,2,2,0
10/10/2018 02:00:00 AM,1,0,1
10/10/2018 03:00:00 AM,5,3,2
10/10/2018 04:00:00 AM,17,8,9
10/10/2018 05:00:00 AM,37,21,16
10/10/2018 06:00:00 AM,147,80,67
10/10/2018 07:00:00 AM,436,224,212
10/10/2018 08:00:00 AM,567,294,273
10/10/2018 09:00:00 AM,282,128,154
10/10/2018 10:00:00 AM,119,54,65
10/10/2018 11:00:00 AM,84,36,48
10/10/2018 12:00:00 PM,92,52,40
10/10/2018 01:00:00 PM,92,50,42
10/10/2018 02:00:00 PM,112,43,69
10/10/2018 03:00:00 PM,168,57,111
10/10/2018 04:00:00 PM,346,106,240
10/10/2018 05:00:00 PM,725,167,558
10/10/2018 06:00:00 PM,402,130,272
10/10/2018 07:00:00 PM,166,48,118
10/10/2018 08:00:00 PM,104,35,69
10/10/2018 09:00:00 PM,73,30,43
10/10/2018 10:00:00 PM,32,18,14
10/10/2018 11:00:00 PM,20,6,14
10/11/2018 12:00:00 AM,15,2,13
10/11/2018 01:00:00 AM,1,0,1
10/11/2018 02:00:00 AM,1,1,0
10/11/2018 03:00:00 AM,4,2,2
10/11/2018 04:00:00 AM,14,9,5
10/11/2018 05:00:00 AM,30,20,10
10/11/2018 06:00:00 AM,134,81,53
10/11/2018 07:00:00 AM,373,182,191
10/11/2018 08:00:00 AM,593,299,294
10/11/2018 09:00:00 AM,289,126,163
10/11/2018 10:00:00 AM,88,40,48
10/11/2018 11:00:00 AM,81,38,43
10/11/2018 12:00:00 PM,76,37,39
10/11/2018 01:00:00 PM,96,50,46
10/11/2018 02:00:00 PM,119,63,56
10/11/2018 03:00:00 PM,159,69,90
10/11/2018 04:00:00 PM,401,120,281
10/11/2018 05:00:00 PM,633,163,470
10/11/2018 06:00:00 PM,442,127,315
10/11/2018 07:00:00 PM,178,62,116
10/11/2018 08:00:00 PM,98,35,63
10/11/2018 09:00:00 PM,67,16,51
10/11/2018 10:00:00 PM,54,21,33
10/11/2018 11:00:00 PM,27,12,15
10/12/2018 12:00:00 AM,11,3,8
10/12/2018 01:00:00 AM,4,2,2
10/12/2018 02:00:00 AM,3,1,2
10/12/2018 03:00:00 AM,3,1,2
10/12/2018 04:00:00 AM,6,3,3
10/12/2018 05:00:00 AM,32,13,19
10/12/2018 06:00:00 AM,94,43,51
10/12/2018 07:00:00 AM,299,146,153
10/12/2018 08:00:00 AM,437,205,232
10/12/2018 09:00:00 AM,293,128,165
10/12/2018 10:00:00 AM,115,50,65
10/12/2018 11:00:00 AM,122,56,66
10/12/2018 12:00:00 PM,129,47,82
10/12/2018 01:00:00 PM,106,55,51
10/12/2018 02:00:00 PM,128,53,75
10/12/2018 03:00:00 PM,200,70,130
10/12/2018 04:00:00 PM,410,99,311
10/12/2018 05:00:00 PM,547,145,402
10/12/2018 06:00:00 PM,296,106,190
10/12/2018 07:00:00 PM,121,33,88
10/12/2018 08:00:00 PM,70,24,46
10/12/2018 09:00:00 PM,48,15,33
10/12/2018 10:00:00 PM,42,14,28
10/12/2018 11:00:00 PM,37,11,26
10/13/2018 12:00:00 AM,16,4,12
10/13/2018 01:00:00 AM,15,4,11
10/13/2018 02:00:00 AM,3,2,1
10/13/2018 03:00:00 AM,4,1,3
10/13/2018 04:00:00 AM,6,0,6
10/13/2018 05:00:00 AM,4,1,3
10/13/2018 06:00:00 AM,18,8,10
10/13/2018 07:00:00 AM,24,6,18
10/13/2018 08:00:00 AM,61,26,35
10/13/2018 09:00:00 AM,108,64,44
10/13/2018 10:00:00 AM,131,58,73
10/13/2018 11:00:00 AM,146,75,71
10/13/2018 12:00:00 PM,140,66,74
10/13/2018 01:00:00 PM,171,99,72
10/13/2018 02:00:00 PM,164,96,68
10/13/2018 03:00:00 PM,170,77,93
10/13/2018 04:00:00 PM,160,85,75
10/13/2018 05:00:00 PM,138,75,63
10/13/2018 06:00:00 PM,115,60,55
10/13/2018 07:00:00 PM,50,26,24
10/13/2018 08:00:00 PM,40,14,26
10/13/2018 09:00:00 PM,27,11,16
10/13/2018 10:00:00 PM,15,4,11
10/13/2018 11:00:00 PM,18,6,12
10/14/2018 12:00:00 AM,13,6,7
10/14/2018 01:00:00 AM,6,1,5
10/14/2018 02:00:00 AM,10,4,6
10/14/2018 03:00:00 AM,1,0,1
10/14/2018 04:00:00 AM,5,1,4
10/14/2018 05:00:00 AM,4,3,1
10/14/2018 06:00:00 AM,12,4,8
10/14/2018 07:00:00 AM,33,20,13
10/14/2018 08:00:00 AM,59,27,32
10/14/2018 09:00:00 AM,68,38,30
10/14/2018 10:00:00 AM,99,49,50
10/14/2018 11:00:00 AM,131,60,71
10/14/2018 12:00:00 PM,164,83,81
10/14/2018 01:00:00 PM,178,65,113
10/14/2018 02:00:00 PM,206,86,120
10/14/2018 03:00:00 PM,200,103,97
10/14/2018 04:00:00 PM,178,97,81
10/14/2018 05:00:00 PM,129,70,59
10/14/2018 06:00:00 PM,122,71,51
10/14/2018 07:00:00 PM,56,23,33
10/14/2018 08:00:00 PM,51,13,38
10/14/2018 09:00:00 PM,26,10,16
10/14/2018 10:00:00 PM,15,3,12
10/14/2018 11:00:00 PM,13,3,10
10/15/2018 12:00:00 AM,9,1,8
10/15/2018 01:00:00 AM,1,0,1
10/15/2018 02:00:00 AM,2,1,1
10/15/2018 03:00:00 AM,4,2,2
10/15/2018 04:00:00 AM,18,9,9
10/15/2018 05:00:00 AM,41,22,19
10/15/2018 06:00:00 AM,153,75,78
10/15/2018 07:00:00 AM,382,193,189
10/15/2018 08:00:00 AM,660,315,345
10/15/2018 09:00:00 AM,310,142,168
10/15/2018 10:00:00 AM,98,43,55
10/15/2018 11:00:00 AM,67,27,40
10/15/2018 12:00:00 PM,80,40,40
10/15/2018 01:00:00 PM,79,37,42
10/15/2018 02:00:00 PM,111,46,65
10/15/2018 03:00:00 PM,174,66,108
10/15/2018 04:00:00 PM,370,96,274
10/15/2018 05:00:00 PM,731,187,544
10/15/2018 06:00:00 PM,394,114,280
10/15/2018 07:00:00 PM,172,46,126
10/15/2018 08:00:00 PM,86,36,50
10/15/2018 09:00:00 PM,55,18,37
10/15/2018 10:00:00 PM,17,4,13
10/15/2018 11:00:00 PM,16,5,11
10/16/2018 12:00:00 AM,11,5,6
10/16/2018 01:00:00 AM,0,0,0
10/16/2018 02:00:00 AM,2,1,1
10/16/2018 03:00:00 AM,0,0,0
10/16/2018 04:00:00 AM,18,10,8
10/16/2018 05:00:00 AM,44,24,20
10/16/2018 06:00:00 AM,174,99,75
10/16/2018 07:00:00 AM,408,189,219
10/16/2018 08:00:00 AM,659,334,325
10/16/2018 09:00:00 AM,330,144,186
10/16/2018 10:00:00 AM,118,54,64
10/16/2018 11:00:00 AM,113,57,56
10/16/2018 12:00:00 PM,87,45,42
10/16/2018 01:00:00 PM,113,50,63
10/16/2018 02:00:00 PM,146,68,78
10/16/2018 03:00:00 PM,189,65,124
10/16/2018 04:00:00 PM,410,120,290
10/16/2018 05:00:00 PM,764,190,574
10/16/2018 06:00:00 PM,448,149,299
10/16/2018 07:00:00 PM,162,47,115
10/16/2018 08:00:00 PM,91,31,60
10/16/2018 09:00:00 PM,74,36,38
10/16/2018 10:00:00 PM,38,17,21
10/16/2018 11:00:00 PM,16,4,12
10/17/2018 12:00:00 AM,10,3,7
10/17/2018 01:00:00 AM,11,2,9
10/17/2018 02:00:00 AM,4,1,3
10/17/2018 03:00:00 AM,5,3,2
10/17/2018 04:00:00 AM,14,6,8
10/17/2018 05:00:00 AM,44,24,20
10/17/2018 06:00:00 AM,156,81,75
10/17/2018 07:00:00 AM,425,197,228
10/17/2018 08:00:00 AM,576,281,295
10/17/2018 09:00:00 AM,302,131,171
10/17/2018 10:00:00 AM,130,57,73
10/17/2018 11:00:00 AM,104,47,57
10/17/2018 12:00:00 PM,85,37,48
10/17/2018 01:00:00 PM,108,44,64
10/17/2018 02:00:00 PM,111,59,52
10/17/2018 03:00:00 PM,209,91,118
10/17/2018 04:00:00 PM,398,115,283
10/17/2018 05:00:00 PM,761,200,561
10/17/2018 06:00:00 PM,419,140,279
10/17/2018 07:00:00 PM,203,73,130
10/17/2018 08:00:00 PM,97,38,59
10/17/2018 09:00:00 PM,68,23,45
10/17/2018 10:00:00 PM,32,9,23
10/17/2018 11:00:00 PM,22,6,16
10/18/2018 12:00:00 AM,6,1,5
10/18/2018 01:00:00 AM,3,0,3
10/18/2018 02:00:00 AM,2,0,2
10/18/2018 03:00:00 AM,3,1,2
10/18/2018 04:00:00 AM,11,4,7
10/18/2018 05:00:00 AM,40,21,19
10/18/2018 06:00:00 AM,129,77,52
10/18/2018 07:00:00 AM,391,187,204
10/18/2018 08:00:00 AM,592,278,314
10/18/2018 09:00:00 AM,292,132,160
10/18/2018 10:00:00 AM,120,53,67
10/18/2018 11:00:00 AM,101,45,56
10/18/2018 12:00:00 PM,106,43,63
10/18/2018 01:00:00 PM,112,58,54
10/18/2018 02:00:00 PM,125,64,61
10/18/2018 03:00:00 PM,194,76,118
10/18/2018 04:00:00 PM,396,136,260
10/18/2018 05:00:00 PM,692,158,534
10/18/2018 06:00:00 PM,431,121,310
10/18/2018 07:00:00 PM,144,42,102
10/18/2018 08:00:00 PM,69,19,50
10/18/2018 09:00:00 PM,61,20,41
10/18/2018 10:00:00 PM,40,13,27
10/18/2018 11:00:00 PM,30,9,21
10/19/2018 12:00:00 AM,15,6,9
10/19/2018 01:00:00 AM,3,2,1
10/19/2018 02:00:00 AM,4,3,1
10/19/2018 03:00:00 AM,4,3,1
10/19/2018 04:00:00 AM,7,3,4
10/19/2018 05:00:00 AM,39,20,19
10/19/2018 06:00:00 AM,125,66,59
10/19/2018 07:00:00 AM,305,150,155
10/19/2018 08:00:00 AM,487,239,248
10/19/2018 09:00:00 AM,290,133,157
10/19/2018 10:00:00 AM,124,58,66
10/19/2018 11:00:00 AM,80,37,43
10/19/2018 12:00:00 PM,89,37,52
10/19/2018 01:00:00 PM,110,47,63
10/19/2018 02:00:00 PM,110,50,60
10/19/2018 03:00:00 PM,205,67,138
10/19/2018 04:00:00 PM,386,116,270
10/19/2018 05:00:00 PM,580,128,452
10/19/2018 06:00:00 PM,314,86,228
10/19/2018 07:00:00 PM,122,36,86
10/19/2018 08:00:00 PM,58,27,31
10/19/2018 09:00:00 PM,28,13,15
10/19/2018 10:00:00 PM,23,9,14
10/19/2018 11:00:00 PM,19,7,12
10/20/2018 12:00:00 AM,18,7,11
10/20/2018 01:00:00 AM,10,5,5
10/20/2018 02:00:00 AM,3,1,2
10/20/2018 03:00:00 AM,6,3,3
10/20/2018 04:00:00 AM,5,0,5
10/20/2018 05:00:00 AM,2,2,0
10/20/2018 06:00:00 AM,20,6,14
10/20/2018 07:00:00 AM,33,11,22
10/20/2018 08:00:00 AM,72,30,42
10/20/2018 09:00:00 AM,86,40,46
10/20/2018 10:00:00 AM,104,49,55
10/20/2018 11:00:00 AM,132,64,68
10/20/2018 12:00:00 PM,105,58,47
10/20/2018 01:00:00 PM,84,46,38
10/20/2018 02:00:00 PM,124,53,71
10/20/2018 03:00:00 PM,169,81,88
10/20/2018 04:00:00 PM,206,102,104
10/20/2018 05:00:00 PM,142,74,68
10/20/2018 06:00:00 PM,85,46,39
10/20/2018 07:00:00 PM,53,31,22
10/20/2018 08:00:00 PM,40,18,22
10/20/2018 09:00:00 PM,32,13,19
10/20/2018 10:00:00 PM,23,9,14
10/20/2018 11:00:00 PM,24,7,17
10/21/2018 12:00:00 AM,16,7,9
10/21/2018 01:00:00 AM,7,5,2
10/21/2018 02:00:00 AM,7,1,6
10/21/2018 03:00:00 AM,1,1,0
10/21/2018 04:00:00 AM,4,1,3
10/21/2018 05:00:00 AM,6,2,4
10/21/2018 06:00:00 AM,12,5,7
10/21/2018 07:00:00 AM,18,10,8
10/21/2018 08:00:00 AM,49,25,24
10/21/2018 09:00:00 AM,70,40,30
10/21/2018 10:00:00 AM,74,36,38
10/21/2018 11:00:00 AM,77,48,29
10/21/2018 12:00:00 PM,85,36,49
10/21/2018 01:00:00 PM,104,45,59
10/21/2018 02:00:00 PM,135,67,68
10/21/2018 03:00:00 PM,135,61,74
10/21/2018 04:00:00 PM,152,83,69
10/21/2018 05:00:00 PM,125,62,63
10/21/2018 06:00:00 PM,76,37,39
10/21/2018 07:00:00 PM,28,13,15
10/21/2018 08:00:00 PM,14,7,7
10/21/2018 09:00:00 PM,13,5,8
10/21/2018 10:00:00 PM,18,4,14
10/21/2018 11:00:00 PM,6,4,2
10/22/2018 12:00:00 AM,5,2,3
10/22/2018 01:00:00 AM,4,0,4
10/22/2018 02:00:00 AM,0,0,0
10/22/2018 03:00:00 AM,4,2,2
10/22/2018 04:00:00 AM,7,3,4
10/22/2018 05:00:00 AM,32,26,6
10/22/2018 06:00:00 AM,130,58,72
10/22/2018 07:00:00 AM,336,170,166
10/22/2018 08:00:00 AM,554,253,301
10/22/2018 09:00:00 AM,267,124,143
10/22/2018 10:00:00 AM,102,45,57
10/22/2018 11:00:00 AM,72,32,40
10/22/2018 12:00:00 PM,69,29,40
10/22/2018 01:00:00 PM,76,33,43
10/22/2018 02:00:00 PM,66,24,42
10/22/2018 03:00:00 PM,153,51,102
10/22/2018 04:00:00 PM,317,89,228
10/22/2018 05:00:00 PM,601,155,446
10/22/2018 06:00:00 PM,372,94,278
10/22/2018 07:00:00 PM,148,51,97
10/22/2018 08:00:00 PM,66,27,39
10/22/2018 09:00:00 PM,30,12,18
10/22/2018 10:00:00 PM,20,5,15
10/22/2018 11:00:00 PM,14,6,8
10/23/2018 12:00:00 AM,4,0,4
10/23/2018 01:00:00 AM,1,0,1
10/23/2018 02:00:00 AM,4,2,2
10/23/2018 03:00:00 AM,3,2,1
10/23/2018 04:00:00 AM,9,4,5
10/23/2018 05:00:00 AM,29,13,16
10/23/2018 06:00:00 AM,161,77,84
10/23/2018 07:00:00 AM,350,181,169
10/23/2018 08:00:00 AM,567,259,308
10/23/2018 09:00:00 AM,271,115,156
10/23/2018 10:00:00 AM,92,43,49
10/23/2018 11:00:00 AM,79,43,36
10/23/2018 12:00:00 PM,95,52,43
10/23/2018 01:00:00 PM,79,35,44
10/23/2018 02:00:00 PM,79,29,50
10/23/2018 03:00:00 PM,142,53,89
10/23/2018 04:00:00 PM,297,88,209
10/23/2018 05:00:00 PM,636,150,486
10/23/2018 06:00:00 PM,318,75,243
10/23/2018 07:00:00 PM,122,30,92
10/23/2018 08:00:00 PM,66,21,45
10/23/2018 09:00:00 PM,41,18,23
10/23/2018 10:00:00 PM,25,6,19
10/23/2018 11:00:00 PM,9,2,7
10/24/2018 12:00:00 AM,5,1,4
10/24/2018 01:00:00 AM,6,2,4
10/24/2018 02:00:00 AM,1,0,1
10/24/2018 03:00:00 AM,3,1,2
10/24/2018 04:00:00 AM,10,5,5
10/24/2018 05:00:00 AM,39,23,16
10/24/2018 06:00:00 AM,136,66,70
10/24/2018 07:00:00 AM,360,186,174
10/24/2018 08:00:00 AM,526,252,274
10/24/2018 09:00:00 AM,246,112,134
10/24/2018 10:00:00 AM,103,43,60
10/24/2018 11:00:00 AM,82,36,46
10/24/2018 12:00:00 PM,83,30,53
10/24/2018 01:00:00 PM,88,46,42
10/24/2018 02:00:00 PM,93,47,46
10/24/2018 03:00:00 PM,159,67,92
10/24/2018 04:00:00 PM,350,124,226
10/24/2018 05:00:00 PM,631,168,463
10/24/2018 06:00:00 PM,346,100,246
10/24/2018 07:00:00 PM,154,49,105
10/24/2018 08:00:00 PM,100,37,63
10/24/2018 09:00:00 PM,77,33,44
10/24/2018 10:00:00 PM,25,12,13
10/24/2018 11:00:00 PM,19,9,10
10/25/2018 12:00:00 AM,7,5,2
10/25/2018 01:00:00 AM,4,0,4
10/25/2018 02:00:00 AM,5,2,3
10/25/2018 03:00:00 AM,5,2,3
10/25/2018 04:00:00 AM,9,8,1
10/25/2018 05:00:00 AM,31,18,13
10/25/2018 06:00:00 AM,124,68,56
10/25/2018 07:00:00 AM,295,149,146
10/25/2018 08:00:00 AM,377,178,199
10/25/2018 09:00:00 AM,189,80,109
10/25/2018 10:00:00 AM,75,32,43
10/25/2018 11:00:00 AM,38,22,16
10/25/2018 12:00:00 PM,38,18,20
10/25/2018 01:00:00 PM,37,18,19
10/25/2018 02:00:00 PM,59,25,34
10/25/2018 03:00:00 PM,98,34,64
10/25/2018 04:00:00 PM,221,64,157
10/25/2018 05:00:00 PM,439,110,329
10/25/2018 06:00:00 PM,239,62,177
10/25/2018 07:00:00 PM,117,35,82
10/25/2018 08:00:00 PM,48,11,37
10/25/2018 09:00:00 PM,49,8,41
10/25/2018 10:00:00 PM,17,8,9
10/25/2018 11:00:00 PM,12,4,8
10/26/2018 12:00:00 AM,4,4,0
10/26/2018 01:00:00 AM,5,1,4
10/26/2018 02:00:00 AM,0,0,0
10/26/2018 03:00:00 AM,1,1,0
10/26/2018 04:00:00 AM,11,5,6
10/26/2018 05:00:00 AM,21,11,10
10/26/2018 06:00:00 AM,101,57,44
10/26/2018 07:00:00 AM,252,121,131
10/26/2018 08:00:00 AM,391,168,223
10/26/2018 09:00:00 AM,205,104,101
10/26/2018 10:00:00 AM,77,39,38
10/26/2018 11:00:00 AM,50,23,27
10/26/2018 12:00:00 PM,59,27,32
10/26/2018 01:00:00 PM,97,32,65
10/26/2018 02:00:00 PM,104,45,59
10/26/2018 03:00:00 PM,143,65,78
10/26/2018 04:00:00 PM,283,80,203
10/26/2018 05:00:00 PM,442,121,321
10/26/2018 06:00:00 PM,216,67,149
10/26/2018 07:00:00 PM,91,27,64
10/26/2018 08:00:00 PM,39,15,24
10/26/2018 09:00:00 PM,36,19,17
10/26/2018 10:00:00 PM,29,12,17
10/26/2018 11:00:00 PM,16,6,10
10/27/2018 12:00:00 AM,19,7,12
10/27/2018 01:00:00 AM,8,3,5
10/27/2018 02:00:00 AM,7,3,4
10/27/2018 03:00:00 AM,4,1,3
10/27/2018 04:00:00 AM,7,2,5
10/27/2018 05:00:00 AM,16,4,12
10/27/2018 06:00:00 AM,15,5,10
10/27/2018 07:00:00 AM,24,9,15
10/27/2018 08:00:00 AM,69,35,34
10/27/2018 09:00:00 AM,61,26,35
10/27/2018 10:00:00 AM,89,55,34
10/27/2018 11:00:00 AM,87,50,37
10/27/2018 12:00:00 PM,131,66,65
10/27/2018 01:00:00 PM,146,84,62
10/27/2018 02:00:00 PM,138,82,56
10/27/2018 03:00:00 PM,93,46,47
10/27/2018 04:00:00 PM,69,26,43
10/27/2018 05:00:00 PM,44,25,19
10/27/2018 06:00:00 PM,26,11,15
10/27/2018 07:00:00 PM,16,7,9
10/27/2018 08:00:00 PM,6,6,0
10/27/2018 09:00:00 PM,8,3,5
10/27/2018 10:00:00 PM,7,4,3
10/27/2018 11:00:00 PM,7,1,6
10/28/2018 12:00:00 AM,8,4,4
10/28/2018 01:00:00 AM,8,2,6
10/28/2018 02:00:00 AM,2,1,1
10/28/2018 03:00:00 AM,4,2,2
10/28/2018 04:00:00 AM,2,0,2
10/28/2018 05:00:00 AM,3,1,2
10/28/2018 06:00:00 AM,6,4,2
10/28/2018 07:00:00 AM,8,4,4
10/28/2018 08:00:00 AM,29,11,18
10/28/2018 09:00:00 AM,37,14,23
10/28/2018 10:00:00 AM,42,20,22
10/28/2018 11:00:00 AM,42,19,23
10/28/2018 12:00:00 PM,66,36,30
10/28/2018 01:00:00 PM,88,37,51
10/28/2018 02:00:00 PM,73,38,35
10/28/2018 03:00:00 PM,58,27,31
10/28/2018 04:00:00 PM,58,26,32
10/28/2018 05:00:00 PM,33,20,13
10/28/2018 06:00:00 PM,17,10,7
10/28/2018 07:00:00 PM,9,3,6
10/28/2018 08:00:00 PM,13,9,4
10/28/2018 09:00:00 PM,10,1,9
10/28/2018 10:00:00 PM,9,5,4
10/28/2018 11:00:00 PM,8,3,5
10/29/2018 12:00:00 AM,0,0,0
10/29/2018 01:00:00 AM,1,0,1
10/29/2018 02:00:00 AM,3,3,0
10/29/2018 03:00:00 AM,1,0,1
10/29/2018 04:00:00 AM,18,9,9
10/29/2018 05:00:00 AM,32,20,12
10/29/2018 06:00:00 AM,140,70,70
10/29/2018 07:00:00 AM,304,149,155
10/29/2018 08:00:00 AM,510,248,262
10/29/2018 09:00:00 AM,274,140,134
10/29/2018 10:00:00 AM,115,59,56
10/29/2018 11:00:00 AM,60,26,34
10/29/2018 12:00:00 PM,66,31,35
10/29/2018 01:00:00 PM,73,39,34
10/29/2018 02:00:00 PM,55,24,31
10/29/2018 03:00:00 PM,110,38,72
10/29/2018 04:00:00 PM,273,70,203
10/29/2018 05:00:00 PM,551,138,413
10/29/2018 06:00:00 PM,302,80,222
10/29/2018 07:00:00 PM,145,40,105
10/29/2018 08:00:00 PM,69,27,42
10/29/2018 09:00:00 PM,33,12,21
10/29/2018 10:00:00 PM,21,11,10
10/29/2018 11:00:00 PM,17,8,9
10/30/2018 12:00:00 AM,10,8,2
10/30/2018 01:00:00 AM,4,1,3
10/30/2018 02:00:00 AM,4,3,1
10/30/2018 03:00:00 AM,1,1,0
10/30/2018 04:00:00 AM,16,9,7
10/30/2018 05:00:00 AM,30,16,14
10/30/2018 06:00:00 AM,147,73,74
10/30/2018 07:00:00 AM,345,164,181
10/30/2018 08:00:00 AM,546,256,290
10/30/2018 09:00:00 AM,264,121,143
10/30/2018 10:00:00 AM,104,47,57
10/30/2018 11:00:00 AM,71,41,30
10/30/2018 12:00:00 PM,72,35,37
10/30/2018 01:00:00 PM,86,32,54
10/30/2018 02:00:00 PM,75,36,39
10/30/2018 03:00:00 PM,137,44,93
10/30/2018 04:00:00 PM,298,85,213
10/30/2018 05:00:00 PM,606,163,443
10/30/2018 06:00:00 PM,390,86,304
10/30/2018 07:00:00 PM,150,46,104
10/30/2018 08:00:00 PM,77,26,51
10/30/2018 09:00:00 PM,35,13,22
10/30/2018 10:00:00 PM,31,15,16
10/30/2018 11:00:00 PM,16,7,9
10/31/2018 12:00:00 AM,8,2,6
10/31/2018 01:00:00 AM,4,2,2
10/31/2018 02:00:00 AM,2,0,2
10/31/2018 03:00:00 AM,2,2,0
10/31/2018 04:00:00 AM,10,4,6
10/31/2018 05:00:00 AM,33,18,15
10/31/2018 06:00:00 AM,117,62,55
10/31/2018 07:00:00 AM,326,163,163
10/31/2018 08:00:00 AM,465,210,255
10/31/2018 09:00:00 AM,228,101,127
10/31/2018 10:00:00 AM,97,40,57
10/31/2018 11:00:00 AM,62,30,32
10/31/2018 12:00:00 PM,55,25,30
10/31/2018 01:00:00 PM,76,28,48
10/31/2018 02:00:00 PM,87,32,55
10/31/2018 03:00:00 PM,156,56,100
10/31/2018 04:00:00 PM,347,79,268
10/31/2018 05:00:00 PM,481,116,365
10/31/2018 06:00:00 PM,253,77,176
10/31/2018 07:00:00 PM,81,23,58
10/31/2018 08:00:00 PM,47,16,31
10/31/2018 09:00:00 PM,34,15,19
10/31/2018 10:00:00 PM,27,12,15
10/31/2018 11:00:00 PM,20,9,11
11/01/2018 12:00:00 AM,7,1,6
11/01/2018 01:00:00 AM,2,0,2
11/01/2018 02:00:00 AM,3,2,1
11/01/2018 03:00:00 AM,4,3,1
11/01/2018 04:00:00 AM,11,5,6
11/01/2018 05:00:00 AM,28,11,17
11/01/2018 06:00:00 AM,119,57,62
11/01/2018 07:00:00 AM,306,146,160
11/01/2018 08:00:00 AM,503,240,263
11/01/2018 09:00:00 AM,251,122,129
11/01/2018 10:00:00 AM,85,39,46
11/01/2018 11:00:00 AM,64,35,29
11/01/2018 12:00:00 PM,69,37,32
11/01/2018 01:00:00 PM,47,24,23
11/01/2018 02:00:00 PM,72,19,53
11/01/2018 03:00:00 PM,116,46,70
11/01/2018 04:00:00 PM,261,70,191
11/01/2018 05:00:00 PM,500,130,370
11/01/2018 06:00:00 PM,325,84,241
11/01/2018 07:00:00 PM,165,44,121
11/01/2018 08:00:00 PM,68,23,45
11/01/2018 09:00:00 PM,40,17,23
11/01/2018 10:00:00 PM,29,8,21
11/01/2018 11:00:00 PM,13,4,9
11/02/2018 12:00:00 AM,3,2,1
11/02/2018 01:00:00 AM,4,1,3
11/02/2018 02:00:00 AM,1,0,1
11/02/2018 03:00:00 AM,1,1,0
11/02/2018 04:00:00 AM,10,4,6
11/02/2018 05:00:00 AM,25,15,10
11/02/2018 06:00:00 AM,86,40,46
11/02/2018 07:00:00 AM,270,127,143
11/02/2018 08:00:00 AM,458,211,247
11/02/2018 09:00:00 AM,211,100,111
11/02/2018 10:00:00 AM,83,36,47
11/02/2018 11:00:00 AM,52,24,28
11/02/2018 12:00:00 PM,73,38,35
11/02/2018 01:00:00 PM,54,19,35
11/02/2018 02:00:00 PM,97,37,60
11/02/2018 03:00:00 PM,137,44,93
11/02/2018 04:00:00 PM,287,71,216
11/02/2018 05:00:00 PM,492,120,372
11/02/2018 06:00:00 PM,264,77,187
11/02/2018 07:00:00 PM,89,25,64
11/02/2018 08:00:00 PM,46,14,32
11/02/2018 09:00:00 PM,28,9,19
11/02/2018 10:00:00 PM,23,6,17
11/02/2018 11:00:00 PM,23,8,15
11/03/2018 12:00:00 AM,20,9,11
11/03/2018 01:00:00 AM,7,1,6
11/03/2018 02:00:00 AM,6,4,2
11/03/2018 03:00:00 AM,4,2,2
11/03/2018 04:00:00 AM,8,1,7
11/03/2018 05:00:00 AM,3,1,2
11/03/2018 06:00:00 AM,14,5,9
11/03/2018 07:00:00 AM,25,10,15
11/03/2018 08:00:00 AM,39,22,17
11/03/2018 09:00:00 AM,49,24,25
11/03/2018 10:00:00 AM,48,30,18
11/03/2018 11:00:00 AM,57,33,24
11/03/2018 12:00:00 PM,58,33,25
11/03/2018 01:00:00 PM,40,22,18
11/03/2018 02:00:00 PM,36,19,17
11/03/2018 03:00:00 PM,48,18,30
11/03/2018 04:00:00 PM,49,22,27
11/03/2018 05:00:00 PM,59,31,28
11/03/2018 06:00:00 PM,21,9,12
11/03/2018 07:00:00 PM,20,11,9
11/03/2018 08:00:00 PM,17,8,9
11/03/2018 09:00:00 PM,16,6,10
11/03/2018 10:00:00 PM,24,14,10
11/03/2018 11:00:00 PM,13,7,6
11/04/2018 12:00:00 AM,3,1,2
11/04/2018 01:00:00 AM,9,5,4
11/04/2018 02:00:00 AM,0,0,0
11/04/2018 03:00:00 AM,1,0,1
11/04/2018 04:00:00 AM,5,1,4
11/04/2018 05:00:00 AM,7,3,4
11/04/2018 06:00:00 AM,11,8,3
11/04/2018 07:00:00 AM,22,15,7
11/04/2018 08:00:00 AM,55,28,27
11/04/2018 09:00:00 AM,83,44,39
11/04/2018 10:00:00 AM,106,53,53
11/04/2018 11:00:00 AM,124,70,54
11/04/2018 12:00:00 PM,110,54,56
11/04/2018 01:00:00 PM,150,77,73
11/04/2018 02:00:00 PM,136,61,75
11/04/2018 03:00:00 PM,115,62,53
11/04/2018 04:00:00 PM,115,53,62
11/04/2018 05:00:00 PM,60,25,35
11/04/2018 06:00:00 PM,40,18,22
11/04/2018 07:00:00 PM,23,12,11
11/04/2018 08:00:00 PM,9,5,4
11/04/2018 09:00:00 PM,13,2,11
11/04/2018 10:00:00 PM,11,3,8
11/04/2018 11:00:00 PM,12,9,3
11/05/2018 12:00:00 AM,7,4,3
11/05/2018 01:00:00 AM,1,0,1
11/05/2018 02:00:00 AM,1,1,0
11/05/2018 03:00:00 AM,3,1,2
11/05/2018 04:00:00 AM,0,0,0
11/05/2018 05:00:00 AM,45,26,19
11/05/2018 06:00:00 AM,142,81,61
11/05/2018 07:00:00 AM,366,179,187
11/05/2018 08:00:00 AM,536,262,274
11/05/2018 09:00:00 AM,242,108,134
11/05/2018 10:00:00 AM,95,43,52
11/05/2018 11:00:00 AM,53,24,29
11/05/2018 12:00:00 PM,75,32,43
11/05/2018 01:00:00 PM,66,30,36
11/05/2018 02:00:00 PM,88,31,57
11/05/2018 03:00:00 PM,133,54,79
11/05/2018 04:00:00 PM,297,79,218
11/05/2018 05:00:00 PM,571,141,430
11/05/2018 06:00:00 PM,315,67,248
11/05/2018 07:00:00 PM,117,34,83
11/05/2018 08:00:00 PM,68,26,42
11/05/2018 09:00:00 PM,50,26,24
11/05/2018 10:00:00 PM,24,11,13
11/05/2018 11:00:00 PM,12,4,8
11/06/2018 12:00:00 AM,3,0,3
11/06/2018 01:00:00 AM,1,0,1
11/06/2018 02:00:00 AM,1,1,0
11/06/2018 03:00:00 AM,3,1,2
11/06/2018 04:00:00 AM,9,6,3
11/06/2018 05:00:00 AM,38,19,19
11/06/2018 06:00:00 AM,150,77,73
11/06/2018 07:00:00 AM,449,222,227
11/06/2018 08:00:00 AM,539,256,283
11/06/2018 09:00:00 AM,213,107,106
11/06/2018 10:00:00 AM,91,42,49
11/06/2018 11:00:00 AM,64,28,36
11/06/2018 12:00:00 PM,87,42,45
11/06/2018 01:00:00 PM,73,29,44
11/06/2018 02:00:00 PM,92,45,47
11/06/2018 03:00:00 PM,143,65,78
11/06/2018 04:00:00 PM,347,93,254
11/06/2018 05:00:00 PM,596,134,462
11/06/2018 06:00:00 PM,351,84,267
11/06/2018 07:00:00 PM,115,35,80
11/06/2018 08:00:00 PM,79,35,44
11/06/2018 09:00:00 PM,47,13,34
11/06/2018 10:00:00 PM,36,13,23
11/06/2018 11:00:00 PM,12,1,11
11/07/2018 12:00:00 AM,6,3,3
11/07/2018 01:00:00 AM,2,0,2
11/07/2018 02:00:00 AM,1,0,1
11/07/2018 03:00:00 AM,2,1,1
11/07/2018 04:00:00 AM,10,7,3
11/07/2018 05:00:00 AM,41,23,18
11/07/2018 06:00:00 AM,149,82,67
11/07/2018 07:00:00 AM,383,191,192
11/07/2018 08:00:00 AM,532,251,281
11/07/2018 09:00:00 AM,277,132,145
11/07/2018 10:00:00 AM,111,53,58
11/07/2018 11:00:00 AM,79,29,50
11/07/2018 12:00:00 PM,75,34,41
11/07/2018 01:00:00 PM,91,38,53
11/07/2018 02:00:00 PM,86,42,44
11/07/2018 03:00:00 PM,139,59,80
11/07/2018 04:00:00 PM,346,98,248
11/07/2018 05:00:00 PM,556,133,423
11/07/2018 06:00:00 PM,366,90,276
11/07/2018 07:00:00 PM,136,49,87
11/07/2018 08:00:00 PM,62,12,50
11/07/2018 09:00:00 PM,41,8,33
11/07/2018 10:00:00 PM,32,9,23
11/07/2018 11:00:00 PM,15,3,12
11/08/2018 12:00:00 AM,3,2,1
11/08/2018 01:00:00 AM,8,2,6
11/08/2018 02:00:00 AM,1,1,0
11/08/2018 03:00:00 AM,4,2,2
11/08/2018 04:00:00 AM,10,5,5
11/08/2018 05:00:00 AM,41,21,20
11/08/2018 06:00:00 AM,131,70,61
11/08/2018 07:00:00 AM,332,166,166
11/08/2018 08:00:00 AM,471,241,230
11/08/2018 09:00:00 AM,241,102,139
11/08/2018 10:00:00 AM,82,29,53
11/08/2018 11:00:00 AM,91,39,52
11/08/2018 12:00:00 PM,71,37,34
11/08/2018 01:00:00 PM,95,38,57
11/08/2018 02:00:00 PM,111,36,75
11/08/2018 03:00:00 PM,177,83,94
11/08/2018 04:00:00 PM,317,93,224
11/08/2018 05:00:00 PM,525,130,395
11/08/2018 06:00:00 PM,292,72,220
11/08/2018 07:00:00 PM,134,34,100
11/08/2018 08:00:00 PM,68,14,54
11/08/2018 09:00:00 PM,64,26,38
11/08/2018 10:00:00 PM,26,12,14
11/08/2018 11:00:00 PM,32,8,24
11/09/2018 12:00:00 AM,12,2,10
11/09/2018 01:00:00 AM,3,1,2
11/09/2018 02:00:00 AM,1,0,1
11/09/2018 03:00:00 AM,3,1,2
11/09/2018 04:00:00 AM,13,5,8
11/09/2018 05:00:00 AM,25,16,9
11/09/2018 06:00:00 AM,98,52,46
11/09/2018 07:00:00 AM,268,133,135
11/09/2018 08:00:00 AM,406,197,209
11/09/2018 09:00:00 AM,178,79,99
11/09/2018 10:00:00 AM,69,28,41
11/09/2018 11:00:00 AM,35,11,24
11/09/2018 12:00:00 PM,37,20,17
11/09/2018 01:00:00 PM,65,24,41
11/09/2018 02:00:00 PM,77,17,60
11/09/2018 03:00:00 PM,133,51,82
11/09/2018 04:00:00 PM,262,58,204
11/09/2018 05:00:00 PM,389,100,289
11/09/2018 06:00:00 PM,228,44,184
11/09/2018 07:00:00 PM,94,32,62
11/09/2018 08:00:00 PM,35,12,23
11/09/2018 09:00:00 PM,26,6,20
11/09/2018 10:00:00 PM,27,11,16
11/09/2018 11:00:00 PM,15,4,11
11/10/2018 12:00:00 AM,10,5,5
11/10/2018 01:00:00 AM,7,3,4
11/10/2018 02:00:00 AM,4,3,1
11/10/2018 03:00:00 AM,2,1,1
11/10/2018 04:00:00 AM,4,1,3
11/10/2018 05:00:00 AM,9,2,7
11/10/2018 06:00:00 AM,17,7,10
11/10/2018 07:00:00 AM,29,14,15
11/10/2018 08:00:00 AM,57,33,24
11/10/2018 09:00:00 AM,69,37,32
11/10/2018 10:00:00 AM,71,42,29
11/10/2018 11:00:00 AM,98,50,48
11/10/2018 12:00:00 PM,100,46,54
11/10/2018 01:00:00 PM,124,64,60
11/10/2018 02:00:00 PM,123,62,61
11/10/2018 03:00:00 PM,121,60,61
11/10/2018 04:00:00 PM,120,55,65
11/10/2018 05:00:00 PM,55,20,35
11/10/2018 06:00:00 PM,46,20,26
11/10/2018 07:00:00 PM,18,4,14
11/10/2018 08:00:00 PM,19,7,12
11/10/2018 09:00:00 PM,27,4,23
11/10/2018 10:00:00 PM,11,7,4
11/10/2018 11:00:00 PM,23,6,17
11/11/2018 12:00:00 AM,7,2,5
11/11/2018 01:00:00 AM,6,3,3
11/11/2018 02:00:00 AM,4,0,4
11/11/2018 03:00:00 AM,0,0,0
11/11/2018 04:00:00 AM,4,1,3
11/11/2018 05:00:00 AM,5,2,3
11/11/2018 06:00:00 AM,9,4,5
11/11/2018 07:00:00 AM,24,13,11
11/11/2018 08:00:00 AM,55,22,33
11/11/2018 09:00:00 AM,42,26,16
11/11/2018 10:00:00 AM,88,48,40
11/11/2018 11:00:00 AM,120,62,58
11/11/2018 12:00:00 PM,135,63,72
11/11/2018 01:00:00 PM,141,73,68
11/11/2018 02:00:00 PM,121,62,59
11/11/2018 03:00:00 PM,115,63,52
11/11/2018 04:00:00 PM,82,44,38
11/11/2018 05:00:00 PM,48,16,32
11/11/2018 06:00:00 PM,40,15,25
11/11/2018 07:00:00 PM,19,10,9
11/11/2018 08:00:00 PM,20,9,11
11/11/2018 09:00:00 PM,15,9,6
11/11/2018 10:00:00 PM,10,6,4
11/11/2018 11:00:00 PM,10,2,8
11/12/2018 12:00:00 AM,7,3,4
11/12/2018 01:00:00 AM,5,2,3
11/12/2018 02:00:00 AM,0,0,0
11/12/2018 03:00:00 AM,1,1,0
11/12/2018 04:00:00 AM,10,5,5
11/12/2018 05:00:00 AM,31,14,17
11/12/2018 06:00:00 AM,92,51,41
11/12/2018 07:00:00 AM,248,113,135
11/12/2018 08:00:00 AM,410,204,206
11/12/2018 09:00:00 AM,235,97,138
11/12/2018 10:00:00 AM,106,41,65
11/12/2018 11:00:00 AM,90,44,46
11/12/2018 12:00:00 PM,69,34,35
11/12/2018 01:00:00 PM,100,52,48
11/12/2018 02:00:00 PM,113,55,58
11/12/2018 03:00:00 PM,171,74,97
11/12/2018 04:00:00 PM,283,71,212
11/12/2018 05:00:00 PM,425,96,329
11/12/2018 06:00:00 PM,285,69,216
11/12/2018 07:00:00 PM,85,21,64
11/12/2018 08:00:00 PM,49,20,29
11/12/2018 09:00:00 PM,28,6,22
11/12/2018 10:00:00 PM,19,8,11
11/12/2018 11:00:00 PM,10,2,8
11/13/2018 12:00:00 AM,2,0,2
11/13/2018 01:00:00 AM,0,0,0
11/13/2018 02:00:00 AM,3,2,1
11/13/2018 03:00:00 AM,2,1,1
11/13/2018 04:00:00 AM,10,5,5
11/13/2018 05:00:00 AM,35,19,16
11/13/2018 06:00:00 AM,151,77,74
11/13/2018 07:00:00 AM,331,159,172
11/13/2018 08:00:00 AM,550,269,281
11/13/2018 09:00:00 AM,282,137,145
11/13/2018 10:00:00 AM,108,37,71
11/13/2018 11:00:00 AM,75,33,42
11/13/2018 12:00:00 PM,68,35,33
11/13/2018 01:00:00 PM,75,24,51
11/13/2018 02:00:00 PM,102,38,64
11/13/2018 03:00:00 PM,168,66,102
11/13/2018 04:00:00 PM,331,93,238
11/13/2018 05:00:00 PM,525,117,408
11/13/2018 06:00:00 PM,338,86,252
11/13/2018 07:00:00 PM,153,43,110
11/13/2018 08:00:00 PM,81,27,54
11/13/2018 09:00:00 PM,36,12,24
11/13/2018 10:00:00 PM,21,7,14
11/13/2018 11:00:00 PM,10,3,7
11/14/2018 12:00:00 AM,5,1,4
11/14/2018 01:00:00 AM,1,0,1
11/14/2018 02:00:00 AM,3,0,3
11/14/2018 03:00:00 AM,3,1,2
11/14/2018 04:00:00 AM,5,4,1
11/14/2018 05:00:00 AM,27,14,13
11/14/2018 06:00:00 AM,129,72,57
11/14/2018 07:00:00 AM,284,141,143
11/14/2018 08:00:00 AM,395,170,225
11/14/2018 09:00:00 AM,228,104,124
11/14/2018 10:00:00 AM,81,40,41
11/14/2018 11:00:00 AM,54,27,27
11/14/2018 12:00:00 PM,48,25,23
11/14/2018 01:00:00 PM,65,22,43
11/14/2018 02:00:00 PM,60,28,32
11/14/2018 03:00:00 PM,113,42,71
11/14/2018 04:00:00 PM,248,65,183
11/14/2018 05:00:00 PM,428,95,333
11/14/2018 06:00:00 PM,305,87,218
11/14/2018 07:00:00 PM,104,23,81
11/14/2018 08:00:00 PM,63,32,31
11/14/2018 09:00:00 PM,50,19,31
11/14/2018 10:00:00 PM,25,8,17
11/14/2018 11:00:00 PM,14,7,7
11/15/2018 12:00:00 AM,4,3,1
11/15/2018 01:00:00 AM,1,0,1
11/15/2018 02:00:00 AM,5,1,4
11/15/2018 03:00:00 AM,1,1,0
11/15/2018 04:00:00 AM,10,7,3
11/15/2018 05:00:00 AM,33,14,19
11/15/2018 06:00:00 AM,119,65,54
11/15/2018 07:00:00 AM,304,148,156
11/15/2018 08:00:00 AM,483,243,240
11/15/2018 09:00:00 AM,245,127,118
11/15/2018 10:00:00 AM,101,43,58
11/15/2018 11:00:00 AM,71,27,44
11/15/2018 12:00:00 PM,82,42,40
11/15/2018 01:00:00 PM,83,34,49
11/15/2018 02:00:00 PM,87,30,57
11/15/2018 03:00:00 PM,147,56,91
11/15/2018 04:00:00 PM,305,79,226
11/15/2018 05:00:00 PM,508,115,393
11/15/2018 06:00:00 PM,307,81,226
11/15/2018 07:00:00 PM,149,41,108
11/15/2018 08:00:00 PM,85,19,66
11/15/2018 09:00:00 PM,56,15,41
11/15/2018 10:00:00 PM,31,8,23
11/15/2018 11:00:00 PM,18,4,14
11/16/2018 12:00:00 AM,6,1,5
11/16/2018 01:00:00 AM,5,2,3
11/16/2018 02:00:00 AM,3,2,1
11/16/2018 03:00:00 AM,1,1,0
11/16/2018 04:00:00 AM,9,3,6
11/16/2018 05:00:00 AM,28,14,14
11/16/2018 06:00:00 AM,122,65,57
11/16/2018 07:00:00 AM,258,128,130
11/16/2018 08:00:00 AM,452,227,225
11/16/2018 09:00:00 AM,224,101,123
11/16/2018 10:00:00 AM,86,32,54
11/16/2018 11:00:00 AM,70,33,37
11/16/2018 12:00:00 PM,71,23,48
11/16/2018 01:00:00 PM,73,31,42
11/16/2018 02:00:00 PM,85,34,51
11/16/2018 03:00:00 PM,162,51,111
11/16/2018 04:00:00 PM,325,79,246
11/16/2018 05:00:00 PM,434,110,324
11/16/2018 06:00:00 PM,255,74,181
11/16/2018 07:00:00 PM,86,22,64
11/16/2018 08:00:00 PM,69,22,47
11/16/2018 09:00:00 PM,40,17,23
11/16/2018 10:00:00 PM,27,11,16
11/16/2018 11:00:00 PM,27,12,15
11/17/2018 12:00:00 AM,28,12,16
11/17/2018 01:00:00 AM,14,8,6
11/17/2018 02:00:00 AM,3,1,2
11/17/2018 03:00:00 AM,7,2,5
11/17/2018 04:00:00 AM,3,0,3
11/17/2018 05:00:00 AM,5,2,3
11/17/2018 06:00:00 AM,21,9,12
11/17/2018 07:00:00 AM,37,16,21
11/17/2018 08:00:00 AM,77,34,43
11/17/2018 09:00:00 AM,73,39,34
11/17/2018 10:00:00 AM,125,66,59
11/17/2018 11:00:00 AM,175,83,92
11/17/2018 12:00:00 PM,144,71,73
11/17/2018 01:00:00 PM,178,84,94
11/17/2018 02:00:00 PM,200,107,93
11/17/2018 03:00:00 PM,186,111,75
11/17/2018 04:00:00 PM,154,75,79
11/17/2018 05:00:00 PM,80,35,45
11/17/2018 06:00:00 PM,48,24,24
11/17/2018 07:00:00 PM,29,19,10
11/17/2018 08:00:00 PM,31,12,19
11/17/2018 09:00:00 PM,17,8,9
11/17/2018 10:00:00 PM,23,11,12
11/17/2018 11:00:00 PM,15,8,7
11/18/2018 12:00:00 AM,11,4,7
11/18/2018 01:00:00 AM,9,5,4
11/18/2018 02:00:00 AM,0,0,0
11/18/2018 03:00:00 AM,2,1,1
11/18/2018 04:00:00 AM,3,0,3
11/18/2018 05:00:00 AM,6,2,4
11/18/2018 06:00:00 AM,17,8,9
11/18/2018 07:00:00 AM,21,14,7
11/18/2018 08:00:00 AM,76,35,41
11/18/2018 09:00:00 AM,76,32,44
11/18/2018 10:00:00 AM,112,51,61
11/18/2018 11:00:00 AM,128,67,61
11/18/2018 12:00:00 PM,160,77,83
11/18/2018 01:00:00 PM,186,85,101
11/18/2018 02:00:00 PM,168,85,83
11/18/2018 03:00:00 PM,140,81,59
11/18/2018 04:00:00 PM,104,55,49
11/18/2018 05:00:00 PM,69,45,24
11/18/2018 06:00:00 PM,43,21,22
11/18/2018 07:00:00 PM,19,8,11
11/18/2018 08:00:00 PM,28,9,19
11/18/2018 09:00:00 PM,11,6,5
11/18/2018 10:00:00 PM,5,5,0
11/18/2018 11:00:00 PM,7,6,1
11/19/2018 12:00:00 AM,6,1,5
11/19/2018 01:00:00 AM,0,0,0
11/19/2018 02:00:00 AM,0,0,0
11/19/2018 03:00:00 AM,0,0,0
11/19/2018 04:00:00 AM,13,8,5
11/19/2018 05:00:00 AM,35,23,12
11/19/2018 06:00:00 AM,114,54,60
11/19/2018 07:00:00 AM,338,163,175
11/19/2018 08:00:00 AM,480,216,264
11/19/2018 09:00:00 AM,281,118,163
11/19/2018 10:00:00 AM,115,50,65
11/19/2018 11:00:00 AM,85,37,48
11/19/2018 12:00:00 PM,90,43,47
11/19/2018 01:00:00 PM,89,35,54
11/19/2018 02:00:00 PM,98,48,50
11/19/2018 03:00:00 PM,163,66,97
11/19/2018 04:00:00 PM,339,74,265
11/19/2018 05:00:00 PM,505,109,396
11/19/2018 06:00:00 PM,291,75,216
11/19/2018 07:00:00 PM,120,42,78
11/19/2018 08:00:00 PM,76,21,55
11/19/2018 09:00:00 PM,50,13,37
11/19/2018 10:00:00 PM,19,8,11
11/19/2018 11:00:00 PM,12,5,7
11/20/2018 12:00:00 AM,6,1,5
11/20/2018 01:00:00 AM,0,0,0
11/20/2018 02:00:00 AM,2,1,1
11/20/2018 03:00:00 AM,5,2,3
11/20/2018 04:00:00 AM,9,4,5
11/20/2018 05:00:00 AM,31,16,15
11/20/2018 06:00:00 AM,126,61,65
11/20/2018 07:00:00 AM,298,147,151
11/20/2018 08:00:00 AM,431,205,226
11/20/2018 09:00:00 AM,245,110,135
11/20/2018 10:00:00 AM,105,44,61
11/20/2018 11:00:00 AM,81,33,48
11/20/2018 12:00:00 PM,78,35,43
11/20/2018 01:00:00 PM,81,38,43
11/20/2018 02:00:00 PM,98,44,54
11/20/2018 03:00:00 PM,138,55,83
11/20/2018 04:00:00 PM,319,83,236
11/20/2018 05:00:00 PM,480,87,393
11/20/2018 06:00:00 PM,291,64,227
11/20/2018 07:00:00 PM,100,27,73
11/20/2018 08:00:00 PM,53,15,38
11/20/2018 09:00:00 PM,38,14,24
11/20/2018 10:00:00 PM,13,10,3
11/20/2018 11:00:00 PM,22,7,15
11/21/2018 12:00:00 AM,7,1,6
11/21/2018 01:00:00 AM,0,0,0
11/21/2018 02:00:00 AM,1,0,1
11/21/2018 03:00:00 AM,4,2,2
11/21/2018 04:00:00 AM,6,2,4
11/21/2018 05:00:00 AM,33,19,14
11/21/2018 06:00:00 AM,76,32,44
11/21/2018 07:00:00 AM,197,87,110
11/21/2018 08:00:00 AM,289,126,163
11/21/2018 09:00:00 AM,125,57,68
11/21/2018 10:00:00 AM,47,17,30
11/21/2018 11:00:00 AM,34,15,19
11/21/2018 12:00:00 PM,37,14,23
11/21/2018 01:00:00 PM,67,22,45
11/21/2018 02:00:00 PM,113,30,83
11/21/2018 03:00:00 PM,157,55,102
11/21/2018 04:00:00 PM,225,53,172
11/21/2018 05:00:00 PM,226,50,176
11/21/2018 06:00:00 PM,124,43,81
11/21/2018 07:00:00 PM,43,13,30
11/21/2018 08:00:00 PM,27,13,14
11/21/2018 09:00:00 PM,23,15,8
11/21/2018 10:00:00 PM,11,3,8
11/21/2018 11:00:00 PM,7,4,3
11/22/2018 12:00:00 AM,3,1,2
11/22/2018 01:00:00 AM,2,1,1
11/22/2018 02:00:00 AM,1,1,0
11/22/2018 03:00:00 AM,2,2,0
11/22/2018 04:00:00 AM,3,0,3
11/22/2018 05:00:00 AM,3,1,2
11/22/2018 06:00:00 AM,6,4,2
11/22/2018 07:00:00 AM,13,4,9
11/22/2018 08:00:00 AM,26,15,11
11/22/2018 09:00:00 AM,51,27,24
11/22/2018 10:00:00 AM,49,24,25
11/22/2018 11:00:00 AM,43,18,25
11/22/2018 12:00:00 PM,47,23,24
11/22/2018 01:00:00 PM,20,4,16
11/22/2018 02:00:00 PM,15,7,8
11/22/2018 03:00:00 PM,8,3,5
11/22/2018 04:00:00 PM,2,1,1
11/22/2018 05:00:00 PM,4,0,4
11/22/2018 06:00:00 PM,4,3,1
11/22/2018 07:00:00 PM,7,4,3
11/22/2018 08:00:00 PM,1,1,0
11/22/2018 09:00:00 PM,3,1,2
11/22/2018 10:00:00 PM,9,2,7
11/22/2018 11:00:00 PM,3,2,1
11/23/2018 12:00:00 AM,1,0,1
11/23/2018 01:00:00 AM,0,0,0
11/23/2018 02:00:00 AM,0,0,0
11/23/2018 03:00:00 AM,0,0,0
11/23/2018 04:00:00 AM,3,0,3
11/23/2018 05:00:00 AM,4,1,3
11/23/2018 06:00:00 AM,10,4,6
11/23/2018 07:00:00 AM,23,10,13
11/23/2018 08:00:00 AM,43,22,21
11/23/2018 09:00:00 AM,37,22,15
11/23/2018 10:00:00 AM,37,18,19
11/23/2018 11:00:00 AM,41,17,24
11/23/2018 12:00:00 PM,62,22,40
11/23/2018 01:00:00 PM,76,40,36
11/23/2018 02:00:00 PM,53,31,22
11/23/2018 03:00:00 PM,35,18,17
11/23/2018 04:00:00 PM,42,15,27
11/23/2018 05:00:00 PM,39,16,23
11/23/2018 06:00:00 PM,33,14,19
11/23/2018 07:00:00 PM,20,6,14
11/23/2018 08:00:00 PM,13,5,8
11/23/2018 09:00:00 PM,7,2,5
11/23/2018 10:00:00 PM,12,4,8
11/23/2018 11:00:00 PM,8,1,7
11/24/2018 12:00:00 AM,3,2,1
11/24/2018 01:00:00 AM,5,2,3
11/24/2018 02:00:00 AM,1,1,0
11/24/2018 03:00:00 AM,4,2,2
11/24/2018 04:00:00 AM,3,1,2
11/24/2018 05:00:00 AM,3,1,2
11/24/2018 06:00:00 AM,15,5,10
11/24/2018 07:00:00 AM,24,12,12
11/24/2018 08:00:00 AM,32,12,20
11/24/2018 09:00:00 AM,51,27,24
11/24/2018 10:00:00 AM,77,47,30
11/24/2018 11:00:00 AM,110,40,70
11/24/2018 12:00:00 PM,99,42,57
11/24/2018 01:00:00 PM,118,55,63
11/24/2018 02:00:00 PM,113,58,55
11/24/2018 03:00:00 PM,121,61,60
11/24/2018 04:00:00 PM,87,36,51
11/24/2018 05:00:00 PM,41,11,30
11/24/2018 06:00:00 PM,26,13,13
11/24/2018 07:00:00 PM,25,10,15
11/24/2018 08:00:00 PM,12,5,7
11/24/2018 09:00:00 PM,15,6,9
11/24/2018 10:00:00 PM,15,8,7
11/24/2018 11:00:00 PM,13,2,11
11/25/2018 12:00:00 AM,5,1,4
11/25/2018 01:00:00 AM,5,1,4
11/25/2018 02:00:00 AM,1,0,1
11/25/2018 03:00:00 AM,0,0,0
11/25/2018 04:00:00 AM,6,1,5
11/25/2018 05:00:00 AM,1,0,1
11/25/2018 06:00:00 AM,17,10,7
11/25/2018 07:00:00 AM,18,10,8
11/25/2018 08:00:00 AM,56,10,46
11/25/2018 09:00:00 AM,80,42,38
11/25/2018 10:00:00 AM,94,43,51
11/25/2018 11:00:00 AM,110,66,44
11/25/2018 12:00:00 PM,89,43,46
11/25/2018 01:00:00 PM,87,42,45
11/25/2018 02:00:00 PM,87,49,38
11/25/2018 03:00:00 PM,83,47,36
11/25/2018 04:00:00 PM,77,38,39
11/25/2018 05:00:00 PM,34,17,17
11/25/2018 06:00:00 PM,26,16,10
11/25/2018 07:00:00 PM,18,8,10
11/25/2018 08:00:00 PM,10,3,7
11/25/2018 09:00:00 PM,8,6,2
11/25/2018 10:00:00 PM,9,4,5
11/25/2018 11:00:00 PM,10,6,4
11/26/2018 12:00:00 AM,3,0,3
11/26/2018 01:00:00 AM,3,1,2
11/26/2018 02:00:00 AM,2,0,2
11/26/2018 03:00:00 AM,0,0,0
11/26/2018 04:00:00 AM,5,2,3
11/26/2018 05:00:00 AM,34,21,13
11/26/2018 06:00:00 AM,102,58,44
11/26/2018 07:00:00 AM,221,101,120
11/26/2018 08:00:00 AM,359,166,193
11/26/2018 09:00:00 AM,146,62,84
11/26/2018 10:00:00 AM,54,22,32
11/26/2018 11:00:00 AM,24,10,14
11/26/2018 12:00:00 PM,21,9,12
11/26/2018 01:00:00 PM,29,15,14
11/26/2018 02:00:00 PM,31,10,21
11/26/2018 03:00:00 PM,68,23,45
11/26/2018 04:00:00 PM,169,35,134
11/26/2018 05:00:00 PM,340,68,272
11/26/2018 06:00:00 PM,194,34,160
11/26/2018 07:00:00 PM,87,24,63
11/26/2018 08:00:00 PM,25,6,19
11/26/2018 09:00:00 PM,20,2,18
11/26/2018 10:00:00 PM,7,4,3
11/26/2018 11:00:00 PM,5,1,4
11/27/2018 12:00:00 AM,4,0,4
11/27/2018 01:00:00 AM,1,0,1
11/27/2018 02:00:00 AM,0,0,0
11/27/2018 03:00:00 AM,2,1,1
11/27/2018 04:00:00 AM,3,1,2
11/27/2018 05:00:00 AM,24,11,13
11/27/2018 06:00:00 AM,90,54,36
11/27/2018 07:00:00 AM,251,129,122
11/27/2018 08:00:00 AM,432,214,218
11/27/2018 09:00:00 AM,240,113,127
11/27/2018 10:00:00 AM,78,36,42
11/27/2018 11:00:00 AM,60,31,29
11/27/2018 12:00:00 PM,55,25,30
11/27/2018 01:00:00 PM,73,31,42
11/27/2018 02:00:00 PM,61,30,31
11/27/2018 03:00:00 PM,96,44,52
11/27/2018 04:00:00 PM,223,62,161
11/27/2018 05:00:00 PM,427,93,334
11/27/2018 06:00:00 PM,259,60,199
11/27/2018 07:00:00 PM,96,30,66
11/27/2018 08:00:00 PM,47,16,31
11/27/2018 09:00:00 PM,26,10,16
11/27/2018 10:00:00 PM,17,4,13
11/27/2018 11:00:00 PM,9,0,9
11/28/2018 12:00:00 AM,1,1,0
11/28/2018 01:00:00 AM,4,1,3
11/28/2018 02:00:00 AM,2,0,2
11/28/2018 03:00:00 AM,2,1,1
11/28/2018 04:00:00 AM,4,2,2
11/28/2018 05:00:00 AM,28,15,13
11/28/2018 06:00:00 AM,89,47,42
11/28/2018 07:00:00 AM,266,139,127
11/28/2018 08:00:00 AM,369,174,195
11/28/2018 09:00:00 AM,187,82,105
11/28/2018 10:00:00 AM,63,30,33
11/28/2018 11:00:00 AM,35,14,21
11/28/2018 12:00:00 PM,30,11,19
11/28/2018 01:00:00 PM,41,19,22
11/28/2018 02:00:00 PM,55,20,35
11/28/2018 03:00:00 PM,71,28,43
11/28/2018 04:00:00 PM,206,55,151
11/28/2018 05:00:00 PM,398,99,299
11/28/2018 06:00:00 PM,263,72,191
11/28/2018 07:00:00 PM,121,29,92
11/28/2018 08:00:00 PM,52,22,30
11/28/2018 09:00:00 PM,31,10,21
11/28/2018 10:00:00 PM,20,9,11
11/28/2018 11:00:00 PM,13,5,8
11/29/2018 12:00:00 AM,2,0,2
11/29/2018 01:00:00 AM,3,1,2
11/29/2018 02:00:00 AM,4,0,4
11/29/2018 03:00:00 AM,4,1,3
11/29/2018 04:00:00 AM,5,0,5
11/29/2018 05:00:00 AM,36,21,15
11/29/2018 06:00:00 AM,135,77,58
11/29/2018 07:00:00 AM,310,155,155
11/29/2018 08:00:00 AM,487,229,258
11/29/2018 09:00:00 AM,241,104,137
11/29/2018 10:00:00 AM,103,47,56
11/29/2018 11:00:00 AM,83,40,43
11/29/2018 12:00:00 PM,82,44,38
11/29/2018 01:00:00 PM,74,35,39
11/29/2018 02:00:00 PM,86,34,52
11/29/2018 03:00:00 PM,151,64,87
11/29/2018 04:00:00 PM,293,88,205
11/29/2018 05:00:00 PM,523,122,401
11/29/2018 06:00:00 PM,318,81,237
11/29/2018 07:00:00 PM,141,41,100
11/29/2018 08:00:00 PM,68,25,43
11/29/2018 09:00:00 PM,51,15,36
11/29/2018 10:00:00 PM,17,8,9
11/29/2018 11:00:00 PM,19,3,16
11/30/2018 12:00:00 AM,9,4,5
11/30/2018 01:00:00 AM,3,0,3
11/30/2018 02:00:00 AM,0,0,0
11/30/2018 03:00:00 AM,3,1,2
11/30/2018 04:00:00 AM,7,1,6
11/30/2018 05:00:00 AM,20,9,11
11/30/2018 06:00:00 AM,102,55,47
11/30/2018 07:00:00 AM,235,110,125
11/30/2018 08:00:00 AM,435,201,234
11/30/2018 09:00:00 AM,210,91,119
11/30/2018 10:00:00 AM,92,48,44
11/30/2018 11:00:00 AM,71,33,38
11/30/2018 12:00:00 PM,56,23,33
11/30/2018 01:00:00 PM,76,34,42
11/30/2018 02:00:00 PM,71,23,48
11/30/2018 03:00:00 PM,138,51,87
11/30/2018 04:00:00 PM,280,79,201
11/30/2018 05:00:00 PM,433,86,347
11/30/2018 06:00:00 PM,199,53,146
11/30/2018 07:00:00 PM,75,22,53
11/30/2018 08:00:00 PM,35,12,23
11/30/2018 09:00:00 PM,28,11,17
11/30/2018 10:00:00 PM,19,10,9
11/30/2018 11:00:00 PM,14,5,9
12/01/2018 12:00:00 AM,12,3,9
12/01/2018 01:00:00 AM,9,8,1
12/01/2018 02:00:00 AM,2,1,1
12/01/2018 03:00:00 AM,4,0,4
12/01/2018 04:00:00 AM,4,2,2
12/01/2018 05:00:00 AM,3,1,2
12/01/2018 06:00:00 AM,18,7,11
12/01/2018 07:00:00 AM,26,12,14
12/01/2018 08:00:00 AM,46,26,20
12/01/2018 09:00:00 AM,57,34,23
12/01/2018 10:00:00 AM,58,31,27
12/01/2018 11:00:00 AM,66,33,33
12/01/2018 12:00:00 PM,65,20,45
12/01/2018 01:00:00 PM,74,43,31
12/01/2018 02:00:00 PM,54,22,32
12/01/2018 03:00:00 PM,67,34,33
12/01/2018 04:00:00 PM,52,18,34
12/01/2018 05:00:00 PM,48,23,25
12/01/2018 06:00:00 PM,31,16,15
12/01/2018 07:00:00 PM,14,9,5
12/01/2018 08:00:00 PM,18,8,10
12/01/2018 09:00:00 PM,17,8,9
12/01/2018 10:00:00 PM,19,11,8
12/01/2018 11:00:00 PM,10,4,6
12/02/2018 12:00:00 AM,5,0,5
12/02/2018 01:00:00 AM,6,1,5
12/02/2018 02:00:00 AM,4,0,4
12/02/2018 03:00:00 AM,1,0,1
12/02/2018 04:00:00 AM,4,2,2
12/02/2018 05:00:00 AM,4,1,3
12/02/2018 06:00:00 AM,9,2,7
12/02/2018 07:00:00 AM,26,12,14
12/02/2018 08:00:00 AM,47,25,22
12/02/2018 09:00:00 AM,47,23,24
12/02/2018 10:00:00 AM,56,25,31
12/02/2018 11:00:00 AM,52,37,15
12/02/2018 12:00:00 PM,61,36,25
12/02/2018 01:00:00 PM,57,33,24
12/02/2018 02:00:00 PM,74,31,43
12/02/2018 03:00:00 PM,68,31,37
12/02/2018 04:00:00 PM,61,30,31
12/02/2018 05:00:00 PM,40,17,23
12/02/2018 06:00:00 PM,27,12,15
12/02/2018 07:00:00 PM,20,8,12
12/02/2018 08:00:00 PM,16,8,8
12/02/2018 09:00:00 PM,9,3,6
12/02/2018 10:00:00 PM,7,3,4
12/02/2018 11:00:00 PM,4,0,4
12/03/2018 12:00:00 AM,2,0,2
12/03/2018 01:00:00 AM,1,1,0
12/03/2018 02:00:00 AM,1,1,0
12/03/2018 03:00:00 AM,0,0,0
12/03/2018 04:00:00 AM,8,4,4
12/03/2018 05:00:00 AM,32,19,13
12/03/2018 06:00:00 AM,130,69,61
12/03/2018 07:00:00 AM,281,149,132
12/03/2018 08:00:00 AM,524,251,273
12/03/2018 09:00:00 AM,246,95,151
12/03/2018 10:00:00 AM,80,28,52
12/03/2018 11:00:00 AM,54,32,22
12/03/2018 12:00:00 PM,71,33,38
12/03/2018 01:00:00 PM,71,37,34
12/03/2018 02:00:00 PM,85,38,47
12/03/2018 03:00:00 PM,141,54,87
12/03/2018 04:00:00 PM,261,61,200
12/03/2018 05:00:00 PM,508,115,393
12/03/2018 06:00:00 PM,340,79,261
12/03/2018 07:00:00 PM,131,41,90
12/03/2018 08:00:00 PM,63,27,36
12/03/2018 09:00:00 PM,37,12,25
12/03/2018 10:00:00 PM,14,4,10
12/03/2018 11:00:00 PM,10,6,4
12/04/2018 12:00:00 AM,6,2,4
12/04/2018 01:00:00 AM,0,0,0
12/04/2018 02:00:00 AM,2,1,1
12/04/2018 03:00:00 AM,3,2,1
12/04/2018 04:00:00 AM,9,3,6
12/04/2018 05:00:00 AM,26,12,14
12/04/2018 06:00:00 AM,116,59,57
12/04/2018 07:00:00 AM,286,156,130
12/04/2018 08:00:00 AM,428,202,226
12/04/2018 09:00:00 AM,258,106,152
12/04/2018 10:00:00 AM,101,54,47
12/04/2018 11:00:00 AM,73,29,44
12/04/2018 12:00:00 PM,68,37,31
12/04/2018 01:00:00 PM,64,27,37
12/04/2018 02:00:00 PM,80,41,39
12/04/2018 03:00:00 PM,105,42,63
12/04/2018 04:00:00 PM,278,81,197
12/04/2018 05:00:00 PM,460,96,364
12/04/2018 06:00:00 PM,282,73,209
12/04/2018 07:00:00 PM,126,30,96
12/04/2018 08:00:00 PM,58,18,40
12/04/2018 09:00:00 PM,33,8,25
12/04/2018 10:00:00 PM,21,8,13
12/04/2018 11:00:00 PM,10,2,8
12/05/2018 12:00:00 AM,2,1,1
12/05/2018 01:00:00 AM,2,1,1
12/05/2018 02:00:00 AM,1,0,1
12/05/2018 03:00:00 AM,3,1,2
12/05/2018 04:00:00 AM,4,2,2
12/05/2018 05:00:00 AM,23,15,8
12/05/2018 06:00:00 AM,110,56,54
12/05/2018 07:00:00 AM,283,135,148
12/05/2018 08:00:00 AM,378,173,205
12/05/2018 09:00:00 AM,203,81,122
12/05/2018 10:00:00 AM,84,35,49
12/05/2018 11:00:00 AM,66,43,23
12/05/2018 12:00:00 PM,79,37,42
12/05/2018 01:00:00 PM,62,26,36
12/05/2018 02:00:00 PM,95,39,56
12/05/2018 03:00:00 PM,118,45,73
12/05/2018 04:00:00 PM,235,59,176
12/05/2018 05:00:00 PM,436,113,323
12/05/2018 06:00:00 PM,258,80,178
12/05/2018 07:00:00 PM,108,27,81
12/05/2018 08:00:00 PM,77,24,53
12/05/2018 09:00:00 PM,38,13,25
12/05/2018 10:00:00 PM,38,11,27
12/05/2018 11:00:00 PM,14,4,10
12/06/2018 12:00:00 AM,2,0,2
12/06/2018 01:00:00 AM,1,1,0
12/06/2018 02:00:00 AM,2,0,2
12/06/2018 03:00:00 AM,1,1,0
12/06/2018 04:00:00 AM,7,4,3
12/06/2018 05:00:00 AM,30,20,10
12/06/2018 06:00:00 AM,100,55,45
12/06/2018 07:00:00 AM,233,108,125
12/06/2018 08:00:00 AM,392,172,220
12/06/2018 09:00:00 AM,232,102,130
12/06/2018 10:00:00 AM,89,37,52
12/06/2018 11:00:00 AM,62,26,36
12/06/2018 12:00:00 PM,48,23,25
12/06/2018 01:00:00 PM,67,32,35
12/06/2018 02:00:00 PM,73,30,43
12/06/2018 03:00:00 PM,135,55,80
12/06/2018 04:00:00 PM,229,67,162
12/06/2018 05:00:00 PM,381,84,297
12/06/2018 06:00:00 PM,252,72,180
12/06/2018 07:00:00 PM,126,33,93
12/06/2018 08:00:00 PM,66,22,44
12/06/2018 09:00:00 PM,35,8,27
12/06/2018 10:00:00 PM,21,4,17
12/06/2018 11:00:00 PM,8,3,5
12/07/2018 12:00:00 AM,6,2,4
12/07/2018 01:00:00 AM,3,1,2
12/07/2018 02:00:00 AM,4,1,3
12/07/2018 03:00:00 AM,3,2,1
12/07/2018 04:00:00 AM,8,3,5
12/07/2018 05:00:00 AM,18,10,8
12/07/2018 06:00:00 AM,86,35,51
12/07/2018 07:00:00 AM,207,101,106
12/07/2018 08:00:00 AM,366,159,207
12/07/2018 09:00:00 AM,223,92,131
12/07/2018 10:00:00 AM,87,43,44
12/07/2018 11:00:00 AM,78,39,39
12/07/2018 12:00:00 PM,60,33,27
12/07/2018 01:00:00 PM,64,25,39
12/07/2018 02:00:00 PM,103,46,57
12/07/2018 03:00:00 PM,120,37,83
12/07/2018 04:00:00 PM,262,64,198
12/07/2018 05:00:00 PM,381,90,291
12/07/2018 06:00:00 PM,169,49,120
12/07/2018 07:00:00 PM,80,28,52
12/07/2018 08:00:00 PM,38,19,19
12/07/2018 09:00:00 PM,15,2,13
12/07/2018 10:00:00 PM,27,13,14
12/07/2018 11:00:00 PM,22,8,14
12/08/2018 12:00:00 AM,5,2,3
12/08/2018 01:00:00 AM,5,1,4
12/08/2018 02:00:00 AM,6,3,3
12/08/2018 03:00:00 AM,2,0,2
12/08/2018 04:00:00 AM,6,0,6
12/08/2018 05:00:00 AM,3,0,3
12/08/2018 06:00:00 AM,10,5,5
12/08/2018 07:00:00 AM,19,6,13
12/08/2018 08:00:00 AM,48,17,31
12/08/2018 09:00:00 AM,40,25,15
12/08/2018 10:00:00 AM,37,20,17
12/08/2018 11:00:00 AM,85,41,44
12/08/2018 12:00:00 PM,86,38,48
12/08/2018 01:00:00 PM,83,43,40
12/08/2018 02:00:00 PM,99,55,44
12/08/2018 03:00:00 PM,84,38,46
12/08/2018 04:00:00 PM,78,36,42
12/08/2018 05:00:00 PM,34,19,15
12/08/2018 06:00:00 PM,28,13,15
12/08/2018 07:00:00 PM,20,8,12
12/08/2018 08:00:00 PM,17,11,6
12/08/2018 09:00:00 PM,12,3,9
12/08/2018 10:00:00 PM,8,4,4
12/08/2018 11:00:00 PM,11,5,6
12/09/2018 12:00:00 AM,7,2,5
12/09/2018 01:00:00 AM,3,0,3
12/09/2018 02:00:00 AM,6,1,5
12/09/2018 03:00:00 AM,0,0,0
12/09/2018 04:00:00 AM,4,1,3
12/09/2018 05:00:00 AM,4,0,4
12/09/2018 06:00:00 AM,12,6,6
12/09/2018 07:00:00 AM,14,7,7
12/09/2018 08:00:00 AM,19,6,13
12/09/2018 09:00:00 AM,21,12,9
12/09/2018 10:00:00 AM,25,14,11
12/09/2018 11:00:00 AM,22,17,5
12/09/2018 12:00:00 PM,18,4,14
12/09/2018 01:00:00 PM,21,12,9
12/09/2018 02:00:00 PM,21,11,10
12/09/2018 03:00:00 PM,14,11,3
12/09/2018 04:00:00 PM,24,14,10
12/09/2018 05:00:00 PM,11,5,6
12/09/2018 06:00:00 PM,9,4,5
12/09/2018 07:00:00 PM,12,9,3
12/09/2018 08:00:00 PM,13,3,10
12/09/2018 09:00:00 PM,6,5,1
12/09/2018 10:00:00 PM,3,1,2
12/09/2018 11:00:00 PM,3,2,1
12/10/2018 12:00:00 AM,3,1,2
12/10/2018 01:00:00 AM,1,1,0
12/10/2018 02:00:00 AM,0,0,0
12/10/2018 03:00:00 AM,2,2,0
12/10/2018 04:00:00 AM,7,3,4
12/10/2018 05:00:00 AM,38,22,16
12/10/2018 06:00:00 AM,115,67,48
12/10/2018 07:00:00 AM,262,131,131
12/10/2018 08:00:00 AM,465,236,229
12/10/2018 09:00:00 AM,230,98,132
12/10/2018 10:00:00 AM,79,38,41
12/10/2018 11:00:00 AM,44,21,23
12/10/2018 12:00:00 PM,55,30,25
12/10/2018 01:00:00 PM,70,36,34
12/10/2018 02:00:00 PM,83,34,49
12/10/2018 03:00:00 PM,120,43,77
12/10/2018 04:00:00 PM,275,71,204
12/10/2018 05:00:00 PM,481,113,368
12/10/2018 06:00:00 PM,290,53,237
12/10/2018 07:00:00 PM,102,32,70
12/10/2018 08:00:00 PM,58,22,36
12/10/2018 09:00:00 PM,34,12,22
12/10/2018 10:00:00 PM,15,3,12
12/10/2018 11:00:00 PM,4,1,3
12/11/2018 12:00:00 AM,6,1,5
12/11/2018 01:00:00 AM,3,1,2
12/11/2018 02:00:00 AM,2,0,2
12/11/2018 03:00:00 AM,2,2,0
12/11/2018 04:00:00 AM,12,5,7
12/11/2018 05:00:00 AM,26,13,13
12/11/2018 06:00:00 AM,105,58,47
12/11/2018 07:00:00 AM,220,111,109
12/11/2018 08:00:00 AM,349,165,184
12/11/2018 09:00:00 AM,180,76,104
12/11/2018 10:00:00 AM,76,36,40
12/11/2018 11:00:00 AM,32,18,14
12/11/2018 12:00:00 PM,20,14,6
12/11/2018 01:00:00 PM,31,18,13
12/11/2018 02:00:00 PM,29,13,16
12/11/2018 03:00:00 PM,76,25,51
12/11/2018 04:00:00 PM,202,44,158
12/11/2018 05:00:00 PM,350,75,275
12/11/2018 06:00:00 PM,235,69,166
12/11/2018 07:00:00 PM,82,20,62
12/11/2018 08:00:00 PM,55,21,34
12/11/2018 09:00:00 PM,28,12,16
12/11/2018 10:00:00 PM,11,0,11
12/11/2018 11:00:00 PM,14,3,11
12/12/2018 12:00:00 AM,4,2,2
12/12/2018 01:00:00 AM,6,4,2
12/12/2018 02:00:00 AM,1,0,1
12/12/2018 03:00:00 AM,3,1,2
12/12/2018 04:00:00 AM,14,7,7
12/12/2018 05:00:00 AM,31,19,12
12/12/2018 06:00:00 AM,108,66,42
12/12/2018 07:00:00 AM,307,145,162
12/12/2018 08:00:00 AM,400,204,196
12/12/2018 09:00:00 AM,188,83,105
12/12/2018 10:00:00 AM,88,36,52
12/12/2018 11:00:00 AM,57,28,29
12/12/2018 12:00:00 PM,54,25,29
12/12/2018 01:00:00 PM,62,29,33
12/12/2018 02:00:00 PM,86,26,60
12/12/2018 03:00:00 PM,105,28,77
12/12/2018 04:00:00 PM,229,69,160
12/12/2018 05:00:00 PM,400,98,302
12/12/2018 06:00:00 PM,241,64,177
12/12/2018 07:00:00 PM,109,35,74
12/12/2018 08:00:00 PM,56,21,35
12/12/2018 09:00:00 PM,29,10,19
12/12/2018 10:00:00 PM,21,6,15
12/12/2018 11:00:00 PM,5,1,4
12/13/2018 12:00:00 AM,4,0,4
12/13/2018 01:00:00 AM,0,0,0
12/13/2018 02:00:00 AM,2,1,1
12/13/2018 03:00:00 AM,4,1,3
12/13/2018 04:00:00 AM,10,5,5
12/13/2018 05:00:00 AM,28,15,13
12/13/2018 06:00:00 AM,86,49,37
12/13/2018 07:00:00 AM,221,113,108
12/13/2018 08:00:00 AM,388,193,195
12/13/2018 09:00:00 AM,172,71,101
12/13/2018 10:00:00 AM,70,32,38
12/13/2018 11:00:00 AM,44,19,25
12/13/2018 12:00:00 PM,32,15,17
12/13/2018 01:00:00 PM,41,17,24
12/13/2018 02:00:00 PM,33,14,19
12/13/2018 03:00:00 PM,92,31,61
12/13/2018 04:00:00 PM,149,34,115
12/13/2018 05:00:00 PM,350,71,279
12/13/2018 06:00:00 PM,218,53,165
12/13/2018 07:00:00 PM,107,31,76
12/13/2018 08:00:00 PM,61,17,44
12/13/2018 09:00:00 PM,34,9,25
12/13/2018 10:00:00 PM,25,10,15
12/13/2018 11:00:00 PM,11,3,8
12/14/2018 12:00:00 AM,4,2,2
12/14/2018 01:00:00 AM,3,2,1
12/14/2018 02:00:00 AM,3,0,3
12/14/2018 03:00:00 AM,7,3,4
12/14/2018 04:00:00 AM,8,3,5
12/14/2018 05:00:00 AM,25,12,13
12/14/2018 06:00:00 AM,94,53,41
12/14/2018 07:00:00 AM,221,109,112
12/14/2018 08:00:00 AM,330,154,176
12/14/2018 09:00:00 AM,196,84,112
12/14/2018 10:00:00 AM,71,27,44
12/14/2018 11:00:00 AM,60,22,38
12/14/2018 12:00:00 PM,62,38,24
12/14/2018 01:00:00 PM,70,34,36
12/14/2018 02:00:00 PM,84,42,42
12/14/2018 03:00:00 PM,116,47,69
12/14/2018 04:00:00 PM,254,68,186
12/14/2018 05:00:00 PM,328,62,266
12/14/2018 06:00:00 PM,165,54,111
12/14/2018 07:00:00 PM,62,14,48
12/14/2018 08:00:00 PM,37,21,16
12/14/2018 09:00:00 PM,25,7,18
12/14/2018 10:00:00 PM,14,6,8
12/14/2018 11:00:00 PM,15,6,9
12/15/2018 12:00:00 AM,12,5,7
12/15/2018 01:00:00 AM,3,2,1
12/15/2018 02:00:00 AM,4,1,3
12/15/2018 03:00:00 AM,3,1,2
12/15/2018 04:00:00 AM,8,2,6
12/15/2018 05:00:00 AM,4,3,1
12/15/2018 06:00:00 AM,7,2,5
12/15/2018 07:00:00 AM,20,8,12
12/15/2018 08:00:00 AM,55,22,33
12/15/2018 09:00:00 AM,62,26,36
12/15/2018 10:00:00 AM,73,48,25
12/15/2018 11:00:00 AM,105,52,53
12/15/2018 12:00:00 PM,129,59,70
12/15/2018 01:00:00 PM,113,59,54
12/15/2018 02:00:00 PM,133,68,65
12/15/2018 03:00:00 PM,86,43,43
12/15/2018 04:00:00 PM,94,46,48
12/15/2018 05:00:00 PM,46,25,21
12/15/2018 06:00:00 PM,50,20,30
12/15/2018 07:00:00 PM,21,6,15
12/15/2018 08:00:00 PM,22,8,14
12/15/2018 09:00:00 PM,23,10,13
12/15/2018 10:00:00 PM,10,7,3
12/15/2018 11:00:00 PM,10,3,7
12/16/2018 12:00:00 AM,6,1,5
12/16/2018 01:00:00 AM,4,0,4
12/16/2018 02:00:00 AM,0,0,0
12/16/2018 03:00:00 AM,5,2,3
12/16/2018 04:00:00 AM,2,0,2
12/16/2018 05:00:00 AM,3,1,2
12/16/2018 06:00:00 AM,7,4,3
12/16/2018 07:00:00 AM,6,4,2
12/16/2018 08:00:00 AM,23,13,10
12/16/2018 09:00:00 AM,21,10,11
12/16/2018 10:00:00 AM,32,19,13
12/16/2018 11:00:00 AM,43,26,17
12/16/2018 12:00:00 PM,37,15,22
12/16/2018 01:00:00 PM,42,19,23
12/16/2018 02:00:00 PM,31,14,17
12/16/2018 03:00:00 PM,17,9,8
12/16/2018 04:00:00 PM,20,10,10
12/16/2018 05:00:00 PM,15,6,9
12/16/2018 06:00:00 PM,10,3,7
12/16/2018 07:00:00 PM,4,1,3
12/16/2018 08:00:00 PM,9,3,6
12/16/2018 09:00:00 PM,5,5,0
12/16/2018 10:00:00 PM,4,2,2
12/16/2018 11:00:00 PM,6,1,5
12/17/2018 12:00:00 AM,3,0,3
12/17/2018 01:00:00 AM,2,0,2
12/17/2018 02:00:00 AM,1,1,0
12/17/2018 03:00:00 AM,2,1,1
12/17/2018 04:00:00 AM,7,3,4
12/17/2018 05:00:00 AM,25,15,10
12/17/2018 06:00:00 AM,98,51,47
12/17/2018 07:00:00 AM,250,134,116
12/17/2018 08:00:00 AM,383,186,197
12/17/2018 09:00:00 AM,208,90,118
12/17/2018 10:00:00 AM,80,38,42
12/17/2018 11:00:00 AM,68,32,36
12/17/2018 12:00:00 PM,39,23,16
12/17/2018 01:00:00 PM,65,30,35
12/17/2018 02:00:00 PM,66,27,39
12/17/2018 03:00:00 PM,100,30,70
12/17/2018 04:00:00 PM,191,41,150
12/17/2018 05:00:00 PM,387,82,305
12/17/2018 06:00:00 PM,240,43,197
12/17/2018 07:00:00 PM,90,17,73
12/17/2018 08:00:00 PM,40,14,26
12/17/2018 09:00:00 PM,13,4,9
12/17/2018 10:00:00 PM,16,12,4
12/17/2018 11:00:00 PM,1,0,1
12/18/2018 12:00:00 AM,3,0,3
12/18/2018 01:00:00 AM,3,1,2
12/18/2018 02:00:00 AM,1,1,0
12/18/2018 03:00:00 AM,0,0,0
12/18/2018 04:00:00 AM,8,4,4
12/18/2018 05:00:00 AM,21,9,12
12/18/2018 06:00:00 AM,80,45,35
12/18/2018 07:00:00 AM,187,90,97
12/18/2018 08:00:00 AM,347,162,185
12/18/2018 09:00:00 AM,181,71,110
12/18/2018 10:00:00 AM,65,36,29
12/18/2018 11:00:00 AM,49,26,23
12/18/2018 12:00:00 PM,43,21,22
12/18/2018 01:00:00 PM,30,13,17
12/18/2018 02:00:00 PM,25,9,16
12/18/2018 03:00:00 PM,72,23,49
12/18/2018 04:00:00 PM,182,47,135
12/18/2018 05:00:00 PM,287,57,230
12/18/2018 06:00:00 PM,215,36,179
12/18/2018 07:00:00 PM,79,20,59
12/18/2018 08:00:00 PM,44,16,28
12/18/2018 09:00:00 PM,23,5,18
12/18/2018 10:00:00 PM,15,8,7
12/18/2018 11:00:00 PM,6,1,5
12/19/2018 12:00:00 AM,2,0,2
12/19/2018 01:00:00 AM,5,3,2
12/19/2018 02:00:00 AM,2,2,0
12/19/2018 03:00:00 AM,4,2,2
12/19/2018 04:00:00 AM,8,2,6
12/19/2018 05:00:00 AM,27,14,13
12/19/2018 06:00:00 AM,100,60,40
12/19/2018 07:00:00 AM,247,122,125
12/19/2018 08:00:00 AM,384,172,212
12/19/2018 09:00:00 AM,169,90,79
12/19/2018 10:00:00 AM,67,26,41
12/19/2018 11:00:00 AM,39,13,26
12/19/2018 12:00:00 PM,48,25,23
12/19/2018 01:00:00 PM,56,31,25
12/19/2018 02:00:00 PM,52,21,31
12/19/2018 03:00:00 PM,100,40,60
12/19/2018 04:00:00 PM,197,52,145
12/19/2018 05:00:00 PM,384,90,294
12/19/2018 06:00:00 PM,241,58,183
12/19/2018 07:00:00 PM,85,27,58
12/19/2018 08:00:00 PM,50,15,35
12/19/2018 09:00:00 PM,40,15,25
12/19/2018 10:00:00 PM,14,4,10
12/19/2018 11:00:00 PM,4,1,3
12/20/2018 12:00:00 AM,5,1,4
12/20/2018 01:00:00 AM,6,0,6
12/20/2018 02:00:00 AM,1,0,1
12/20/2018 03:00:00 AM,1,1,0
12/20/2018 04:00:00 AM,7,5,2
12/20/2018 05:00:00 AM,23,12,11
12/20/2018 06:00:00 AM,60,36,24
12/20/2018 07:00:00 AM,148,70,78
12/20/2018 08:00:00 AM,212,101,111
12/20/2018 09:00:00 AM,109,53,56
12/20/2018 10:00:00 AM,45,13,32
12/20/2018 11:00:00 AM,30,11,19
12/20/2018 12:00:00 PM,28,11,17
12/20/2018 01:00:00 PM,30,20,10
12/20/2018 02:00:00 PM,37,10,27
12/20/2018 03:00:00 PM,62,18,44
12/20/2018 04:00:00 PM,125,36,89
12/20/2018 05:00:00 PM,250,64,186
12/20/2018 06:00:00 PM,165,40,125
12/20/2018 07:00:00 PM,69,19,50
12/20/2018 08:00:00 PM,30,11,19
12/20/2018 09:00:00 PM,26,10,16
12/20/2018 10:00:00 PM,16,11,5
12/20/2018 11:00:00 PM,10,4,6
12/21/2018 12:00:00 AM,4,3,1
12/21/2018 01:00:00 AM,3,2,1
12/21/2018 02:00:00 AM,1,0,1
12/21/2018 03:00:00 AM,2,1,1
12/21/2018 04:00:00 AM,10,4,6
12/21/2018 05:00:00 AM,23,14,9
12/21/2018 06:00:00 AM,74,47,27
12/21/2018 07:00:00 AM,152,82,70
12/21/2018 08:00:00 AM,266,141,125
12/21/2018 09:00:00 AM,139,53,86
12/21/2018 10:00:00 AM,80,41,39
12/21/2018 11:00:00 AM,55,19,36
12/21/2018 12:00:00 PM,56,27,29
12/21/2018 01:00:00 PM,94,37,57
12/21/2018 02:00:00 PM,93,27,66
12/21/2018 03:00:00 PM,159,64,95
12/21/2018 04:00:00 PM,234,70,164
12/21/2018 05:00:00 PM,234,57,177
12/21/2018 06:00:00 PM,123,33,90
12/21/2018 07:00:00 PM,39,8,31
12/21/2018 08:00:00 PM,34,14,20
12/21/2018 09:00:00 PM,16,10,6
12/21/2018 10:00:00 PM,11,6,5
12/21/2018 11:00:00 PM,10,3,7
12/22/2018 12:00:00 AM,10,1,9
12/22/2018 01:00:00 AM,4,2,2
12/22/2018 02:00:00 AM,1,0,1
12/22/2018 03:00:00 AM,2,0,2
12/22/2018 04:00:00 AM,4,1,3
12/22/2018 05:00:00 AM,7,2,5
12/22/2018 06:00:00 AM,17,3,14
12/22/2018 07:00:00 AM,17,4,13
12/22/2018 08:00:00 AM,28,8,20
12/22/2018 09:00:00 AM,43,24,19
12/22/2018 10:00:00 AM,38,22,16
12/22/2018 11:00:00 AM,52,31,21
12/22/2018 12:00:00 PM,57,30,27
12/22/2018 01:00:00 PM,53,29,24
12/22/2018 02:00:00 PM,60,31,29
12/22/2018 03:00:00 PM,54,28,26
12/22/2018 04:00:00 PM,47,24,23
12/22/2018 05:00:00 PM,46,20,26
12/22/2018 06:00:00 PM,16,9,7
12/22/2018 07:00:00 PM,10,7,3
12/22/2018 08:00:00 PM,9,4,5
12/22/2018 09:00:00 PM,4,2,2
12/22/2018 10:00:00 PM,10,5,5
12/22/2018 11:00:00 PM,2,0,2
12/23/2018 12:00:00 AM,7,2,5
12/23/2018 01:00:00 AM,2,0,2
12/23/2018 02:00:00 AM,1,0,1
12/23/2018 03:00:00 AM,0,0,0
12/23/2018 04:00:00 AM,2,0,2
12/23/2018 05:00:00 AM,5,1,4
12/23/2018 06:00:00 AM,2,0,2
12/23/2018 07:00:00 AM,6,3,3
12/23/2018 08:00:00 AM,5,2,3
12/23/2018 09:00:00 AM,15,9,6
12/23/2018 10:00:00 AM,19,9,10
12/23/2018 11:00:00 AM,34,18,16
12/23/2018 12:00:00 PM,49,26,23
12/23/2018 01:00:00 PM,33,19,14
12/23/2018 02:00:00 PM,44,21,23
12/23/2018 03:00:00 PM,19,8,11
12/23/2018 04:00:00 PM,32,16,16
12/23/2018 05:00:00 PM,16,2,14
12/23/2018 06:00:00 PM,11,6,5
12/23/2018 07:00:00 PM,7,4,3
12/23/2018 08:00:00 PM,12,7,5
12/23/2018 09:00:00 PM,4,3,1
12/23/2018 10:00:00 PM,5,1,4
12/23/2018 11:00:00 PM,8,4,4
12/24/2018 12:00:00 AM,2,0,2
12/24/2018 01:00:00 AM,2,1,1
12/24/2018 02:00:00 AM,0,0,0
12/24/2018 03:00:00 AM,1,1,0
12/24/2018 04:00:00 AM,8,3,5
12/24/2018 05:00:00 AM,15,9,6
12/24/2018 06:00:00 AM,25,16,9
12/24/2018 07:00:00 AM,38,20,18
12/24/2018 08:00:00 AM,72,35,37
12/24/2018 09:00:00 AM,32,13,19
12/24/2018 10:00:00 AM,43,25,18
12/24/2018 11:00:00 AM,58,25,33
12/24/2018 12:00:00 PM,68,31,37
12/24/2018 01:00:00 PM,106,59,47
12/24/2018 02:00:00 PM,97,38,59
12/24/2018 03:00:00 PM,78,27,51
12/24/2018 04:00:00 PM,55,20,35
12/24/2018 05:00:00 PM,33,16,17
12/24/2018 06:00:00 PM,19,15,4
12/24/2018 07:00:00 PM,4,3,1
12/24/2018 08:00:00 PM,9,6,3
12/24/2018 09:00:00 PM,6,5,1
12/24/2018 10:00:00 PM,2,1,1
12/24/2018 11:00:00 PM,2,1,1
12/25/2018 12:00:00 AM,4,1,3
12/25/2018 01:00:00 AM,0,0,0
12/25/2018 02:00:00 AM,2,2,0
12/25/2018 03:00:00 AM,0,0,0
12/25/2018 04:00:00 AM,3,3,0
12/25/2018 05:00:00 AM,2,1,1
12/25/2018 06:00:00 AM,2,2,0
12/25/2018 07:00:00 AM,4,2,2
12/25/2018 08:00:00 AM,7,6,1
12/25/2018 09:00:00 AM,13,6,7
12/25/2018 10:00:00 AM,31,27,4
12/25/2018 11:00:00 AM,23,14,9
12/25/2018 12:00:00 PM,29,16,13
12/25/2018 01:00:00 PM,33,17,16
12/25/2018 02:00:00 PM,45,15,30
12/25/2018 03:00:00 PM,37,12,25
12/25/2018 04:00:00 PM,19,13,6
12/25/2018 05:00:00 PM,14,7,7
12/25/2018 06:00:00 PM,5,2,3
12/25/2018 07:00:00 PM,5,1,4
12/25/2018 08:00:00 PM,6,1,5
12/25/2018 09:00:00 PM,5,2,3
12/25/2018 10:00:00 PM,5,3,2
12/25/2018 11:00:00 PM,4,4,0
12/26/2018 12:00:00 AM,1,1,0
12/26/2018 01:00:00 AM,0,0,0
12/26/2018 02:00:00 AM,2,0,2
12/26/2018 03:00:00 AM,3,0,3
12/26/2018 04:00:00 AM,3,0,3
12/26/2018 05:00:00 AM,21,10,11
12/26/2018 06:00:00 AM,35,21,14
12/26/2018 07:00:00 AM,71,35,36
12/26/2018 08:00:00 AM,107,53,54
12/26/2018 09:00:00 AM,42,21,21
12/26/2018 10:00:00 AM,28,16,12
12/26/2018 11:00:00 AM,21,11,10
12/26/2018 12:00:00 PM,34,17,17
12/26/2018 01:00:00 PM,34,17,17
12/26/2018 02:00:00 PM,41,17,24
12/26/2018 03:00:00 PM,43,21,22
12/26/2018 04:00:00 PM,101,33,68
12/26/2018 05:00:00 PM,105,25,80
12/26/2018 06:00:00 PM,50,17,33
12/26/2018 07:00:00 PM,20,4,16
12/26/2018 08:00:00 PM,14,7,7
12/26/2018 09:00:00 PM,10,8,2
12/26/2018 10:00:00 PM,7,4,3
12/26/2018 11:00:00 PM,2,0,2
12/27/2018 12:00:00 AM,5,2,3
12/27/2018 01:00:00 AM,1,0,1
12/27/2018 02:00:00 AM,0,0,0
12/27/2018 03:00:00 AM,4,1,3
12/27/2018 04:00:00 AM,1,1,0
12/27/2018 05:00:00 AM,19,11,8
12/27/2018 06:00:00 AM,43,21,22
12/27/2018 07:00:00 AM,102,51,51
12/27/2018 08:00:00 AM,158,72,86
12/27/2018 09:00:00 AM,110,47,63
12/27/2018 10:00:00 AM,52,20,32
12/27/2018 11:00:00 AM,46,19,27
12/27/2018 12:00:00 PM,53,24,29
12/27/2018 01:00:00 PM,67,39,28
12/27/2018 02:00:00 PM,65,23,42
12/27/2018 03:00:00 PM,101,22,79
12/27/2018 04:00:00 PM,132,36,96
12/27/2018 05:00:00 PM,186,49,137
12/27/2018 06:00:00 PM,89,31,58
12/27/2018 07:00:00 PM,44,15,29
12/27/2018 08:00:00 PM,24,10,14
12/27/2018 09:00:00 PM,22,6,16
12/27/2018 10:00:00 PM,12,5,7
12/27/2018 11:00:00 PM,3,2,1
12/28/2018 12:00:00 AM,2,1,1
12/28/2018 01:00:00 AM,0,0,0
12/28/2018 02:00:00 AM,5,5,0
12/28/2018 03:00:00 AM,2,1,1
12/28/2018 04:00:00 AM,4,1,3
12/28/2018 05:00:00 AM,19,10,9
12/28/2018 06:00:00 AM,35,16,19
12/28/2018 07:00:00 AM,69,38,31
12/28/2018 08:00:00 AM,118,55,63
12/28/2018 09:00:00 AM,53,23,30
12/28/2018 10:00:00 AM,40,19,21
12/28/2018 11:00:00 AM,24,10,14
12/28/2018 12:00:00 PM,26,14,12
12/28/2018 01:00:00 PM,20,8,12
12/28/2018 02:00:00 PM,28,8,20
12/28/2018 03:00:00 PM,53,19,34
12/28/2018 04:00:00 PM,94,34,60
12/28/2018 05:00:00 PM,117,25,92
12/28/2018 06:00:00 PM,50,25,25
12/28/2018 07:00:00 PM,24,4,20
12/28/2018 08:00:00 PM,9,5,4
12/28/2018 09:00:00 PM,14,4,10
12/28/2018 10:00:00 PM,9,3,6
12/28/2018 11:00:00 PM,7,3,4
12/29/2018 12:00:00 AM,6,0,6
12/29/2018 01:00:00 AM,2,0,2
12/29/2018 02:00:00 AM,7,4,3
12/29/2018 03:00:00 AM,2,0,2
12/29/2018 04:00:00 AM,6,3,3
12/29/2018 05:00:00 AM,7,4,3
12/29/2018 06:00:00 AM,12,8,4
12/29/2018 07:00:00 AM,15,8,7
12/29/2018 08:00:00 AM,16,7,9
12/29/2018 09:00:00 AM,28,15,13
12/29/2018 10:00:00 AM,24,13,11
12/29/2018 11:00:00 AM,34,21,13
12/29/2018 12:00:00 PM,22,11,11
12/29/2018 01:00:00 PM,26,12,14
12/29/2018 02:00:00 PM,21,11,10
12/29/2018 03:00:00 PM,18,6,12
12/29/2018 04:00:00 PM,8,3,5
12/29/2018 05:00:00 PM,14,8,6
12/29/2018 06:00:00 PM,17,10,7
12/29/2018 07:00:00 PM,5,2,3
12/29/2018 08:00:00 PM,10,4,6
12/29/2018 09:00:00 PM,7,3,4
12/29/2018 10:00:00 PM,4,3,1
12/29/2018 11:00:00 PM,8,2,6
12/30/2018 12:00:00 AM,5,1,4
12/30/2018 01:00:00 AM,4,3,1
12/30/2018 02:00:00 AM,3,0,3
12/30/2018 03:00:00 AM,0,0,0
12/30/2018 04:00:00 AM,5,0,5
12/30/2018 05:00:00 AM,4,1,3
12/30/2018 06:00:00 AM,8,4,4
12/30/2018 07:00:00 AM,13,4,9
12/30/2018 08:00:00 AM,31,16,15
12/30/2018 09:00:00 AM,24,14,10
12/30/2018 10:00:00 AM,36,19,17
12/30/2018 11:00:00 AM,78,41,37
12/30/2018 12:00:00 PM,86,51,35
12/30/2018 01:00:00 PM,114,53,61
12/30/2018 02:00:00 PM,84,36,48
12/30/2018 03:00:00 PM,87,39,48
12/30/2018 04:00:00 PM,60,28,32
12/30/2018 05:00:00 PM,40,11,29
12/30/2018 06:00:00 PM,14,5,9
12/30/2018 07:00:00 PM,15,8,7
12/30/2018 08:00:00 PM,16,9,7
12/30/2018 09:00:00 PM,9,5,4
12/30/2018 10:00:00 PM,5,4,1
12/30/2018 11:00:00 PM,7,2,5
12/31/2018 12:00:00 AM,8,3,5
12/31/2018 01:00:00 AM,3,0,3
12/31/2018 02:00:00 AM,2,2,0
12/31/2018 03:00:00 AM,0,0,0
12/31/2018 04:00:00 AM,5,0,5
12/31/2018 05:00:00 AM,26,13,13
12/31/2018 06:00:00 AM,34,22,12
12/31/2018 07:00:00 AM,60,30,30
12/31/2018 08:00:00 AM,91,43,48
12/31/2018 09:00:00 AM,57,31,26
12/31/2018 10:00:00 AM,42,24,18
12/31/2018 11:00:00 AM,38,27,11
12/31/2018 12:00:00 PM,69,34,35
12/31/2018 01:00:00 PM,91,38,53
12/31/2018 02:00:00 PM,107,54,53
12/31/2018 03:00:00 PM,113,35,78
12/31/2018 04:00:00 PM,112,35,77
12/31/2018 05:00:00 PM,81,29,52
12/31/2018 06:00:00 PM,46,17,29
12/31/2018 07:00:00 PM,14,9,5
12/31/2018 08:00:00 PM,26,12,14
12/31/2018 09:00:00 PM,14,7,7
12/31/2018 10:00:00 PM,7,3,4
12/31/2018 11:00:00 PM,13,7,6
01/01/2019 12:00:00 AM,9,0,9
01/01/2019 01:00:00 AM,24,2,22
01/01/2019 02:00:00 AM,12,1,11
01/01/2019 03:00:00 AM,3,1,2
01/01/2019 04:00:00 AM,3,2,1
01/01/2019 05:00:00 AM,4,3,1
01/01/2019 06:00:00 AM,11,4,7
01/01/2019 07:00:00 AM,3,1,2
01/01/2019 08:00:00 AM,17,8,9
01/01/2019 09:00:00 AM,19,5,14
01/01/2019 10:00:00 AM,61,37,24
01/01/2019 11:00:00 AM,42,31,11
01/01/2019 12:00:00 PM,60,31,29
01/01/2019 01:00:00 PM,103,55,48
01/01/2019 02:00:00 PM,113,61,52
01/01/2019 03:00:00 PM,68,31,37
01/01/2019 04:00:00 PM,58,30,28
01/01/2019 05:00:00 PM,26,9,17
01/01/2019 06:00:00 PM,20,9,11
01/01/2019 07:00:00 PM,15,8,7
01/01/2019 08:00:00 PM,7,4,3
01/01/2019 09:00:00 PM,4,1,3
01/01/2019 10:00:00 PM,3,1,2
01/01/2019 11:00:00 PM,2,0,2
01/02/2019 12:00:00 AM,1,1,0
01/02/2019 01:00:00 AM,0,0,0
01/02/2019 02:00:00 AM,1,0,1
01/02/2019 03:00:00 AM,4,2,2
01/02/2019 04:00:00 AM,7,5,2
01/02/2019 05:00:00 AM,28,14,14
01/02/2019 06:00:00 AM,94,52,42
01/02/2019 07:00:00 AM,250,140,110
01/02/2019 08:00:00 AM,368,168,200
01/02/2019 09:00:00 AM,174,72,102
01/02/2019 10:00:00 AM,77,43,34
01/02/2019 11:00:00 AM,51,22,29
01/02/2019 12:00:00 PM,52,24,28
01/02/2019 01:00:00 PM,45,22,23
01/02/2019 02:00:00 PM,63,20,43
01/02/2019 03:00:00 PM,103,42,61
01/02/2019 04:00:00 PM,232,60,172
01/02/2019 05:00:00 PM,443,97,346
01/02/2019 06:00:00 PM,241,54,187
01/02/2019 07:00:00 PM,85,32,53
01/02/2019 08:00:00 PM,31,11,20
01/02/2019 09:00:00 PM,23,5,18
01/02/2019 10:00:00 PM,14,5,9
01/02/2019 11:00:00 PM,6,4,2
01/03/2019 12:00:00 AM,1,1,0
01/03/2019 01:00:00 AM,0,0,0
01/03/2019 02:00:00 AM,1,0,1
01/03/2019 03:00:00 AM,3,2,1
01/03/2019 04:00:00 AM,6,5,1
01/03/2019 05:00:00 AM,32,13,19
01/03/2019 06:00:00 AM,65,40,25
01/03/2019 07:00:00 AM,152,70,82
01/03/2019 08:00:00 AM,297,138,159
01/03/2019 09:00:00 AM,148,63,85
01/03/2019 10:00:00 AM,68,29,39
01/03/2019 11:00:00 AM,33,17,16
01/03/2019 12:00:00 PM,46,19,27
01/03/2019 01:00:00 PM,33,15,18
01/03/2019 02:00:00 PM,40,19,21
01/03/2019 03:00:00 PM,63,20,43
01/03/2019 04:00:00 PM,132,32,100
01/03/2019 05:00:00 PM,324,75,249
01/03/2019 06:00:00 PM,159,40,119
01/03/2019 07:00:00 PM,72,21,51
01/03/2019 08:00:00 PM,41,14,27
01/03/2019 09:00:00 PM,13,5,8
01/03/2019 10:00:00 PM,7,6,1
01/03/2019 11:00:00 PM,7,5,2
01/04/2019 12:00:00 AM,3,1,2
01/04/2019 01:00:00 AM,3,2,1
01/04/2019 02:00:00 AM,1,0,1
01/04/2019 03:00:00 AM,4,2,2
01/04/2019 04:00:00 AM,2,1,1
01/04/2019 05:00:00 AM,23,10,13
01/04/2019 06:00:00 AM,67,31,36
01/04/2019 07:00:00 AM,183,88,95
01/04/2019 08:00:00 AM,322,140,182
01/04/2019 09:00:00 AM,196,84,112
01/04/2019 10:00:00 AM,86,42,44
01/04/2019 11:00:00 AM,69,33,36
01/04/2019 12:00:00 PM,51,23,28
01/04/2019 01:00:00 PM,58,28,30
01/04/2019 02:00:00 PM,67,20,47
01/04/2019 03:00:00 PM,118,52,66
01/04/2019 04:00:00 PM,221,63,158
01/04/2019 05:00:00 PM,359,86,273
01/04/2019 06:00:00 PM,192,50,142
01/04/2019 07:00:00 PM,69,26,43
01/04/2019 08:00:00 PM,31,11,20
01/04/2019 09:00:00 PM,24,5,19
01/04/2019 10:00:00 PM,11,7,4
01/04/2019 11:00:00 PM,19,4,15
01/05/2019 12:00:00 AM,15,8,7
01/05/2019 01:00:00 AM,3,1,2
01/05/2019 02:00:00 AM,3,0,3
01/05/2019 03:00:00 AM,2,0,2
01/05/2019 04:00:00 AM,6,3,3
01/05/2019 05:00:00 AM,11,3,8
01/05/2019 06:00:00 AM,11,3,8
01/05/2019 07:00:00 AM,22,8,14
01/05/2019 08:00:00 AM,55,18,37
01/05/2019 09:00:00 AM,38,21,17
01/05/2019 10:00:00 AM,91,50,41
01/05/2019 11:00:00 AM,104,62,42
01/05/2019 12:00:00 PM,110,64,46
01/05/2019 01:00:00 PM,120,70,50
01/05/2019 02:00:00 PM,95,39,56
01/05/2019 03:00:00 PM,99,50,49
01/05/2019 04:00:00 PM,62,25,37
01/05/2019 05:00:00 PM,32,16,16
01/05/2019 06:00:00 PM,30,12,18
01/05/2019 07:00:00 PM,12,5,7
01/05/2019 08:00:00 PM,18,9,9
01/05/2019 09:00:00 PM,15,6,9
01/05/2019 10:00:00 PM,11,6,5
01/05/2019 11:00:00 PM,10,3,7
01/06/2019 12:00:00 AM,10,2,8
01/06/2019 01:00:00 AM,2,1,1
01/06/2019 02:00:00 AM,0,0,0
01/06/2019 03:00:00 AM,0,0,0
01/06/2019 04:00:00 AM,1,0,1
01/06/2019 05:00:00 AM,4,2,2
01/06/2019 06:00:00 AM,5,2,3
01/06/2019 07:00:00 AM,6,4,2
01/06/2019 08:00:00 AM,20,11,9
01/06/2019 09:00:00 AM,36,19,17
01/06/2019 10:00:00 AM,60,34,26
01/06/2019 11:00:00 AM,73,48,25
01/06/2019 12:00:00 PM,82,42,40
01/06/2019 01:00:00 PM,73,38,35
01/06/2019 02:00:00 PM,60,28,32
01/06/2019 03:00:00 PM,59,27,32
01/06/2019 04:00:00 PM,33,15,18
01/06/2019 05:00:00 PM,40,19,21
01/06/2019 06:00:00 PM,21,5,16
01/06/2019 07:00:00 PM,7,2,5
01/06/2019 08:00:00 PM,7,2,5
01/06/2019 09:00:00 PM,8,5,3
01/06/2019 10:00:00 PM,4,1,3
01/06/2019 11:00:00 PM,2,1,1
01/07/2019 12:00:00 AM,0,0,0
01/07/2019 01:00:00 AM,1,1,0
01/07/2019 02:00:00 AM,1,1,0
01/07/2019 03:00:00 AM,3,2,1
01/07/2019 04:00:00 AM,6,4,2
01/07/2019 05:00:00 AM,34,19,15
01/07/2019 06:00:00 AM,122,69,53
01/07/2019 07:00:00 AM,343,178,165
01/07/2019 08:00:00 AM,476,235,241
01/07/2019 09:00:00 AM,224,91,133
01/07/2019 10:00:00 AM,92,45,47
01/07/2019 11:00:00 AM,56,31,25
01/07/2019 12:00:00 PM,60,34,26
01/07/2019 01:00:00 PM,56,35,21
01/07/2019 02:00:00 PM,66,28,38
01/07/2019 03:00:00 PM,135,49,86
01/07/2019 04:00:00 PM,293,70,223
01/07/2019 05:00:00 PM,542,128,414
01/07/2019 06:00:00 PM,323,89,234
01/07/2019 07:00:00 PM,122,33,89
01/07/2019 08:00:00 PM,41,9,32
01/07/2019 09:00:00 PM,40,16,24
01/07/2019 10:00:00 PM,16,6,10
01/07/2019 11:00:00 PM,9,4,5
01/08/2019 12:00:00 AM,1,1,0
01/08/2019 01:00:00 AM,0,0,0
01/08/2019 02:00:00 AM,0,0,0
01/08/2019 03:00:00 AM,2,2,0
01/08/2019 04:00:00 AM,8,3,5
01/08/2019 05:00:00 AM,31,18,13
01/08/2019 06:00:00 AM,116,71,45
01/08/2019 07:00:00 AM,286,152,134
01/08/2019 08:00:00 AM,421,214,207
01/08/2019 09:00:00 AM,172,76,96
01/08/2019 10:00:00 AM,66,28,38
01/08/2019 11:00:00 AM,39,18,21
01/08/2019 12:00:00 PM,39,16,23
01/08/2019 01:00:00 PM,24,12,12
01/08/2019 02:00:00 PM,40,14,26
01/08/2019 03:00:00 PM,76,30,46
01/08/2019 04:00:00 PM,205,55,150
01/08/2019 05:00:00 PM,448,90,358
01/08/2019 06:00:00 PM,255,62,193
01/08/2019 07:00:00 PM,90,21,69
01/08/2019 08:00:00 PM,34,11,23
01/08/2019 09:00:00 PM,31,12,19
01/08/2019 10:00:00 PM,13,6,7
01/08/2019 11:00:00 PM,7,3,4
01/09/2019 12:00:00 AM,4,2,2
01/09/2019 01:00:00 AM,1,0,1
01/09/2019 02:00:00 AM,1,1,0
01/09/2019 03:00:00 AM,2,1,1
01/09/2019 04:00:00 AM,10,8,2
01/09/2019 05:00:00 AM,28,14,14
01/09/2019 06:00:00 AM,91,50,41
01/09/2019 07:00:00 AM,255,136,119
01/09/2019 08:00:00 AM,372,180,192
01/09/2019 09:00:00 AM,212,100,112
01/09/2019 10:00:00 AM,83,36,47
01/09/2019 11:00:00 AM,46,17,29
01/09/2019 12:00:00 PM,41,18,23
01/09/2019 01:00:00 PM,35,17,18
01/09/2019 02:00:00 PM,41,17,24
01/09/2019 03:00:00 PM,97,37,60
01/09/2019 04:00:00 PM,195,48,147
01/09/2019 05:00:00 PM,396,106,290
01/09/2019 06:00:00 PM,275,65,210
01/09/2019 07:00:00 PM,93,32,61
01/09/2019 08:00:00 PM,54,18,36
01/09/2019 09:00:00 PM,25,8,17
01/09/2019 10:00:00 PM,12,1,11
01/09/2019 11:00:00 PM,6,3,3
01/10/2019 12:00:00 AM,3,1,2
01/10/2019 01:00:00 AM,0,0,0
01/10/2019 02:00:00 AM,5,2,3
01/10/2019 03:00:00 AM,1,0,1
01/10/2019 04:00:00 AM,12,6,6
01/10/2019 05:00:00 AM,33,16,17
01/10/2019 06:00:00 AM,103,61,42
01/10/2019 07:00:00 AM,270,139,131
01/10/2019 08:00:00 AM,458,210,248
01/10/2019 09:00:00 AM,224,112,112
01/10/2019 10:00:00 AM,89,39,50
01/10/2019 11:00:00 AM,63,25,38
01/10/2019 12:00:00 PM,47,29,18
01/10/2019 01:00:00 PM,57,33,24
01/10/2019 02:00:00 PM,63,31,32
01/10/2019 03:00:00 PM,114,46,68
01/10/2019 04:00:00 PM,243,71,172
01/10/2019 05:00:00 PM,489,118,371
01/10/2019 06:00:00 PM,310,78,232
01/10/2019 07:00:00 PM,144,42,102
01/10/2019 08:00:00 PM,70,19,51
01/10/2019 09:00:00 PM,47,15,32
01/10/2019 10:00:00 PM,30,12,18
01/10/2019 11:00:00 PM,23,12,11
01/11/2019 12:00:00 AM,19,15,4
01/11/2019 01:00:00 AM,5,4,1
01/11/2019 02:00:00 AM,2,0,2
01/11/2019 03:00:00 AM,2,1,1
01/11/2019 04:00:00 AM,10,5,5
01/11/2019 05:00:00 AM,21,9,12
01/11/2019 06:00:00 AM,106,62,44
01/11/2019 07:00:00 AM,255,123,132
01/11/2019 08:00:00 AM,472,213,259
01/11/2019 09:00:00 AM,247,111,136
01/11/2019 10:00:00 AM,101,56,45
01/11/2019 11:00:00 AM,66,31,35
01/11/2019 12:00:00 PM,80,36,44
01/11/2019 01:00:00 PM,89,48,41
01/11/2019 02:00:00 PM,93,36,57
01/11/2019 03:00:00 PM,157,55,102
01/11/2019 04:00:00 PM,324,83,241
01/11/2019 05:00:00 PM,468,90,378
01/11/2019 06:00:00 PM,247,69,178
01/11/2019 07:00:00 PM,100,26,74
01/11/2019 08:00:00 PM,71,23,48
01/11/2019 09:00:00 PM,41,14,27
01/11/2019 10:00:00 PM,29,13,16
01/11/2019 11:00:00 PM,13,6,7
01/12/2019 12:00:00 AM,12,5,7
01/12/2019 01:00:00 AM,11,2,9
01/12/2019 02:00:00 AM,7,2,5
01/12/2019 03:00:00 AM,3,0,3
01/12/2019 04:00:00 AM,4,1,3
01/12/2019 05:00:00 AM,5,1,4
01/12/2019 06:00:00 AM,17,7,10
01/12/2019 07:00:00 AM,29,12,17
01/12/2019 08:00:00 AM,70,31,39
01/12/2019 09:00:00 AM,93,52,41
01/12/2019 10:00:00 AM,103,56,47
01/12/2019 11:00:00 AM,116,50,66
01/12/2019 12:00:00 PM,197,90,107
01/12/2019 01:00:00 PM,176,98,78
01/12/2019 02:00:00 PM,225,122,103
01/12/2019 03:00:00 PM,204,101,103
01/12/2019 04:00:00 PM,157,80,77
01/12/2019 05:00:00 PM,96,48,48
01/12/2019 06:00:00 PM,45,15,30
01/12/2019 07:00:00 PM,28,14,14
01/12/2019 08:00:00 PM,14,11,3
01/12/2019 09:00:00 PM,21,7,14
01/12/2019 10:00:00 PM,17,8,9
01/12/2019 11:00:00 PM,21,15,6
01/13/2019 12:00:00 AM,10,8,2
01/13/2019 01:00:00 AM,4,1,3
01/13/2019 02:00:00 AM,4,1,3
01/13/2019 03:00:00 AM,1,0,1
01/13/2019 04:00:00 AM,2,0,2
01/13/2019 05:00:00 AM,5,3,2
01/13/2019 06:00:00 AM,8,1,7
01/13/2019 07:00:00 AM,18,8,10
01/13/2019 08:00:00 AM,45,22,23
01/13/2019 09:00:00 AM,59,32,27
01/13/2019 10:00:00 AM,77,36,41
01/13/2019 11:00:00 AM,129,71,58
01/13/2019 12:00:00 PM,194,101,93
01/13/2019 01:00:00 PM,196,102,94
01/13/2019 02:00:00 PM,237,148,89
01/13/2019 03:00:00 PM,241,123,118
01/13/2019 04:00:00 PM,154,64,90
01/13/2019 05:00:00 PM,79,45,34
01/13/2019 06:00:00 PM,41,16,25
01/13/2019 07:00:00 PM,24,13,11
01/13/2019 08:00:00 PM,17,13,4
01/13/2019 09:00:00 PM,13,7,6
01/13/2019 10:00:00 PM,6,2,4
01/13/2019 11:00:00 PM,9,5,4
01/14/2019 12:00:00 AM,5,0,5
01/14/2019 01:00:00 AM,3,0,3
01/14/2019 02:00:00 AM,0,0,0
01/14/2019 03:00:00 AM,0,0,0
01/14/2019 04:00:00 AM,7,4,3
01/14/2019 05:00:00 AM,43,24,19
01/14/2019 06:00:00 AM,150,83,67
01/14/2019 07:00:00 AM,408,217,191
01/14/2019 08:00:00 AM,644,312,332
01/14/2019 09:00:00 AM,326,155,171
01/14/2019 10:00:00 AM,123,57,66
01/14/2019 11:00:00 AM,68,32,36
01/14/2019 12:00:00 PM,86,43,43
01/14/2019 01:00:00 PM,93,51,42
01/14/2019 02:00:00 PM,124,58,66
01/14/2019 03:00:00 PM,196,77,119
01/14/2019 04:00:00 PM,432,110,322
01/14/2019 05:00:00 PM,637,128,509
01/14/2019 06:00:00 PM,381,72,309
01/14/2019 07:00:00 PM,144,41,103
01/14/2019 08:00:00 PM,52,15,37
01/14/2019 09:00:00 PM,45,17,28
01/14/2019 10:00:00 PM,13,4,9
01/14/2019 11:00:00 PM,7,2,5
01/15/2019 12:00:00 AM,2,2,0
01/15/2019 01:00:00 AM,0,0,0
01/15/2019 02:00:00 AM,1,0,1
01/15/2019 03:00:00 AM,2,2,0
01/15/2019 04:00:00 AM,6,2,4
01/15/2019 05:00:00 AM,35,20,15
01/15/2019 06:00:00 AM,125,65,60
01/15/2019 07:00:00 AM,351,194,157
01/15/2019 08:00:00 AM,542,268,274
01/15/2019 09:00:00 AM,259,118,141
01/15/2019 10:00:00 AM,110,49,61
01/15/2019 11:00:00 AM,67,37,30
01/15/2019 12:00:00 PM,80,42,38
01/15/2019 01:00:00 PM,87,40,47
01/15/2019 02:00:00 PM,89,40,49
01/15/2019 03:00:00 PM,136,47,89
01/15/2019 04:00:00 PM,304,80,224
01/15/2019 05:00:00 PM,541,102,439
01/15/2019 06:00:00 PM,371,78,293
01/15/2019 07:00:00 PM,132,44,88
01/15/2019 08:00:00 PM,65,19,46
01/15/2019 09:00:00 PM,50,24,26
01/15/2019 10:00:00 PM,20,5,15
01/15/2019 11:00:00 PM,8,0,8
01/16/2019 12:00:00 AM,5,0,5
01/16/2019 01:00:00 AM,0,0,0
01/16/2019 02:00:00 AM,2,1,1
01/16/2019 03:00:00 AM,2,1,1
01/16/2019 04:00:00 AM,9,7,2
01/16/2019 05:00:00 AM,35,18,17
01/16/2019 06:00:00 AM,129,72,57
01/16/2019 07:00:00 AM,337,169,168
01/16/2019 08:00:00 AM,520,259,261
01/16/2019 09:00:00 AM,235,100,135
01/16/2019 10:00:00 AM,102,47,55
01/16/2019 11:00:00 AM,68,34,34
01/16/2019 12:00:00 PM,73,36,37
01/16/2019 01:00:00 PM,90,37,53
01/16/2019 02:00:00 PM,80,36,44
01/16/2019 03:00:00 PM,148,64,84
01/16/2019 04:00:00 PM,296,79,217
01/16/2019 05:00:00 PM,590,111,479
01/16/2019 06:00:00 PM,320,84,236
01/16/2019 07:00:00 PM,151,56,95
01/16/2019 08:00:00 PM,73,32,41
01/16/2019 09:00:00 PM,57,21,36
01/16/2019 10:00:00 PM,29,11,18
01/16/2019 11:00:00 PM,9,2,7
01/17/2019 12:00:00 AM,3,1,2
01/17/2019 01:00:00 AM,0,0,0
01/17/2019 02:00:00 AM,1,0,1
01/17/2019 03:00:00 AM,5,2,3
01/17/2019 04:00:00 AM,5,3,2
01/17/2019 05:00:00 AM,34,21,13
01/17/2019 06:00:00 AM,109,63,46
01/17/2019 07:00:00 AM,266,130,136
01/17/2019 08:00:00 AM,423,197,226
01/17/2019 09:00:00 AM,223,103,120
01/17/2019 10:00:00 AM,81,37,44
01/17/2019 11:00:00 AM,53,22,31
01/17/2019 12:00:00 PM,56,23,33
01/17/2019 01:00:00 PM,49,26,23
01/17/2019 02:00:00 PM,63,29,34
01/17/2019 03:00:00 PM,94,27,67
01/17/2019 04:00:00 PM,242,66,176
01/17/2019 05:00:00 PM,423,103,320
01/17/2019 06:00:00 PM,290,62,228
01/17/2019 07:00:00 PM,122,35,87
01/17/2019 08:00:00 PM,62,25,37
01/17/2019 09:00:00 PM,41,13,28
01/17/2019 10:00:00 PM,29,8,21
01/17/2019 11:00:00 PM,10,2,8
01/18/2019 12:00:00 AM,5,2,3
01/18/2019 01:00:00 AM,2,1,1
01/18/2019 02:00:00 AM,1,1,0
01/18/2019 03:00:00 AM,2,1,1
01/18/2019 04:00:00 AM,6,3,3
01/18/2019 05:00:00 AM,27,15,12
01/18/2019 06:00:00 AM,84,54,30
01/18/2019 07:00:00 AM,253,122,131
01/18/2019 08:00:00 AM,403,194,209
01/18/2019 09:00:00 AM,198,87,111
01/18/2019 10:00:00 AM,85,35,50
01/18/2019 11:00:00 AM,59,34,25
01/18/2019 12:00:00 PM,72,34,38
01/18/2019 01:00:00 PM,69,32,37
01/18/2019 02:00:00 PM,77,33,44
01/18/2019 03:00:00 PM,129,41,88
01/18/2019 04:00:00 PM,237,62,175
01/18/2019 05:00:00 PM,401,78,323
01/18/2019 06:00:00 PM,193,38,155
01/18/2019 07:00:00 PM,73,19,54
01/18/2019 08:00:00 PM,33,10,23
01/18/2019 09:00:00 PM,24,9,15
01/18/2019 10:00:00 PM,17,4,13
01/18/2019 11:00:00 PM,14,4,10
01/19/2019 12:00:00 AM,6,2,4
01/19/2019 01:00:00 AM,5,1,4
01/19/2019 02:00:00 AM,1,1,0
01/19/2019 03:00:00 AM,1,0,1
01/19/2019 04:00:00 AM,3,1,2
01/19/2019 05:00:00 AM,6,2,4
01/19/2019 06:00:00 AM,11,6,5
01/19/2019 07:00:00 AM,23,8,15
01/19/2019 08:00:00 AM,52,21,31
01/19/2019 09:00:00 AM,55,29,26
01/19/2019 10:00:00 AM,82,40,42
01/19/2019 11:00:00 AM,94,48,46
01/19/2019 12:00:00 PM,101,47,54
01/19/2019 01:00:00 PM,115,52,63
01/19/2019 02:00:00 PM,89,44,45
01/19/2019 03:00:00 PM,92,43,49
01/19/2019 04:00:00 PM,83,36,47
01/19/2019 05:00:00 PM,61,34,27
01/19/2019 06:00:00 PM,22,9,13
01/19/2019 07:00:00 PM,21,9,12
01/19/2019 08:00:00 PM,21,6,15
01/19/2019 09:00:00 PM,12,3,9
01/19/2019 10:00:00 PM,9,5,4
01/19/2019 11:00:00 PM,11,7,4
01/20/2019 12:00:00 AM,7,1,6
01/20/2019 01:00:00 AM,7,4,3
01/20/2019 02:00:00 AM,3,2,1
01/20/2019 03:00:00 AM,2,2,0
01/20/2019 04:00:00 AM,2,0,2
01/20/2019 05:00:00 AM,1,1,0
01/20/2019 06:00:00 AM,9,3,6
01/20/2019 07:00:00 AM,15,8,7
01/20/2019 08:00:00 AM,43,18,25
01/20/2019 09:00:00 AM,57,23,34
01/20/2019 10:00:00 AM,65,48,17
01/20/2019 11:00:00 AM,63,36,27
01/20/2019 12:00:00 PM,96,40,56
01/20/2019 01:00:00 PM,74,35,39
01/20/2019 02:00:00 PM,96,52,44
01/20/2019 03:00:00 PM,90,45,45
01/20/2019 04:00:00 PM,59,32,27
01/20/2019 05:00:00 PM,46,27,19
01/20/2019 06:00:00 PM,26,13,13
01/20/2019 07:00:00 PM,20,8,12
01/20/2019 08:00:00 PM,15,3,12
01/20/2019 09:00:00 PM,15,8,7
01/20/2019 10:00:00 PM,9,4,5
01/20/2019 11:00:00 PM,9,4,5
01/21/2019 12:00:00 AM,1,0,1
01/21/2019 01:00:00 AM,1,1,0
01/21/2019 02:00:00 AM,1,1,0
01/21/2019 03:00:00 AM,0,0,0
01/21/2019 04:00:00 AM,6,4,2
01/21/2019 05:00:00 AM,16,9,7
01/21/2019 06:00:00 AM,67,37,30
01/21/2019 07:00:00 AM,146,72,74
01/21/2019 08:00:00 AM,263,131,132
01/21/2019 09:00:00 AM,139,68,71
01/21/2019 10:00:00 AM,85,38,47
01/21/2019 11:00:00 AM,79,43,36
01/21/2019 12:00:00 PM,101,45,56
01/21/2019 01:00:00 PM,100,53,47
01/21/2019 02:00:00 PM,92,40,52
01/21/2019 03:00:00 PM,128,50,78
01/21/2019 04:00:00 PM,217,70,147
01/21/2019 05:00:00 PM,276,51,225
01/21/2019 06:00:00 PM,179,38,141
01/21/2019 07:00:00 PM,63,14,49
01/21/2019 08:00:00 PM,33,17,16
01/21/2019 09:00:00 PM,24,8,16
01/21/2019 10:00:00 PM,21,9,12
01/21/2019 11:00:00 PM,3,1,2
01/22/2019 12:00:00 AM,3,2,1
01/22/2019 01:00:00 AM,4,3,1
01/22/2019 02:00:00 AM,1,1,0
01/22/2019 03:00:00 AM,0,0,0
01/22/2019 04:00:00 AM,9,5,4
01/22/2019 05:00:00 AM,40,22,18
01/22/2019 06:00:00 AM,105,58,47
01/22/2019 07:00:00 AM,306,156,150
01/22/2019 08:00:00 AM,447,211,236
01/22/2019 09:00:00 AM,244,98,146
01/22/2019 10:00:00 AM,88,43,45
01/22/2019 11:00:00 AM,58,32,26
01/22/2019 12:00:00 PM,50,22,28
01/22/2019 01:00:00 PM,41,24,17
01/22/2019 02:00:00 PM,60,23,37
01/22/2019 03:00:00 PM,99,28,71
01/22/2019 04:00:00 PM,203,42,161
01/22/2019 05:00:00 PM,426,86,340
01/22/2019 06:00:00 PM,311,62,249
01/22/2019 07:00:00 PM,96,29,67
01/22/2019 08:00:00 PM,46,18,28
01/22/2019 09:00:00 PM,34,15,19
01/22/2019 10:00:00 PM,13,1,12
01/22/2019 11:00:00 PM,7,2,5
01/23/2019 12:00:00 AM,1,0,1
01/23/2019 01:00:00 AM,6,2,4
01/23/2019 02:00:00 AM,1,0,1
01/23/2019 03:00:00 AM,1,0,1
01/23/2019 04:00:00 AM,9,5,4
01/23/2019 05:00:00 AM,43,23,20
01/23/2019 06:00:00 AM,106,67,39
01/23/2019 07:00:00 AM,273,142,131
01/23/2019 08:00:00 AM,393,175,218
01/23/2019 09:00:00 AM,192,75,117
01/23/2019 10:00:00 AM,89,32,57
01/23/2019 11:00:00 AM,48,26,22
01/23/2019 12:00:00 PM,43,14,29
01/23/2019 01:00:00 PM,48,29,19
01/23/2019 02:00:00 PM,59,33,26
01/23/2019 03:00:00 PM,118,52,66
01/23/2019 04:00:00 PM,288,81,207
01/23/2019 05:00:00 PM,469,107,362
01/23/2019 06:00:00 PM,305,78,227
01/23/2019 07:00:00 PM,130,34,96
01/23/2019 08:00:00 PM,73,24,49
01/23/2019 09:00:00 PM,39,17,22
01/23/2019 10:00:00 PM,31,10,21
01/23/2019 11:00:00 PM,16,4,12
01/24/2019 12:00:00 AM,9,2,7
01/24/2019 01:00:00 AM,1,0,1
01/24/2019 02:00:00 AM,0,0,0
01/24/2019 03:00:00 AM,3,2,1
01/24/2019 04:00:00 AM,8,5,3
01/24/2019 05:00:00 AM,40,25,15
01/24/2019 06:00:00 AM,120,64,56
01/24/2019 07:00:00 AM,330,181,149
01/24/2019 08:00:00 AM,482,236,246
01/24/2019 09:00:00 AM,228,90,138
01/24/2019 10:00:00 AM,105,51,54
01/24/2019 11:00:00 AM,74,33,41
01/24/2019 12:00:00 PM,68,27,41
01/24/2019 01:00:00 PM,58,28,30
01/24/2019 02:00:00 PM,78,38,40
01/24/2019 03:00:00 PM,143,53,90
01/24/2019 04:00:00 PM,293,82,211
01/24/2019 05:00:00 PM,458,111,347
01/24/2019 06:00:00 PM,356,74,282
01/24/2019 07:00:00 PM,134,42,92
01/24/2019 08:00:00 PM,77,22,55
01/24/2019 09:00:00 PM,44,18,26
01/24/2019 10:00:00 PM,29,10,19
01/24/2019 11:00:00 PM,6,5,1
01/25/2019 12:00:00 AM,5,2,3
01/25/2019 01:00:00 AM,7,3,4
01/25/2019 02:00:00 AM,4,3,1
01/25/2019 03:00:00 AM,0,0,0
01/25/2019 04:00:00 AM,14,8,6
01/25/2019 05:00:00 AM,41,23,18
01/25/2019 06:00:00 AM,98,52,46
01/25/2019 07:00:00 AM,280,142,138
01/25/2019 08:00:00 AM,464,226,238
01/25/2019 09:00:00 AM,222,106,116
01/25/2019 10:00:00 AM,117,51,66
01/25/2019 11:00:00 AM,81,42,39
01/25/2019 12:00:00 PM,91,38,53
01/25/2019 01:00:00 PM,88,39,49
01/25/2019 02:00:00 PM,112,54,58
01/25/2019 03:00:00 PM,154,44,110
01/25/2019 04:00:00 PM,308,82,226
01/25/2019 05:00:00 PM,493,120,373
01/25/2019 06:00:00 PM,248,70,178
01/25/2019 07:00:00 PM,110,32,78
01/25/2019 08:00:00 PM,54,14,40
01/25/2019 09:00:00 PM,30,5,25
01/25/2019 10:00:00 PM,36,17,19
01/25/2019 11:00:00 PM,20,9,11
01/26/2019 12:00:00 AM,13,6,7
01/26/2019 01:00:00 AM,6,2,4
01/26/2019 02:00:00 AM,3,0,3
01/26/2019 03:00:00 AM,6,1,5
01/26/2019 04:00:00 AM,3,1,2
01/26/2019 05:00:00 AM,2,0,2
01/26/2019 06:00:00 AM,13,9,4
01/26/2019 07:00:00 AM,23,8,15
01/26/2019 08:00:00 AM,69,36,33
01/26/2019 09:00:00 AM,71,36,35
01/26/2019 10:00:00 AM,125,59,66
01/26/2019 11:00:00 AM,140,69,71
01/26/2019 12:00:00 PM,139,53,86
01/26/2019 01:00:00 PM,193,100,93
01/26/2019 02:00:00 PM,160,90,70
01/26/2019 03:00:00 PM,192,117,75
01/26/2019 04:00:00 PM,166,78,88
01/26/2019 05:00:00 PM,76,47,29
01/26/2019 06:00:00 PM,41,16,25
01/26/2019 07:00:00 PM,25,12,13
01/26/2019 08:00:00 PM,16,8,8
01/26/2019 09:00:00 PM,15,6,9
01/26/2019 10:00:00 PM,21,8,13
01/26/2019 11:00:00 PM,12,4,8
01/27/2019 12:00:00 AM,9,2,7
01/27/2019 01:00:00 AM,3,0,3
01/27/2019 02:00:00 AM,3,1,2
01/27/2019 03:00:00 AM,3,2,1
01/27/2019 04:00:00 AM,2,0,2
01/27/2019 05:00:00 AM,1,1,0
01/27/2019 06:00:00 AM,6,3,3
01/27/2019 07:00:00 AM,16,11,5
01/27/2019 08:00:00 AM,42,22,20
01/27/2019 09:00:00 AM,65,40,25
01/27/2019 10:00:00 AM,67,20,47
01/27/2019 11:00:00 AM,78,53,25
01/27/2019 12:00:00 PM,95,53,42
01/27/2019 01:00:00 PM,103,48,55
01/27/2019 02:00:00 PM,111,67,44
01/27/2019 03:00:00 PM,91,40,51
01/27/2019 04:00:00 PM,69,32,37
01/27/2019 05:00:00 PM,68,36,32
01/27/2019 06:00:00 PM,38,20,18
01/27/2019 07:00:00 PM,22,15,7
01/27/2019 08:00:00 PM,15,10,5
01/27/2019 09:00:00 PM,19,6,13
01/27/2019 10:00:00 PM,6,2,4
01/27/2019 11:00:00 PM,7,4,3
01/28/2019 12:00:00 AM,4,3,1
01/28/2019 01:00:00 AM,2,0,2
01/28/2019 02:00:00 AM,2,2,0
01/28/2019 03:00:00 AM,0,0,0
01/28/2019 04:00:00 AM,9,6,3
01/28/2019 05:00:00 AM,44,21,23
01/28/2019 06:00:00 AM,124,73,51
01/28/2019 07:00:00 AM,360,175,185
01/28/2019 08:00:00 AM,529,252,277
01/28/2019 09:00:00 AM,272,120,152
01/28/2019 10:00:00 AM,112,58,54
01/28/2019 11:00:00 AM,77,33,44
01/28/2019 12:00:00 PM,73,39,34
01/28/2019 01:00:00 PM,75,29,46
01/28/2019 02:00:00 PM,104,40,64
01/28/2019 03:00:00 PM,152,68,84
01/28/2019 04:00:00 PM,320,85,235
01/28/2019 05:00:00 PM,583,150,433
01/28/2019 06:00:00 PM,364,85,279
01/28/2019 07:00:00 PM,146,36,110
01/28/2019 08:00:00 PM,57,25,32
01/28/2019 09:00:00 PM,39,15,24
01/28/2019 10:00:00 PM,19,8,11
01/28/2019 11:00:00 PM,11,6,5
01/29/2019 12:00:00 AM,4,1,3
01/29/2019 01:00:00 AM,3,1,2
01/29/2019 02:00:00 AM,1,0,1
01/29/2019 03:00:00 AM,3,2,1
01/29/2019 04:00:00 AM,12,5,7
01/29/2019 05:00:00 AM,44,20,24
01/29/2019 06:00:00 AM,136,82,54
01/29/2019 07:00:00 AM,357,202,155
01/29/2019 08:00:00 AM,527,254,273
01/29/2019 09:00:00 AM,262,113,149
01/29/2019 10:00:00 AM,105,47,58
01/29/2019 11:00:00 AM,92,44,48
01/29/2019 12:00:00 PM,103,56,47
01/29/2019 01:00:00 PM,79,36,43
01/29/2019 02:00:00 PM,103,37,66
01/29/2019 03:00:00 PM,143,53,90
01/29/2019 04:00:00 PM,328,79,249
01/29/2019 05:00:00 PM,585,114,471
01/29/2019 06:00:00 PM,365,81,284
01/29/2019 07:00:00 PM,135,42,93
01/29/2019 08:00:00 PM,74,30,44
01/29/2019 09:00:00 PM,33,15,18
01/29/2019 10:00:00 PM,28,11,17
01/29/2019 11:00:00 PM,18,10,8
01/30/2019 12:00:00 AM,4,2,2
01/30/2019 01:00:00 AM,1,0,1
01/30/2019 02:00:00 AM,2,1,1
01/30/2019 03:00:00 AM,1,0,1
01/30/2019 04:00:00 AM,11,7,4
01/30/2019 05:00:00 AM,38,14,24
01/30/2019 06:00:00 AM,107,65,42
01/30/2019 07:00:00 AM,358,181,177
01/30/2019 08:00:00 AM,467,216,251
01/30/2019 09:00:00 AM,243,107,136
01/30/2019 10:00:00 AM,97,41,56
01/30/2019 11:00:00 AM,63,27,36
01/30/2019 12:00:00 PM,73,21,52
01/30/2019 01:00:00 PM,64,31,33
01/30/2019 02:00:00 PM,86,31,55
01/30/2019 03:00:00 PM,134,41,93
01/30/2019 04:00:00 PM,292,86,206
01/30/2019 05:00:00 PM,540,116,424
01/30/2019 06:00:00 PM,337,98,239
01/30/2019 07:00:00 PM,127,42,85
01/30/2019 08:00:00 PM,64,25,39
01/30/2019 09:00:00 PM,75,23,52
01/30/2019 10:00:00 PM,38,13,25
01/30/2019 11:00:00 PM,7,3,4
01/31/2019 12:00:00 AM,2,1,1
01/31/2019 01:00:00 AM,4,1,3
01/31/2019 02:00:00 AM,0,0,0
01/31/2019 03:00:00 AM,3,0,3
01/31/2019 04:00:00 AM,10,8,2
01/31/2019 05:00:00 AM,55,27,28
01/31/2019 06:00:00 AM,93,48,45
01/31/2019 07:00:00 AM,325,170,155
01/31/2019 08:00:00 AM,474,212,262
01/31/2019 09:00:00 AM,225,97,128
01/31/2019 10:00:00 AM,77,31,46
01/31/2019 11:00:00 AM,95,46,49
01/31/2019 12:00:00 PM,82,44,38
01/31/2019 01:00:00 PM,78,43,35
01/31/2019 02:00:00 PM,72,28,44
01/31/2019 03:00:00 PM,157,60,97
01/31/2019 04:00:00 PM,303,84,219
01/31/2019 05:00:00 PM,505,106,399
01/31/2019 06:00:00 PM,314,68,246
01/31/2019 07:00:00 PM,134,40,94
01/31/2019 08:00:00 PM,65,32,33
01/31/2019 09:00:00 PM,45,18,27
01/31/2019 10:00:00 PM,29,13,16
01/31/2019 11:00:00 PM,13,7,6
02/01/2019 12:00:00 AM,2,0,2
02/01/2019 01:00:00 AM,8,3,5
02/01/2019 02:00:00 AM,0,0,0
02/01/2019 03:00:00 AM,2,0,2
02/01/2019 04:00:00 AM,7,3,4
02/01/2019 05:00:00 AM,26,13,13
02/01/2019 06:00:00 AM,52,24,28
02/01/2019 07:00:00 AM,176,90,86
02/01/2019 08:00:00 AM,273,128,145
02/01/2019 09:00:00 AM,127,55,72
02/01/2019 10:00:00 AM,56,23,33
02/01/2019 11:00:00 AM,26,12,14
02/01/2019 12:00:00 PM,26,12,14
02/01/2019 01:00:00 PM,39,23,16
02/01/2019 02:00:00 PM,29,12,17
02/01/2019 03:00:00 PM,72,25,47
02/01/2019 04:00:00 PM,162,40,122
02/01/2019 05:00:00 PM,327,75,252
02/01/2019 06:00:00 PM,170,43,127
02/01/2019 07:00:00 PM,88,22,66
02/01/2019 08:00:00 PM,45,11,34
02/01/2019 09:00:00 PM,18,7,11
02/01/2019 10:00:00 PM,15,8,7
02/01/2019 11:00:00 PM,10,3,7
02/02/2019 12:00:00 AM,13,5,8
02/02/2019 01:00:00 AM,7,3,4
02/02/2019 02:00:00 AM,6,6,0
02/02/2019 03:00:00 AM,3,0,3
02/02/2019 04:00:00 AM,2,0,2
02/02/2019 05:00:00 AM,9,4,5
02/02/2019 06:00:00 AM,37,21,16
02/02/2019 07:00:00 AM,83,36,47
02/02/2019 08:00:00 AM,65,28,37
02/02/2019 09:00:00 AM,87,30,57
02/02/2019 10:00:00 AM,119,54,65
02/02/2019 11:00:00 AM,105,58,47
02/02/2019 12:00:00 PM,140,72,68
02/02/2019 01:00:00 PM,123,63,60
02/02/2019 02:00:00 PM,118,50,68
02/02/2019 03:00:00 PM,132,62,70
02/02/2019 04:00:00 PM,130,54,76
02/02/2019 05:00:00 PM,86,26,60
02/02/2019 06:00:00 PM,62,17,45
02/02/2019 07:00:00 PM,19,4,15
02/02/2019 08:00:00 PM,24,13,11
02/02/2019 09:00:00 PM,21,9,12
02/02/2019 10:00:00 PM,6,3,3
02/02/2019 11:00:00 PM,6,2,4
02/03/2019 12:00:00 AM,10,4,6
02/03/2019 01:00:00 AM,5,1,4
02/03/2019 02:00:00 AM,1,0,1
02/03/2019 03:00:00 AM,0,0,0
02/03/2019 04:00:00 AM,4,0,4
02/03/2019 05:00:00 AM,5,2,3
02/03/2019 06:00:00 AM,21,14,7
02/03/2019 07:00:00 AM,509,325,184
02/03/2019 08:00:00 AM,869,537,332
02/03/2019 09:00:00 AM,547,190,357
02/03/2019 10:00:00 AM,668,48,620
02/03/2019 11:00:00 AM,679,60,619
02/03/2019 12:00:00 PM,221,56,165
02/03/2019 01:00:00 PM,108,37,71
02/03/2019 02:00:00 PM,69,33,36
02/03/2019 03:00:00 PM,23,13,10
02/03/2019 04:00:00 PM,24,11,13
02/03/2019 05:00:00 PM,12,6,6
02/03/2019 06:00:00 PM,3,2,1
02/03/2019 07:00:00 PM,8,4,4
02/03/2019 08:00:00 PM,10,4,6
02/03/2019 09:00:00 PM,4,3,1
02/03/2019 10:00:00 PM,2,1,1
02/03/2019 11:00:00 PM,3,2,1
02/04/2019 12:00:00 AM,2,2,0
02/04/2019 01:00:00 AM,2,1,1
02/04/2019 02:00:00 AM,0,0,0
02/04/2019 03:00:00 AM,1,1,0
02/04/2019 04:00:00 AM,0,0,0
02/04/2019 05:00:00 AM,7,4,3
02/04/2019 06:00:00 AM,9,3,6
02/04/2019 07:00:00 AM,22,7,15
02/04/2019 08:00:00 AM,29,13,16
02/04/2019 09:00:00 AM,17,6,11
02/04/2019 10:00:00 AM,9,3,6
02/04/2019 11:00:00 AM,13,5,8
02/04/2019 12:00:00 PM,7,3,4
02/04/2019 01:00:00 PM,4,2,2
02/04/2019 02:00:00 PM,14,5,9
02/04/2019 03:00:00 PM,25,8,17
02/04/2019 04:00:00 PM,35,11,24
02/04/2019 05:00:00 PM,29,6,23
02/04/2019 06:00:00 PM,17,4,13
02/04/2019 07:00:00 PM,11,4,7
02/04/2019 08:00:00 PM,3,3,0
02/04/2019 09:00:00 PM,3,3,0
02/04/2019 10:00:00 PM,0,0,0
02/04/2019 11:00:00 PM,1,1,0
02/05/2019 12:00:00 AM,0,0,0
02/05/2019 01:00:00 AM,0,0,0
02/05/2019 02:00:00 AM,0,0,0
02/05/2019 03:00:00 AM,0,0,0
02/05/2019 04:00:00 AM,1,1,0
02/05/2019 05:00:00 AM,3,1,2
02/05/2019 06:00:00 AM,8,7,1
02/05/2019 07:00:00 AM,20,9,11
02/05/2019 08:00:00 AM,33,12,21
02/05/2019 09:00:00 AM,30,14,16
02/05/2019 10:00:00 AM,13,7,6
02/05/2019 11:00:00 AM,18,3,15
02/05/2019 12:00:00 PM,8,2,6
02/05/2019 01:00:00 PM,8,6,2
02/05/2019 02:00:00 PM,19,8,11
02/05/2019 03:00:00 PM,32,18,14
02/05/2019 04:00:00 PM,38,14,24
02/05/2019 05:00:00 PM,50,10,40
02/05/2019 06:00:00 PM,30,11,19
02/05/2019 07:00:00 PM,17,6,11
02/05/2019 08:00:00 PM,7,2,5
02/05/2019 09:00:00 PM,6,2,4
02/05/2019 10:00:00 PM,3,2,1
02/05/2019 11:00:00 PM,0,0,0
02/06/2019 12:00:00 AM,2,2,0
02/06/2019 01:00:00 AM,0,0,0
02/06/2019 02:00:00 AM,0,0,0
02/06/2019 03:00:00 AM,0,0,0
02/06/2019 04:00:00 AM,4,3,1
02/06/2019 05:00:00 AM,12,5,7
02/06/2019 06:00:00 AM,17,13,4
02/06/2019 07:00:00 AM,63,25,38
02/06/2019 08:00:00 AM,103,49,54
02/06/2019 09:00:00 AM,65,29,36
02/06/2019 10:00:00 AM,32,12,20
02/06/2019 11:00:00 AM,28,9,19
02/06/2019 12:00:00 PM,22,12,10
02/06/2019 01:00:00 PM,19,13,6
02/06/2019 02:00:00 PM,30,13,17
02/06/2019 03:00:00 PM,42,21,21
02/06/2019 04:00:00 PM,78,27,51
02/06/2019 05:00:00 PM,129,24,105
02/06/2019 06:00:00 PM,85,19,66
02/06/2019 07:00:00 PM,31,5,26
02/06/2019 08:00:00 PM,19,9,10
02/06/2019 09:00:00 PM,10,4,6
02/06/2019 10:00:00 PM,8,6,2
02/06/2019 11:00:00 PM,3,1,2
02/07/2019 12:00:00 AM,0,0,0
02/07/2019 01:00:00 AM,0,0,0
02/07/2019 02:00:00 AM,1,0,1
02/07/2019 03:00:00 AM,2,1,1
02/07/2019 04:00:00 AM,3,3,0
02/07/2019 05:00:00 AM,12,5,7
02/07/2019 06:00:00 AM,31,23,8
02/07/2019 07:00:00 AM,111,58,53
02/07/2019 08:00:00 AM,165,72,93
02/07/2019 09:00:00 AM,93,43,50
02/07/2019 10:00:00 AM,39,16,23
02/07/2019 11:00:00 AM,30,12,18
02/07/2019 12:00:00 PM,33,20,13
02/07/2019 01:00:00 PM,29,14,15
02/07/2019 02:00:00 PM,32,12,20
02/07/2019 03:00:00 PM,55,24,31
02/07/2019 04:00:00 PM,97,28,69
02/07/2019 05:00:00 PM,186,41,145
02/07/2019 06:00:00 PM,120,21,99
02/07/2019 07:00:00 PM,49,16,33
02/07/2019 08:00:00 PM,37,20,17
02/07/2019 09:00:00 PM,18,10,8
02/07/2019 10:00:00 PM,14,10,4
02/07/2019 11:00:00 PM,8,4,4
02/08/2019 12:00:00 AM,7,2,5
02/08/2019 01:00:00 AM,0,0,0
02/08/2019 02:00:00 AM,0,0,0
02/08/2019 03:00:00 AM,2,2,0
02/08/2019 04:00:00 AM,3,1,2
02/08/2019 05:00:00 AM,9,4,5
02/08/2019 06:00:00 AM,24,16,8
02/08/2019 07:00:00 AM,74,35,39
02/08/2019 08:00:00 AM,103,39,64
02/08/2019 09:00:00 AM,59,24,35
02/08/2019 10:00:00 AM,34,18,16
02/08/2019 11:00:00 AM,27,9,18
02/08/2019 12:00:00 PM,65,15,50
02/08/2019 01:00:00 PM,107,25,82
02/08/2019 02:00:00 PM,46,9,37
02/08/2019 03:00:00 PM,48,14,34
02/08/2019 04:00:00 PM,28,7,21
02/08/2019 05:00:00 PM,34,10,24
02/08/2019 06:00:00 PM,12,1,11
02/08/2019 07:00:00 PM,6,2,4
02/08/2019 08:00:00 PM,5,2,3
02/08/2019 09:00:00 PM,5,2,3
02/08/2019 10:00:00 PM,1,1,0
02/08/2019 11:00:00 PM,4,4,0
02/09/2019 12:00:00 AM,2,0,2
02/09/2019 01:00:00 AM,0,0,0
02/09/2019 02:00:00 AM,1,0,1
02/09/2019 03:00:00 AM,4,3,1
02/09/2019 04:00:00 AM,1,0,1
02/09/2019 05:00:00 AM,0,0,0
02/09/2019 06:00:00 AM,1,0,1
02/09/2019 07:00:00 AM,2,1,1
02/09/2019 08:00:00 AM,2,0,2
02/09/2019 09:00:00 AM,2,1,1
02/09/2019 10:00:00 AM,3,2,1
02/09/2019 11:00:00 AM,3,0,3
02/09/2019 12:00:00 PM,9,0,9
02/09/2019 01:00:00 PM,4,2,2
02/09/2019 02:00:00 PM,6,0,6
02/09/2019 03:00:00 PM,2,0,2
02/09/2019 04:00:00 PM,8,3,5
02/09/2019 05:00:00 PM,6,1,5
02/09/2019 06:00:00 PM,3,1,2
02/09/2019 07:00:00 PM,0,0,0
02/09/2019 08:00:00 PM,1,0,1
02/09/2019 09:00:00 PM,3,1,2
02/09/2019 10:00:00 PM,2,2,0
02/09/2019 11:00:00 PM,2,2,0
02/10/2019 12:00:00 AM,0,0,0
02/10/2019 01:00:00 AM,0,0,0
02/10/2019 02:00:00 AM,0,0,0
02/10/2019 03:00:00 AM,0,0,0
02/10/2019 04:00:00 AM,0,0,0
02/10/2019 05:00:00 AM,1,1,0
02/10/2019 06:00:00 AM,0,0,0
02/10/2019 07:00:00 AM,0,0,0
02/10/2019 08:00:00 AM,2,2,0
02/10/2019 09:00:00 AM,0,0,0
02/10/2019 10:00:00 AM,3,1,2
02/10/2019 11:00:00 AM,4,3,1
02/10/2019 12:00:00 PM,0,0,0
02/10/2019 01:00:00 PM,3,2,1
02/10/2019 02:00:00 PM,5,5,0
02/10/2019 03:00:00 PM,2,1,1
02/10/2019 04:00:00 PM,4,3,1
02/10/2019 05:00:00 PM,3,0,3
02/10/2019 06:00:00 PM,1,0,1
02/10/2019 07:00:00 PM,2,2,0
02/10/2019 08:00:00 PM,2,2,0
02/10/2019 09:00:00 PM,1,0,1
02/10/2019 10:00:00 PM,4,3,1
02/10/2019 11:00:00 PM,1,1,0
02/11/2019 12:00:00 AM,0,0,0
02/11/2019 01:00:00 AM,1,1,0
02/11/2019 02:00:00 AM,0,0,0
02/11/2019 03:00:00 AM,0,0,0
02/11/2019 04:00:00 AM,0,0,0
02/11/2019 05:00:00 AM,2,2,0
02/11/2019 06:00:00 AM,2,1,1
02/11/2019 07:00:00 AM,13,6,7
02/11/2019 08:00:00 AM,9,4,5
02/11/2019 09:00:00 AM,6,3,3
02/11/2019 10:00:00 AM,7,1,6
02/11/2019 11:00:00 AM,2,0,2
02/11/2019 12:00:00 PM,4,1,3
02/11/2019 01:00:00 PM,4,1,3
02/11/2019 02:00:00 PM,6,2,4
02/11/2019 03:00:00 PM,6,1,5
02/11/2019 04:00:00 PM,12,4,8
02/11/2019 05:00:00 PM,20,4,16
02/11/2019 06:00:00 PM,7,1,6
02/11/2019 07:00:00 PM,0,0,0
02/11/2019 08:00:00 PM,0,0,0
02/11/2019 09:00:00 PM,0,0,0
02/11/2019 10:00:00 PM,0,0,0
02/11/2019 11:00:00 PM,0,0,0
02/12/2019 12:00:00 AM,0,0,0
02/12/2019 01:00:00 AM,0,0,0
02/12/2019 02:00:00 AM,0,0,0
02/12/2019 03:00:00 AM,0,0,0
02/12/2019 04:00:00 AM,0,0,0
02/12/2019 05:00:00 AM,0,0,0
02/12/2019 06:00:00 AM,0,0,0
02/12/2019 07:00:00 AM,5,4,1
02/12/2019 08:00:00 AM,15,8,7
02/12/2019 09:00:00 AM,7,2,5
02/12/2019 10:00:00 AM,5,4,1
02/12/2019 11:00:00 AM,4,2,2
02/12/2019 12:00:00 PM,5,2,3
02/12/2019 01:00:00 PM,3,1,2
02/12/2019 02:00:00 PM,5,0,5
02/12/2019 03:00:00 PM,7,2,5
02/12/2019 04:00:00 PM,12,3,9
02/12/2019 05:00:00 PM,19,3,16
02/12/2019 06:00:00 PM,17,6,11
02/12/2019 07:00:00 PM,12,4,8
02/12/2019 08:00:00 PM,4,2,2
02/12/2019 09:00:00 PM,3,1,2
02/12/2019 10:00:00 PM,0,0,0
02/12/2019 11:00:00 PM,0,0,0
02/13/2019 12:00:00 AM,1,1,0
02/13/2019 01:00:00 AM,1,0,1
02/13/2019 02:00:00 AM,0,0,0
02/13/2019 03:00:00 AM,0,0,0
02/13/2019 04:00:00 AM,3,2,1
02/13/2019 05:00:00 AM,3,2,1
02/13/2019 06:00:00 AM,13,6,7
02/13/2019 07:00:00 AM,40,18,22
02/13/2019 08:00:00 AM,76,32,44
02/13/2019 09:00:00 AM,58,26,32
02/13/2019 10:00:00 AM,34,11,23
02/13/2019 11:00:00 AM,17,6,11
02/13/2019 12:00:00 PM,11,2,9
02/13/2019 01:00:00 PM,17,6,11
02/13/2019 02:00:00 PM,13,9,4
02/13/2019 03:00:00 PM,23,8,15
02/13/2019 04:00:00 PM,43,9,34
02/13/2019 05:00:00 PM,111,28,83
02/13/2019 06:00:00 PM,73,14,59
02/13/2019 07:00:00 PM,28,9,19
02/13/2019 08:00:00 PM,20,8,12
02/13/2019 09:00:00 PM,7,1,6
02/13/2019 10:00:00 PM,4,0,4
02/13/2019 11:00:00 PM,4,0,4
02/14/2019 12:00:00 AM,5,3,2
02/14/2019 01:00:00 AM,2,0,2
02/14/2019 02:00:00 AM,0,0,0
02/14/2019 03:00:00 AM,1,0,1
02/14/2019 04:00:00 AM,3,2,1
02/14/2019 05:00:00 AM,8,5,3
02/14/2019 06:00:00 AM,24,18,6
02/14/2019 07:00:00 AM,74,36,38
02/14/2019 08:00:00 AM,133,63,70
02/14/2019 09:00:00 AM,74,26,48
02/14/2019 10:00:00 AM,40,17,23
02/14/2019 11:00:00 AM,32,15,17
02/14/2019 12:00:00 PM,22,8,14
02/14/2019 01:00:00 PM,13,7,6
02/14/2019 02:00:00 PM,18,8,10
02/14/2019 03:00:00 PM,31,13,18
02/14/2019 04:00:00 PM,76,23,53
02/14/2019 05:00:00 PM,155,31,124
02/14/2019 06:00:00 PM,97,27,70
02/14/2019 07:00:00 PM,36,8,28
02/14/2019 08:00:00 PM,17,8,9
02/14/2019 09:00:00 PM,8,3,5
02/14/2019 10:00:00 PM,6,3,3
02/14/2019 11:00:00 PM,6,1,5
02/15/2019 12:00:00 AM,7,1,6
02/15/2019 01:00:00 AM,3,2,1
02/15/2019 02:00:00 AM,2,0,2
02/15/2019 03:00:00 AM,0,0,0
02/15/2019 04:00:00 AM,6,1,5
02/15/2019 05:00:00 AM,12,5,7
02/15/2019 06:00:00 AM,29,17,12
02/15/2019 07:00:00 AM,126,63,63
02/15/2019 08:00:00 AM,193,99,94
02/15/2019 09:00:00 AM,97,25,72
02/15/2019 10:00:00 AM,50,21,29
02/15/2019 11:00:00 AM,28,13,15
02/15/2019 12:00:00 PM,36,19,17
02/15/2019 01:00:00 PM,34,15,19
02/15/2019 02:00:00 PM,41,20,21
02/15/2019 03:00:00 PM,78,32,46
02/15/2019 04:00:00 PM,132,32,100
02/15/2019 05:00:00 PM,227,57,170
02/15/2019 06:00:00 PM,122,30,92
02/15/2019 07:00:00 PM,45,13,32
02/15/2019 08:00:00 PM,20,5,15
02/15/2019 09:00:00 PM,20,9,11
02/15/2019 10:00:00 PM,20,8,12
02/15/2019 11:00:00 PM,11,7,4
02/16/2019 12:00:00 AM,11,4,7
02/16/2019 01:00:00 AM,5,2,3
02/16/2019 02:00:00 AM,3,1,2
02/16/2019 03:00:00 AM,1,1,0
02/16/2019 04:00:00 AM,1,0,1
02/16/2019 05:00:00 AM,2,0,2
02/16/2019 06:00:00 AM,9,7,2
02/16/2019 07:00:00 AM,16,6,10
02/16/2019 08:00:00 AM,30,16,14
02/16/2019 09:00:00 AM,29,13,16
02/16/2019 10:00:00 AM,33,17,16
02/16/2019 11:00:00 AM,42,28,14
02/16/2019 12:00:00 PM,38,16,22
02/16/2019 01:00:00 PM,36,13,23
02/16/2019 02:00:00 PM,38,18,20
02/16/2019 03:00:00 PM,36,19,17
02/16/2019 04:00:00 PM,24,6,18
02/16/2019 05:00:00 PM,12,6,6
02/16/2019 06:00:00 PM,18,5,13
02/16/2019 07:00:00 PM,5,2,3
02/16/2019 08:00:00 PM,6,2,4
02/16/2019 09:00:00 PM,5,2,3
02/16/2019 10:00:00 PM,14,3,11
02/16/2019 11:00:00 PM,6,3,3
02/17/2019 12:00:00 AM,4,0,4
02/17/2019 01:00:00 AM,1,0,1
02/17/2019 02:00:00 AM,1,0,1
02/17/2019 03:00:00 AM,2,0,2
02/17/2019 04:00:00 AM,2,0,2
02/17/2019 05:00:00 AM,1,0,1
02/17/2019 06:00:00 AM,4,1,3
02/17/2019 07:00:00 AM,13,6,7
02/17/2019 08:00:00 AM,22,8,14
02/17/2019 09:00:00 AM,33,14,19
02/17/2019 10:00:00 AM,51,31,20
02/17/2019 11:00:00 AM,62,34,28
02/17/2019 12:00:00 PM,64,30,34
02/17/2019 01:00:00 PM,77,31,46
02/17/2019 02:00:00 PM,59,33,26
02/17/2019 03:00:00 PM,62,32,30
02/17/2019 04:00:00 PM,79,38,41
02/17/2019 05:00:00 PM,49,20,29
02/17/2019 06:00:00 PM,28,14,14
02/17/2019 07:00:00 PM,19,8,11
02/17/2019 08:00:00 PM,6,2,4
02/17/2019 09:00:00 PM,4,2,2
02/17/2019 10:00:00 PM,9,3,6
02/17/2019 11:00:00 PM,6,1,5
02/18/2019 12:00:00 AM,1,1,0
02/18/2019 01:00:00 AM,2,1,1
02/18/2019 02:00:00 AM,2,1,1
02/18/2019 03:00:00 AM,4,4,0
02/18/2019 04:00:00 AM,5,2,3
02/18/2019 05:00:00 AM,11,7,4
02/18/2019 06:00:00 AM,29,15,14
02/18/2019 07:00:00 AM,91,41,50
02/18/2019 08:00:00 AM,158,69,89
02/18/2019 09:00:00 AM,106,40,66
02/18/2019 10:00:00 AM,56,18,38
02/18/2019 11:00:00 AM,41,20,21
02/18/2019 12:00:00 PM,40,21,19
02/18/2019 01:00:00 PM,50,28,22
02/18/2019 02:00:00 PM,80,33,47
02/18/2019 03:00:00 PM,83,35,48
02/18/2019 04:00:00 PM,110,36,74
02/18/2019 05:00:00 PM,195,51,144
02/18/2019 06:00:00 PM,122,30,92
02/18/2019 07:00:00 PM,50,10,40
02/18/2019 08:00:00 PM,24,10,14
02/18/2019 09:00:00 PM,13,6,7
02/18/2019 10:00:00 PM,13,5,8
02/18/2019 11:00:00 PM,6,4,2
02/19/2019 12:00:00 AM,3,0,3
02/19/2019 01:00:00 AM,0,0,0
02/19/2019 02:00:00 AM,2,0,2
02/19/2019 03:00:00 AM,2,1,1
02/19/2019 04:00:00 AM,6,4,2
02/19/2019 05:00:00 AM,29,14,15
02/19/2019 06:00:00 AM,79,43,36
02/19/2019 07:00:00 AM,229,118,111
02/19/2019 08:00:00 AM,290,132,158
02/19/2019 09:00:00 AM,159,62,97
02/19/2019 10:00:00 AM,59,31,28
02/19/2019 11:00:00 AM,40,15,25
02/19/2019 12:00:00 PM,42,20,22
02/19/2019 01:00:00 PM,38,13,25
02/19/2019 02:00:00 PM,32,18,14
02/19/2019 03:00:00 PM,72,20,52
02/19/2019 04:00:00 PM,176,45,131
02/19/2019 05:00:00 PM,307,63,244
02/19/2019 06:00:00 PM,221,52,169
02/19/2019 07:00:00 PM,88,26,62
02/19/2019 08:00:00 PM,31,11,20
02/19/2019 09:00:00 PM,27,13,14
02/19/2019 10:00:00 PM,9,5,4
02/19/2019 11:00:00 PM,5,2,3
02/20/2019 12:00:00 AM,1,0,1
02/20/2019 01:00:00 AM,1,0,1
02/20/2019 02:00:00 AM,1,1,0
02/20/2019 03:00:00 AM,1,1,0
02/20/2019 04:00:00 AM,5,4,1
02/20/2019 05:00:00 AM,28,13,15
02/20/2019 06:00:00 AM,72,37,35
02/20/2019 07:00:00 AM,221,109,112
02/20/2019 08:00:00 AM,330,155,175
02/20/2019 09:00:00 AM,139,61,78
02/20/2019 10:00:00 AM,60,24,36
02/20/2019 11:00:00 AM,58,29,29
02/20/2019 12:00:00 PM,47,23,24
02/20/2019 01:00:00 PM,35,13,22
02/20/2019 02:00:00 PM,49,20,29
02/20/2019 03:00:00 PM,80,32,48
02/20/2019 04:00:00 PM,179,57,122
02/20/2019 05:00:00 PM,340,88,252
02/20/2019 06:00:00 PM,236,65,171
02/20/2019 07:00:00 PM,82,30,52
02/20/2019 08:00:00 PM,47,17,30
02/20/2019 09:00:00 PM,27,11,16
02/20/2019 10:00:00 PM,26,8,18
02/20/2019 11:00:00 PM,6,2,4
02/21/2019 12:00:00 AM,4,1,3
02/21/2019 01:00:00 AM,3,0,3
02/21/2019 02:00:00 AM,1,0,1
02/21/2019 03:00:00 AM,3,1,2
02/21/2019 04:00:00 AM,7,7,0
02/21/2019 05:00:00 AM,29,16,13
02/21/2019 06:00:00 AM,67,35,32
02/21/2019 07:00:00 AM,223,119,104
02/21/2019 08:00:00 AM,348,157,191
02/21/2019 09:00:00 AM,169,70,99
02/21/2019 10:00:00 AM,95,49,46
02/21/2019 11:00:00 AM,77,35,42
02/21/2019 12:00:00 PM,81,30,51
02/21/2019 01:00:00 PM,73,41,32
02/21/2019 02:00:00 PM,77,33,44
02/21/2019 03:00:00 PM,128,49,79
02/21/2019 04:00:00 PM,227,55,172
02/21/2019 05:00:00 PM,388,111,277
02/21/2019 06:00:00 PM,257,74,183
02/21/2019 07:00:00 PM,94,23,71
02/21/2019 08:00:00 PM,62,12,50
02/21/2019 09:00:00 PM,31,15,16
02/21/2019 10:00:00 PM,36,8,28
02/21/2019 11:00:00 PM,14,4,10
02/22/2019 12:00:00 AM,4,2,2
02/22/2019 01:00:00 AM,1,0,1
02/22/2019 02:00:00 AM,1,0,1
02/22/2019 03:00:00 AM,3,3,0
02/22/2019 04:00:00 AM,9,4,5
02/22/2019 05:00:00 AM,18,4,14
02/22/2019 06:00:00 AM,56,35,21
02/22/2019 07:00:00 AM,177,89,88
02/22/2019 08:00:00 AM,264,126,138
02/22/2019 09:00:00 AM,163,78,85
02/22/2019 10:00:00 AM,49,17,32
02/22/2019 11:00:00 AM,28,13,15
02/22/2019 12:00:00 PM,21,6,15
02/22/2019 01:00:00 PM,30,11,19
02/22/2019 02:00:00 PM,29,6,23
02/22/2019 03:00:00 PM,65,17,48
02/22/2019 04:00:00 PM,139,34,105
02/22/2019 05:00:00 PM,282,73,209
02/22/2019 06:00:00 PM,148,46,102
02/22/2019 07:00:00 PM,73,17,56
02/22/2019 08:00:00 PM,29,11,18
02/22/2019 09:00:00 PM,31,11,20
02/22/2019 10:00:00 PM,23,10,13
02/22/2019 11:00:00 PM,10,5,5
02/23/2019 12:00:00 AM,9,6,3
02/23/2019 01:00:00 AM,5,4,1
02/23/2019 02:00:00 AM,4,1,3
02/23/2019 03:00:00 AM,0,0,0
02/23/2019 04:00:00 AM,5,1,4
02/23/2019 05:00:00 AM,0,0,0
02/23/2019 06:00:00 AM,9,7,2
02/23/2019 07:00:00 AM,23,9,14
02/23/2019 08:00:00 AM,34,12,22
02/23/2019 09:00:00 AM,36,14,22
02/23/2019 10:00:00 AM,48,19,29
02/23/2019 11:00:00 AM,68,34,34
02/23/2019 12:00:00 PM,67,31,36
02/23/2019 01:00:00 PM,62,30,32
02/23/2019 02:00:00 PM,59,21,38
02/23/2019 03:00:00 PM,43,22,21
02/23/2019 04:00:00 PM,60,29,31
02/23/2019 05:00:00 PM,48,19,29
02/23/2019 06:00:00 PM,18,8,10
02/23/2019 07:00:00 PM,11,5,6
02/23/2019 08:00:00 PM,11,2,9
02/23/2019 09:00:00 PM,4,3,1
02/23/2019 10:00:00 PM,10,6,4
02/23/2019 11:00:00 PM,9,4,5
02/24/2019 12:00:00 AM,9,6,3
02/24/2019 01:00:00 AM,6,1,5
02/24/2019 02:00:00 AM,6,5,1
02/24/2019 03:00:00 AM,0,0,0
02/24/2019 04:00:00 AM,1,0,1
02/24/2019 05:00:00 AM,3,2,1
02/24/2019 06:00:00 AM,20,13,7
02/24/2019 07:00:00 AM,38,20,18
02/24/2019 08:00:00 AM,69,35,34
02/24/2019 09:00:00 AM,55,31,24
02/24/2019 10:00:00 AM,32,19,13
02/24/2019 11:00:00 AM,60,33,27
02/24/2019 12:00:00 PM,81,37,44
02/24/2019 01:00:00 PM,126,61,65
02/24/2019 02:00:00 PM,98,47,51
02/24/2019 03:00:00 PM,87,24,63
02/24/2019 04:00:00 PM,80,41,39
02/24/2019 05:00:00 PM,63,26,37
02/24/2019 06:00:00 PM,30,12,18
02/24/2019 07:00:00 PM,27,16,11
02/24/2019 08:00:00 PM,10,4,6
02/24/2019 09:00:00 PM,12,5,7
02/24/2019 10:00:00 PM,11,4,7
02/24/2019 11:00:00 PM,9,1,8
02/25/2019 12:00:00 AM,2,0,2
02/25/2019 01:00:00 AM,2,1,1
02/25/2019 02:00:00 AM,1,0,1
02/25/2019 03:00:00 AM,3,1,2
02/25/2019 04:00:00 AM,10,4,6
02/25/2019 05:00:00 AM,24,8,16
02/25/2019 06:00:00 AM,81,50,31
02/25/2019 07:00:00 AM,281,154,127
02/25/2019 08:00:00 AM,409,184,225
02/25/2019 09:00:00 AM,208,94,114
02/25/2019 10:00:00 AM,87,49,38
02/25/2019 11:00:00 AM,61,24,37
02/25/2019 12:00:00 PM,53,28,25
02/25/2019 01:00:00 PM,60,33,27
02/25/2019 02:00:00 PM,63,23,40
02/25/2019 03:00:00 PM,108,45,63
02/25/2019 04:00:00 PM,233,64,169
02/25/2019 05:00:00 PM,447,104,343
02/25/2019 06:00:00 PM,279,85,194
02/25/2019 07:00:00 PM,110,30,80
02/25/2019 08:00:00 PM,60,23,37
02/25/2019 09:00:00 PM,34,21,13
02/25/2019 10:00:00 PM,17,5,12
02/25/2019 11:00:00 PM,10,3,7
02/26/2019 12:00:00 AM,5,1,4
02/26/2019 01:00:00 AM,0,0,0
02/26/2019 02:00:00 AM,1,0,1
02/26/2019 03:00:00 AM,4,4,0
02/26/2019 04:00:00 AM,9,7,2
02/26/2019 05:00:00 AM,27,10,17
02/26/2019 06:00:00 AM,90,50,40
02/26/2019 07:00:00 AM,318,168,150
02/26/2019 08:00:00 AM,458,211,247
02/26/2019 09:00:00 AM,203,89,114
02/26/2019 10:00:00 AM,91,41,50
02/26/2019 11:00:00 AM,71,42,29
02/26/2019 12:00:00 PM,66,30,36
02/26/2019 01:00:00 PM,56,21,35
02/26/2019 02:00:00 PM,78,31,47
02/26/2019 03:00:00 PM,118,54,64
02/26/2019 04:00:00 PM,226,58,168
02/26/2019 05:00:00 PM,444,90,354
02/26/2019 06:00:00 PM,301,70,231
02/26/2019 07:00:00 PM,115,32,83
02/26/2019 08:00:00 PM,62,25,37
02/26/2019 09:00:00 PM,36,17,19
02/26/2019 10:00:00 PM,18,7,11
02/26/2019 11:00:00 PM,6,1,5
02/27/2019 12:00:00 AM,4,0,4
02/27/2019 01:00:00 AM,3,0,3
02/27/2019 02:00:00 AM,1,1,0
02/27/2019 03:00:00 AM,4,3,1
02/27/2019 04:00:00 AM,6,3,3
02/27/2019 05:00:00 AM,28,12,16
02/27/2019 06:00:00 AM,84,46,38
02/27/2019 07:00:00 AM,261,134,127
02/27/2019 08:00:00 AM,378,170,208
02/27/2019 09:00:00 AM,196,93,103
02/27/2019 10:00:00 AM,75,39,36
02/27/2019 11:00:00 AM,47,22,25
02/27/2019 12:00:00 PM,55,27,28
02/27/2019 01:00:00 PM,40,16,24
02/27/2019 02:00:00 PM,60,27,33
02/27/2019 03:00:00 PM,82,29,53
02/27/2019 04:00:00 PM,217,53,164
02/27/2019 05:00:00 PM,404,103,301
02/27/2019 06:00:00 PM,236,62,174
02/27/2019 07:00:00 PM,110,27,83
02/27/2019 08:00:00 PM,52,20,32
02/27/2019 09:00:00 PM,39,18,21
02/27/2019 10:00:00 PM,28,6,22
02/27/2019 11:00:00 PM,5,1,4
02/28/2019 12:00:00 AM,6,1,5
02/28/2019 01:00:00 AM,4,1,3
02/28/2019 02:00:00 AM,4,1,3
02/28/2019 03:00:00 AM,2,1,1
02/28/2019 04:00:00 AM,7,5,2
02/28/2019 05:00:00 AM,33,17,16
02/28/2019 06:00:00 AM,82,43,39
02/28/2019 07:00:00 AM,282,148,134
02/28/2019 08:00:00 AM,393,182,211
02/28/2019 09:00:00 AM,207,79,128
02/28/2019 10:00:00 AM,65,30,35
02/28/2019 11:00:00 AM,69,40,29
02/28/2019 12:00:00 PM,78,43,35
02/28/2019 01:00:00 PM,68,42,26
02/28/2019 02:00:00 PM,69,29,40
02/28/2019 03:00:00 PM,132,48,84
02/28/2019 04:00:00 PM,227,68,159
02/28/2019 05:00:00 PM,491,128,363
02/28/2019 06:00:00 PM,268,70,198
02/28/2019 07:00:00 PM,98,39,59
02/28/2019 08:00:00 PM,66,16,50
02/28/2019 09:00:00 PM,48,16,32
02/28/2019 10:00:00 PM,31,4,27
02/28/2019 11:00:00 PM,11,5,6
03/01/2019 12:00:00 AM,1,1,0
03/01/2019 01:00:00 AM,2,2,0
03/01/2019 02:00:00 AM,3,1,2
03/01/2019 03:00:00 AM,0,0,0
03/01/2019 04:00:00 AM,8,3,5
03/01/2019 05:00:00 AM,16,6,10
03/01/2019 06:00:00 AM,78,42,36
03/01/2019 07:00:00 AM,247,130,117
03/01/2019 08:00:00 AM,406,189,217
03/01/2019 09:00:00 AM,206,84,122
03/01/2019 10:00:00 AM,93,44,49
03/01/2019 11:00:00 AM,64,29,35
03/01/2019 12:00:00 PM,95,50,45
03/01/2019 01:00:00 PM,81,38,43
03/01/2019 02:00:00 PM,89,41,48
03/01/2019 03:00:00 PM,120,41,79
03/01/2019 04:00:00 PM,254,68,186
03/01/2019 05:00:00 PM,445,111,334
03/01/2019 06:00:00 PM,234,66,168
03/01/2019 07:00:00 PM,87,26,61
03/01/2019 08:00:00 PM,42,12,30
03/01/2019 09:00:00 PM,34,13,21
03/01/2019 10:00:00 PM,27,7,20
03/01/2019 11:00:00 PM,25,13,12
03/02/2019 12:00:00 AM,9,4,5
03/02/2019 01:00:00 AM,7,3,4
03/02/2019 02:00:00 AM,4,0,4
03/02/2019 03:00:00 AM,1,0,1
03/02/2019 04:00:00 AM,3,0,3
03/02/2019 05:00:00 AM,5,2,3
03/02/2019 06:00:00 AM,10,3,7
03/02/2019 07:00:00 AM,28,19,9
03/02/2019 08:00:00 AM,53,29,24
03/02/2019 09:00:00 AM,67,40,27
03/02/2019 10:00:00 AM,106,56,50
03/02/2019 11:00:00 AM,153,99,54
03/02/2019 12:00:00 PM,131,62,69
03/02/2019 01:00:00 PM,179,88,91
03/02/2019 02:00:00 PM,178,87,91
03/02/2019 03:00:00 PM,150,74,76
03/02/2019 04:00:00 PM,125,60,65
03/02/2019 05:00:00 PM,122,67,55
03/02/2019 06:00:00 PM,47,29,18
03/02/2019 07:00:00 PM,30,16,14
03/02/2019 08:00:00 PM,15,8,7
03/02/2019 09:00:00 PM,27,7,20
03/02/2019 10:00:00 PM,16,1,15
03/02/2019 11:00:00 PM,15,3,12
03/03/2019 12:00:00 AM,5,1,4
03/03/2019 01:00:00 AM,1,1,0
03/03/2019 02:00:00 AM,2,0,2
03/03/2019 03:00:00 AM,2,0,2
03/03/2019 04:00:00 AM,1,0,1
03/03/2019 05:00:00 AM,1,0,1
03/03/2019 06:00:00 AM,11,5,6
03/03/2019 07:00:00 AM,17,8,9
03/03/2019 08:00:00 AM,33,21,12
03/03/2019 09:00:00 AM,63,26,37
03/03/2019 10:00:00 AM,80,39,41
03/03/2019 11:00:00 AM,121,56,65
03/03/2019 12:00:00 PM,158,85,73
03/03/2019 01:00:00 PM,154,79,75
03/03/2019 02:00:00 PM,154,72,82
03/03/2019 03:00:00 PM,147,73,74
03/03/2019 04:00:00 PM,141,69,72
03/03/2019 05:00:00 PM,89,46,43
03/03/2019 06:00:00 PM,40,20,20
03/03/2019 07:00:00 PM,23,10,13
03/03/2019 08:00:00 PM,14,9,5
03/03/2019 09:00:00 PM,7,2,5
03/03/2019 10:00:00 PM,5,1,4
03/03/2019 11:00:00 PM,4,1,3
03/04/2019 12:00:00 AM,1,0,1
03/04/2019 01:00:00 AM,1,0,1
03/04/2019 02:00:00 AM,3,3,0
03/04/2019 03:00:00 AM,1,1,0
03/04/2019 04:00:00 AM,8,4,4
03/04/2019 05:00:00 AM,26,12,14
03/04/2019 06:00:00 AM,109,70,39
03/04/2019 07:00:00 AM,282,152,130
03/04/2019 08:00:00 AM,484,225,259
03/04/2019 09:00:00 AM,229,101,128
03/04/2019 10:00:00 AM,90,37,53
03/04/2019 11:00:00 AM,73,37,36
03/04/2019 12:00:00 PM,60,25,35
03/04/2019 01:00:00 PM,69,33,36
03/04/2019 02:00:00 PM,69,28,41
03/04/2019 03:00:00 PM,130,49,81
03/04/2019 04:00:00 PM,258,61,197
03/04/2019 05:00:00 PM,532,137,395
03/04/2019 06:00:00 PM,301,85,216
03/04/2019 07:00:00 PM,122,41,81
03/04/2019 08:00:00 PM,48,15,33
03/04/2019 09:00:00 PM,36,12,24
03/04/2019 10:00:00 PM,14,6,8
03/04/2019 11:00:00 PM,7,4,3
03/05/2019 12:00:00 AM,1,0,1
03/05/2019 01:00:00 AM,0,0,0
03/05/2019 02:00:00 AM,2,1,1
03/05/2019 03:00:00 AM,1,1,0
03/05/2019 04:00:00 AM,9,4,5
03/05/2019 05:00:00 AM,25,14,11
03/05/2019 06:00:00 AM,113,65,48
03/05/2019 07:00:00 AM,305,158,147
03/05/2019 08:00:00 AM,429,214,215
03/05/2019 09:00:00 AM,231,100,131
03/05/2019 10:00:00 AM,108,56,52
03/05/2019 11:00:00 AM,86,42,44
03/05/2019 12:00:00 PM,73,35,38
03/05/2019 01:00:00 PM,76,31,45
03/05/2019 02:00:00 PM,97,48,49
03/05/2019 03:00:00 PM,136,55,81
03/05/2019 04:00:00 PM,268,72,196
03/05/2019 05:00:00 PM,516,118,398
03/05/2019 06:00:00 PM,325,88,237
03/05/2019 07:00:00 PM,125,34,91
03/05/2019 08:00:00 PM,61,19,42
03/05/2019 09:00:00 PM,25,12,13
03/05/2019 10:00:00 PM,31,14,17
03/05/2019 11:00:00 PM,11,4,7
03/06/2019 12:00:00 AM,1,0,1
03/06/2019 01:00:00 AM,1,0,1
03/06/2019 02:00:00 AM,3,0,3
03/06/2019 03:00:00 AM,0,0,0
03/06/2019 04:00:00 AM,11,7,4
03/06/2019 05:00:00 AM,20,9,11
03/06/2019 06:00:00 AM,94,54,40
03/06/2019 07:00:00 AM,295,155,140
03/06/2019 08:00:00 AM,353,156,197
03/06/2019 09:00:00 AM,200,85,115
03/06/2019 10:00:00 AM,71,26,45
03/06/2019 11:00:00 AM,49,19,30
03/06/2019 12:00:00 PM,50,27,23
03/06/2019 01:00:00 PM,40,19,21
03/06/2019 02:00:00 PM,33,11,22
03/06/2019 03:00:00 PM,66,20,46
03/06/2019 04:00:00 PM,166,40,126
03/06/2019 05:00:00 PM,381,90,291
03/06/2019 06:00:00 PM,217,50,167
03/06/2019 07:00:00 PM,102,27,75
03/06/2019 08:00:00 PM,39,16,23
03/06/2019 09:00:00 PM,32,11,21
03/06/2019 10:00:00 PM,18,6,12
03/06/2019 11:00:00 PM,5,1,4
03/07/2019 12:00:00 AM,2,1,1
03/07/2019 01:00:00 AM,5,2,3
03/07/2019 02:00:00 AM,0,0,0
03/07/2019 03:00:00 AM,3,1,2
03/07/2019 04:00:00 AM,9,5,4
03/07/2019 05:00:00 AM,18,7,11
03/07/2019 06:00:00 AM,56,33,23
03/07/2019 07:00:00 AM,115,62,53
03/07/2019 08:00:00 AM,206,74,132
03/07/2019 09:00:00 AM,128,60,68
03/07/2019 10:00:00 AM,46,25,21
03/07/2019 11:00:00 AM,46,18,28
03/07/2019 12:00:00 PM,27,13,14
03/07/2019 01:00:00 PM,35,17,18
03/07/2019 02:00:00 PM,51,24,27
03/07/2019 03:00:00 PM,57,22,35
03/07/2019 04:00:00 PM,131,33,98
03/07/2019 05:00:00 PM,240,66,174
03/07/2019 06:00:00 PM,158,46,112
03/07/2019 07:00:00 PM,69,15,54
03/07/2019 08:00:00 PM,44,15,29
03/07/2019 09:00:00 PM,27,7,20
03/07/2019 10:00:00 PM,24,6,18
03/07/2019 11:00:00 PM,8,3,5
03/08/2019 12:00:00 AM,5,0,5
03/08/2019 01:00:00 AM,2,1,1
03/08/2019 02:00:00 AM,3,0,3
03/08/2019 03:00:00 AM,2,0,2
03/08/2019 04:00:00 AM,4,3,1
03/08/2019 05:00:00 AM,22,11,11
03/08/2019 06:00:00 AM,74,38,36
03/08/2019 07:00:00 AM,217,114,103
03/08/2019 08:00:00 AM,252,128,124
03/08/2019 09:00:00 AM,121,50,71
03/08/2019 10:00:00 AM,53,23,30
03/08/2019 11:00:00 AM,32,15,17
03/08/2019 12:00:00 PM,33,13,20
03/08/2019 01:00:00 PM,42,20,22
03/08/2019 02:00:00 PM,60,18,42
03/08/2019 03:00:00 PM,88,41,47
03/08/2019 04:00:00 PM,191,43,148
03/08/2019 05:00:00 PM,355,75,280
03/08/2019 06:00:00 PM,164,50,114
03/08/2019 07:00:00 PM,79,22,57
03/08/2019 08:00:00 PM,30,9,21
03/08/2019 09:00:00 PM,18,5,13
03/08/2019 10:00:00 PM,18,7,11
03/08/2019 11:00:00 PM,11,7,4
03/09/2019 12:00:00 AM,8,1,7
03/09/2019 01:00:00 AM,6,5,1
03/09/2019 02:00:00 AM,5,1,4
03/09/2019 03:00:00 AM,1,0,1
03/09/2019 04:00:00 AM,5,0,5
03/09/2019 05:00:00 AM,4,2,2
03/09/2019 06:00:00 AM,10,5,5
03/09/2019 07:00:00 AM,13,4,9
03/09/2019 08:00:00 AM,39,12,27
03/09/2019 09:00:00 AM,63,27,36
03/09/2019 10:00:00 AM,68,47,21
03/09/2019 11:00:00 AM,102,56,46
03/09/2019 12:00:00 PM,123,80,43
03/09/2019 01:00:00 PM,156,74,82
03/09/2019 02:00:00 PM,161,71,90
03/09/2019 03:00:00 PM,169,84,85
03/09/2019 04:00:00 PM,144,69,75
03/09/2019 05:00:00 PM,92,49,43
03/09/2019 06:00:00 PM,52,21,31
03/09/2019 07:00:00 PM,40,25,15
03/09/2019 08:00:00 PM,20,7,13
03/09/2019 09:00:00 PM,23,6,17
03/09/2019 10:00:00 PM,13,2,11
03/09/2019 11:00:00 PM,12,4,8
03/10/2019 12:00:00 AM,10,1,9
03/10/2019 01:00:00 AM,2,2,0
03/10/2019 02:00:00 AM,,,
03/10/2019 03:00:00 AM,1,0,1
03/10/2019 04:00:00 AM,2,1,1
03/10/2019 05:00:00 AM,3,2,1
03/10/2019 06:00:00 AM,4,2,2
03/10/2019 07:00:00 AM,15,7,8
03/10/2019 08:00:00 AM,29,17,12
03/10/2019 09:00:00 AM,44,20,24
03/10/2019 10:00:00 AM,65,39,26
03/10/2019 11:00:00 AM,115,50,65
03/10/2019 12:00:00 PM,147,73,74
03/10/2019 01:00:00 PM,167,90,77
03/10/2019 02:00:00 PM,187,105,82
03/10/2019 03:00:00 PM,227,105,122
03/10/2019 04:00:00 PM,156,78,78
03/10/2019 05:00:00 PM,132,61,71
03/10/2019 06:00:00 PM,71,38,33
03/10/2019 07:00:00 PM,39,20,19
03/10/2019 08:00:00 PM,33,20,13
03/10/2019 09:00:00 PM,9,5,4
03/10/2019 10:00:00 PM,6,1,5
03/10/2019 11:00:00 PM,4,1,3
03/11/2019 12:00:00 AM,5,2,3
03/11/2019 01:00:00 AM,6,4,2
03/11/2019 02:00:00 AM,0,0,0
03/11/2019 03:00:00 AM,2,0,2
03/11/2019 04:00:00 AM,5,2,3
03/11/2019 05:00:00 AM,30,16,14
03/11/2019 06:00:00 AM,95,55,40
03/11/2019 07:00:00 AM,268,150,118
03/11/2019 08:00:00 AM,463,241,222
03/11/2019 09:00:00 AM,241,100,141
03/11/2019 10:00:00 AM,91,39,52
03/11/2019 11:00:00 AM,67,31,36
03/11/2019 12:00:00 PM,50,29,21
03/11/2019 01:00:00 PM,64,30,34
03/11/2019 02:00:00 PM,47,20,27
03/11/2019 03:00:00 PM,114,46,68
03/11/2019 04:00:00 PM,252,60,192
03/11/2019 05:00:00 PM,494,126,368
03/11/2019 06:00:00 PM,276,70,206
03/11/2019 07:00:00 PM,111,30,81
03/11/2019 08:00:00 PM,47,11,36
03/11/2019 09:00:00 PM,20,10,10
03/11/2019 10:00:00 PM,8,5,3
03/11/2019 11:00:00 PM,11,1,10
03/12/2019 12:00:00 AM,0,0,0
03/12/2019 01:00:00 AM,0,0,0
03/12/2019 02:00:00 AM,0,0,0
03/12/2019 03:00:00 AM,0,0,0
03/12/2019 04:00:00 AM,8,3,5
03/12/2019 05:00:00 AM,18,8,10
03/12/2019 06:00:00 AM,68,39,29
03/12/2019 07:00:00 AM,223,116,107
03/12/2019 08:00:00 AM,343,175,168
03/12/2019 09:00:00 AM,193,81,112
03/12/2019 10:00:00 AM,66,29,37
03/12/2019 11:00:00 AM,40,13,27
03/12/2019 12:00:00 PM,29,13,16
03/12/2019 01:00:00 PM,31,14,17
03/12/2019 02:00:00 PM,41,16,25
03/12/2019 03:00:00 PM,69,27,42
03/12/2019 04:00:00 PM,173,37,136
03/12/2019 05:00:00 PM,368,95,273
03/12/2019 06:00:00 PM,303,89,214
03/12/2019 07:00:00 PM,118,37,81
03/12/2019 08:00:00 PM,59,16,43
03/12/2019 09:00:00 PM,31,11,20
03/12/2019 10:00:00 PM,21,7,14
03/12/2019 11:00:00 PM,7,3,4
03/13/2019 12:00:00 AM,4,1,3
03/13/2019 01:00:00 AM,0,0,0
03/13/2019 02:00:00 AM,1,1,0
03/13/2019 03:00:00 AM,2,1,1
03/13/2019 04:00:00 AM,6,3,3
03/13/2019 05:00:00 AM,36,14,22
03/13/2019 06:00:00 AM,111,60,51
03/13/2019 07:00:00 AM,270,135,135
03/13/2019 08:00:00 AM,407,185,222
03/13/2019 09:00:00 AM,228,103,125
03/13/2019 10:00:00 AM,93,39,54
03/13/2019 11:00:00 AM,60,25,35
03/13/2019 12:00:00 PM,80,41,39
03/13/2019 01:00:00 PM,62,25,37
03/13/2019 02:00:00 PM,69,34,35
03/13/2019 03:00:00 PM,126,44,82
03/13/2019 04:00:00 PM,285,66,219
03/13/2019 05:00:00 PM,514,139,375
03/13/2019 06:00:00 PM,354,106,248
03/13/2019 07:00:00 PM,164,48,116
03/13/2019 08:00:00 PM,79,32,47
03/13/2019 09:00:00 PM,46,13,33
03/13/2019 10:00:00 PM,30,12,18
03/13/2019 11:00:00 PM,12,6,6
03/14/2019 12:00:00 AM,4,1,3
03/14/2019 01:00:00 AM,2,0,2
03/14/2019 02:00:00 AM,2,0,2
03/14/2019 03:00:00 AM,5,2,3
03/14/2019 04:00:00 AM,9,6,3
03/14/2019 05:00:00 AM,42,23,19
03/14/2019 06:00:00 AM,95,47,48
03/14/2019 07:00:00 AM,270,143,127
03/14/2019 08:00:00 AM,466,227,239
03/14/2019 09:00:00 AM,248,109,139
03/14/2019 10:00:00 AM,93,39,54
03/14/2019 11:00:00 AM,83,36,47
03/14/2019 12:00:00 PM,58,28,30
03/14/2019 01:00:00 PM,78,33,45
03/14/2019 02:00:00 PM,93,45,48
03/14/2019 03:00:00 PM,134,48,86
03/14/2019 04:00:00 PM,268,81,187
03/14/2019 05:00:00 PM,496,116,380
03/14/2019 06:00:00 PM,307,82,225
03/14/2019 07:00:00 PM,146,39,107
03/14/2019 08:00:00 PM,83,37,46
03/14/2019 09:00:00 PM,38,17,21
03/14/2019 10:00:00 PM,34,17,17
03/14/2019 11:00:00 PM,26,10,16
03/15/2019 12:00:00 AM,4,0,4
03/15/2019 01:00:00 AM,2,0,2
03/15/2019 02:00:00 AM,2,1,1
03/15/2019 03:00:00 AM,2,0,2
03/15/2019 04:00:00 AM,6,2,4
03/15/2019 05:00:00 AM,34,15,19
03/15/2019 06:00:00 AM,86,51,35
03/15/2019 07:00:00 AM,247,128,119
03/15/2019 08:00:00 AM,408,204,204
03/15/2019 09:00:00 AM,238,119,119
03/15/2019 10:00:00 AM,96,41,55
03/15/2019 11:00:00 AM,86,43,43
03/15/2019 12:00:00 PM,82,30,52
03/15/2019 01:00:00 PM,102,42,60
03/15/2019 02:00:00 PM,126,54,72
03/15/2019 03:00:00 PM,174,70,104
03/15/2019 04:00:00 PM,308,87,221
03/15/2019 05:00:00 PM,503,129,374
03/15/2019 06:00:00 PM,260,65,195
03/15/2019 07:00:00 PM,102,34,68
03/15/2019 08:00:00 PM,62,24,38
03/15/2019 09:00:00 PM,34,21,13
03/15/2019 10:00:00 PM,33,16,17
03/15/2019 11:00:00 PM,24,8,16
03/16/2019 12:00:00 AM,12,3,9
03/16/2019 01:00:00 AM,7,1,6
03/16/2019 02:00:00 AM,5,3,2
03/16/2019 03:00:00 AM,1,1,0
03/16/2019 04:00:00 AM,2,1,1
03/16/2019 05:00:00 AM,10,2,8
03/16/2019 06:00:00 AM,10,5,5
03/16/2019 07:00:00 AM,35,15,20
03/16/2019 08:00:00 AM,56,26,30
03/16/2019 09:00:00 AM,86,38,48
03/16/2019 10:00:00 AM,90,47,43
03/16/2019 11:00:00 AM,121,59,62
03/16/2019 12:00:00 PM,167,92,75
03/16/2019 01:00:00 PM,178,76,102
03/16/2019 02:00:00 PM,210,92,118
03/16/2019 03:00:00 PM,222,79,143
03/16/2019 04:00:00 PM,187,85,102
03/16/2019 05:00:00 PM,142,58,84
03/16/2019 06:00:00 PM,104,49,55
03/16/2019 07:00:00 PM,72,34,38
03/16/2019 08:00:00 PM,49,15,34
03/16/2019 09:00:00 PM,24,16,8
03/16/2019 10:00:00 PM,32,7,25
03/16/2019 11:00:00 PM,18,6,12
03/17/2019 12:00:00 AM,13,5,8
03/17/2019 01:00:00 AM,10,7,3
03/17/2019 02:00:00 AM,8,5,3
03/17/2019 03:00:00 AM,1,1,0
03/17/2019 04:00:00 AM,4,1,3
03/17/2019 05:00:00 AM,7,1,6
03/17/2019 06:00:00 AM,9,5,4
03/17/2019 07:00:00 AM,27,12,15
03/17/2019 08:00:00 AM,54,31,23
03/17/2019 09:00:00 AM,116,62,54
03/17/2019 10:00:00 AM,125,61,64
03/17/2019 11:00:00 AM,200,101,99
03/17/2019 12:00:00 PM,219,96,123
03/17/2019 01:00:00 PM,297,121,176
03/17/2019 02:00:00 PM,272,115,157
03/17/2019 03:00:00 PM,240,109,131
03/17/2019 04:00:00 PM,228,117,111
03/17/2019 05:00:00 PM,164,85,79
03/17/2019 06:00:00 PM,112,47,65
03/17/2019 07:00:00 PM,62,28,34
03/17/2019 08:00:00 PM,25,11,14
03/17/2019 09:00:00 PM,25,10,15
03/17/2019 10:00:00 PM,5,2,3
03/17/2019 11:00:00 PM,11,3,8
03/18/2019 12:00:00 AM,8,3,5
03/18/2019 01:00:00 AM,0,0,0
03/18/2019 02:00:00 AM,1,0,1
03/18/2019 03:00:00 AM,3,1,2
03/18/2019 04:00:00 AM,10,5,5
03/18/2019 05:00:00 AM,47,25,22
03/18/2019 06:00:00 AM,137,73,64
03/18/2019 07:00:00 AM,365,197,168
03/18/2019 08:00:00 AM,620,289,331
03/18/2019 09:00:00 AM,307,144,163
03/18/2019 10:00:00 AM,144,54,90
03/18/2019 11:00:00 AM,81,35,46
03/18/2019 12:00:00 PM,103,48,55
03/18/2019 01:00:00 PM,108,43,65
03/18/2019 02:00:00 PM,132,62,70
03/18/2019 03:00:00 PM,180,68,112
03/18/2019 04:00:00 PM,434,118,316
03/18/2019 05:00:00 PM,782,180,602
03/18/2019 06:00:00 PM,460,134,326
03/18/2019 07:00:00 PM,225,66,159
03/18/2019 08:00:00 PM,95,43,52
03/18/2019 09:00:00 PM,47,24,23
03/18/2019 10:00:00 PM,14,2,12
03/18/2019 11:00:00 PM,13,4,9
03/19/2019 12:00:00 AM,5,1,4
03/19/2019 01:00:00 AM,1,0,1
03/19/2019 02:00:00 AM,3,0,3
03/19/2019 03:00:00 AM,1,1,0
03/19/2019 04:00:00 AM,9,5,4
03/19/2019 05:00:00 AM,45,20,25
03/19/2019 06:00:00 AM,148,77,71
03/19/2019 07:00:00 AM,447,219,228
03/19/2019 08:00:00 AM,693,341,352
03/19/2019 09:00:00 AM,350,162,188
03/19/2019 10:00:00 AM,134,51,83
03/19/2019 11:00:00 AM,126,60,66
03/19/2019 12:00:00 PM,116,48,68
03/19/2019 01:00:00 PM,133,71,62
03/19/2019 02:00:00 PM,159,58,101
03/19/2019 03:00:00 PM,234,86,148
03/19/2019 04:00:00 PM,456,115,341
03/19/2019 05:00:00 PM,826,207,619
03/19/2019 06:00:00 PM,543,175,368
03/19/2019 07:00:00 PM,251,102,149
03/19/2019 08:00:00 PM,133,56,77
03/19/2019 09:00:00 PM,72,21,51
03/19/2019 10:00:00 PM,50,15,35
03/19/2019 11:00:00 PM,15,6,9
03/20/2019 12:00:00 AM,9,6,3
03/20/2019 01:00:00 AM,4,1,3
03/20/2019 02:00:00 AM,4,1,3
03/20/2019 03:00:00 AM,6,0,6
03/20/2019 04:00:00 AM,7,6,1
03/20/2019 05:00:00 AM,46,23,23
03/20/2019 06:00:00 AM,155,80,75
03/20/2019 07:00:00 AM,458,243,215
03/20/2019 08:00:00 AM,669,317,352
03/20/2019 09:00:00 AM,322,129,193
03/20/2019 10:00:00 AM,137,73,64
03/20/2019 11:00:00 AM,107,62,45
03/20/2019 12:00:00 PM,136,61,75
03/20/2019 01:00:00 PM,122,54,68
03/20/2019 02:00:00 PM,120,51,69
03/20/2019 03:00:00 PM,208,79,129
03/20/2019 04:00:00 PM,453,104,349
03/20/2019 05:00:00 PM,811,176,635
03/20/2019 06:00:00 PM,576,173,403
03/20/2019 07:00:00 PM,226,85,141
03/20/2019 08:00:00 PM,124,47,77
03/20/2019 09:00:00 PM,67,26,41
03/20/2019 10:00:00 PM,40,16,24
03/20/2019 11:00:00 PM,24,4,20
03/21/2019 12:00:00 AM,8,1,7
03/21/2019 01:00:00 AM,3,0,3
03/21/2019 02:00:00 AM,1,0,1
03/21/2019 03:00:00 AM,2,0,2
03/21/2019 04:00:00 AM,9,7,2
03/21/2019 05:00:00 AM,38,19,19
03/21/2019 06:00:00 AM,129,71,58
03/21/2019 07:00:00 AM,408,198,210
03/21/2019 08:00:00 AM,578,270,308
03/21/2019 09:00:00 AM,312,137,175
03/21/2019 10:00:00 AM,111,45,66
03/21/2019 11:00:00 AM,104,49,55
03/21/2019 12:00:00 PM,78,31,47
03/21/2019 01:00:00 PM,92,39,53
03/21/2019 02:00:00 PM,112,39,73
03/21/2019 03:00:00 PM,161,46,115
03/21/2019 04:00:00 PM,333,84,249
03/21/2019 05:00:00 PM,668,153,515
03/21/2019 06:00:00 PM,441,124,317
03/21/2019 07:00:00 PM,182,59,123
03/21/2019 08:00:00 PM,88,36,52
03/21/2019 09:00:00 PM,69,22,47
03/21/2019 10:00:00 PM,33,8,25
03/21/2019 11:00:00 PM,19,6,13
03/22/2019 12:00:00 AM,8,4,4
03/22/2019 01:00:00 AM,2,0,2
03/22/2019 02:00:00 AM,5,3,2
03/22/2019 03:00:00 AM,1,1,0
03/22/2019 04:00:00 AM,5,2,3
03/22/2019 05:00:00 AM,23,13,10
03/22/2019 06:00:00 AM,99,50,49
03/22/2019 07:00:00 AM,304,151,153
03/22/2019 08:00:00 AM,421,208,213
03/22/2019 09:00:00 AM,257,119,138
03/22/2019 10:00:00 AM,104,54,50
03/22/2019 11:00:00 AM,113,48,65
03/22/2019 12:00:00 PM,102,44,58
03/22/2019 01:00:00 PM,102,46,56
03/22/2019 02:00:00 PM,127,69,58
03/22/2019 03:00:00 PM,196,67,129
03/22/2019 04:00:00 PM,290,73,217
03/22/2019 05:00:00 PM,428,93,335
03/22/2019 06:00:00 PM,249,81,168
03/22/2019 07:00:00 PM,86,23,63
03/22/2019 08:00:00 PM,53,12,41
03/22/2019 09:00:00 PM,32,8,24
03/22/2019 10:00:00 PM,32,3,29
03/22/2019 11:00:00 PM,16,7,9
03/23/2019 12:00:00 AM,13,4,9
03/23/2019 01:00:00 AM,6,5,1
03/23/2019 02:00:00 AM,2,1,1
03/23/2019 03:00:00 AM,0,0,0
03/23/2019 04:00:00 AM,1,0,1
03/23/2019 05:00:00 AM,2,1,1
03/23/2019 06:00:00 AM,21,10,11
03/23/2019 07:00:00 AM,30,11,19
03/23/2019 08:00:00 AM,48,23,25
03/23/2019 09:00:00 AM,83,40,43
03/23/2019 10:00:00 AM,78,48,30
03/23/2019 11:00:00 AM,138,64,74
03/23/2019 12:00:00 PM,178,62,116
03/23/2019 01:00:00 PM,168,62,106
03/23/2019 02:00:00 PM,179,87,92
03/23/2019 03:00:00 PM,194,82,112
03/23/2019 04:00:00 PM,182,92,90
03/23/2019 05:00:00 PM,152,72,80
03/23/2019 06:00:00 PM,131,77,54
03/23/2019 07:00:00 PM,79,41,38
03/23/2019 08:00:00 PM,39,20,19
03/23/2019 09:00:00 PM,33,20,13
03/23/2019 10:00:00 PM,32,18,14
03/23/2019 11:00:00 PM,30,5,25
03/24/2019 12:00:00 AM,17,8,9
03/24/2019 01:00:00 AM,7,2,5
03/24/2019 02:00:00 AM,9,6,3
03/24/2019 03:00:00 AM,0,0,0
03/24/2019 04:00:00 AM,2,0,2
03/24/2019 05:00:00 AM,4,1,3
03/24/2019 06:00:00 AM,11,6,5
03/24/2019 07:00:00 AM,23,12,11
03/24/2019 08:00:00 AM,58,27,31
03/24/2019 09:00:00 AM,91,37,54
03/24/2019 10:00:00 AM,108,61,47
03/24/2019 11:00:00 AM,158,81,77
03/24/2019 12:00:00 PM,167,82,85
03/24/2019 01:00:00 PM,186,84,102
03/24/2019 02:00:00 PM,188,79,109
03/24/2019 03:00:00 PM,178,85,93
03/24/2019 04:00:00 PM,153,90,63
03/24/2019 05:00:00 PM,118,55,63
03/24/2019 06:00:00 PM,96,43,53
03/24/2019 07:00:00 PM,56,25,31
03/24/2019 08:00:00 PM,34,16,18
03/24/2019 09:00:00 PM,27,11,16
03/24/2019 10:00:00 PM,11,5,6
03/24/2019 11:00:00 PM,4,1,3
03/25/2019 12:00:00 AM,6,2,4
03/25/2019 01:00:00 AM,1,0,1
03/25/2019 02:00:00 AM,3,1,2
03/25/2019 03:00:00 AM,1,0,1
03/25/2019 04:00:00 AM,11,7,4
03/25/2019 05:00:00 AM,34,21,13
03/25/2019 06:00:00 AM,112,59,53
03/25/2019 07:00:00 AM,320,150,170
03/25/2019 08:00:00 AM,508,251,257
03/25/2019 09:00:00 AM,234,111,123
03/25/2019 10:00:00 AM,97,45,52
03/25/2019 11:00:00 AM,71,36,35
03/25/2019 12:00:00 PM,81,43,38
03/25/2019 01:00:00 PM,76,35,41
03/25/2019 02:00:00 PM,75,26,49
03/25/2019 03:00:00 PM,135,51,84
03/25/2019 04:00:00 PM,293,69,224
03/25/2019 05:00:00 PM,465,103,362
03/25/2019 06:00:00 PM,258,47,211
03/25/2019 07:00:00 PM,96,26,70
03/25/2019 08:00:00 PM,30,14,16
03/25/2019 09:00:00 PM,28,8,20
03/25/2019 10:00:00 PM,11,6,5
03/25/2019 11:00:00 PM,11,3,8
03/26/2019 12:00:00 AM,2,0,2
03/26/2019 01:00:00 AM,4,1,3
03/26/2019 02:00:00 AM,2,1,1
03/26/2019 03:00:00 AM,1,0,1
03/26/2019 04:00:00 AM,8,5,3
03/26/2019 05:00:00 AM,30,17,13
03/26/2019 06:00:00 AM,114,60,54
03/26/2019 07:00:00 AM,358,172,186
03/26/2019 08:00:00 AM,532,258,274
03/26/2019 09:00:00 AM,292,128,164
03/26/2019 10:00:00 AM,102,51,51
03/26/2019 11:00:00 AM,63,31,32
03/26/2019 12:00:00 PM,86,39,47
03/26/2019 01:00:00 PM,96,40,56
03/26/2019 02:00:00 PM,105,47,58
03/26/2019 03:00:00 PM,178,73,105
03/26/2019 04:00:00 PM,353,108,245
03/26/2019 05:00:00 PM,625,150,475
03/26/2019 06:00:00 PM,427,118,309
03/26/2019 07:00:00 PM,177,67,110
03/26/2019 08:00:00 PM,84,29,55
03/26/2019 09:00:00 PM,64,30,34
03/26/2019 10:00:00 PM,18,7,11
03/26/2019 11:00:00 PM,21,8,13
03/27/2019 12:00:00 AM,9,3,6
03/27/2019 01:00:00 AM,5,0,5
03/27/2019 02:00:00 AM,1,0,1
03/27/2019 03:00:00 AM,4,2,2
03/27/2019 04:00:00 AM,10,4,6
03/27/2019 05:00:00 AM,35,20,15
03/27/2019 06:00:00 AM,139,70,69
03/27/2019 07:00:00 AM,385,196,189
03/27/2019 08:00:00 AM,552,282,270
03/27/2019 09:00:00 AM,299,139,160
03/27/2019 10:00:00 AM,116,55,61
03/27/2019 11:00:00 AM,98,44,54
03/27/2019 12:00:00 PM,95,48,47
03/27/2019 01:00:00 PM,86,38,48
03/27/2019 02:00:00 PM,95,25,70
03/27/2019 03:00:00 PM,130,55,75
03/27/2019 04:00:00 PM,301,76,225
03/27/2019 05:00:00 PM,693,182,511
03/27/2019 06:00:00 PM,375,96,279
03/27/2019 07:00:00 PM,191,49,142
03/27/2019 08:00:00 PM,71,30,41
03/27/2019 09:00:00 PM,62,22,40
03/27/2019 10:00:00 PM,23,8,15
03/27/2019 11:00:00 PM,15,7,8
03/28/2019 12:00:00 AM,4,2,2
03/28/2019 01:00:00 AM,2,0,2
03/28/2019 02:00:00 AM,2,1,1
03/28/2019 03:00:00 AM,4,2,2
03/28/2019 04:00:00 AM,6,3,3
03/28/2019 05:00:00 AM,40,17,23
03/28/2019 06:00:00 AM,129,64,65
03/28/2019 07:00:00 AM,352,186,166
03/28/2019 08:00:00 AM,539,252,287
03/28/2019 09:00:00 AM,261,120,141
03/28/2019 10:00:00 AM,115,49,66
03/28/2019 11:00:00 AM,105,53,52
03/28/2019 12:00:00 PM,94,41,53
03/28/2019 01:00:00 PM,94,45,49
03/28/2019 02:00:00 PM,124,58,66
03/28/2019 03:00:00 PM,183,67,116
03/28/2019 04:00:00 PM,358,97,261
03/28/2019 05:00:00 PM,617,161,456
03/28/2019 06:00:00 PM,372,115,257
03/28/2019 07:00:00 PM,182,55,127
03/28/2019 08:00:00 PM,92,28,64
03/28/2019 09:00:00 PM,58,19,39
03/28/2019 10:00:00 PM,33,12,21
03/28/2019 11:00:00 PM,24,8,16
03/29/2019 12:00:00 AM,11,5,6
03/29/2019 01:00:00 AM,4,1,3
03/29/2019 02:00:00 AM,3,1,2
03/29/2019 03:00:00 AM,3,0,3
03/29/2019 04:00:00 AM,10,2,8
03/29/2019 05:00:00 AM,29,15,14
03/29/2019 06:00:00 AM,96,52,44
03/29/2019 07:00:00 AM,348,170,178
03/29/2019 08:00:00 AM,485,257,228
03/29/2019 09:00:00 AM,266,117,149
03/29/2019 10:00:00 AM,126,67,59
03/29/2019 11:00:00 AM,110,62,48
03/29/2019 12:00:00 PM,121,51,70
03/29/2019 01:00:00 PM,116,58,58
03/29/2019 02:00:00 PM,124,53,71
03/29/2019 03:00:00 PM,189,81,108
03/29/2019 04:00:00 PM,339,85,254
03/29/2019 05:00:00 PM,558,117,441
03/29/2019 06:00:00 PM,292,89,203
03/29/2019 07:00:00 PM,158,57,101
03/29/2019 08:00:00 PM,87,37,50
03/29/2019 09:00:00 PM,44,18,26
03/29/2019 10:00:00 PM,31,14,17
03/29/2019 11:00:00 PM,38,11,27
03/30/2019 12:00:00 AM,20,6,14
03/30/2019 01:00:00 AM,11,8,3
03/30/2019 02:00:00 AM,7,4,3
03/30/2019 03:00:00 AM,7,3,4
03/30/2019 04:00:00 AM,8,2,6
03/30/2019 05:00:00 AM,3,0,3
03/30/2019 06:00:00 AM,25,10,15
03/30/2019 07:00:00 AM,36,15,21
03/30/2019 08:00:00 AM,76,31,45
03/30/2019 09:00:00 AM,117,49,68
03/30/2019 10:00:00 AM,143,73,70
03/30/2019 11:00:00 AM,175,87,88
03/30/2019 12:00:00 PM,226,121,105
03/30/2019 01:00:00 PM,300,144,156
03/30/2019 02:00:00 PM,245,127,118
03/30/2019 03:00:00 PM,290,144,146
03/30/2019 04:00:00 PM,253,128,125
03/30/2019 05:00:00 PM,210,108,102
03/30/2019 06:00:00 PM,145,71,74
03/30/2019 07:00:00 PM,101,48,53
03/30/2019 08:00:00 PM,48,23,25
03/30/2019 09:00:00 PM,44,21,23
03/30/2019 10:00:00 PM,28,14,14
03/30/2019 11:00:00 PM,19,2,17
03/31/2019 12:00:00 AM,16,7,9
03/31/2019 01:00:00 AM,10,5,5
03/31/2019 02:00:00 AM,6,2,4
03/31/2019 03:00:00 AM,4,2,2
03/31/2019 04:00:00 AM,5,1,4
03/31/2019 05:00:00 AM,3,0,3
03/31/2019 06:00:00 AM,15,5,10
03/31/2019 07:00:00 AM,29,8,21
03/31/2019 08:00:00 AM,67,35,32
03/31/2019 09:00:00 AM,98,50,48
03/31/2019 10:00:00 AM,149,72,77
03/31/2019 11:00:00 AM,188,98,90
03/31/2019 12:00:00 PM,241,115,126
03/31/2019 01:00:00 PM,251,129,122
03/31/2019 02:00:00 PM,238,110,128
03/31/2019 03:00:00 PM,251,130,121
03/31/2019 04:00:00 PM,211,106,105
03/31/2019 05:00:00 PM,205,99,106
03/31/2019 06:00:00 PM,162,73,89
03/31/2019 07:00:00 PM,88,30,58
03/31/2019 08:00:00 PM,57,26,31
03/31/2019 09:00:00 PM,33,18,15
03/31/2019 10:00:00 PM,21,7,14
03/31/2019 11:00:00 PM,16,6,10
04/01/2019 12:00:00 AM,8,5,3
04/01/2019 01:00:00 AM,6,4,2
04/01/2019 02:00:00 AM,4,3,1
04/01/2019 03:00:00 AM,3,1,2
04/01/2019 04:00:00 AM,11,4,7
04/01/2019 05:00:00 AM,35,23,12
04/01/2019 06:00:00 AM,143,67,76
04/01/2019 07:00:00 AM,452,234,218
04/01/2019 08:00:00 AM,645,312,333
04/01/2019 09:00:00 AM,307,131,176
04/01/2019 10:00:00 AM,121,46,75
04/01/2019 11:00:00 AM,99,46,53
04/01/2019 12:00:00 PM,98,37,61
04/01/2019 01:00:00 PM,102,45,57
04/01/2019 02:00:00 PM,99,45,54
04/01/2019 03:00:00 PM,186,73,113
04/01/2019 04:00:00 PM,380,91,289
04/01/2019 05:00:00 PM,750,174,576
04/01/2019 06:00:00 PM,497,140,357
04/01/2019 07:00:00 PM,190,64,126
04/01/2019 08:00:00 PM,93,38,55
04/01/2019 09:00:00 PM,52,26,26
04/01/2019 10:00:00 PM,34,15,19
04/01/2019 11:00:00 PM,16,5,11
04/02/2019 12:00:00 AM,7,6,1
04/02/2019 01:00:00 AM,7,6,1
04/02/2019 02:00:00 AM,4,3,1
04/02/2019 03:00:00 AM,5,3,2
04/02/2019 04:00:00 AM,15,7,8
04/02/2019 05:00:00 AM,39,18,21
04/02/2019 06:00:00 AM,146,80,66
04/02/2019 07:00:00 AM,484,248,236
04/02/2019 08:00:00 AM,666,310,356
04/02/2019 09:00:00 AM,311,140,171
04/02/2019 10:00:00 AM,150,66,84
04/02/2019 11:00:00 AM,96,51,45
04/02/2019 12:00:00 PM,96,42,54
04/02/2019 01:00:00 PM,122,59,63
04/02/2019 02:00:00 PM,103,49,54
04/02/2019 03:00:00 PM,189,78,111
04/02/2019 04:00:00 PM,405,98,307
04/02/2019 05:00:00 PM,737,181,556
04/02/2019 06:00:00 PM,494,111,383
04/02/2019 07:00:00 PM,173,64,109
04/02/2019 08:00:00 PM,98,29,69
04/02/2019 09:00:00 PM,63,28,35
04/02/2019 10:00:00 PM,37,11,26
04/02/2019 11:00:00 PM,14,7,7
04/03/2019 12:00:00 AM,11,5,6
04/03/2019 01:00:00 AM,5,3,2
04/03/2019 02:00:00 AM,3,2,1
04/03/2019 03:00:00 AM,3,1,2
04/03/2019 04:00:00 AM,14,9,5
04/03/2019 05:00:00 AM,30,11,19
04/03/2019 06:00:00 AM,119,65,54
04/03/2019 07:00:00 AM,381,191,190
04/03/2019 08:00:00 AM,490,219,271
04/03/2019 09:00:00 AM,216,96,120
04/03/2019 10:00:00 AM,81,35,46
04/03/2019 11:00:00 AM,58,27,31
04/03/2019 12:00:00 PM,53,25,28
04/03/2019 01:00:00 PM,72,40,32
04/03/2019 02:00:00 PM,70,21,49
04/03/2019 03:00:00 PM,140,52,88
04/03/2019 04:00:00 PM,258,61,197
04/03/2019 05:00:00 PM,560,142,418
04/03/2019 06:00:00 PM,322,66,256
04/03/2019 07:00:00 PM,136,54,82
04/03/2019 08:00:00 PM,75,32,43
04/03/2019 09:00:00 PM,51,20,31
04/03/2019 10:00:00 PM,21,9,12
04/03/2019 11:00:00 PM,15,6,9
04/04/2019 12:00:00 AM,5,3,2
04/04/2019 01:00:00 AM,3,0,3
04/04/2019 02:00:00 AM,2,1,1
04/04/2019 03:00:00 AM,3,2,1
04/04/2019 04:00:00 AM,8,5,3
04/04/2019 05:00:00 AM,39,21,18
04/04/2019 06:00:00 AM,129,74,55
04/04/2019 07:00:00 AM,407,224,183
04/04/2019 08:00:00 AM,614,275,339
04/04/2019 09:00:00 AM,280,120,160
04/04/2019 10:00:00 AM,131,54,77
04/04/2019 11:00:00 AM,107,56,51
04/04/2019 12:00:00 PM,114,54,60
04/04/2019 01:00:00 PM,104,51,53
04/04/2019 02:00:00 PM,109,51,58
04/04/2019 03:00:00 PM,168,67,101
04/04/2019 04:00:00 PM,378,117,261
04/04/2019 05:00:00 PM,661,160,501
04/04/2019 06:00:00 PM,449,123,326
04/04/2019 07:00:00 PM,174,55,119
04/04/2019 08:00:00 PM,71,15,56
04/04/2019 09:00:00 PM,51,19,32
04/04/2019 10:00:00 PM,28,14,14
04/04/2019 11:00:00 PM,21,7,14
04/05/2019 12:00:00 AM,3,2,1
04/05/2019 01:00:00 AM,2,1,1
04/05/2019 02:00:00 AM,1,0,1
04/05/2019 03:00:00 AM,3,0,3
04/05/2019 04:00:00 AM,6,4,2
04/05/2019 05:00:00 AM,25,11,14
04/05/2019 06:00:00 AM,72,31,41
04/05/2019 07:00:00 AM,269,129,140
04/05/2019 08:00:00 AM,366,168,198
04/05/2019 09:00:00 AM,223,100,123
04/05/2019 10:00:00 AM,82,29,53
04/05/2019 11:00:00 AM,69,28,41
04/05/2019 12:00:00 PM,37,16,21
04/05/2019 01:00:00 PM,34,15,19
04/05/2019 02:00:00 PM,34,13,21
04/05/2019 03:00:00 PM,81,23,58
04/05/2019 04:00:00 PM,229,47,182
04/05/2019 05:00:00 PM,416,99,317
04/05/2019 06:00:00 PM,227,60,167
04/05/2019 07:00:00 PM,108,33,75
04/05/2019 08:00:00 PM,41,17,24
04/05/2019 09:00:00 PM,24,12,12
04/05/2019 10:00:00 PM,21,11,10
04/05/2019 11:00:00 PM,13,6,7
04/06/2019 12:00:00 AM,9,6,3
04/06/2019 01:00:00 AM,15,6,9
04/06/2019 02:00:00 AM,5,3,2
04/06/2019 03:00:00 AM,2,0,2
04/06/2019 04:00:00 AM,4,1,3
04/06/2019 05:00:00 AM,2,0,2
04/06/2019 06:00:00 AM,10,5,5
04/06/2019 07:00:00 AM,16,7,9
04/06/2019 08:00:00 AM,33,13,20
04/06/2019 09:00:00 AM,26,14,12
04/06/2019 10:00:00 AM,37,13,24
04/06/2019 11:00:00 AM,57,36,21
04/06/2019 12:00:00 PM,76,35,41
04/06/2019 01:00:00 PM,64,28,36
04/06/2019 02:00:00 PM,53,27,26
04/06/2019 03:00:00 PM,51,21,30
04/06/2019 04:00:00 PM,63,23,40
04/06/2019 05:00:00 PM,48,21,27
04/06/2019 06:00:00 PM,43,22,21
04/06/2019 07:00:00 PM,32,18,14
04/06/2019 08:00:00 PM,22,12,10
04/06/2019 09:00:00 PM,20,11,9
04/06/2019 10:00:00 PM,13,4,9
04/06/2019 11:00:00 PM,10,6,4
04/07/2019 12:00:00 AM,5,3,2
04/07/2019 01:00:00 AM,5,3,2
04/07/2019 02:00:00 AM,1,0,1
04/07/2019 03:00:00 AM,1,0,1
04/07/2019 04:00:00 AM,7,1,6
04/07/2019 05:00:00 AM,2,1,1
04/07/2019 06:00:00 AM,10,6,4
04/07/2019 07:00:00 AM,19,8,11
04/07/2019 08:00:00 AM,58,19,39
04/07/2019 09:00:00 AM,70,33,37
04/07/2019 10:00:00 AM,57,24,33
04/07/2019 11:00:00 AM,94,42,52
04/07/2019 12:00:00 PM,114,53,61
04/07/2019 01:00:00 PM,117,45,72
04/07/2019 02:00:00 PM,116,59,57
04/07/2019 03:00:00 PM,114,71,43
04/07/2019 04:00:00 PM,154,80,74
04/07/2019 05:00:00 PM,87,40,47
04/07/2019 06:00:00 PM,74,26,48
04/07/2019 07:00:00 PM,41,18,23
04/07/2019 08:00:00 PM,24,13,11
04/07/2019 09:00:00 PM,11,6,5
04/07/2019 10:00:00 PM,10,5,5
04/07/2019 11:00:00 PM,15,6,9
04/08/2019 12:00:00 AM,3,2,1
04/08/2019 01:00:00 AM,1,1,0
04/08/2019 02:00:00 AM,0,0,0
04/08/2019 03:00:00 AM,2,1,1
04/08/2019 04:00:00 AM,9,4,5
04/08/2019 05:00:00 AM,30,17,13
04/08/2019 06:00:00 AM,95,54,41
04/08/2019 07:00:00 AM,291,135,156
04/08/2019 08:00:00 AM,422,203,219
04/08/2019 09:00:00 AM,213,91,122
04/08/2019 10:00:00 AM,72,28,44
04/08/2019 11:00:00 AM,50,22,28
04/08/2019 12:00:00 PM,45,19,26
04/08/2019 01:00:00 PM,56,28,28
04/08/2019 02:00:00 PM,65,35,30
04/08/2019 03:00:00 PM,113,47,66
04/08/2019 04:00:00 PM,247,63,184
04/08/2019 05:00:00 PM,462,118,344
04/08/2019 06:00:00 PM,261,60,201
04/08/2019 07:00:00 PM,134,37,97
04/08/2019 08:00:00 PM,57,18,39
04/08/2019 09:00:00 PM,42,19,23
04/08/2019 10:00:00 PM,18,10,8
04/08/2019 11:00:00 PM,11,6,5
04/09/2019 12:00:00 AM,5,3,2
04/09/2019 01:00:00 AM,3,1,2
04/09/2019 02:00:00 AM,3,1,2
04/09/2019 03:00:00 AM,1,0,1
04/09/2019 04:00:00 AM,11,4,7
04/09/2019 05:00:00 AM,24,14,10
04/09/2019 06:00:00 AM,108,58,50
04/09/2019 07:00:00 AM,351,164,187
04/09/2019 08:00:00 AM,461,220,241
04/09/2019 09:00:00 AM,277,136,141
04/09/2019 10:00:00 AM,92,31,61
04/09/2019 11:00:00 AM,64,27,37
04/09/2019 12:00:00 PM,65,28,37
04/09/2019 01:00:00 PM,69,25,44
04/09/2019 02:00:00 PM,64,31,33
04/09/2019 03:00:00 PM,172,60,112
04/09/2019 04:00:00 PM,290,71,219
04/09/2019 05:00:00 PM,560,167,393
04/09/2019 06:00:00 PM,368,76,292
04/09/2019 07:00:00 PM,191,69,122
04/09/2019 08:00:00 PM,73,26,47
04/09/2019 09:00:00 PM,51,20,31
04/09/2019 10:00:00 PM,30,14,16
04/09/2019 11:00:00 PM,14,6,8
04/10/2019 12:00:00 AM,6,5,1
04/10/2019 01:00:00 AM,2,1,1
04/10/2019 02:00:00 AM,2,2,0
04/10/2019 03:00:00 AM,5,2,3
04/10/2019 04:00:00 AM,9,3,6
04/10/2019 05:00:00 AM,29,12,17
04/10/2019 06:00:00 AM,98,51,47
04/10/2019 07:00:00 AM,301,155,146
04/10/2019 08:00:00 AM,422,202,220
04/10/2019 09:00:00 AM,255,101,154
04/10/2019 10:00:00 AM,85,38,47
04/10/2019 11:00:00 AM,50,16,34
04/10/2019 12:00:00 PM,63,36,27
04/10/2019 01:00:00 PM,64,35,29
04/10/2019 02:00:00 PM,42,16,26
04/10/2019 03:00:00 PM,102,36,66
04/10/2019 04:00:00 PM,230,46,184
04/10/2019 05:00:00 PM,461,117,344
04/10/2019 06:00:00 PM,288,72,216
04/10/2019 07:00:00 PM,105,38,67
04/10/2019 08:00:00 PM,61,26,35
04/10/2019 09:00:00 PM,30,9,21
04/10/2019 10:00:00 PM,24,11,13
04/10/2019 11:00:00 PM,5,2,3
04/11/2019 12:00:00 AM,4,2,2
04/11/2019 01:00:00 AM,3,2,1
04/11/2019 02:00:00 AM,1,0,1
04/11/2019 03:00:00 AM,1,0,1
04/11/2019 04:00:00 AM,10,7,3
04/11/2019 05:00:00 AM,22,11,11
04/11/2019 06:00:00 AM,70,39,31
04/11/2019 07:00:00 AM,220,108,112
04/11/2019 08:00:00 AM,335,154,181
04/11/2019 09:00:00 AM,193,86,107
04/11/2019 10:00:00 AM,71,35,36
04/11/2019 11:00:00 AM,48,17,31
04/11/2019 12:00:00 PM,51,28,23
04/11/2019 01:00:00 PM,42,21,21
04/11/2019 02:00:00 PM,43,21,22
04/11/2019 03:00:00 PM,99,40,59
04/11/2019 04:00:00 PM,200,53,147
04/11/2019 05:00:00 PM,366,91,275
04/11/2019 06:00:00 PM,273,76,197
04/11/2019 07:00:00 PM,115,46,69
04/11/2019 08:00:00 PM,64,19,45
04/11/2019 09:00:00 PM,31,9,22
04/11/2019 10:00:00 PM,25,9,16
04/11/2019 11:00:00 PM,30,23,7
04/12/2019 12:00:00 AM,3,2,1
04/12/2019 01:00:00 AM,1,0,1
04/12/2019 02:00:00 AM,2,0,2
04/12/2019 03:00:00 AM,1,0,1
04/12/2019 04:00:00 AM,9,5,4
04/12/2019 05:00:00 AM,17,8,9
04/12/2019 06:00:00 AM,77,45,32
04/12/2019 07:00:00 AM,256,129,127
04/12/2019 08:00:00 AM,340,160,180
04/12/2019 09:00:00 AM,221,104,117
04/12/2019 10:00:00 AM,97,55,42
04/12/2019 11:00:00 AM,82,37,45
04/12/2019 12:00:00 PM,69,37,32
04/12/2019 01:00:00 PM,87,36,51
04/12/2019 02:00:00 PM,117,49,68
04/12/2019 03:00:00 PM,193,69,124
04/12/2019 04:00:00 PM,309,117,192
04/12/2019 05:00:00 PM,470,138,332
04/12/2019 06:00:00 PM,295,86,209
04/12/2019 07:00:00 PM,124,54,70
04/12/2019 08:00:00 PM,74,27,47
04/12/2019 09:00:00 PM,44,14,30
04/12/2019 10:00:00 PM,22,11,11
04/12/2019 11:00:00 PM,31,10,21
04/13/2019 12:00:00 AM,17,10,7
04/13/2019 01:00:00 AM,12,4,8
04/13/2019 02:00:00 AM,9,3,6
04/13/2019 03:00:00 AM,3,1,2
04/13/2019 04:00:00 AM,4,2,2
04/13/2019 05:00:00 AM,5,1,4
04/13/2019 06:00:00 AM,8,4,4
04/13/2019 07:00:00 AM,22,11,11
04/13/2019 08:00:00 AM,23,9,14
04/13/2019 09:00:00 AM,31,16,15
04/13/2019 10:00:00 AM,45,22,23
04/13/2019 11:00:00 AM,53,29,24
04/13/2019 12:00:00 PM,58,31,27
04/13/2019 01:00:00 PM,40,20,20
04/13/2019 02:00:00 PM,79,35,44
04/13/2019 03:00:00 PM,80,32,48
04/13/2019 04:00:00 PM,41,16,25
04/13/2019 05:00:00 PM,72,33,39
04/13/2019 06:00:00 PM,67,32,35
04/13/2019 07:00:00 PM,51,17,34
04/13/2019 08:00:00 PM,18,11,7
04/13/2019 09:00:00 PM,25,6,19
04/13/2019 10:00:00 PM,21,11,10
04/13/2019 11:00:00 PM,13,5,8
04/14/2019 12:00:00 AM,11,6,5
04/14/2019 01:00:00 AM,8,5,3
04/14/2019 02:00:00 AM,5,4,1
04/14/2019 03:00:00 AM,2,1,1
04/14/2019 04:00:00 AM,2,0,2
04/14/2019 05:00:00 AM,3,2,1
04/14/2019 06:00:00 AM,11,2,9
04/14/2019 07:00:00 AM,17,9,8
04/14/2019 08:00:00 AM,42,10,32
04/14/2019 09:00:00 AM,59,24,35
04/14/2019 10:00:00 AM,87,45,42
04/14/2019 11:00:00 AM,105,56,49
04/14/2019 12:00:00 PM,99,47,52
04/14/2019 01:00:00 PM,120,66,54
04/14/2019 02:00:00 PM,95,46,49
04/14/2019 03:00:00 PM,87,46,41
04/14/2019 04:00:00 PM,62,25,37
04/14/2019 05:00:00 PM,60,30,30
04/14/2019 06:00:00 PM,36,16,20
04/14/2019 07:00:00 PM,29,14,15
04/14/2019 08:00:00 PM,10,5,5
04/14/2019 09:00:00 PM,16,7,9
04/14/2019 10:00:00 PM,12,8,4
04/14/2019 11:00:00 PM,7,1,6
04/15/2019 12:00:00 AM,2,2,0
04/15/2019 01:00:00 AM,0,0,0
04/15/2019 02:00:00 AM,1,1,0
04/15/2019 03:00:00 AM,4,2,2
04/15/2019 04:00:00 AM,8,5,3
04/15/2019 05:00:00 AM,34,21,13
04/15/2019 06:00:00 AM,130,72,58
04/15/2019 07:00:00 AM,371,188,183
04/15/2019 08:00:00 AM,576,283,293
04/15/2019 09:00:00 AM,286,127,159
04/15/2019 10:00:00 AM,105,58,47
04/15/2019 11:00:00 AM,87,36,51
04/15/2019 12:00:00 PM,96,47,49
04/15/2019 01:00:00 PM,88,40,48
04/15/2019 02:00:00 PM,91,37,54
04/15/2019 03:00:00 PM,152,57,95
04/15/2019 04:00:00 PM,333,94,239
04/15/2019 05:00:00 PM,685,150,535
04/15/2019 06:00:00 PM,403,119,284
04/15/2019 07:00:00 PM,165,47,118
04/15/2019 08:00:00 PM,68,28,40
04/15/2019 09:00:00 PM,38,20,18
04/15/2019 10:00:00 PM,21,8,13
04/15/2019 11:00:00 PM,18,8,10
04/16/2019 12:00:00 AM,4,0,4
04/16/2019 01:00:00 AM,2,1,1
04/16/2019 02:00:00 AM,3,3,0
04/16/2019 03:00:00 AM,4,1,3
04/16/2019 04:00:00 AM,9,3,6
04/16/2019 05:00:00 AM,35,19,16
04/16/2019 06:00:00 AM,164,87,77
04/16/2019 07:00:00 AM,402,206,196
04/16/2019 08:00:00 AM,574,279,295
04/16/2019 09:00:00 AM,303,134,169
04/16/2019 10:00:00 AM,120,62,58
04/16/2019 11:00:00 AM,68,26,42
04/16/2019 12:00:00 PM,71,40,31
04/16/2019 01:00:00 PM,82,35,47
04/16/2019 02:00:00 PM,81,27,54
04/16/2019 03:00:00 PM,164,65,99
04/16/2019 04:00:00 PM,325,86,239
04/16/2019 05:00:00 PM,616,143,473
04/16/2019 06:00:00 PM,348,95,253
04/16/2019 07:00:00 PM,105,29,76
04/16/2019 08:00:00 PM,64,19,45
04/16/2019 09:00:00 PM,33,10,23
04/16/2019 10:00:00 PM,10,5,5
04/16/2019 11:00:00 PM,12,3,9
04/17/2019 12:00:00 AM,5,2,3
04/17/2019 01:00:00 AM,5,2,3
04/17/2019 02:00:00 AM,2,1,1
04/17/2019 03:00:00 AM,3,0,3
04/17/2019 04:00:00 AM,12,5,7
04/17/2019 05:00:00 AM,32,14,18
04/17/2019 06:00:00 AM,124,66,58
04/17/2019 07:00:00 AM,396,183,213
04/17/2019 08:00:00 AM,533,241,292
04/17/2019 09:00:00 AM,274,130,144
04/17/2019 10:00:00 AM,89,42,47
04/17/2019 11:00:00 AM,58,24,34
04/17/2019 12:00:00 PM,82,40,42
04/17/2019 01:00:00 PM,77,36,41
04/17/2019 02:00:00 PM,95,40,55
04/17/2019 03:00:00 PM,118,53,65
04/17/2019 04:00:00 PM,355,90,265
04/17/2019 05:00:00 PM,598,147,451
04/17/2019 06:00:00 PM,437,138,299
04/17/2019 07:00:00 PM,184,61,123
04/17/2019 08:00:00 PM,96,30,66
04/17/2019 09:00:00 PM,59,26,33
04/17/2019 10:00:00 PM,39,20,19
04/17/2019 11:00:00 PM,15,4,11
04/18/2019 12:00:00 AM,6,3,3
04/18/2019 01:00:00 AM,2,1,1
04/18/2019 02:00:00 AM,3,2,1
04/18/2019 03:00:00 AM,4,1,3
04/18/2019 04:00:00 AM,7,3,4
04/18/2019 05:00:00 AM,36,22,14
04/18/2019 06:00:00 AM,105,60,45
04/18/2019 07:00:00 AM,252,118,134
04/18/2019 08:00:00 AM,397,180,217
04/18/2019 09:00:00 AM,189,90,99
04/18/2019 10:00:00 AM,87,37,50
04/18/2019 11:00:00 AM,64,32,32
04/18/2019 12:00:00 PM,57,26,31
04/18/2019 01:00:00 PM,75,39,36
04/18/2019 02:00:00 PM,79,27,52
04/18/2019 03:00:00 PM,131,60,71
04/18/2019 04:00:00 PM,234,66,168
04/18/2019 05:00:00 PM,440,101,339
04/18/2019 06:00:00 PM,260,66,194
04/18/2019 07:00:00 PM,106,32,74
04/18/2019 08:00:00 PM,56,21,35
04/18/2019 09:00:00 PM,42,13,29
04/18/2019 10:00:00 PM,21,13,8
04/18/2019 11:00:00 PM,14,6,8
04/19/2019 12:00:00 AM,7,4,3
04/19/2019 01:00:00 AM,4,1,3
04/19/2019 02:00:00 AM,4,1,3
04/19/2019 03:00:00 AM,1,0,1
04/19/2019 04:00:00 AM,4,2,2
04/19/2019 05:00:00 AM,29,18,11
04/19/2019 06:00:00 AM,88,40,48
04/19/2019 07:00:00 AM,236,115,121
04/19/2019 08:00:00 AM,341,158,183
04/19/2019 09:00:00 AM,182,76,106
04/19/2019 10:00:00 AM,89,38,51
04/19/2019 11:00:00 AM,76,35,41
04/19/2019 12:00:00 PM,50,24,26
04/19/2019 01:00:00 PM,60,21,39
04/19/2019 02:00:00 PM,78,28,50
04/19/2019 03:00:00 PM,103,40,63
04/19/2019 04:00:00 PM,221,43,178
04/19/2019 05:00:00 PM,310,57,253
04/19/2019 06:00:00 PM,178,57,121
04/19/2019 07:00:00 PM,65,13,52
04/19/2019 08:00:00 PM,40,5,35
04/19/2019 09:00:00 PM,20,5,15
04/19/2019 10:00:00 PM,18,4,14
04/19/2019 11:00:00 PM,17,5,12
04/20/2019 12:00:00 AM,16,9,7
04/20/2019 01:00:00 AM,17,6,11
04/20/2019 02:00:00 AM,4,2,2
04/20/2019 03:00:00 AM,5,1,4
04/20/2019 04:00:00 AM,4,2,2
04/20/2019 05:00:00 AM,3,2,1
04/20/2019 06:00:00 AM,21,10,11
04/20/2019 07:00:00 AM,58,21,37
04/20/2019 08:00:00 AM,85,36,49
04/20/2019 09:00:00 AM,81,64,17
04/20/2019 10:00:00 AM,147,67,80
04/20/2019 11:00:00 AM,125,49,76
04/20/2019 12:00:00 PM,150,63,87
04/20/2019 01:00:00 PM,190,82,108
04/20/2019 02:00:00 PM,203,92,111
04/20/2019 03:00:00 PM,215,82,133
04/20/2019 04:00:00 PM,206,111,95
04/20/2019 05:00:00 PM,144,72,72
04/20/2019 06:00:00 PM,128,59,69
04/20/2019 07:00:00 PM,100,51,49
04/20/2019 08:00:00 PM,44,22,22
04/20/2019 09:00:00 PM,43,17,26
04/20/2019 10:00:00 PM,22,12,10
04/20/2019 11:00:00 PM,25,11,14
04/21/2019 12:00:00 AM,18,7,11
04/21/2019 01:00:00 AM,8,1,7
04/21/2019 02:00:00 AM,6,2,4
04/21/2019 03:00:00 AM,7,3,4
04/21/2019 04:00:00 AM,2,0,2
04/21/2019 05:00:00 AM,2,0,2
04/21/2019 06:00:00 AM,14,8,6
04/21/2019 07:00:00 AM,26,9,17
04/21/2019 08:00:00 AM,40,17,23
04/21/2019 09:00:00 AM,77,26,51
04/21/2019 10:00:00 AM,100,51,49
04/21/2019 11:00:00 AM,109,44,65
04/21/2019 12:00:00 PM,173,81,92
04/21/2019 01:00:00 PM,150,71,79
04/21/2019 02:00:00 PM,153,62,91
04/21/2019 03:00:00 PM,168,84,84
04/21/2019 04:00:00 PM,146,69,77
04/21/2019 05:00:00 PM,126,61,65
04/21/2019 06:00:00 PM,114,47,67
04/21/2019 07:00:00 PM,53,26,27
04/21/2019 08:00:00 PM,31,13,18
04/21/2019 09:00:00 PM,12,3,9
04/21/2019 10:00:00 PM,12,8,4
04/21/2019 11:00:00 PM,13,5,8
04/22/2019 12:00:00 AM,7,5,2
04/22/2019 01:00:00 AM,2,0,2
04/22/2019 02:00:00 AM,2,0,2
04/22/2019 03:00:00 AM,2,1,1
04/22/2019 04:00:00 AM,5,2,3
04/22/2019 05:00:00 AM,32,21,11
04/22/2019 06:00:00 AM,137,74,63
04/22/2019 07:00:00 AM,321,157,164
04/22/2019 08:00:00 AM,469,220,249
04/22/2019 09:00:00 AM,249,107,142
04/22/2019 10:00:00 AM,91,52,39
04/22/2019 11:00:00 AM,62,29,33
04/22/2019 12:00:00 PM,67,26,41
04/22/2019 01:00:00 PM,66,30,36
04/22/2019 02:00:00 PM,74,28,46
04/22/2019 03:00:00 PM,119,41,78
04/22/2019 04:00:00 PM,253,58,195
04/22/2019 05:00:00 PM,467,106,361
04/22/2019 06:00:00 PM,302,61,241
04/22/2019 07:00:00 PM,126,36,90
04/22/2019 08:00:00 PM,47,18,29
04/22/2019 09:00:00 PM,38,16,22
04/22/2019 10:00:00 PM,25,12,13
04/22/2019 11:00:00 PM,12,5,7
04/23/2019 12:00:00 AM,2,1,1
04/23/2019 01:00:00 AM,8,3,5
04/23/2019 02:00:00 AM,2,0,2
04/23/2019 03:00:00 AM,6,2,4
04/23/2019 04:00:00 AM,9,4,5
04/23/2019 05:00:00 AM,34,23,11
04/23/2019 06:00:00 AM,144,77,67
04/23/2019 07:00:00 AM,420,209,211
04/23/2019 08:00:00 AM,573,277,296
04/23/2019 09:00:00 AM,258,117,141
04/23/2019 10:00:00 AM,95,43,52
04/23/2019 11:00:00 AM,86,37,49
04/23/2019 12:00:00 PM,68,26,42
04/23/2019 01:00:00 PM,77,31,46
04/23/2019 02:00:00 PM,78,29,49
04/23/2019 03:00:00 PM,165,66,99
04/23/2019 04:00:00 PM,355,94,261
04/23/2019 05:00:00 PM,616,128,488
04/23/2019 06:00:00 PM,436,113,323
04/23/2019 07:00:00 PM,198,60,138
04/23/2019 08:00:00 PM,95,32,63
04/23/2019 09:00:00 PM,46,18,28
04/23/2019 10:00:00 PM,26,8,18
04/23/2019 11:00:00 PM,15,4,11
04/24/2019 12:00:00 AM,9,4,5
04/24/2019 01:00:00 AM,0,0,0
04/24/2019 02:00:00 AM,1,1,0
04/24/2019 03:00:00 AM,4,2,2
04/24/2019 04:00:00 AM,14,10,4
04/24/2019 05:00:00 AM,45,29,16
04/24/2019 06:00:00 AM,170,83,87
04/24/2019 07:00:00 AM,470,237,233
04/24/2019 08:00:00 AM,576,260,316
04/24/2019 09:00:00 AM,315,148,167
04/24/2019 10:00:00 AM,130,58,72
04/24/2019 11:00:00 AM,94,53,41
04/24/2019 12:00:00 PM,111,62,49
04/24/2019 01:00:00 PM,110,47,63
04/24/2019 02:00:00 PM,121,46,75
04/24/2019 03:00:00 PM,182,80,102
04/24/2019 04:00:00 PM,387,114,273
04/24/2019 05:00:00 PM,710,171,539
04/24/2019 06:00:00 PM,456,148,308
04/24/2019 07:00:00 PM,262,94,168
04/24/2019 08:00:00 PM,113,33,80
04/24/2019 09:00:00 PM,68,30,38
04/24/2019 10:00:00 PM,58,18,40
04/24/2019 11:00:00 PM,25,13,12
04/25/2019 12:00:00 AM,12,5,7
04/25/2019 01:00:00 AM,4,1,3
04/25/2019 02:00:00 AM,5,1,4
04/25/2019 03:00:00 AM,4,4,0
04/25/2019 04:00:00 AM,12,8,4
04/25/2019 05:00:00 AM,34,25,9
04/25/2019 06:00:00 AM,143,82,61
04/25/2019 07:00:00 AM,438,215,223
04/25/2019 08:00:00 AM,594,270,324
04/25/2019 09:00:00 AM,294,136,158
04/25/2019 10:00:00 AM,114,51,63
04/25/2019 11:00:00 AM,91,41,50
04/25/2019 12:00:00 PM,87,35,52
04/25/2019 01:00:00 PM,111,53,58
04/25/2019 02:00:00 PM,105,38,67
04/25/2019 03:00:00 PM,196,71,125
04/25/2019 04:00:00 PM,325,93,232
04/25/2019 05:00:00 PM,633,148,485
04/25/2019 06:00:00 PM,381,105,276
04/25/2019 07:00:00 PM,163,53,110
04/25/2019 08:00:00 PM,99,27,72
04/25/2019 09:00:00 PM,63,26,37
04/25/2019 10:00:00 PM,38,15,23
04/25/2019 11:00:00 PM,24,7,17
04/26/2019 12:00:00 AM,9,2,7
04/26/2019 01:00:00 AM,7,0,7
04/26/2019 02:00:00 AM,1,0,1
04/26/2019 03:00:00 AM,5,1,4
04/26/2019 04:00:00 AM,12,8,4
04/26/2019 05:00:00 AM,34,22,12
04/26/2019 06:00:00 AM,131,63,68
04/26/2019 07:00:00 AM,356,182,174
04/26/2019 08:00:00 AM,505,225,280
04/26/2019 09:00:00 AM,291,131,160
04/26/2019 10:00:00 AM,116,52,64
04/26/2019 11:00:00 AM,105,52,53
04/26/2019 12:00:00 PM,117,41,76
04/26/2019 01:00:00 PM,112,52,60
04/26/2019 02:00:00 PM,125,49,76
04/26/2019 03:00:00 PM,214,88,126
04/26/2019 04:00:00 PM,427,128,299
04/26/2019 05:00:00 PM,594,151,443
04/26/2019 06:00:00 PM,328,94,234
04/26/2019 07:00:00 PM,149,56,93
04/26/2019 08:00:00 PM,75,22,53
04/26/2019 09:00:00 PM,46,14,32
04/26/2019 10:00:00 PM,51,20,31
04/26/2019 11:00:00 PM,29,12,17
04/27/2019 12:00:00 AM,26,6,20
04/27/2019 01:00:00 AM,6,4,2
04/27/2019 02:00:00 AM,3,1,2
04/27/2019 03:00:00 AM,4,4,0
04/27/2019 04:00:00 AM,1,0,1
04/27/2019 05:00:00 AM,12,8,4
04/27/2019 06:00:00 AM,18,9,9
04/27/2019 07:00:00 AM,43,23,20
04/27/2019 08:00:00 AM,91,36,55
04/27/2019 09:00:00 AM,93,45,48
04/27/2019 10:00:00 AM,113,58,55
04/27/2019 11:00:00 AM,144,62,82
04/27/2019 12:00:00 PM,140,45,95
04/27/2019 01:00:00 PM,112,56,56
04/27/2019 02:00:00 PM,130,69,61
04/27/2019 03:00:00 PM,112,56,56
04/27/2019 04:00:00 PM,95,42,53
04/27/2019 05:00:00 PM,76,34,42
04/27/2019 06:00:00 PM,88,39,49
04/27/2019 07:00:00 PM,86,36,50
04/27/2019 08:00:00 PM,46,19,27
04/27/2019 09:00:00 PM,25,13,12
04/27/2019 10:00:00 PM,31,11,20
04/27/2019 11:00:00 PM,24,10,14
04/28/2019 12:00:00 AM,7,2,5
04/28/2019 01:00:00 AM,4,0,4
04/28/2019 02:00:00 AM,3,2,1
04/28/2019 03:00:00 AM,1,0,1
04/28/2019 04:00:00 AM,7,0,7
04/28/2019 05:00:00 AM,9,5,4
04/28/2019 06:00:00 AM,17,10,7
04/28/2019 07:00:00 AM,37,17,20
04/28/2019 08:00:00 AM,66,33,33
04/28/2019 09:00:00 AM,93,43,50
04/28/2019 10:00:00 AM,133,71,62
04/28/2019 11:00:00 AM,192,103,89
04/28/2019 12:00:00 PM,230,100,130
04/28/2019 01:00:00 PM,230,91,139
04/28/2019 02:00:00 PM,250,128,122
04/28/2019 03:00:00 PM,258,138,120
04/28/2019 04:00:00 PM,210,107,103
04/28/2019 05:00:00 PM,191,85,106
04/28/2019 06:00:00 PM,142,75,67
04/28/2019 07:00:00 PM,65,25,40
04/28/2019 08:00:00 PM,43,16,27
04/28/2019 09:00:00 PM,35,20,15
04/28/2019 10:00:00 PM,16,7,9
04/28/2019 11:00:00 PM,10,3,7
04/29/2019 12:00:00 AM,3,1,2
04/29/2019 01:00:00 AM,1,0,1
04/29/2019 02:00:00 AM,2,2,0
04/29/2019 03:00:00 AM,4,1,3
04/29/2019 04:00:00 AM,10,7,3
04/29/2019 05:00:00 AM,47,27,20
04/29/2019 06:00:00 AM,159,80,79
04/29/2019 07:00:00 AM,441,219,222
04/29/2019 08:00:00 AM,709,325,384
04/29/2019 09:00:00 AM,327,145,182
04/29/2019 10:00:00 AM,131,60,71
04/29/2019 11:00:00 AM,94,37,57
04/29/2019 12:00:00 PM,82,27,55
04/29/2019 01:00:00 PM,95,49,46
04/29/2019 02:00:00 PM,141,58,83
04/29/2019 03:00:00 PM,189,63,126
04/29/2019 04:00:00 PM,392,99,293
04/29/2019 05:00:00 PM,801,179,622
04/29/2019 06:00:00 PM,482,133,349
04/29/2019 07:00:00 PM,229,71,158
04/29/2019 08:00:00 PM,86,32,54
04/29/2019 09:00:00 PM,48,22,26
04/29/2019 10:00:00 PM,22,12,10
04/29/2019 11:00:00 PM,21,9,12
04/30/2019 12:00:00 AM,6,2,4
04/30/2019 01:00:00 AM,4,2,2
04/30/2019 02:00:00 AM,1,1,0
04/30/2019 03:00:00 AM,3,1,2
04/30/2019 04:00:00 AM,10,7,3
04/30/2019 05:00:00 AM,52,31,21
04/30/2019 06:00:00 AM,178,96,82
04/30/2019 07:00:00 AM,488,234,254
04/30/2019 08:00:00 AM,717,318,399
04/30/2019 09:00:00 AM,343,148,195
04/30/2019 10:00:00 AM,138,64,74
04/30/2019 11:00:00 AM,102,49,53
04/30/2019 12:00:00 PM,99,52,47
04/30/2019 01:00:00 PM,117,39,78
04/30/2019 02:00:00 PM,147,59,88
04/30/2019 03:00:00 PM,181,68,113
04/30/2019 04:00:00 PM,459,113,346
04/30/2019 05:00:00 PM,801,214,587
04/30/2019 06:00:00 PM,513,142,371
04/30/2019 07:00:00 PM,281,106,175
04/30/2019 08:00:00 PM,149,58,91
04/30/2019 09:00:00 PM,71,17,54
04/30/2019 10:00:00 PM,44,15,29
04/30/2019 11:00:00 PM,24,8,16
05/01/2019 12:00:00 AM,4,2,2
05/01/2019 01:00:00 AM,2,2,0
05/01/2019 02:00:00 AM,4,0,4
05/01/2019 03:00:00 AM,2,0,2
05/01/2019 04:00:00 AM,14,9,5
05/01/2019 05:00:00 AM,50,25,25
05/01/2019 06:00:00 AM,192,95,97
05/01/2019 07:00:00 AM,540,277,263
05/01/2019 08:00:00 AM,719,329,390
05/01/2019 09:00:00 AM,359,165,194
05/01/2019 10:00:00 AM,149,75,74
05/01/2019 11:00:00 AM,102,46,56
05/01/2019 12:00:00 PM,121,47,74
05/01/2019 01:00:00 PM,122,56,66
05/01/2019 02:00:00 PM,154,50,104
05/01/2019 03:00:00 PM,225,97,128
05/01/2019 04:00:00 PM,496,134,362
05/01/2019 05:00:00 PM,812,199,613
05/01/2019 06:00:00 PM,454,119,335
05/01/2019 07:00:00 PM,259,90,169
05/01/2019 08:00:00 PM,122,49,73
05/01/2019 09:00:00 PM,85,42,43
05/01/2019 10:00:00 PM,52,15,37
05/01/2019 11:00:00 PM,22,5,17
05/02/2019 12:00:00 AM,7,2,5
05/02/2019 01:00:00 AM,1,0,1
05/02/2019 02:00:00 AM,3,1,2
05/02/2019 03:00:00 AM,6,4,2
05/02/2019 04:00:00 AM,7,5,2
05/02/2019 05:00:00 AM,54,34,20
05/02/2019 06:00:00 AM,164,82,82
05/02/2019 07:00:00 AM,456,222,234
05/02/2019 08:00:00 AM,635,303,332
05/02/2019 09:00:00 AM,306,124,182
05/02/2019 10:00:00 AM,119,45,74
05/02/2019 11:00:00 AM,114,53,61
05/02/2019 12:00:00 PM,88,42,46
05/02/2019 01:00:00 PM,113,51,62
05/02/2019 02:00:00 PM,106,47,59
05/02/2019 03:00:00 PM,205,83,122
05/02/2019 04:00:00 PM,374,114,260
05/02/2019 05:00:00 PM,741,169,572
05/02/2019 06:00:00 PM,423,104,319
05/02/2019 07:00:00 PM,211,82,129
05/02/2019 08:00:00 PM,117,40,77
05/02/2019 09:00:00 PM,62,24,38
05/02/2019 10:00:00 PM,30,14,16
05/02/2019 11:00:00 PM,20,8,12
05/03/2019 12:00:00 AM,17,3,14
05/03/2019 01:00:00 AM,8,4,4
05/03/2019 02:00:00 AM,4,1,3
05/03/2019 03:00:00 AM,2,1,1
05/03/2019 04:00:00 AM,7,5,2
05/03/2019 05:00:00 AM,37,17,20
05/03/2019 06:00:00 AM,155,78,77
05/03/2019 07:00:00 AM,383,183,200
05/03/2019 08:00:00 AM,536,263,273
05/03/2019 09:00:00 AM,279,136,143
05/03/2019 10:00:00 AM,106,43,63
05/03/2019 11:00:00 AM,116,71,45
05/03/2019 12:00:00 PM,108,43,65
05/03/2019 01:00:00 PM,115,58,57
05/03/2019 02:00:00 PM,129,39,90
05/03/2019 03:00:00 PM,225,74,151
05/03/2019 04:00:00 PM,470,125,345
05/03/2019 05:00:00 PM,601,173,428
05/03/2019 06:00:00 PM,367,113,254
05/03/2019 07:00:00 PM,201,84,117
05/03/2019 08:00:00 PM,104,45,59
05/03/2019 09:00:00 PM,56,29,27
05/03/2019 10:00:00 PM,46,23,23
05/03/2019 11:00:00 PM,38,15,23
05/04/2019 12:00:00 AM,19,5,14
05/04/2019 01:00:00 AM,13,10,3
05/04/2019 02:00:00 AM,5,3,2
05/04/2019 03:00:00 AM,4,2,2
05/04/2019 04:00:00 AM,5,1,4
05/04/2019 05:00:00 AM,7,5,2
05/04/2019 06:00:00 AM,26,9,17
05/04/2019 07:00:00 AM,61,29,32
05/04/2019 08:00:00 AM,107,41,66
05/04/2019 09:00:00 AM,142,66,76
05/04/2019 10:00:00 AM,191,94,97
05/04/2019 11:00:00 AM,184,82,102
05/04/2019 12:00:00 PM,291,128,163
05/04/2019 01:00:00 PM,269,134,135
05/04/2019 02:00:00 PM,229,109,120
05/04/2019 03:00:00 PM,243,122,121
05/04/2019 04:00:00 PM,221,112,109
05/04/2019 05:00:00 PM,201,100,101
05/04/2019 06:00:00 PM,154,68,86
05/04/2019 07:00:00 PM,115,53,62
05/04/2019 08:00:00 PM,83,45,38
05/04/2019 09:00:00 PM,47,25,22
05/04/2019 10:00:00 PM,28,8,20
05/04/2019 11:00:00 PM,27,13,14
05/05/2019 12:00:00 AM,22,6,16
05/05/2019 01:00:00 AM,9,4,5
05/05/2019 02:00:00 AM,8,1,7
05/05/2019 03:00:00 AM,7,1,6
05/05/2019 04:00:00 AM,4,0,4
05/05/2019 05:00:00 AM,7,3,4
05/05/2019 06:00:00 AM,18,7,11
05/05/2019 07:00:00 AM,47,19,28
05/05/2019 08:00:00 AM,96,50,46
05/05/2019 09:00:00 AM,115,61,54
05/05/2019 10:00:00 AM,152,80,72
05/05/2019 11:00:00 AM,205,94,111
05/05/2019 12:00:00 PM,253,118,135
05/05/2019 01:00:00 PM,269,118,151
05/05/2019 02:00:00 PM,313,144,169
05/05/2019 03:00:00 PM,286,125,161
05/05/2019 04:00:00 PM,260,126,134
05/05/2019 05:00:00 PM,148,77,71
05/05/2019 06:00:00 PM,145,69,76
05/05/2019 07:00:00 PM,83,48,35
05/05/2019 08:00:00 PM,60,36,24
05/05/2019 09:00:00 PM,28,13,15
05/05/2019 10:00:00 PM,12,7,5
05/05/2019 11:00:00 PM,18,5,13
05/06/2019 12:00:00 AM,10,1,9
05/06/2019 01:00:00 AM,2,0,2
05/06/2019 02:00:00 AM,0,0,0
05/06/2019 03:00:00 AM,1,0,1
05/06/2019 04:00:00 AM,10,5,5
05/06/2019 05:00:00 AM,56,30,26
05/06/2019 06:00:00 AM,206,102,104
05/06/2019 07:00:00 AM,519,260,259
05/06/2019 08:00:00 AM,769,347,422
05/06/2019 09:00:00 AM,351,158,193
05/06/2019 10:00:00 AM,151,64,87
05/06/2019 11:00:00 AM,81,33,48
05/06/2019 12:00:00 PM,114,39,75
05/06/2019 01:00:00 PM,131,60,71
05/06/2019 02:00:00 PM,145,70,75
05/06/2019 03:00:00 PM,211,84,127
05/06/2019 04:00:00 PM,478,112,366
05/06/2019 05:00:00 PM,874,214,660
05/06/2019 06:00:00 PM,554,142,412
05/06/2019 07:00:00 PM,295,90,205
05/06/2019 08:00:00 PM,138,51,87
05/06/2019 09:00:00 PM,72,31,41
05/06/2019 10:00:00 PM,50,26,24
05/06/2019 11:00:00 PM,28,12,16
05/07/2019 12:00:00 AM,3,1,2
05/07/2019 01:00:00 AM,3,1,2
05/07/2019 02:00:00 AM,3,2,1
05/07/2019 03:00:00 AM,1,1,0
05/07/2019 04:00:00 AM,11,7,4
05/07/2019 05:00:00 AM,57,33,24
05/07/2019 06:00:00 AM,270,168,102
05/07/2019 07:00:00 AM,619,310,309
05/07/2019 08:00:00 AM,757,357,400
05/07/2019 09:00:00 AM,391,159,232
05/07/2019 10:00:00 AM,159,79,80
05/07/2019 11:00:00 AM,108,41,67
05/07/2019 12:00:00 PM,136,55,81
05/07/2019 01:00:00 PM,132,47,85
05/07/2019 02:00:00 PM,134,57,77
05/07/2019 03:00:00 PM,197,93,104
05/07/2019 04:00:00 PM,508,133,375
05/07/2019 05:00:00 PM,916,211,705
05/07/2019 06:00:00 PM,601,176,425
05/07/2019 07:00:00 PM,293,105,188
05/07/2019 08:00:00 PM,178,71,107
05/07/2019 09:00:00 PM,94,40,54
05/07/2019 10:00:00 PM,43,16,27
05/07/2019 11:00:00 PM,30,7,23
05/08/2019 12:00:00 AM,5,2,3
05/08/2019 01:00:00 AM,2,1,1
05/08/2019 02:00:00 AM,4,2,2
05/08/2019 03:00:00 AM,4,2,2
05/08/2019 04:00:00 AM,16,7,9
05/08/2019 05:00:00 AM,57,30,27
05/08/2019 06:00:00 AM,217,112,105
05/08/2019 07:00:00 AM,608,290,318
05/08/2019 08:00:00 AM,760,370,390
05/08/2019 09:00:00 AM,341,142,199
05/08/2019 10:00:00 AM,148,74,74
05/08/2019 11:00:00 AM,104,48,56
05/08/2019 12:00:00 PM,146,66,80
05/08/2019 01:00:00 PM,127,55,72
05/08/2019 02:00:00 PM,139,49,90
05/08/2019 03:00:00 PM,189,81,108
05/08/2019 04:00:00 PM,521,144,377
05/08/2019 05:00:00 PM,866,231,635
05/08/2019 06:00:00 PM,585,171,414
05/08/2019 07:00:00 PM,299,116,183
05/08/2019 08:00:00 PM,146,63,83
05/08/2019 09:00:00 PM,93,41,52
05/08/2019 10:00:00 PM,57,14,43
05/08/2019 11:00:00 PM,35,11,24
05/09/2019 12:00:00 AM,14,4,10
05/09/2019 01:00:00 AM,4,0,4
05/09/2019 02:00:00 AM,3,1,2
05/09/2019 03:00:00 AM,2,2,0
05/09/2019 04:00:00 AM,7,5,2
05/09/2019 05:00:00 AM,52,32,20
05/09/2019 06:00:00 AM,212,112,100
05/09/2019 07:00:00 AM,606,304,302
05/09/2019 08:00:00 AM,697,332,365
05/09/2019 09:00:00 AM,381,169,212
05/09/2019 10:00:00 AM,141,62,79
05/09/2019 11:00:00 AM,148,69,79
05/09/2019 12:00:00 PM,161,76,85
05/09/2019 01:00:00 PM,160,82,78
05/09/2019 02:00:00 PM,160,54,106
05/09/2019 03:00:00 PM,216,75,141
05/09/2019 04:00:00 PM,510,137,373
05/09/2019 05:00:00 PM,849,217,632
05/09/2019 06:00:00 PM,516,158,358
05/09/2019 07:00:00 PM,245,85,160
05/09/2019 08:00:00 PM,187,79,108
05/09/2019 09:00:00 PM,102,44,58
05/09/2019 10:00:00 PM,45,19,26
05/09/2019 11:00:00 PM,33,17,16
05/10/2019 12:00:00 AM,19,7,12
05/10/2019 01:00:00 AM,15,6,9
05/10/2019 02:00:00 AM,4,2,2
05/10/2019 03:00:00 AM,3,0,3
05/10/2019 04:00:00 AM,13,7,6
05/10/2019 05:00:00 AM,41,26,15
05/10/2019 06:00:00 AM,191,97,94
05/10/2019 07:00:00 AM,468,221,247
05/10/2019 08:00:00 AM,699,315,384
05/10/2019 09:00:00 AM,345,159,186
05/10/2019 10:00:00 AM,140,68,72
05/10/2019 11:00:00 AM,130,60,70
05/10/2019 12:00:00 PM,149,65,84
05/10/2019 01:00:00 PM,158,74,84
05/10/2019 02:00:00 PM,191,82,109
05/10/2019 03:00:00 PM,321,116,205
05/10/2019 04:00:00 PM,540,158,382
05/10/2019 05:00:00 PM,768,195,573
05/10/2019 06:00:00 PM,401,128,273
05/10/2019 07:00:00 PM,224,87,137
05/10/2019 08:00:00 PM,123,55,68
05/10/2019 09:00:00 PM,94,48,46
05/10/2019 10:00:00 PM,54,20,34
05/10/2019 11:00:00 PM,38,17,21
05/11/2019 12:00:00 AM,29,13,16
05/11/2019 01:00:00 AM,8,5,3
05/11/2019 02:00:00 AM,9,7,2
05/11/2019 03:00:00 AM,4,3,1
05/11/2019 04:00:00 AM,8,2,6
05/11/2019 05:00:00 AM,25,11,14
05/11/2019 06:00:00 AM,32,12,20
05/11/2019 07:00:00 AM,71,32,39
05/11/2019 08:00:00 AM,139,69,70
05/11/2019 09:00:00 AM,178,108,70
05/11/2019 10:00:00 AM,195,104,91
05/11/2019 11:00:00 AM,244,113,131
05/11/2019 12:00:00 PM,217,108,109
05/11/2019 01:00:00 PM,278,126,152
05/11/2019 02:00:00 PM,251,142,109
05/11/2019 03:00:00 PM,280,126,154
05/11/2019 04:00:00 PM,219,107,112
05/11/2019 05:00:00 PM,184,75,109
05/11/2019 06:00:00 PM,167,82,85
05/11/2019 07:00:00 PM,123,56,67
05/11/2019 08:00:00 PM,101,46,55
05/11/2019 09:00:00 PM,71,27,44
05/11/2019 10:00:00 PM,43,19,24
05/11/2019 11:00:00 PM,29,11,18
05/12/2019 12:00:00 AM,23,5,18
05/12/2019 01:00:00 AM,10,3,7
05/12/2019 02:00:00 AM,4,2,2
05/12/2019 03:00:00 AM,5,2,3
05/12/2019 04:00:00 AM,4,1,3
05/12/2019 05:00:00 AM,7,3,4
05/12/2019 06:00:00 AM,27,8,19
05/12/2019 07:00:00 AM,40,17,23
05/12/2019 08:00:00 AM,67,35,32
05/12/2019 09:00:00 AM,70,37,33
05/12/2019 10:00:00 AM,114,57,57
05/12/2019 11:00:00 AM,123,50,73
05/12/2019 12:00:00 PM,132,62,70
05/12/2019 01:00:00 PM,136,65,71
05/12/2019 02:00:00 PM,189,85,104
05/12/2019 03:00:00 PM,162,81,81
05/12/2019 04:00:00 PM,180,93,87
05/12/2019 05:00:00 PM,149,82,67
05/12/2019 06:00:00 PM,106,53,53
05/12/2019 07:00:00 PM,104,43,61
05/12/2019 08:00:00 PM,71,27,44
05/12/2019 09:00:00 PM,27,16,11
05/12/2019 10:00:00 PM,30,15,15
05/12/2019 11:00:00 PM,18,7,11
05/13/2019 12:00:00 AM,4,1,3
05/13/2019 01:00:00 AM,2,0,2
05/13/2019 02:00:00 AM,2,0,2
05/13/2019 03:00:00 AM,3,2,1
05/13/2019 04:00:00 AM,13,6,7
05/13/2019 05:00:00 AM,48,29,19
05/13/2019 06:00:00 AM,197,99,98
05/13/2019 07:00:00 AM,461,235,226
05/13/2019 08:00:00 AM,720,341,379
05/13/2019 09:00:00 AM,330,132,198
05/13/2019 10:00:00 AM,136,69,67
05/13/2019 11:00:00 AM,90,46,44
05/13/2019 12:00:00 PM,109,35,74
05/13/2019 01:00:00 PM,103,43,60
05/13/2019 02:00:00 PM,117,51,66
05/13/2019 03:00:00 PM,192,72,120
05/13/2019 04:00:00 PM,431,99,332
05/13/2019 05:00:00 PM,827,199,628
05/13/2019 06:00:00 PM,467,135,332
05/13/2019 07:00:00 PM,205,76,129
05/13/2019 08:00:00 PM,131,47,84
05/13/2019 09:00:00 PM,82,43,39
05/13/2019 10:00:00 PM,20,5,15
05/13/2019 11:00:00 PM,22,4,18
05/14/2019 12:00:00 AM,11,5,6
05/14/2019 01:00:00 AM,4,3,1
05/14/2019 02:00:00 AM,1,1,0
05/14/2019 03:00:00 AM,1,1,0
05/14/2019 04:00:00 AM,10,7,3
05/14/2019 05:00:00 AM,37,20,17
05/14/2019 06:00:00 AM,171,85,86
05/14/2019 07:00:00 AM,396,201,195
05/14/2019 08:00:00 AM,478,227,251
05/14/2019 09:00:00 AM,204,90,114
05/14/2019 10:00:00 AM,63,32,31
05/14/2019 11:00:00 AM,45,24,21
05/14/2019 12:00:00 PM,47,30,17
05/14/2019 01:00:00 PM,43,20,23
05/14/2019 02:00:00 PM,69,20,49
05/14/2019 03:00:00 PM,107,37,70
05/14/2019 04:00:00 PM,292,81,211
05/14/2019 05:00:00 PM,554,136,418
05/14/2019 06:00:00 PM,443,97,346
05/14/2019 07:00:00 PM,153,48,105
05/14/2019 08:00:00 PM,81,30,51
05/14/2019 09:00:00 PM,53,24,29
05/14/2019 10:00:00 PM,28,11,17
05/14/2019 11:00:00 PM,17,7,10
05/15/2019 12:00:00 AM,4,0,4
05/15/2019 01:00:00 AM,5,1,4
05/15/2019 02:00:00 AM,5,5,0
05/15/2019 03:00:00 AM,3,3,0
05/15/2019 04:00:00 AM,14,9,5
05/15/2019 05:00:00 AM,53,25,28
05/15/2019 06:00:00 AM,182,83,99
05/15/2019 07:00:00 AM,494,229,265
05/15/2019 08:00:00 AM,622,291,331
05/15/2019 09:00:00 AM,307,135,172
05/15/2019 10:00:00 AM,145,54,91
05/15/2019 11:00:00 AM,124,47,77
05/15/2019 12:00:00 PM,151,56,95
05/15/2019 01:00:00 PM,126,55,71
05/15/2019 02:00:00 PM,132,54,78
05/15/2019 03:00:00 PM,180,59,121
05/15/2019 04:00:00 PM,413,105,308
05/15/2019 05:00:00 PM,647,143,504
05/15/2019 06:00:00 PM,382,106,276
05/15/2019 07:00:00 PM,148,46,102
05/15/2019 08:00:00 PM,72,18,54
05/15/2019 09:00:00 PM,48,14,34
05/15/2019 10:00:00 PM,44,11,33
05/15/2019 11:00:00 PM,19,7,12
05/16/2019 12:00:00 AM,10,4,6
05/16/2019 01:00:00 AM,3,0,3
05/16/2019 02:00:00 AM,1,1,0
05/16/2019 03:00:00 AM,3,1,2
05/16/2019 04:00:00 AM,9,6,3
05/16/2019 05:00:00 AM,49,32,17
05/16/2019 06:00:00 AM,137,61,76
05/16/2019 07:00:00 AM,432,219,213
05/16/2019 08:00:00 AM,532,241,291
05/16/2019 09:00:00 AM,280,128,152
05/16/2019 10:00:00 AM,104,55,49
05/16/2019 11:00:00 AM,76,29,47
05/16/2019 12:00:00 PM,67,29,38
05/16/2019 01:00:00 PM,57,33,24
05/16/2019 02:00:00 PM,76,25,51
05/16/2019 03:00:00 PM,115,37,78
05/16/2019 04:00:00 PM,301,79,222
05/16/2019 05:00:00 PM,587,125,462
05/16/2019 06:00:00 PM,357,97,260
05/16/2019 07:00:00 PM,159,50,109
05/16/2019 08:00:00 PM,96,35,61
05/16/2019 09:00:00 PM,52,23,29
05/16/2019 10:00:00 PM,31,8,23
05/16/2019 11:00:00 PM,10,4,6
05/17/2019 12:00:00 AM,5,1,4
05/17/2019 01:00:00 AM,5,1,4
05/17/2019 02:00:00 AM,1,0,1
05/17/2019 03:00:00 AM,1,0,1
05/17/2019 04:00:00 AM,4,3,1
05/17/2019 05:00:00 AM,44,26,18
05/17/2019 06:00:00 AM,167,96,71
05/17/2019 07:00:00 AM,609,375,234
05/17/2019 08:00:00 AM,693,413,280
05/17/2019 09:00:00 AM,311,149,162
05/17/2019 10:00:00 AM,118,52,66
05/17/2019 11:00:00 AM,99,41,58
05/17/2019 12:00:00 PM,79,38,41
05/17/2019 01:00:00 PM,109,42,67
05/17/2019 02:00:00 PM,119,42,77
05/17/2019 03:00:00 PM,238,71,167
05/17/2019 04:00:00 PM,466,135,331
05/17/2019 05:00:00 PM,658,176,482
05/17/2019 06:00:00 PM,409,104,305
05/17/2019 07:00:00 PM,220,71,149
05/17/2019 08:00:00 PM,108,39,69
05/17/2019 09:00:00 PM,63,30,33
05/17/2019 10:00:00 PM,45,16,29
05/17/2019 11:00:00 PM,32,21,11
05/18/2019 12:00:00 AM,21,13,8
05/18/2019 01:00:00 AM,14,4,10
05/18/2019 02:00:00 AM,4,1,3
05/18/2019 03:00:00 AM,3,2,1
05/18/2019 04:00:00 AM,5,2,3
05/18/2019 05:00:00 AM,16,10,6
05/18/2019 06:00:00 AM,39,18,21
05/18/2019 07:00:00 AM,86,38,48
05/18/2019 08:00:00 AM,114,52,62
05/18/2019 09:00:00 AM,170,93,77
05/18/2019 10:00:00 AM,211,101,110
05/18/2019 11:00:00 AM,265,115,150
05/18/2019 12:00:00 PM,249,123,126
05/18/2019 01:00:00 PM,303,150,153
05/18/2019 02:00:00 PM,322,146,176
05/18/2019 03:00:00 PM,299,139,160
05/18/2019 04:00:00 PM,324,186,138
05/18/2019 05:00:00 PM,244,116,128
05/18/2019 06:00:00 PM,196,85,111
05/18/2019 07:00:00 PM,139,61,78
05/18/2019 08:00:00 PM,91,43,48
05/18/2019 09:00:00 PM,65,31,34
05/18/2019 10:00:00 PM,47,18,29
05/18/2019 11:00:00 PM,36,12,24
05/19/2019 12:00:00 AM,20,10,10
05/19/2019 01:00:00 AM,26,19,7
05/19/2019 02:00:00 AM,6,3,3
05/19/2019 03:00:00 AM,0,0,0
05/19/2019 04:00:00 AM,1,0,1
05/19/2019 05:00:00 AM,6,2,4
05/19/2019 06:00:00 AM,12,4,8
05/19/2019 07:00:00 AM,53,26,27
05/19/2019 08:00:00 AM,70,32,38
05/19/2019 09:00:00 AM,91,47,44
05/19/2019 10:00:00 AM,111,45,66
05/19/2019 11:00:00 AM,154,71,83
05/19/2019 12:00:00 PM,160,79,81
05/19/2019 01:00:00 PM,213,88,125
05/19/2019 02:00:00 PM,225,103,122
05/19/2019 03:00:00 PM,202,105,97
05/19/2019 04:00:00 PM,226,108,118
05/19/2019 05:00:00 PM,191,90,101
05/19/2019 06:00:00 PM,145,48,97
05/19/2019 07:00:00 PM,102,49,53
05/19/2019 08:00:00 PM,61,35,26
05/19/2019 09:00:00 PM,37,24,13
05/19/2019 10:00:00 PM,15,9,6
05/19/2019 11:00:00 PM,24,7,17
05/20/2019 12:00:00 AM,7,4,3
05/20/2019 01:00:00 AM,5,3,2
05/20/2019 02:00:00 AM,3,0,3
05/20/2019 03:00:00 AM,4,2,2
05/20/2019 04:00:00 AM,10,6,4
05/20/2019 05:00:00 AM,44,26,18
05/20/2019 06:00:00 AM,144,74,70
05/20/2019 07:00:00 AM,373,178,195
05/20/2019 08:00:00 AM,548,262,286
05/20/2019 09:00:00 AM,224,99,125
05/20/2019 10:00:00 AM,100,46,54
05/20/2019 11:00:00 AM,49,20,29
05/20/2019 12:00:00 PM,61,26,35
05/20/2019 01:00:00 PM,68,28,40
05/20/2019 02:00:00 PM,70,34,36
05/20/2019 03:00:00 PM,131,55,76
05/20/2019 04:00:00 PM,266,61,205
05/20/2019 05:00:00 PM,569,119,450
05/20/2019 06:00:00 PM,325,73,252
05/20/2019 07:00:00 PM,123,21,102
05/20/2019 08:00:00 PM,64,20,44
05/20/2019 09:00:00 PM,38,12,26
05/20/2019 10:00:00 PM,28,13,15
05/20/2019 11:00:00 PM,21,4,17
05/21/2019 12:00:00 AM,3,2,1
05/21/2019 01:00:00 AM,5,4,1
05/21/2019 02:00:00 AM,3,3,0
05/21/2019 03:00:00 AM,2,1,1
05/21/2019 04:00:00 AM,6,6,0
05/21/2019 05:00:00 AM,47,24,23
05/21/2019 06:00:00 AM,151,74,77
05/21/2019 07:00:00 AM,436,215,221
05/21/2019 08:00:00 AM,618,300,318
05/21/2019 09:00:00 AM,285,123,162
05/21/2019 10:00:00 AM,112,49,63
05/21/2019 11:00:00 AM,87,47,40
05/21/2019 12:00:00 PM,91,49,42
05/21/2019 01:00:00 PM,93,40,53
05/21/2019 02:00:00 PM,97,40,57
05/21/2019 03:00:00 PM,170,53,117
05/21/2019 04:00:00 PM,353,98,255
05/21/2019 05:00:00 PM,728,175,553
05/21/2019 06:00:00 PM,421,127,294
05/21/2019 07:00:00 PM,210,76,134
05/21/2019 08:00:00 PM,105,47,58
05/21/2019 09:00:00 PM,72,27,45
05/21/2019 10:00:00 PM,55,22,33
05/21/2019 11:00:00 PM,29,10,19
05/22/2019 12:00:00 AM,3,0,3
05/22/2019 01:00:00 AM,11,3,8
05/22/2019 02:00:00 AM,6,4,2
05/22/2019 03:00:00 AM,4,1,3
05/22/2019 04:00:00 AM,14,11,3
05/22/2019 05:00:00 AM,53,26,27
05/22/2019 06:00:00 AM,205,104,101
05/22/2019 07:00:00 AM,546,265,281
05/22/2019 08:00:00 AM,749,355,394
05/22/2019 09:00:00 AM,345,147,198
05/22/2019 10:00:00 AM,144,68,76
05/22/2019 11:00:00 AM,114,49,65
05/22/2019 12:00:00 PM,133,52,81
05/22/2019 01:00:00 PM,141,52,89
05/22/2019 02:00:00 PM,143,55,88
05/22/2019 03:00:00 PM,244,98,146
05/22/2019 04:00:00 PM,577,157,420
05/22/2019 05:00:00 PM,1004,259,745
05/22/2019 06:00:00 PM,642,186,456
05/22/2019 07:00:00 PM,327,102,225
05/22/2019 08:00:00 PM,197,67,130
05/22/2019 09:00:00 PM,121,53,68
05/22/2019 10:00:00 PM,53,17,36
05/22/2019 11:00:00 PM,40,13,27
05/23/2019 12:00:00 AM,10,4,6
05/23/2019 01:00:00 AM,6,2,4
05/23/2019 02:00:00 AM,5,1,4
05/23/2019 03:00:00 AM,1,0,1
05/23/2019 04:00:00 AM,15,7,8
05/23/2019 05:00:00 AM,54,28,26
05/23/2019 06:00:00 AM,218,107,111
05/23/2019 07:00:00 AM,590,302,288
05/23/2019 08:00:00 AM,825,382,443
05/23/2019 09:00:00 AM,388,158,230
05/23/2019 10:00:00 AM,197,88,109
05/23/2019 11:00:00 AM,173,83,90
05/23/2019 12:00:00 PM,157,76,81
05/23/2019 01:00:00 PM,185,66,119
05/23/2019 02:00:00 PM,161,60,101
05/23/2019 03:00:00 PM,268,115,153
05/23/2019 04:00:00 PM,559,153,406
05/23/2019 05:00:00 PM,939,249,690
05/23/2019 06:00:00 PM,636,210,426
05/23/2019 07:00:00 PM,358,138,220
05/23/2019 08:00:00 PM,188,80,108
05/23/2019 09:00:00 PM,148,72,76
05/23/2019 10:00:00 PM,73,37,36
05/23/2019 11:00:00 PM,29,13,16
05/24/2019 12:00:00 AM,23,5,18
05/24/2019 01:00:00 AM,5,1,4
05/24/2019 02:00:00 AM,2,1,1
05/24/2019 03:00:00 AM,4,1,3
05/24/2019 04:00:00 AM,7,3,4
05/24/2019 05:00:00 AM,45,24,21
05/24/2019 06:00:00 AM,156,82,74
05/24/2019 07:00:00 AM,323,171,152
05/24/2019 08:00:00 AM,463,226,237
05/24/2019 09:00:00 AM,245,127,118
05/24/2019 10:00:00 AM,89,39,50
05/24/2019 11:00:00 AM,95,48,47
05/24/2019 12:00:00 PM,80,39,41
05/24/2019 01:00:00 PM,119,42,77
05/24/2019 02:00:00 PM,142,48,94
05/24/2019 03:00:00 PM,239,73,166
05/24/2019 04:00:00 PM,382,95,287
05/24/2019 05:00:00 PM,493,126,367
05/24/2019 06:00:00 PM,255,72,183
05/24/2019 07:00:00 PM,142,51,91
05/24/2019 08:00:00 PM,80,36,44
05/24/2019 09:00:00 PM,50,15,35
05/24/2019 10:00:00 PM,50,21,29
05/24/2019 11:00:00 PM,30,15,15
05/25/2019 12:00:00 AM,23,5,18
05/25/2019 01:00:00 AM,13,5,8
05/25/2019 02:00:00 AM,10,3,7
05/25/2019 03:00:00 AM,5,1,4
05/25/2019 04:00:00 AM,5,2,3
05/25/2019 05:00:00 AM,15,11,4
05/25/2019 06:00:00 AM,25,12,13
05/25/2019 07:00:00 AM,51,30,21
05/25/2019 08:00:00 AM,70,41,29
05/25/2019 09:00:00 AM,106,49,57
05/25/2019 10:00:00 AM,101,52,49
05/25/2019 11:00:00 AM,138,65,73
05/25/2019 12:00:00 PM,94,45,49
05/25/2019 01:00:00 PM,60,30,30
05/25/2019 02:00:00 PM,40,19,21
05/25/2019 03:00:00 PM,38,20,18
05/25/2019 04:00:00 PM,40,22,18
05/25/2019 05:00:00 PM,35,17,18
05/25/2019 06:00:00 PM,30,10,20
05/25/2019 07:00:00 PM,43,16,27
05/25/2019 08:00:00 PM,40,14,26
05/25/2019 09:00:00 PM,26,8,18
05/25/2019 10:00:00 PM,18,10,8
05/25/2019 11:00:00 PM,10,5,5
05/26/2019 12:00:00 AM,26,15,11
05/26/2019 01:00:00 AM,4,2,2
05/26/2019 02:00:00 AM,1,1,0
05/26/2019 03:00:00 AM,0,0,0
05/26/2019 04:00:00 AM,6,4,2
05/26/2019 05:00:00 AM,11,5,6
05/26/2019 06:00:00 AM,49,27,22
05/26/2019 07:00:00 AM,105,62,43
05/26/2019 08:00:00 AM,79,35,44
05/26/2019 09:00:00 AM,133,61,72
05/26/2019 10:00:00 AM,166,61,105
05/26/2019 11:00:00 AM,238,88,150
05/26/2019 12:00:00 PM,210,118,92
05/26/2019 01:00:00 PM,277,144,133
05/26/2019 02:00:00 PM,306,142,164
05/26/2019 03:00:00 PM,282,132,150
05/26/2019 04:00:00 PM,252,108,144
05/26/2019 05:00:00 PM,246,103,143
05/26/2019 06:00:00 PM,211,106,105
05/26/2019 07:00:00 PM,147,70,77
05/26/2019 08:00:00 PM,110,42,68
05/26/2019 09:00:00 PM,64,23,41
05/26/2019 10:00:00 PM,30,13,17
05/26/2019 11:00:00 PM,33,12,21
05/27/2019 12:00:00 AM,20,13,7
05/27/2019 01:00:00 AM,9,8,1
05/27/2019 02:00:00 AM,9,5,4
05/27/2019 03:00:00 AM,5,0,5
05/27/2019 04:00:00 AM,1,0,1
05/27/2019 05:00:00 AM,14,6,8
05/27/2019 06:00:00 AM,29,10,19
05/27/2019 07:00:00 AM,52,32,20
05/27/2019 08:00:00 AM,87,45,42
05/27/2019 09:00:00 AM,172,73,99
05/27/2019 10:00:00 AM,244,124,120
05/27/2019 11:00:00 AM,330,146,184
05/27/2019 12:00:00 PM,323,154,169
05/27/2019 01:00:00 PM,387,172,215
05/27/2019 02:00:00 PM,417,163,254
05/27/2019 03:00:00 PM,425,171,254
05/27/2019 04:00:00 PM,337,199,138
05/27/2019 05:00:00 PM,264,121,143
05/27/2019 06:00:00 PM,262,133,129
05/27/2019 07:00:00 PM,157,72,85
05/27/2019 08:00:00 PM,127,63,64
05/27/2019 09:00:00 PM,60,27,33
05/27/2019 10:00:00 PM,36,20,16
05/27/2019 11:00:00 PM,24,7,17
05/28/2019 12:00:00 AM,7,4,3
05/28/2019 01:00:00 AM,6,4,2
05/28/2019 02:00:00 AM,6,1,5
05/28/2019 03:00:00 AM,4,1,3
05/28/2019 04:00:00 AM,9,4,5
05/28/2019 05:00:00 AM,48,20,28
05/28/2019 06:00:00 AM,224,111,113
05/28/2019 07:00:00 AM,540,280,260
05/28/2019 08:00:00 AM,734,361,373
05/28/2019 09:00:00 AM,389,179,210
05/28/2019 10:00:00 AM,144,70,74
05/28/2019 11:00:00 AM,127,57,70
05/28/2019 12:00:00 PM,105,41,64
05/28/2019 01:00:00 PM,113,55,58
05/28/2019 02:00:00 PM,122,57,65
05/28/2019 03:00:00 PM,203,61,142
05/28/2019 04:00:00 PM,451,118,333
05/28/2019 05:00:00 PM,894,202,692
05/28/2019 06:00:00 PM,564,149,415
05/28/2019 07:00:00 PM,285,97,188
05/28/2019 08:00:00 PM,164,66,98
05/28/2019 09:00:00 PM,101,46,55
05/28/2019 10:00:00 PM,58,20,38
05/28/2019 11:00:00 PM,29,7,22
05/29/2019 12:00:00 AM,8,1,7
05/29/2019 01:00:00 AM,4,0,4
05/29/2019 02:00:00 AM,5,1,4
05/29/2019 03:00:00 AM,3,3,0
05/29/2019 04:00:00 AM,16,8,8
05/29/2019 05:00:00 AM,65,33,32
05/29/2019 06:00:00 AM,219,119,100
05/29/2019 07:00:00 AM,618,299,319
05/29/2019 08:00:00 AM,801,387,414
05/29/2019 09:00:00 AM,389,171,218
05/29/2019 10:00:00 AM,155,74,81
05/29/2019 11:00:00 AM,129,58,71
05/29/2019 12:00:00 PM,117,75,42
05/29/2019 01:00:00 PM,120,52,68
05/29/2019 02:00:00 PM,141,66,75
05/29/2019 03:00:00 PM,216,89,127
05/29/2019 04:00:00 PM,530,126,404
05/29/2019 05:00:00 PM,957,223,734
05/29/2019 06:00:00 PM,529,169,360
05/29/2019 07:00:00 PM,301,104,197
05/29/2019 08:00:00 PM,155,54,101
05/29/2019 09:00:00 PM,129,63,66
05/29/2019 10:00:00 PM,45,16,29
05/29/2019 11:00:00 PM,21,7,14
05/30/2019 12:00:00 AM,16,8,8
05/30/2019 01:00:00 AM,6,2,4
05/30/2019 02:00:00 AM,4,2,2
05/30/2019 03:00:00 AM,3,2,1
05/30/2019 04:00:00 AM,12,8,4
05/30/2019 05:00:00 AM,60,33,27
05/30/2019 06:00:00 AM,229,118,111
05/30/2019 07:00:00 AM,584,280,304
05/30/2019 08:00:00 AM,742,346,396
05/30/2019 09:00:00 AM,366,150,216
05/30/2019 10:00:00 AM,153,72,81
05/30/2019 11:00:00 AM,146,71,75
05/30/2019 12:00:00 PM,120,48,72
05/30/2019 01:00:00 PM,127,55,72
05/30/2019 02:00:00 PM,179,89,90
05/30/2019 03:00:00 PM,258,99,159
05/30/2019 04:00:00 PM,504,151,353
05/30/2019 05:00:00 PM,944,227,717
05/30/2019 06:00:00 PM,558,152,406
05/30/2019 07:00:00 PM,314,126,188
05/30/2019 08:00:00 PM,183,69,114
05/30/2019 09:00:00 PM,112,49,63
05/30/2019 10:00:00 PM,57,22,35
05/30/2019 11:00:00 PM,31,9,22
05/31/2019 12:00:00 AM,23,8,15
05/31/2019 01:00:00 AM,13,8,5
05/31/2019 02:00:00 AM,2,0,2
05/31/2019 03:00:00 AM,6,4,2
05/31/2019 04:00:00 AM,13,8,5
05/31/2019 05:00:00 AM,46,27,19
05/31/2019 06:00:00 AM,201,108,93
05/31/2019 07:00:00 AM,459,216,243
05/31/2019 08:00:00 AM,677,305,372
05/31/2019 09:00:00 AM,346,146,200
05/31/2019 10:00:00 AM,134,65,69
05/31/2019 11:00:00 AM,114,56,58
05/31/2019 12:00:00 PM,135,63,72
05/31/2019 01:00:00 PM,164,72,92
05/31/2019 02:00:00 PM,181,102,79
05/31/2019 03:00:00 PM,326,118,208
05/31/2019 04:00:00 PM,588,179,409
05/31/2019 05:00:00 PM,768,186,582
05/31/2019 06:00:00 PM,492,169,323
05/31/2019 07:00:00 PM,248,97,151
05/31/2019 08:00:00 PM,140,48,92
05/31/2019 09:00:00 PM,103,46,57
05/31/2019 10:00:00 PM,81,29,52
05/31/2019 11:00:00 PM,57,22,35
06/01/2019 12:00:00 AM,22,10,12
06/01/2019 01:00:00 AM,12,5,7
06/01/2019 02:00:00 AM,13,7,6
06/01/2019 03:00:00 AM,5,2,3
06/01/2019 04:00:00 AM,5,1,4
06/01/2019 05:00:00 AM,19,9,10
06/01/2019 06:00:00 AM,31,9,22
06/01/2019 07:00:00 AM,64,24,40
06/01/2019 08:00:00 AM,115,55,60
06/01/2019 09:00:00 AM,134,60,74
06/01/2019 10:00:00 AM,202,106,96
06/01/2019 11:00:00 AM,217,109,108
06/01/2019 12:00:00 PM,191,89,102
06/01/2019 01:00:00 PM,266,131,135
06/01/2019 02:00:00 PM,249,115,134
06/01/2019 03:00:00 PM,270,97,173
06/01/2019 04:00:00 PM,304,144,160
06/01/2019 05:00:00 PM,271,139,132
06/01/2019 06:00:00 PM,212,104,108
06/01/2019 07:00:00 PM,145,66,79
06/01/2019 08:00:00 PM,124,44,80
06/01/2019 09:00:00 PM,94,49,45
06/01/2019 10:00:00 PM,65,26,39
06/01/2019 11:00:00 PM,29,16,13
06/02/2019 12:00:00 AM,21,11,10
06/02/2019 01:00:00 AM,11,3,8
06/02/2019 02:00:00 AM,11,5,6
06/02/2019 03:00:00 AM,2,1,1
06/02/2019 04:00:00 AM,1,0,1
06/02/2019 05:00:00 AM,8,3,5
06/02/2019 06:00:00 AM,27,8,19
06/02/2019 07:00:00 AM,60,27,33
06/02/2019 08:00:00 AM,92,45,47
06/02/2019 09:00:00 AM,167,89,78
06/02/2019 10:00:00 AM,190,87,103
06/02/2019 11:00:00 AM,245,119,126
06/02/2019 12:00:00 PM,321,151,170
06/02/2019 01:00:00 PM,257,146,111
06/02/2019 02:00:00 PM,328,158,170
06/02/2019 03:00:00 PM,299,133,166
06/02/2019 04:00:00 PM,221,112,109
06/02/2019 05:00:00 PM,257,130,127
06/02/2019 06:00:00 PM,173,89,84
06/02/2019 07:00:00 PM,104,42,62
06/02/2019 08:00:00 PM,69,35,34
06/02/2019 09:00:00 PM,54,26,28
06/02/2019 10:00:00 PM,30,13,17
06/02/2019 11:00:00 PM,15,5,10
06/03/2019 12:00:00 AM,6,1,5
06/03/2019 01:00:00 AM,6,4,2
06/03/2019 02:00:00 AM,2,2,0
06/03/2019 03:00:00 AM,4,1,3
06/03/2019 04:00:00 AM,14,9,5
06/03/2019 05:00:00 AM,59,33,26
06/03/2019 06:00:00 AM,213,116,97
06/03/2019 07:00:00 AM,533,269,264
06/03/2019 08:00:00 AM,774,379,395
06/03/2019 09:00:00 AM,406,165,241
06/03/2019 10:00:00 AM,157,65,92
06/03/2019 11:00:00 AM,101,38,63
06/03/2019 12:00:00 PM,86,38,48
06/03/2019 01:00:00 PM,101,41,60
06/03/2019 02:00:00 PM,111,49,62
06/03/2019 03:00:00 PM,212,92,120
06/03/2019 04:00:00 PM,492,147,345
06/03/2019 05:00:00 PM,870,186,684
06/03/2019 06:00:00 PM,603,182,421
06/03/2019 07:00:00 PM,295,90,205
06/03/2019 08:00:00 PM,161,56,105
06/03/2019 09:00:00 PM,98,43,55
06/03/2019 10:00:00 PM,49,21,28
06/03/2019 11:00:00 PM,23,8,15
06/04/2019 12:00:00 AM,9,6,3
06/04/2019 01:00:00 AM,8,4,4
06/04/2019 02:00:00 AM,7,3,4
06/04/2019 03:00:00 AM,4,1,3
06/04/2019 04:00:00 AM,11,3,8
06/04/2019 05:00:00 AM,68,36,32
06/04/2019 06:00:00 AM,238,96,142
06/04/2019 07:00:00 AM,527,270,257
06/04/2019 08:00:00 AM,791,386,405
06/04/2019 09:00:00 AM,366,133,233
06/04/2019 10:00:00 AM,182,78,104
06/04/2019 11:00:00 AM,115,56,59
06/04/2019 12:00:00 PM,121,60,61
06/04/2019 01:00:00 PM,146,68,78
06/04/2019 02:00:00 PM,137,58,79
06/04/2019 03:00:00 PM,242,99,143
06/04/2019 04:00:00 PM,519,168,351
06/04/2019 05:00:00 PM,995,253,742
06/04/2019 06:00:00 PM,620,189,431
06/04/2019 07:00:00 PM,303,112,191
06/04/2019 08:00:00 PM,186,71,115
06/04/2019 09:00:00 PM,110,51,59
06/04/2019 10:00:00 PM,55,22,33
06/04/2019 11:00:00 PM,31,8,23
06/05/2019 12:00:00 AM,13,3,10
06/05/2019 01:00:00 AM,14,3,11
06/05/2019 02:00:00 AM,1,0,1
06/05/2019 03:00:00 AM,4,2,2
06/05/2019 04:00:00 AM,10,4,6
06/05/2019 05:00:00 AM,57,34,23
06/05/2019 06:00:00 AM,231,120,111
06/05/2019 07:00:00 AM,578,286,292
06/05/2019 08:00:00 AM,735,341,394
06/05/2019 09:00:00 AM,401,169,232
06/05/2019 10:00:00 AM,195,61,134
06/05/2019 11:00:00 AM,126,54,72
06/05/2019 12:00:00 PM,115,55,60
06/05/2019 01:00:00 PM,114,50,64
06/05/2019 02:00:00 PM,124,42,82
06/05/2019 03:00:00 PM,195,70,125
06/05/2019 04:00:00 PM,499,139,360
06/05/2019 05:00:00 PM,855,188,667
06/05/2019 06:00:00 PM,525,143,382
06/05/2019 07:00:00 PM,268,99,169
06/05/2019 08:00:00 PM,142,41,101
06/05/2019 09:00:00 PM,110,53,57
06/05/2019 10:00:00 PM,50,16,34
06/05/2019 11:00:00 PM,15,6,9
06/06/2019 12:00:00 AM,8,3,5
06/06/2019 01:00:00 AM,10,5,5
06/06/2019 02:00:00 AM,5,0,5
06/06/2019 03:00:00 AM,7,0,7
06/06/2019 04:00:00 AM,16,11,5
06/06/2019 05:00:00 AM,55,29,26
06/06/2019 06:00:00 AM,160,85,75
06/06/2019 07:00:00 AM,451,225,226
06/06/2019 08:00:00 AM,623,305,318
06/06/2019 09:00:00 AM,341,152,189
06/06/2019 10:00:00 AM,158,80,78
06/06/2019 11:00:00 AM,132,49,83
06/06/2019 12:00:00 PM,128,52,76
06/06/2019 01:00:00 PM,126,53,73
06/06/2019 02:00:00 PM,173,71,102
06/06/2019 03:00:00 PM,150,55,95
06/06/2019 04:00:00 PM,354,104,250
06/06/2019 05:00:00 PM,732,177,555
06/06/2019 06:00:00 PM,500,137,363
06/06/2019 07:00:00 PM,245,90,155
06/06/2019 08:00:00 PM,171,68,103
06/06/2019 09:00:00 PM,91,39,52
06/06/2019 10:00:00 PM,53,33,20
06/06/2019 11:00:00 PM,25,8,17
06/07/2019 12:00:00 AM,14,6,8
06/07/2019 01:00:00 AM,7,4,3
06/07/2019 02:00:00 AM,3,2,1
06/07/2019 03:00:00 AM,1,1,0
06/07/2019 04:00:00 AM,10,5,5
06/07/2019 05:00:00 AM,28,19,9
06/07/2019 06:00:00 AM,113,56,57
06/07/2019 07:00:00 AM,312,158,154
06/07/2019 08:00:00 AM,527,239,288
06/07/2019 09:00:00 AM,268,106,162
06/07/2019 10:00:00 AM,132,64,68
06/07/2019 11:00:00 AM,103,41,62
06/07/2019 12:00:00 PM,97,50,47
06/07/2019 01:00:00 PM,97,46,51
06/07/2019 02:00:00 PM,77,30,47
06/07/2019 03:00:00 PM,177,62,115
06/07/2019 04:00:00 PM,337,80,257
06/07/2019 05:00:00 PM,464,110,354
06/07/2019 06:00:00 PM,222,50,172
06/07/2019 07:00:00 PM,113,30,83
06/07/2019 08:00:00 PM,79,30,49
06/07/2019 09:00:00 PM,51,24,27
06/07/2019 10:00:00 PM,30,17,13
06/07/2019 11:00:00 PM,25,11,14
06/08/2019 12:00:00 AM,16,7,9
06/08/2019 01:00:00 AM,19,9,10
06/08/2019 02:00:00 AM,7,3,4
06/08/2019 03:00:00 AM,5,1,4
06/08/2019 04:00:00 AM,6,4,2
06/08/2019 05:00:00 AM,15,9,6
06/08/2019 06:00:00 AM,28,14,14
06/08/2019 07:00:00 AM,58,28,30
06/08/2019 08:00:00 AM,116,51,65
06/08/2019 09:00:00 AM,106,57,49
06/08/2019 10:00:00 AM,151,83,68
06/08/2019 11:00:00 AM,216,105,111
06/08/2019 12:00:00 PM,213,87,126
06/08/2019 01:00:00 PM,255,109,146
06/08/2019 02:00:00 PM,302,133,169
06/08/2019 03:00:00 PM,272,122,150
06/08/2019 04:00:00 PM,332,155,177
06/08/2019 05:00:00 PM,264,129,135
06/08/2019 06:00:00 PM,212,106,106
06/08/2019 07:00:00 PM,131,55,76
06/08/2019 08:00:00 PM,107,42,65
06/08/2019 09:00:00 PM,57,25,32
06/08/2019 10:00:00 PM,28,15,13
06/08/2019 11:00:00 PM,57,22,35
06/09/2019 12:00:00 AM,27,13,14
06/09/2019 01:00:00 AM,19,7,12
06/09/2019 02:00:00 AM,7,4,3
06/09/2019 03:00:00 AM,1,1,0
06/09/2019 04:00:00 AM,3,0,3
06/09/2019 05:00:00 AM,19,8,11
06/09/2019 06:00:00 AM,30,11,19
06/09/2019 07:00:00 AM,127,60,67
06/09/2019 08:00:00 AM,138,57,81
06/09/2019 09:00:00 AM,158,71,87
06/09/2019 10:00:00 AM,184,87,97
06/09/2019 11:00:00 AM,226,107,119
06/09/2019 12:00:00 PM,264,100,164
06/09/2019 01:00:00 PM,284,134,150
06/09/2019 02:00:00 PM,239,127,112
06/09/2019 03:00:00 PM,302,150,152
06/09/2019 04:00:00 PM,273,115,158
06/09/2019 05:00:00 PM,210,99,111
06/09/2019 06:00:00 PM,198,79,119
06/09/2019 07:00:00 PM,76,34,42
06/09/2019 08:00:00 PM,97,44,53
06/09/2019 09:00:00 PM,55,23,32
06/09/2019 10:00:00 PM,30,21,9
06/09/2019 11:00:00 PM,22,9,13
06/10/2019 12:00:00 AM,9,5,4
06/10/2019 01:00:00 AM,4,3,1
06/10/2019 02:00:00 AM,0,0,0
06/10/2019 03:00:00 AM,2,1,1
06/10/2019 04:00:00 AM,11,5,6
06/10/2019 05:00:00 AM,62,30,32
06/10/2019 06:00:00 AM,160,84,76
06/10/2019 07:00:00 AM,528,259,269
06/10/2019 08:00:00 AM,815,349,466
06/10/2019 09:00:00 AM,401,169,232
06/10/2019 10:00:00 AM,187,81,106
06/10/2019 11:00:00 AM,150,53,97
06/10/2019 12:00:00 PM,150,69,81
06/10/2019 01:00:00 PM,133,57,76
06/10/2019 02:00:00 PM,138,59,79
06/10/2019 03:00:00 PM,240,94,146
06/10/2019 04:00:00 PM,508,143,365
06/10/2019 05:00:00 PM,993,228,765
06/10/2019 06:00:00 PM,604,165,439
06/10/2019 07:00:00 PM,296,77,219
06/10/2019 08:00:00 PM,151,52,99
06/10/2019 09:00:00 PM,108,57,51
06/10/2019 10:00:00 PM,48,15,33
06/10/2019 11:00:00 PM,21,5,16
06/11/2019 12:00:00 AM,10,5,5
06/11/2019 01:00:00 AM,5,1,4
06/11/2019 02:00:00 AM,5,0,5
06/11/2019 03:00:00 AM,0,0,0
06/11/2019 04:00:00 AM,9,3,6
06/11/2019 05:00:00 AM,65,37,28
06/11/2019 06:00:00 AM,263,124,139
06/11/2019 07:00:00 AM,639,304,335
06/11/2019 08:00:00 AM,892,423,469
06/11/2019 09:00:00 AM,426,178,248
06/11/2019 10:00:00 AM,187,86,101
06/11/2019 11:00:00 AM,138,63,75
06/11/2019 12:00:00 PM,140,66,74
06/11/2019 01:00:00 PM,151,64,87
06/11/2019 02:00:00 PM,177,72,105
06/11/2019 03:00:00 PM,243,83,160
06/11/2019 04:00:00 PM,555,148,407
06/11/2019 05:00:00 PM,1097,247,850
06/11/2019 06:00:00 PM,608,171,437
06/11/2019 07:00:00 PM,360,127,233
06/11/2019 08:00:00 PM,207,63,144
06/11/2019 09:00:00 PM,142,67,75
06/11/2019 10:00:00 PM,76,29,47
06/11/2019 11:00:00 PM,33,17,16
06/12/2019 12:00:00 AM,12,7,5
06/12/2019 01:00:00 AM,9,5,4
06/12/2019 02:00:00 AM,5,1,4
06/12/2019 03:00:00 AM,3,1,2
06/12/2019 04:00:00 AM,19,11,8
06/12/2019 05:00:00 AM,69,32,37
06/12/2019 06:00:00 AM,242,123,119
06/12/2019 07:00:00 AM,625,301,324
06/12/2019 08:00:00 AM,807,366,441
06/12/2019 09:00:00 AM,393,164,229
06/12/2019 10:00:00 AM,200,87,113
06/12/2019 11:00:00 AM,115,43,72
06/12/2019 12:00:00 PM,143,64,79
06/12/2019 01:00:00 PM,143,70,73
06/12/2019 02:00:00 PM,158,54,104
06/12/2019 03:00:00 PM,241,81,160
06/12/2019 04:00:00 PM,571,152,419
06/12/2019 05:00:00 PM,924,227,697
06/12/2019 06:00:00 PM,584,161,423
06/12/2019 07:00:00 PM,289,107,182
06/12/2019 08:00:00 PM,216,71,145
06/12/2019 09:00:00 PM,136,58,78
06/12/2019 10:00:00 PM,84,30,54
06/12/2019 11:00:00 PM,38,22,16
06/13/2019 12:00:00 AM,17,9,8
06/13/2019 01:00:00 AM,13,2,11
06/13/2019 02:00:00 AM,1,0,1
06/13/2019 03:00:00 AM,4,2,2
06/13/2019 04:00:00 AM,14,7,7
06/13/2019 05:00:00 AM,66,27,39
06/13/2019 06:00:00 AM,207,108,99
06/13/2019 07:00:00 AM,572,262,310
06/13/2019 08:00:00 AM,768,333,435
06/13/2019 09:00:00 AM,430,180,250
06/13/2019 10:00:00 AM,222,96,126
06/13/2019 11:00:00 AM,126,53,73
06/13/2019 12:00:00 PM,151,63,88
06/13/2019 01:00:00 PM,127,50,77
06/13/2019 02:00:00 PM,158,78,80
06/13/2019 03:00:00 PM,264,84,180
06/13/2019 04:00:00 PM,532,154,378
06/13/2019 05:00:00 PM,910,215,695
06/13/2019 06:00:00 PM,639,218,421
06/13/2019 07:00:00 PM,349,110,239
06/13/2019 08:00:00 PM,195,81,114
06/13/2019 09:00:00 PM,136,58,78
06/13/2019 10:00:00 PM,64,27,37
06/13/2019 11:00:00 PM,30,12,18
06/14/2019 12:00:00 AM,21,8,13
06/14/2019 01:00:00 AM,8,1,7
06/14/2019 02:00:00 AM,2,0,2
06/14/2019 03:00:00 AM,2,1,1
06/14/2019 04:00:00 AM,9,3,6
06/14/2019 05:00:00 AM,44,21,23
06/14/2019 06:00:00 AM,152,82,70
06/14/2019 07:00:00 AM,425,200,225
06/14/2019 08:00:00 AM,620,276,344
06/14/2019 09:00:00 AM,326,144,182
06/14/2019 10:00:00 AM,152,60,92
06/14/2019 11:00:00 AM,136,47,89
06/14/2019 12:00:00 PM,136,59,77
06/14/2019 01:00:00 PM,167,63,104
06/14/2019 02:00:00 PM,226,86,140
06/14/2019 03:00:00 PM,263,85,178
06/14/2019 04:00:00 PM,525,146,379
06/14/2019 05:00:00 PM,702,185,517
06/14/2019 06:00:00 PM,414,135,279
06/14/2019 07:00:00 PM,249,87,162
06/14/2019 08:00:00 PM,130,53,77
06/14/2019 09:00:00 PM,99,32,67
06/14/2019 10:00:00 PM,66,39,27
06/14/2019 11:00:00 PM,37,12,25
06/15/2019 12:00:00 AM,34,13,21
06/15/2019 01:00:00 AM,20,10,10
06/15/2019 02:00:00 AM,3,2,1
06/15/2019 03:00:00 AM,4,4,0
06/15/2019 04:00:00 AM,1,1,0
06/15/2019 05:00:00 AM,17,9,8
06/15/2019 06:00:00 AM,30,9,21
06/15/2019 07:00:00 AM,56,21,35
06/15/2019 08:00:00 AM,157,95,62
06/15/2019 09:00:00 AM,163,68,95
06/15/2019 10:00:00 AM,146,78,68
06/15/2019 11:00:00 AM,169,67,102
06/15/2019 12:00:00 PM,198,79,119
06/15/2019 01:00:00 PM,276,114,162
06/15/2019 02:00:00 PM,274,127,147
06/15/2019 03:00:00 PM,369,159,210
06/15/2019 04:00:00 PM,294,126,168
06/15/2019 05:00:00 PM,309,152,157
06/15/2019 06:00:00 PM,255,141,114
06/15/2019 07:00:00 PM,157,77,80
06/15/2019 08:00:00 PM,171,79,92
06/15/2019 09:00:00 PM,105,62,43
06/15/2019 10:00:00 PM,84,46,38
06/15/2019 11:00:00 PM,43,17,26
06/16/2019 12:00:00 AM,26,10,16
06/16/2019 01:00:00 AM,14,8,6
06/16/2019 02:00:00 AM,1,0,1
06/16/2019 03:00:00 AM,2,1,1
06/16/2019 04:00:00 AM,4,1,3
06/16/2019 05:00:00 AM,9,2,7
06/16/2019 06:00:00 AM,21,9,12
06/16/2019 07:00:00 AM,53,22,31
06/16/2019 08:00:00 AM,117,56,61
06/16/2019 09:00:00 AM,140,66,74
06/16/2019 10:00:00 AM,174,80,94
06/16/2019 11:00:00 AM,282,119,163
06/16/2019 12:00:00 PM,354,151,203
06/16/2019 01:00:00 PM,293,140,153
06/16/2019 02:00:00 PM,364,131,233
06/16/2019 03:00:00 PM,366,145,221
06/16/2019 04:00:00 PM,299,154,145
06/16/2019 05:00:00 PM,191,89,102
06/16/2019 06:00:00 PM,203,87,116
06/16/2019 07:00:00 PM,130,69,61
06/16/2019 08:00:00 PM,104,46,58
06/16/2019 09:00:00 PM,71,31,40
06/16/2019 10:00:00 PM,32,12,20
06/16/2019 11:00:00 PM,20,5,15
06/17/2019 12:00:00 AM,9,5,4
06/17/2019 01:00:00 AM,9,4,5
06/17/2019 02:00:00 AM,6,3,3
06/17/2019 03:00:00 AM,5,3,2
06/17/2019 04:00:00 AM,6,3,3
06/17/2019 05:00:00 AM,70,45,25
06/17/2019 06:00:00 AM,168,85,83
06/17/2019 07:00:00 AM,534,259,275
06/17/2019 08:00:00 AM,750,352,398
06/17/2019 09:00:00 AM,399,167,232
06/17/2019 10:00:00 AM,165,74,91
06/17/2019 11:00:00 AM,112,45,67
06/17/2019 12:00:00 PM,111,47,64
06/17/2019 01:00:00 PM,110,37,73
06/17/2019 02:00:00 PM,139,53,86
06/17/2019 03:00:00 PM,224,99,125
06/17/2019 04:00:00 PM,486,118,368
06/17/2019 05:00:00 PM,865,206,659
06/17/2019 06:00:00 PM,583,180,403
06/17/2019 07:00:00 PM,297,110,187
06/17/2019 08:00:00 PM,171,82,89
06/17/2019 09:00:00 PM,95,45,50
06/17/2019 10:00:00 PM,53,25,28
06/17/2019 11:00:00 PM,16,3,13
06/18/2019 12:00:00 AM,14,8,6
06/18/2019 01:00:00 AM,13,6,7
06/18/2019 02:00:00 AM,3,2,1
06/18/2019 03:00:00 AM,3,1,2
06/18/2019 04:00:00 AM,6,1,5
06/18/2019 05:00:00 AM,45,20,25
06/18/2019 06:00:00 AM,133,70,63
06/18/2019 07:00:00 AM,382,198,184
06/18/2019 08:00:00 AM,532,233,299
06/18/2019 09:00:00 AM,291,120,171
06/18/2019 10:00:00 AM,101,49,52
06/18/2019 11:00:00 AM,69,43,26
06/18/2019 12:00:00 PM,104,47,57
06/18/2019 01:00:00 PM,73,31,42
06/18/2019 02:00:00 PM,123,39,84
06/18/2019 03:00:00 PM,137,54,83
06/18/2019 04:00:00 PM,335,89,246
06/18/2019 05:00:00 PM,714,191,523
06/18/2019 06:00:00 PM,416,110,306
06/18/2019 07:00:00 PM,186,67,119
06/18/2019 08:00:00 PM,123,40,83
06/18/2019 09:00:00 PM,64,25,39
06/18/2019 10:00:00 PM,52,20,32
06/18/2019 11:00:00 PM,17,5,12
06/19/2019 12:00:00 AM,11,6,5
06/19/2019 01:00:00 AM,6,3,3
06/19/2019 02:00:00 AM,3,1,2
06/19/2019 03:00:00 AM,2,2,0
06/19/2019 04:00:00 AM,9,5,4
06/19/2019 05:00:00 AM,54,26,28
06/19/2019 06:00:00 AM,187,87,100
06/19/2019 07:00:00 AM,524,262,262
06/19/2019 08:00:00 AM,695,314,381
06/19/2019 09:00:00 AM,375,136,239
06/19/2019 10:00:00 AM,167,65,102
06/19/2019 11:00:00 AM,131,64,67
06/19/2019 12:00:00 PM,127,52,75
06/19/2019 01:00:00 PM,139,82,57
06/19/2019 02:00:00 PM,140,65,75
06/19/2019 03:00:00 PM,204,83,121
06/19/2019 04:00:00 PM,509,156,353
06/19/2019 05:00:00 PM,893,232,661
06/19/2019 06:00:00 PM,554,174,380
06/19/2019 07:00:00 PM,339,105,234
06/19/2019 08:00:00 PM,168,59,109
06/19/2019 09:00:00 PM,80,27,53
06/19/2019 10:00:00 PM,32,15,17
06/19/2019 11:00:00 PM,23,8,15
06/20/2019 12:00:00 AM,6,3,3
06/20/2019 01:00:00 AM,6,2,4
06/20/2019 02:00:00 AM,2,0,2
06/20/2019 03:00:00 AM,2,0,2
06/20/2019 04:00:00 AM,4,4,0
06/20/2019 05:00:00 AM,48,26,22
06/20/2019 06:00:00 AM,160,75,85
06/20/2019 07:00:00 AM,399,195,204
06/20/2019 08:00:00 AM,628,284,344
06/20/2019 09:00:00 AM,369,146,223
06/20/2019 10:00:00 AM,165,62,103
06/20/2019 11:00:00 AM,136,59,77
06/20/2019 12:00:00 PM,125,51,74
06/20/2019 01:00:00 PM,136,64,72
06/20/2019 02:00:00 PM,136,50,86
06/20/2019 03:00:00 PM,196,70,126
06/20/2019 04:00:00 PM,420,143,277
06/20/2019 05:00:00 PM,767,180,587
06/20/2019 06:00:00 PM,530,144,386
06/20/2019 07:00:00 PM,278,92,186
06/20/2019 08:00:00 PM,203,87,116
06/20/2019 09:00:00 PM,117,46,71
06/20/2019 10:00:00 PM,45,24,21
06/20/2019 11:00:00 PM,30,10,20
06/21/2019 12:00:00 AM,10,2,8
06/21/2019 01:00:00 AM,12,7,5
06/21/2019 02:00:00 AM,5,2,3
06/21/2019 03:00:00 AM,2,1,1
06/21/2019 04:00:00 AM,7,3,4
06/21/2019 05:00:00 AM,44,27,17
06/21/2019 06:00:00 AM,140,65,75
06/21/2019 07:00:00 AM,382,202,180
06/21/2019 08:00:00 AM,547,232,315
06/21/2019 09:00:00 AM,313,124,189
06/21/2019 10:00:00 AM,162,61,101
06/21/2019 11:00:00 AM,143,41,102
06/21/2019 12:00:00 PM,147,64,83
06/21/2019 01:00:00 PM,154,73,81
06/21/2019 02:00:00 PM,189,63,126
06/21/2019 03:00:00 PM,255,96,159
06/21/2019 04:00:00 PM,479,133,346
06/21/2019 05:00:00 PM,659,156,503
06/21/2019 06:00:00 PM,339,113,226
06/21/2019 07:00:00 PM,276,93,183
06/21/2019 08:00:00 PM,179,86,93
06/21/2019 09:00:00 PM,100,40,60
06/21/2019 10:00:00 PM,55,28,27
06/21/2019 11:00:00 PM,49,22,27
06/22/2019 12:00:00 AM,39,14,25
06/22/2019 01:00:00 AM,22,11,11
06/22/2019 02:00:00 AM,2,1,1
06/22/2019 03:00:00 AM,3,0,3
06/22/2019 04:00:00 AM,15,3,12
06/22/2019 05:00:00 AM,17,9,8
06/22/2019 06:00:00 AM,36,11,25
06/22/2019 07:00:00 AM,74,29,45
06/22/2019 08:00:00 AM,112,54,58
06/22/2019 09:00:00 AM,174,62,112
06/22/2019 10:00:00 AM,239,91,148
06/22/2019 11:00:00 AM,255,84,171
06/22/2019 12:00:00 PM,192,83,109
06/22/2019 01:00:00 PM,108,67,41
06/22/2019 02:00:00 PM,43,20,23
06/22/2019 03:00:00 PM,226,104,122
06/22/2019 04:00:00 PM,253,113,140
06/22/2019 05:00:00 PM,265,128,137
06/22/2019 06:00:00 PM,232,115,117
06/22/2019 07:00:00 PM,178,89,89
06/22/2019 08:00:00 PM,98,51,47
06/22/2019 09:00:00 PM,86,46,40
06/22/2019 10:00:00 PM,65,43,22
06/22/2019 11:00:00 PM,44,19,25
06/23/2019 12:00:00 AM,45,26,19
06/23/2019 01:00:00 AM,14,5,9
06/23/2019 02:00:00 AM,5,0,5
06/23/2019 03:00:00 AM,2,1,1
06/23/2019 04:00:00 AM,5,1,4
06/23/2019 05:00:00 AM,8,2,6
06/23/2019 06:00:00 AM,20,7,13
06/23/2019 07:00:00 AM,37,18,19
06/23/2019 08:00:00 AM,37,26,11
06/23/2019 09:00:00 AM,75,39,36
06/23/2019 10:00:00 AM,86,35,51
06/23/2019 11:00:00 AM,136,67,69
06/23/2019 12:00:00 PM,151,75,76
06/23/2019 01:00:00 PM,169,63,106
06/23/2019 02:00:00 PM,153,56,97
06/23/2019 03:00:00 PM,205,88,117
06/23/2019 04:00:00 PM,185,75,110
06/23/2019 05:00:00 PM,140,68,72
06/23/2019 06:00:00 PM,110,51,59
06/23/2019 07:00:00 PM,54,27,27
06/23/2019 08:00:00 PM,53,29,24
06/23/2019 09:00:00 PM,26,11,15
06/23/2019 10:00:00 PM,16,6,10
06/23/2019 11:00:00 PM,19,8,11
06/24/2019 12:00:00 AM,7,3,4
06/24/2019 01:00:00 AM,2,1,1
06/24/2019 02:00:00 AM,6,1,5
06/24/2019 03:00:00 AM,0,0,0
06/24/2019 04:00:00 AM,6,2,4
06/24/2019 05:00:00 AM,50,26,24
06/24/2019 06:00:00 AM,168,82,86
06/24/2019 07:00:00 AM,424,200,224
06/24/2019 08:00:00 AM,686,323,363
06/24/2019 09:00:00 AM,329,133,196
06/24/2019 10:00:00 AM,118,47,71
06/24/2019 11:00:00 AM,90,31,59
06/24/2019 12:00:00 PM,90,49,41
06/24/2019 01:00:00 PM,119,49,70
06/24/2019 02:00:00 PM,142,68,74
06/24/2019 03:00:00 PM,188,76,112
06/24/2019 04:00:00 PM,448,131,317
06/24/2019 05:00:00 PM,844,190,654
06/24/2019 06:00:00 PM,572,169,403
06/24/2019 07:00:00 PM,276,108,168
06/24/2019 08:00:00 PM,194,93,101
06/24/2019 09:00:00 PM,99,43,56
06/24/2019 10:00:00 PM,60,25,35
06/24/2019 11:00:00 PM,30,12,18
06/25/2019 12:00:00 AM,9,4,5
06/25/2019 01:00:00 AM,0,0,0
06/25/2019 02:00:00 AM,3,2,1
06/25/2019 03:00:00 AM,4,1,3
06/25/2019 04:00:00 AM,9,6,3
06/25/2019 05:00:00 AM,66,34,32
06/25/2019 06:00:00 AM,206,97,109
06/25/2019 07:00:00 AM,560,275,285
06/25/2019 08:00:00 AM,838,389,449
06/25/2019 09:00:00 AM,423,190,233
06/25/2019 10:00:00 AM,186,88,98
06/25/2019 11:00:00 AM,140,62,78
06/25/2019 12:00:00 PM,150,61,89
06/25/2019 01:00:00 PM,136,55,81
06/25/2019 02:00:00 PM,160,69,91
06/25/2019 03:00:00 PM,262,87,175
06/25/2019 04:00:00 PM,506,152,354
06/25/2019 05:00:00 PM,1052,257,795
06/25/2019 06:00:00 PM,644,189,455
06/25/2019 07:00:00 PM,351,119,232
06/25/2019 08:00:00 PM,137,59,78
06/25/2019 09:00:00 PM,110,58,52
06/25/2019 10:00:00 PM,73,29,44
06/25/2019 11:00:00 PM,35,11,24
06/26/2019 12:00:00 AM,13,4,9
06/26/2019 01:00:00 AM,8,3,5
06/26/2019 02:00:00 AM,2,0,2
06/26/2019 03:00:00 AM,5,4,1
06/26/2019 04:00:00 AM,10,3,7
06/26/2019 05:00:00 AM,54,27,27
06/26/2019 06:00:00 AM,186,97,89
06/26/2019 07:00:00 AM,540,272,268
06/26/2019 08:00:00 AM,698,310,388
06/26/2019 09:00:00 AM,358,156,202
06/26/2019 10:00:00 AM,167,75,92
06/26/2019 11:00:00 AM,138,70,68
06/26/2019 12:00:00 PM,129,61,68
06/26/2019 01:00:00 PM,138,51,87
06/26/2019 02:00:00 PM,161,59,102
06/26/2019 03:00:00 PM,240,94,146
06/26/2019 04:00:00 PM,391,111,280
06/26/2019 05:00:00 PM,770,179,591
06/26/2019 06:00:00 PM,491,134,357
06/26/2019 07:00:00 PM,219,56,163
06/26/2019 08:00:00 PM,140,49,91
06/26/2019 09:00:00 PM,104,44,60
06/26/2019 10:00:00 PM,48,27,21
06/26/2019 11:00:00 PM,22,5,17
06/27/2019 12:00:00 AM,15,9,6
06/27/2019 01:00:00 AM,5,1,4
06/27/2019 02:00:00 AM,4,2,2
06/27/2019 03:00:00 AM,3,2,1
06/27/2019 04:00:00 AM,6,4,2
06/27/2019 05:00:00 AM,47,24,23
06/27/2019 06:00:00 AM,130,53,77
06/27/2019 07:00:00 AM,304,149,155
06/27/2019 08:00:00 AM,474,192,282
06/27/2019 09:00:00 AM,266,108,158
06/27/2019 10:00:00 AM,130,46,84
06/27/2019 11:00:00 AM,118,48,70
06/27/2019 12:00:00 PM,104,39,65
06/27/2019 01:00:00 PM,112,53,59
06/27/2019 02:00:00 PM,119,47,72
06/27/2019 03:00:00 PM,186,81,105
06/27/2019 04:00:00 PM,361,110,251
06/27/2019 05:00:00 PM,632,162,470
06/27/2019 06:00:00 PM,455,121,334
06/27/2019 07:00:00 PM,207,72,135
06/27/2019 08:00:00 PM,142,53,89
06/27/2019 09:00:00 PM,82,39,43
06/27/2019 10:00:00 PM,36,16,20
06/27/2019 11:00:00 PM,31,15,16
06/28/2019 12:00:00 AM,15,9,6
06/28/2019 01:00:00 AM,6,3,3
06/28/2019 02:00:00 AM,1,1,0
06/28/2019 03:00:00 AM,3,1,2
06/28/2019 04:00:00 AM,8,3,5
06/28/2019 05:00:00 AM,40,17,23
06/28/2019 06:00:00 AM,153,77,76
06/28/2019 07:00:00 AM,399,214,185
06/28/2019 08:00:00 AM,551,241,310
06/28/2019 09:00:00 AM,368,141,227
06/28/2019 10:00:00 AM,189,69,120
06/28/2019 11:00:00 AM,153,68,85
06/28/2019 12:00:00 PM,136,47,89
06/28/2019 01:00:00 PM,177,62,115
06/28/2019 02:00:00 PM,171,61,110
06/28/2019 03:00:00 PM,261,87,174
06/28/2019 04:00:00 PM,519,137,382
06/28/2019 05:00:00 PM,653,176,477
06/28/2019 06:00:00 PM,421,138,283
06/28/2019 07:00:00 PM,223,65,158
06/28/2019 08:00:00 PM,164,66,98
06/28/2019 09:00:00 PM,100,36,64
06/28/2019 10:00:00 PM,51,21,30
06/28/2019 11:00:00 PM,35,13,22
06/29/2019 12:00:00 AM,28,11,17
06/29/2019 01:00:00 AM,11,5,6
06/29/2019 02:00:00 AM,3,2,1
06/29/2019 03:00:00 AM,5,3,2
06/29/2019 04:00:00 AM,1,0,1
06/29/2019 05:00:00 AM,19,9,10
06/29/2019 06:00:00 AM,31,9,22
06/29/2019 07:00:00 AM,57,26,31
06/29/2019 08:00:00 AM,112,51,61
06/29/2019 09:00:00 AM,149,65,84
06/29/2019 10:00:00 AM,165,75,90
06/29/2019 11:00:00 AM,253,105,148
06/29/2019 12:00:00 PM,272,114,158
06/29/2019 01:00:00 PM,293,137,156
06/29/2019 02:00:00 PM,308,145,163
06/29/2019 03:00:00 PM,282,137,145
06/29/2019 04:00:00 PM,308,134,174
06/29/2019 05:00:00 PM,252,122,130
06/29/2019 06:00:00 PM,210,107,103
06/29/2019 07:00:00 PM,130,57,73
06/29/2019 08:00:00 PM,114,51,63
06/29/2019 09:00:00 PM,86,41,45
06/29/2019 10:00:00 PM,57,17,40
06/29/2019 11:00:00 PM,37,12,25
06/30/2019 12:00:00 AM,27,9,18
06/30/2019 01:00:00 AM,21,11,10
06/30/2019 02:00:00 AM,15,8,7
06/30/2019 03:00:00 AM,2,2,0
06/30/2019 04:00:00 AM,3,1,2
06/30/2019 05:00:00 AM,9,5,4
06/30/2019 06:00:00 AM,26,10,16
06/30/2019 07:00:00 AM,44,19,25
06/30/2019 08:00:00 AM,110,54,56
06/30/2019 09:00:00 AM,169,77,92
06/30/2019 10:00:00 AM,258,117,141
06/30/2019 11:00:00 AM,330,182,148
06/30/2019 12:00:00 PM,336,149,187
06/30/2019 01:00:00 PM,338,148,190
06/30/2019 02:00:00 PM,315,116,199
06/30/2019 03:00:00 PM,361,145,216
06/30/2019 04:00:00 PM,331,148,183
06/30/2019 05:00:00 PM,232,84,148
06/30/2019 06:00:00 PM,207,68,139
06/30/2019 07:00:00 PM,135,58,77
06/30/2019 08:00:00 PM,130,72,58
06/30/2019 09:00:00 PM,63,31,32
06/30/2019 10:00:00 PM,50,20,30
06/30/2019 11:00:00 PM,22,7,15
07/01/2019 12:00:00 AM,10,5,5
07/01/2019 01:00:00 AM,6,3,3
07/01/2019 02:00:00 AM,3,1,2
07/01/2019 03:00:00 AM,2,1,1
07/01/2019 04:00:00 AM,12,2,10
07/01/2019 05:00:00 AM,55,30,25
07/01/2019 06:00:00 AM,170,78,92
07/01/2019 07:00:00 AM,498,246,252
07/01/2019 08:00:00 AM,752,323,429
07/01/2019 09:00:00 AM,415,178,237
07/01/2019 10:00:00 AM,192,75,117
07/01/2019 11:00:00 AM,157,76,81
07/01/2019 12:00:00 PM,144,61,83
07/01/2019 01:00:00 PM,160,70,90
07/01/2019 02:00:00 PM,166,56,110
07/01/2019 03:00:00 PM,234,100,134
07/01/2019 04:00:00 PM,532,141,391
07/01/2019 05:00:00 PM,900,196,704
07/01/2019 06:00:00 PM,598,190,408
07/01/2019 07:00:00 PM,302,109,193
07/01/2019 08:00:00 PM,186,78,108
07/01/2019 09:00:00 PM,118,58,60
07/01/2019 10:00:00 PM,61,23,38
07/01/2019 11:00:00 PM,32,11,21
07/02/2019 12:00:00 AM,9,4,5
07/02/2019 01:00:00 AM,2,1,1
07/02/2019 02:00:00 AM,7,0,7
07/02/2019 03:00:00 AM,4,1,3
07/02/2019 04:00:00 AM,12,6,6
07/02/2019 05:00:00 AM,42,22,20
07/02/2019 06:00:00 AM,178,89,89
07/02/2019 07:00:00 AM,398,203,195
07/02/2019 08:00:00 AM,567,238,329
07/02/2019 09:00:00 AM,313,133,180
07/02/2019 10:00:00 AM,101,38,63
07/02/2019 11:00:00 AM,91,38,53
07/02/2019 12:00:00 PM,97,36,61
07/02/2019 01:00:00 PM,71,26,45
07/02/2019 02:00:00 PM,88,30,58
07/02/2019 03:00:00 PM,96,30,66
07/02/2019 04:00:00 PM,255,57,198
07/02/2019 05:00:00 PM,571,129,442
07/02/2019 06:00:00 PM,347,80,267
07/02/2019 07:00:00 PM,114,33,81
07/02/2019 08:00:00 PM,58,18,40
07/02/2019 09:00:00 PM,39,15,24
07/02/2019 10:00:00 PM,19,6,13
07/02/2019 11:00:00 PM,16,10,6
07/03/2019 12:00:00 AM,5,2,3
07/03/2019 01:00:00 AM,3,1,2
07/03/2019 02:00:00 AM,0,0,0
07/03/2019 03:00:00 AM,1,0,1
07/03/2019 04:00:00 AM,7,5,2
07/03/2019 05:00:00 AM,47,28,19
07/03/2019 06:00:00 AM,133,64,69
07/03/2019 07:00:00 AM,336,147,189
07/03/2019 08:00:00 AM,445,189,256
07/03/2019 09:00:00 AM,287,118,169
07/03/2019 10:00:00 AM,96,43,53
07/03/2019 11:00:00 AM,95,39,56
07/03/2019 12:00:00 PM,90,31,59
07/03/2019 01:00:00 PM,134,65,69
07/03/2019 02:00:00 PM,134,42,92
07/03/2019 03:00:00 PM,282,98,184
07/03/2019 04:00:00 PM,427,128,299
07/03/2019 05:00:00 PM,586,151,435
07/03/2019 06:00:00 PM,385,136,249
07/03/2019 07:00:00 PM,204,73,131
07/03/2019 08:00:00 PM,113,44,69
07/03/2019 09:00:00 PM,91,42,49
07/03/2019 10:00:00 PM,61,24,37
07/03/2019 11:00:00 PM,36,18,18
07/04/2019 12:00:00 AM,14,5,9
07/04/2019 01:00:00 AM,11,6,5
07/04/2019 02:00:00 AM,7,5,2
07/04/2019 03:00:00 AM,4,1,3
07/04/2019 04:00:00 AM,4,1,3
07/04/2019 05:00:00 AM,8,3,5
07/04/2019 06:00:00 AM,40,17,23
07/04/2019 07:00:00 AM,52,24,28
07/04/2019 08:00:00 AM,115,50,65
07/04/2019 09:00:00 AM,140,68,72
07/04/2019 10:00:00 AM,174,82,92
07/04/2019 11:00:00 AM,215,93,122
07/04/2019 12:00:00 PM,257,130,127
07/04/2019 01:00:00 PM,307,109,198
07/04/2019 02:00:00 PM,351,144,207
07/04/2019 03:00:00 PM,289,118,171
07/04/2019 04:00:00 PM,310,115,195
07/04/2019 05:00:00 PM,295,138,157
07/04/2019 06:00:00 PM,281,119,162
07/04/2019 07:00:00 PM,272,108,164
07/04/2019 08:00:00 PM,210,85,125
07/04/2019 09:00:00 PM,173,91,82
07/04/2019 10:00:00 PM,113,44,69
07/04/2019 11:00:00 PM,320,120,200
07/05/2019 12:00:00 AM,60,28,32
07/05/2019 01:00:00 AM,18,6,12
07/05/2019 02:00:00 AM,10,4,6
07/05/2019 03:00:00 AM,5,3,2
07/05/2019 04:00:00 AM,5,1,4
07/05/2019 05:00:00 AM,30,20,10
07/05/2019 06:00:00 AM,68,31,37
07/05/2019 07:00:00 AM,128,64,64
07/05/2019 08:00:00 AM,187,77,110
07/05/2019 09:00:00 AM,169,55,114
07/05/2019 10:00:00 AM,112,56,56
07/05/2019 11:00:00 AM,139,60,79
07/05/2019 12:00:00 PM,155,59,96
07/05/2019 01:00:00 PM,159,69,90
07/05/2019 02:00:00 PM,167,59,108
07/05/2019 03:00:00 PM,249,85,164
07/05/2019 04:00:00 PM,263,80,183
07/05/2019 05:00:00 PM,292,100,192
07/05/2019 06:00:00 PM,202,61,141
07/05/2019 07:00:00 PM,112,52,60
07/05/2019 08:00:00 PM,65,24,41
07/05/2019 09:00:00 PM,58,29,29
07/05/2019 10:00:00 PM,36,16,20
07/05/2019 11:00:00 PM,26,13,13
07/06/2019 12:00:00 AM,17,5,12
07/06/2019 01:00:00 AM,3,1,2
07/06/2019 02:00:00 AM,5,1,4
07/06/2019 03:00:00 AM,7,2,5
07/06/2019 04:00:00 AM,8,6,2
07/06/2019 05:00:00 AM,14,5,9
07/06/2019 06:00:00 AM,37,14,23
07/06/2019 07:00:00 AM,55,18,37
07/06/2019 08:00:00 AM,72,31,41
07/06/2019 09:00:00 AM,104,51,53
07/06/2019 10:00:00 AM,220,119,101
07/06/2019 11:00:00 AM,214,85,129
07/06/2019 12:00:00 PM,256,123,133
07/06/2019 01:00:00 PM,242,117,125
07/06/2019 02:00:00 PM,304,127,177
07/06/2019 03:00:00 PM,305,134,171
07/06/2019 04:00:00 PM,302,145,157
07/06/2019 05:00:00 PM,231,114,117
07/06/2019 06:00:00 PM,198,76,122
07/06/2019 07:00:00 PM,140,61,79
07/06/2019 08:00:00 PM,84,34,50
07/06/2019 09:00:00 PM,73,26,47
07/06/2019 10:00:00 PM,48,14,34
07/06/2019 11:00:00 PM,35,19,16
07/07/2019 12:00:00 AM,24,4,20
07/07/2019 01:00:00 AM,13,5,8
07/07/2019 02:00:00 AM,10,6,4
07/07/2019 03:00:00 AM,1,0,1
07/07/2019 04:00:00 AM,4,2,2
07/07/2019 05:00:00 AM,4,1,3
07/07/2019 06:00:00 AM,16,3,13
07/07/2019 07:00:00 AM,43,16,27
07/07/2019 08:00:00 AM,56,27,29
07/07/2019 09:00:00 AM,88,42,46
07/07/2019 10:00:00 AM,154,79,75
07/07/2019 11:00:00 AM,199,111,88
07/07/2019 12:00:00 PM,239,91,148
07/07/2019 01:00:00 PM,233,96,137
07/07/2019 02:00:00 PM,251,114,137
07/07/2019 03:00:00 PM,203,111,92
07/07/2019 04:00:00 PM,192,100,92
07/07/2019 05:00:00 PM,115,54,61
07/07/2019 06:00:00 PM,103,43,60
07/07/2019 07:00:00 PM,52,25,27
07/07/2019 08:00:00 PM,17,9,8
07/07/2019 09:00:00 PM,20,6,14
07/07/2019 10:00:00 PM,15,9,6
07/07/2019 11:00:00 PM,12,5,7
07/08/2019 12:00:00 AM,5,2,3
07/08/2019 01:00:00 AM,3,1,2
07/08/2019 02:00:00 AM,1,1,0
07/08/2019 03:00:00 AM,0,0,0
07/08/2019 04:00:00 AM,5,3,2
07/08/2019 05:00:00 AM,43,23,20
07/08/2019 06:00:00 AM,130,61,69
07/08/2019 07:00:00 AM,427,199,228
07/08/2019 08:00:00 AM,609,288,321
07/08/2019 09:00:00 AM,323,131,192
07/08/2019 10:00:00 AM,136,52,84
07/08/2019 11:00:00 AM,92,40,52
07/08/2019 12:00:00 PM,86,34,52
07/08/2019 01:00:00 PM,132,58,74
07/08/2019 02:00:00 PM,115,56,59
07/08/2019 03:00:00 PM,184,66,118
07/08/2019 04:00:00 PM,437,140,297
07/08/2019 05:00:00 PM,807,194,613
07/08/2019 06:00:00 PM,543,171,372
07/08/2019 07:00:00 PM,273,102,171
07/08/2019 08:00:00 PM,186,63,123
07/08/2019 09:00:00 PM,93,38,55
07/08/2019 10:00:00 PM,63,19,44
07/08/2019 11:00:00 PM,21,6,15
07/09/2019 12:00:00 AM,9,4,5
07/09/2019 01:00:00 AM,4,2,2
07/09/2019 02:00:00 AM,4,0,4
07/09/2019 03:00:00 AM,2,0,2
07/09/2019 04:00:00 AM,9,6,3
07/09/2019 05:00:00 AM,54,21,33
07/09/2019 06:00:00 AM,211,108,103
07/09/2019 07:00:00 AM,554,258,296
07/09/2019 08:00:00 AM,675,317,358
07/09/2019 09:00:00 AM,402,157,245
07/09/2019 10:00:00 AM,138,60,78
07/09/2019 11:00:00 AM,114,58,56
07/09/2019 12:00:00 PM,116,44,72
07/09/2019 01:00:00 PM,145,65,80
07/09/2019 02:00:00 PM,126,39,87
07/09/2019 03:00:00 PM,210,81,129
07/09/2019 04:00:00 PM,455,127,328
07/09/2019 05:00:00 PM,888,217,671
07/09/2019 06:00:00 PM,499,148,351
07/09/2019 07:00:00 PM,209,50,159
07/09/2019 08:00:00 PM,127,43,84
07/09/2019 09:00:00 PM,58,29,29
07/09/2019 10:00:00 PM,26,4,22
07/09/2019 11:00:00 PM,16,3,13
07/10/2019 12:00:00 AM,10,3,7
07/10/2019 01:00:00 AM,3,0,3
07/10/2019 02:00:00 AM,1,1,0
07/10/2019 03:00:00 AM,3,3,0
07/10/2019 04:00:00 AM,8,5,3
07/10/2019 05:00:00 AM,32,12,20
07/10/2019 06:00:00 AM,94,46,48
07/10/2019 07:00:00 AM,308,145,163
07/10/2019 08:00:00 AM,383,168,215
07/10/2019 09:00:00 AM,221,94,127
07/10/2019 10:00:00 AM,102,37,65
07/10/2019 11:00:00 AM,62,38,24
07/10/2019 12:00:00 PM,75,26,49
07/10/2019 01:00:00 PM,50,23,27
07/10/2019 02:00:00 PM,59,24,35
07/10/2019 03:00:00 PM,70,26,44
07/10/2019 04:00:00 PM,244,73,171
07/10/2019 05:00:00 PM,550,139,411
07/10/2019 06:00:00 PM,406,117,289
07/10/2019 07:00:00 PM,217,78,139
07/10/2019 08:00:00 PM,129,43,86
07/10/2019 09:00:00 PM,76,29,47
07/10/2019 10:00:00 PM,39,26,13
07/10/2019 11:00:00 PM,24,7,17
07/11/2019 12:00:00 AM,10,6,4
07/11/2019 01:00:00 AM,6,1,5
07/11/2019 02:00:00 AM,5,2,3
07/11/2019 03:00:00 AM,5,3,2
07/11/2019 04:00:00 AM,8,6,2
07/11/2019 05:00:00 AM,50,16,34
07/11/2019 06:00:00 AM,171,83,88
07/11/2019 07:00:00 AM,506,230,276
07/11/2019 08:00:00 AM,735,312,423
07/11/2019 09:00:00 AM,392,163,229
07/11/2019 10:00:00 AM,178,67,111
07/11/2019 11:00:00 AM,123,64,59
07/11/2019 12:00:00 PM,151,64,87
07/11/2019 01:00:00 PM,155,67,88
07/11/2019 02:00:00 PM,152,64,88
07/11/2019 03:00:00 PM,211,73,138
07/11/2019 04:00:00 PM,522,137,385
07/11/2019 05:00:00 PM,871,220,651
07/11/2019 06:00:00 PM,551,196,355
07/11/2019 07:00:00 PM,327,120,207
07/11/2019 08:00:00 PM,217,87,130
07/11/2019 09:00:00 PM,125,56,69
07/11/2019 10:00:00 PM,69,30,39
07/11/2019 11:00:00 PM,25,6,19
07/12/2019 12:00:00 AM,14,4,10
07/12/2019 01:00:00 AM,11,5,6
07/12/2019 02:00:00 AM,4,2,2
07/12/2019 03:00:00 AM,2,2,0
07/12/2019 04:00:00 AM,12,4,8
07/12/2019 05:00:00 AM,24,11,13
07/12/2019 06:00:00 AM,165,69,96
07/12/2019 07:00:00 AM,411,189,222
07/12/2019 08:00:00 AM,590,256,334
07/12/2019 09:00:00 AM,373,156,217
07/12/2019 10:00:00 AM,126,58,68
07/12/2019 11:00:00 AM,142,68,74
07/12/2019 12:00:00 PM,154,62,92
07/12/2019 01:00:00 PM,191,86,105
07/12/2019 02:00:00 PM,211,77,134
07/12/2019 03:00:00 PM,338,132,206
07/12/2019 04:00:00 PM,545,139,406
07/12/2019 05:00:00 PM,730,213,517
07/12/2019 06:00:00 PM,449,153,296
07/12/2019 07:00:00 PM,280,110,170
07/12/2019 08:00:00 PM,161,64,97
07/12/2019 09:00:00 PM,124,52,72
07/12/2019 10:00:00 PM,83,30,53
07/12/2019 11:00:00 PM,38,15,23
07/13/2019 12:00:00 AM,33,17,16
07/13/2019 01:00:00 AM,17,7,10
07/13/2019 02:00:00 AM,9,3,6
07/13/2019 03:00:00 AM,9,3,6
07/13/2019 04:00:00 AM,35,6,29
07/13/2019 05:00:00 AM,56,17,39
07/13/2019 06:00:00 AM,46,11,35
07/13/2019 07:00:00 AM,63,24,39
07/13/2019 08:00:00 AM,91,47,44
07/13/2019 09:00:00 AM,144,62,82
07/13/2019 10:00:00 AM,195,97,98
07/13/2019 11:00:00 AM,205,84,121
07/13/2019 12:00:00 PM,259,124,135
07/13/2019 01:00:00 PM,284,130,154
07/13/2019 02:00:00 PM,310,145,165
07/13/2019 03:00:00 PM,241,122,119
07/13/2019 04:00:00 PM,273,128,145
07/13/2019 05:00:00 PM,222,102,120
07/13/2019 06:00:00 PM,176,81,95
07/13/2019 07:00:00 PM,150,66,84
07/13/2019 08:00:00 PM,103,54,49
07/13/2019 09:00:00 PM,63,29,34
07/13/2019 10:00:00 PM,60,30,30
07/13/2019 11:00:00 PM,42,14,28
07/14/2019 12:00:00 AM,21,11,10
07/14/2019 01:00:00 AM,16,6,10
07/14/2019 02:00:00 AM,7,2,5
07/14/2019 03:00:00 AM,3,0,3
07/14/2019 04:00:00 AM,4,1,3
07/14/2019 05:00:00 AM,8,1,7
07/14/2019 06:00:00 AM,27,8,19
07/14/2019 07:00:00 AM,52,21,31
07/14/2019 08:00:00 AM,114,44,70
07/14/2019 09:00:00 AM,147,62,85
07/14/2019 10:00:00 AM,159,82,77
07/14/2019 11:00:00 AM,237,97,140
07/14/2019 12:00:00 PM,292,114,178
07/14/2019 01:00:00 PM,295,120,175
07/14/2019 02:00:00 PM,297,139,158
07/14/2019 03:00:00 PM,286,123,163
07/14/2019 04:00:00 PM,328,150,178
07/14/2019 05:00:00 PM,236,105,131
07/14/2019 06:00:00 PM,179,75,104
07/14/2019 07:00:00 PM,162,86,76
07/14/2019 08:00:00 PM,110,46,64
07/14/2019 09:00:00 PM,72,42,30
07/14/2019 10:00:00 PM,46,16,30
07/14/2019 11:00:00 PM,24,8,16
07/15/2019 12:00:00 AM,8,7,1
07/15/2019 01:00:00 AM,11,4,7
07/15/2019 02:00:00 AM,5,4,1
07/15/2019 03:00:00 AM,1,1,0
07/15/2019 04:00:00 AM,10,4,6
07/15/2019 05:00:00 AM,67,33,34
07/15/2019 06:00:00 AM,172,78,94
07/15/2019 07:00:00 AM,475,236,239
07/15/2019 08:00:00 AM,708,325,383
07/15/2019 09:00:00 AM,385,161,224
07/15/2019 10:00:00 AM,126,42,84
07/15/2019 11:00:00 AM,90,42,48
07/15/2019 12:00:00 PM,76,35,41
07/15/2019 01:00:00 PM,78,37,41
07/15/2019 02:00:00 PM,101,42,59
07/15/2019 03:00:00 PM,173,56,117
07/15/2019 04:00:00 PM,423,115,308
07/15/2019 05:00:00 PM,815,175,640
07/15/2019 06:00:00 PM,518,147,371
07/15/2019 07:00:00 PM,242,91,151
07/15/2019 08:00:00 PM,140,43,97
07/15/2019 09:00:00 PM,68,22,46
07/15/2019 10:00:00 PM,39,19,20
07/15/2019 11:00:00 PM,29,16,13
07/16/2019 12:00:00 AM,4,2,2
07/16/2019 01:00:00 AM,3,3,0
07/16/2019 02:00:00 AM,3,1,2
07/16/2019 03:00:00 AM,3,3,0
07/16/2019 04:00:00 AM,9,4,5
07/16/2019 05:00:00 AM,44,17,27
07/16/2019 06:00:00 AM,190,89,101
07/16/2019 07:00:00 AM,567,284,283
07/16/2019 08:00:00 AM,792,349,443
07/16/2019 09:00:00 AM,386,158,228
07/16/2019 10:00:00 AM,163,77,86
07/16/2019 11:00:00 AM,147,58,89
07/16/2019 12:00:00 PM,120,63,57
07/16/2019 01:00:00 PM,144,55,89
07/16/2019 02:00:00 PM,158,69,89
07/16/2019 03:00:00 PM,216,68,148
07/16/2019 04:00:00 PM,537,162,375
07/16/2019 05:00:00 PM,914,232,682
07/16/2019 06:00:00 PM,597,185,412
07/16/2019 07:00:00 PM,338,117,221
07/16/2019 08:00:00 PM,214,74,140
07/16/2019 09:00:00 PM,111,50,61
07/16/2019 10:00:00 PM,51,21,30
07/16/2019 11:00:00 PM,26,10,16
07/17/2019 12:00:00 AM,13,7,6
07/17/2019 01:00:00 AM,6,2,4
07/17/2019 02:00:00 AM,7,4,3
07/17/2019 03:00:00 AM,4,2,2
07/17/2019 04:00:00 AM,15,10,5
07/17/2019 05:00:00 AM,43,19,24
07/17/2019 06:00:00 AM,122,64,58
07/17/2019 07:00:00 AM,340,171,169
07/17/2019 08:00:00 AM,511,212,299
07/17/2019 09:00:00 AM,332,133,199
07/17/2019 10:00:00 AM,142,61,81
07/17/2019 11:00:00 AM,100,51,49
07/17/2019 12:00:00 PM,93,54,39
07/17/2019 01:00:00 PM,78,24,54
07/17/2019 02:00:00 PM,88,24,64
07/17/2019 03:00:00 PM,141,48,93
07/17/2019 04:00:00 PM,350,109,241
07/17/2019 05:00:00 PM,672,172,500
07/17/2019 06:00:00 PM,433,122,311
07/17/2019 07:00:00 PM,208,83,125
07/17/2019 08:00:00 PM,128,54,74
07/17/2019 09:00:00 PM,71,34,37
07/17/2019 10:00:00 PM,39,16,23
07/17/2019 11:00:00 PM,18,7,11
07/18/2019 12:00:00 AM,9,3,6
07/18/2019 01:00:00 AM,8,6,2
07/18/2019 02:00:00 AM,1,0,1
07/18/2019 03:00:00 AM,3,1,2
07/18/2019 04:00:00 AM,10,5,5
07/18/2019 05:00:00 AM,47,18,29
07/18/2019 06:00:00 AM,157,74,83
07/18/2019 07:00:00 AM,407,200,207
07/18/2019 08:00:00 AM,649,277,372
07/18/2019 09:00:00 AM,379,159,220
07/18/2019 10:00:00 AM,159,66,93
07/18/2019 11:00:00 AM,150,62,88
07/18/2019 12:00:00 PM,128,59,69
07/18/2019 01:00:00 PM,154,73,81
07/18/2019 02:00:00 PM,166,66,100
07/18/2019 03:00:00 PM,220,98,122
07/18/2019 04:00:00 PM,429,130,299
07/18/2019 05:00:00 PM,774,178,596
07/18/2019 06:00:00 PM,450,123,327
07/18/2019 07:00:00 PM,192,78,114
07/18/2019 08:00:00 PM,105,35,70
07/18/2019 09:00:00 PM,51,14,37
07/18/2019 10:00:00 PM,17,8,9
07/18/2019 11:00:00 PM,13,5,8
07/19/2019 12:00:00 AM,6,1,5
07/19/2019 01:00:00 AM,7,2,5
07/19/2019 02:00:00 AM,1,0,1
07/19/2019 03:00:00 AM,6,3,3
07/19/2019 04:00:00 AM,6,3,3
07/19/2019 05:00:00 AM,34,13,21
07/19/2019 06:00:00 AM,155,71,84
07/19/2019 07:00:00 AM,363,177,186
07/19/2019 08:00:00 AM,543,218,325
07/19/2019 09:00:00 AM,319,126,193
07/19/2019 10:00:00 AM,134,55,79
07/19/2019 11:00:00 AM,143,57,86
07/19/2019 12:00:00 PM,151,50,101
07/19/2019 01:00:00 PM,157,64,93
07/19/2019 02:00:00 PM,235,110,125
07/19/2019 03:00:00 PM,303,109,194
07/19/2019 04:00:00 PM,500,155,345
07/19/2019 05:00:00 PM,640,158,482
07/19/2019 06:00:00 PM,400,117,283
07/19/2019 07:00:00 PM,249,107,142
07/19/2019 08:00:00 PM,150,54,96
07/19/2019 09:00:00 PM,98,44,54
07/19/2019 10:00:00 PM,73,20,53
07/19/2019 11:00:00 PM,40,17,23
07/20/2019 12:00:00 AM,26,8,18
07/20/2019 01:00:00 AM,26,13,13
07/20/2019 02:00:00 AM,11,4,7
07/20/2019 03:00:00 AM,4,4,0
07/20/2019 04:00:00 AM,4,0,4
07/20/2019 05:00:00 AM,10,6,4
07/20/2019 06:00:00 AM,27,10,17
07/20/2019 07:00:00 AM,61,26,35
07/20/2019 08:00:00 AM,107,45,62
07/20/2019 09:00:00 AM,168,73,95
07/20/2019 10:00:00 AM,188,73,115
07/20/2019 11:00:00 AM,235,111,124
07/20/2019 12:00:00 PM,318,153,165
07/20/2019 01:00:00 PM,342,121,221
07/20/2019 02:00:00 PM,259,124,135
07/20/2019 03:00:00 PM,281,131,150
07/20/2019 04:00:00 PM,293,139,154
07/20/2019 05:00:00 PM,218,85,133
07/20/2019 06:00:00 PM,195,86,109
07/20/2019 07:00:00 PM,173,89,84
07/20/2019 08:00:00 PM,117,43,74
07/20/2019 09:00:00 PM,66,30,36
07/20/2019 10:00:00 PM,60,27,33
07/20/2019 11:00:00 PM,63,20,43
07/21/2019 12:00:00 AM,22,7,15
07/21/2019 01:00:00 AM,18,5,13
07/21/2019 02:00:00 AM,7,1,6
07/21/2019 03:00:00 AM,5,2,3
07/21/2019 04:00:00 AM,4,1,3
07/21/2019 05:00:00 AM,9,4,5
07/21/2019 06:00:00 AM,25,9,16
07/21/2019 07:00:00 AM,61,32,29
07/21/2019 08:00:00 AM,110,51,59
07/21/2019 09:00:00 AM,142,66,76
07/21/2019 10:00:00 AM,222,113,109
07/21/2019 11:00:00 AM,298,154,144
07/21/2019 12:00:00 PM,258,128,130
07/21/2019 01:00:00 PM,287,124,163
07/21/2019 02:00:00 PM,288,133,155
07/21/2019 03:00:00 PM,306,149,157
07/21/2019 04:00:00 PM,251,132,119
07/21/2019 05:00:00 PM,186,91,95
07/21/2019 06:00:00 PM,164,81,83
07/21/2019 07:00:00 PM,119,55,64
07/21/2019 08:00:00 PM,99,44,55
07/21/2019 09:00:00 PM,90,30,60
07/21/2019 10:00:00 PM,37,15,22
07/21/2019 11:00:00 PM,25,6,19
07/22/2019 12:00:00 AM,10,3,7
07/22/2019 01:00:00 AM,2,2,0
07/22/2019 02:00:00 AM,2,0,2
07/22/2019 03:00:00 AM,9,3,6
07/22/2019 04:00:00 AM,15,6,9
07/22/2019 05:00:00 AM,53,27,26
07/22/2019 06:00:00 AM,195,89,106
07/22/2019 07:00:00 AM,563,274,289
07/22/2019 08:00:00 AM,776,343,433
07/22/2019 09:00:00 AM,415,173,242
07/22/2019 10:00:00 AM,193,81,112
07/22/2019 11:00:00 AM,106,43,63
07/22/2019 12:00:00 PM,136,66,70
07/22/2019 01:00:00 PM,135,56,79
07/22/2019 02:00:00 PM,153,52,101
07/22/2019 03:00:00 PM,249,99,150
07/22/2019 04:00:00 PM,547,153,394
07/22/2019 05:00:00 PM,877,177,700
07/22/2019 06:00:00 PM,613,150,463
07/22/2019 07:00:00 PM,330,116,214
07/22/2019 08:00:00 PM,176,62,114
07/22/2019 09:00:00 PM,100,38,62
07/22/2019 10:00:00 PM,48,17,31
07/22/2019 11:00:00 PM,26,14,12
07/23/2019 12:00:00 AM,10,4,6
07/23/2019 01:00:00 AM,9,2,7
07/23/2019 02:00:00 AM,7,3,4
07/23/2019 03:00:00 AM,3,2,1
07/23/2019 04:00:00 AM,15,5,10
07/23/2019 05:00:00 AM,55,22,33
07/23/2019 06:00:00 AM,191,90,101
07/23/2019 07:00:00 AM,594,264,330
07/23/2019 08:00:00 AM,774,350,424
07/23/2019 09:00:00 AM,442,187,255
07/23/2019 10:00:00 AM,205,80,125
07/23/2019 11:00:00 AM,129,65,64
07/23/2019 12:00:00 PM,147,55,92
07/23/2019 01:00:00 PM,117,50,67
07/23/2019 02:00:00 PM,123,41,82
07/23/2019 03:00:00 PM,208,69,139
07/23/2019 04:00:00 PM,508,137,371
07/23/2019 05:00:00 PM,900,224,676
07/23/2019 06:00:00 PM,659,196,463
07/23/2019 07:00:00 PM,271,83,188
07/23/2019 08:00:00 PM,187,74,113
07/23/2019 09:00:00 PM,107,49,58
07/23/2019 10:00:00 PM,51,22,29
07/23/2019 11:00:00 PM,27,15,12
07/24/2019 12:00:00 AM,13,3,10
07/24/2019 01:00:00 AM,9,4,5
07/24/2019 02:00:00 AM,3,0,3
07/24/2019 03:00:00 AM,6,1,5
07/24/2019 04:00:00 AM,14,7,7
07/24/2019 05:00:00 AM,54,31,23
07/24/2019 06:00:00 AM,214,115,99
07/24/2019 07:00:00 AM,534,238,296
07/24/2019 08:00:00 AM,752,326,426
07/24/2019 09:00:00 AM,420,171,249
07/24/2019 10:00:00 AM,167,66,101
07/24/2019 11:00:00 AM,150,56,94
07/24/2019 12:00:00 PM,135,63,72
07/24/2019 01:00:00 PM,153,73,80
07/24/2019 02:00:00 PM,160,55,105
07/24/2019 03:00:00 PM,206,73,133
07/24/2019 04:00:00 PM,561,167,394
07/24/2019 05:00:00 PM,920,220,700
07/24/2019 06:00:00 PM,650,182,468
07/24/2019 07:00:00 PM,328,112,216
07/24/2019 08:00:00 PM,192,82,110
07/24/2019 09:00:00 PM,116,58,58
07/24/2019 10:00:00 PM,61,28,33
07/24/2019 11:00:00 PM,39,17,22
07/25/2019 12:00:00 AM,21,16,5
07/25/2019 01:00:00 AM,14,6,8
07/25/2019 02:00:00 AM,9,3,6
07/25/2019 03:00:00 AM,8,3,5
07/25/2019 04:00:00 AM,7,7,0
07/25/2019 05:00:00 AM,61,29,32
07/25/2019 06:00:00 AM,182,88,94
07/25/2019 07:00:00 AM,496,248,248
07/25/2019 08:00:00 AM,727,307,420
07/25/2019 09:00:00 AM,418,169,249
07/25/2019 10:00:00 AM,197,81,116
07/25/2019 11:00:00 AM,156,69,87
07/25/2019 12:00:00 PM,151,68,83
07/25/2019 01:00:00 PM,167,90,77
07/25/2019 02:00:00 PM,135,60,75
07/25/2019 03:00:00 PM,272,83,189
07/25/2019 04:00:00 PM,544,187,357
07/25/2019 05:00:00 PM,909,228,681
07/25/2019 06:00:00 PM,557,171,386
07/25/2019 07:00:00 PM,301,97,204
07/25/2019 08:00:00 PM,272,117,155
07/25/2019 09:00:00 PM,132,50,82
07/25/2019 10:00:00 PM,56,28,28
07/25/2019 11:00:00 PM,42,15,27
07/26/2019 12:00:00 AM,13,4,9
07/26/2019 01:00:00 AM,7,1,6
07/26/2019 02:00:00 AM,1,1,0
07/26/2019 03:00:00 AM,4,1,3
07/26/2019 04:00:00 AM,12,6,6
07/26/2019 05:00:00 AM,34,15,19
07/26/2019 06:00:00 AM,165,72,93
07/26/2019 07:00:00 AM,437,213,224
07/26/2019 08:00:00 AM,641,255,386
07/26/2019 09:00:00 AM,362,147,215
07/26/2019 10:00:00 AM,195,77,118
07/26/2019 11:00:00 AM,142,65,77
07/26/2019 12:00:00 PM,194,74,120
07/26/2019 01:00:00 PM,167,65,102
07/26/2019 02:00:00 PM,241,91,150
07/26/2019 03:00:00 PM,296,89,207
07/26/2019 04:00:00 PM,555,140,415
07/26/2019 05:00:00 PM,719,169,550
07/26/2019 06:00:00 PM,434,146,288
07/26/2019 07:00:00 PM,290,107,183
07/26/2019 08:00:00 PM,182,80,102
07/26/2019 09:00:00 PM,620,541,79
07/26/2019 10:00:00 PM,523,41,482
07/26/2019 11:00:00 PM,135,32,103
07/27/2019 12:00:00 AM,51,18,33
07/27/2019 01:00:00 AM,28,18,10
07/27/2019 02:00:00 AM,10,0,10
07/27/2019 03:00:00 AM,8,3,5
07/27/2019 04:00:00 AM,6,0,6
07/27/2019 05:00:00 AM,10,4,6
07/27/2019 06:00:00 AM,22,11,11
07/27/2019 07:00:00 AM,48,25,23
07/27/2019 08:00:00 AM,83,37,46
07/27/2019 09:00:00 AM,126,66,60
07/27/2019 10:00:00 AM,130,69,61
07/27/2019 11:00:00 AM,173,91,82
07/27/2019 12:00:00 PM,185,79,106
07/27/2019 01:00:00 PM,197,85,112
07/27/2019 02:00:00 PM,203,100,103
07/27/2019 03:00:00 PM,166,65,101
07/27/2019 04:00:00 PM,223,106,117
07/27/2019 05:00:00 PM,180,75,105
07/27/2019 06:00:00 PM,143,69,74
07/27/2019 07:00:00 PM,107,46,61
07/27/2019 08:00:00 PM,119,52,67
07/27/2019 09:00:00 PM,62,22,40
07/27/2019 10:00:00 PM,43,21,22
07/27/2019 11:00:00 PM,43,12,31
07/28/2019 12:00:00 AM,17,7,10
07/28/2019 01:00:00 AM,10,2,8
07/28/2019 02:00:00 AM,14,5,9
07/28/2019 03:00:00 AM,2,2,0
07/28/2019 04:00:00 AM,0,0,0
07/28/2019 05:00:00 AM,9,3,6
07/28/2019 06:00:00 AM,21,12,9
07/28/2019 07:00:00 AM,47,19,28
07/28/2019 08:00:00 AM,103,51,52
07/28/2019 09:00:00 AM,138,69,69
07/28/2019 10:00:00 AM,194,93,101
07/28/2019 11:00:00 AM,255,126,129
07/28/2019 12:00:00 PM,287,133,154
07/28/2019 01:00:00 PM,280,135,145
07/28/2019 02:00:00 PM,297,160,137
07/28/2019 03:00:00 PM,270,121,149
07/28/2019 04:00:00 PM,310,145,165
07/28/2019 05:00:00 PM,259,132,127
07/28/2019 06:00:00 PM,191,85,106
07/28/2019 07:00:00 PM,147,69,78
07/28/2019 08:00:00 PM,135,54,81
07/28/2019 09:00:00 PM,65,31,34
07/28/2019 10:00:00 PM,43,26,17
07/28/2019 11:00:00 PM,22,10,12
07/29/2019 12:00:00 AM,7,1,6
07/29/2019 01:00:00 AM,6,3,3
07/29/2019 02:00:00 AM,0,0,0
07/29/2019 03:00:00 AM,5,4,1
07/29/2019 04:00:00 AM,14,9,5
07/29/2019 05:00:00 AM,55,25,30
07/29/2019 06:00:00 AM,188,83,105
07/29/2019 07:00:00 AM,571,270,301
07/29/2019 08:00:00 AM,778,342,436
07/29/2019 09:00:00 AM,437,189,248
07/29/2019 10:00:00 AM,215,90,125
07/29/2019 11:00:00 AM,146,69,77
07/29/2019 12:00:00 PM,145,60,85
07/29/2019 01:00:00 PM,143,71,72
07/29/2019 02:00:00 PM,170,70,100
07/29/2019 03:00:00 PM,244,99,145
07/29/2019 04:00:00 PM,539,157,382
07/29/2019 05:00:00 PM,964,203,761
07/29/2019 06:00:00 PM,618,177,441
07/29/2019 07:00:00 PM,301,91,210
07/29/2019 08:00:00 PM,151,66,85
07/29/2019 09:00:00 PM,89,25,64
07/29/2019 10:00:00 PM,39,16,23
07/29/2019 11:00:00 PM,34,15,19
07/30/2019 12:00:00 AM,16,4,12
07/30/2019 01:00:00 AM,2,1,1
07/30/2019 02:00:00 AM,2,0,2
07/30/2019 03:00:00 AM,2,2,0
07/30/2019 04:00:00 AM,22,10,12
07/30/2019 05:00:00 AM,51,23,28
07/30/2019 06:00:00 AM,232,123,109
07/30/2019 07:00:00 AM,557,262,295
07/30/2019 08:00:00 AM,750,317,433
07/30/2019 09:00:00 AM,438,178,260
07/30/2019 10:00:00 AM,160,62,98
07/30/2019 11:00:00 AM,115,48,67
07/30/2019 12:00:00 PM,112,52,60
07/30/2019 01:00:00 PM,126,59,67
07/30/2019 02:00:00 PM,168,71,97
07/30/2019 03:00:00 PM,205,82,123
07/30/2019 04:00:00 PM,530,133,397
07/30/2019 05:00:00 PM,967,217,750
07/30/2019 06:00:00 PM,597,187,410
07/30/2019 07:00:00 PM,323,111,212
07/30/2019 08:00:00 PM,170,76,94
07/30/2019 09:00:00 PM,114,49,65
07/30/2019 10:00:00 PM,75,23,52
07/30/2019 11:00:00 PM,35,15,20
07/31/2019 12:00:00 AM,10,4,6
07/31/2019 01:00:00 AM,18,10,8
07/31/2019 02:00:00 AM,4,2,2
07/31/2019 03:00:00 AM,1,1,0
07/31/2019 04:00:00 AM,20,10,10
07/31/2019 05:00:00 AM,63,28,35
07/31/2019 06:00:00 AM,201,100,101
07/31/2019 07:00:00 AM,565,274,291
07/31/2019 08:00:00 AM,780,337,443
07/31/2019 09:00:00 AM,458,185,273
07/31/2019 10:00:00 AM,196,75,121
07/31/2019 11:00:00 AM,149,63,86
07/31/2019 12:00:00 PM,156,70,86
07/31/2019 01:00:00 PM,163,83,80
07/31/2019 02:00:00 PM,197,80,117
07/31/2019 03:00:00 PM,262,102,160
07/31/2019 04:00:00 PM,534,163,371
07/31/2019 05:00:00 PM,967,230,737
07/31/2019 06:00:00 PM,621,195,426
07/31/2019 07:00:00 PM,315,115,200
07/31/2019 08:00:00 PM,209,85,124
07/31/2019 09:00:00 PM,156,70,86
07/31/2019 10:00:00 PM,60,32,28
07/31/2019 11:00:00 PM,49,22,27
08/01/2019 12:00:00 AM,15,8,7
08/01/2019 01:00:00 AM,6,1,5
08/01/2019 02:00:00 AM,8,2,6
08/01/2019 03:00:00 AM,4,1,3
08/01/2019 04:00:00 AM,15,7,8
08/01/2019 05:00:00 AM,65,28,37
08/01/2019 06:00:00 AM,206,106,100
08/01/2019 07:00:00 AM,526,254,272
08/01/2019 08:00:00 AM,773,318,455
08/01/2019 09:00:00 AM,419,175,244
08/01/2019 10:00:00 AM,196,85,111
08/01/2019 11:00:00 AM,132,50,82
08/01/2019 12:00:00 PM,155,74,81
08/01/2019 01:00:00 PM,182,75,107
08/01/2019 02:00:00 PM,206,74,132
08/01/2019 03:00:00 PM,258,81,177
08/01/2019 04:00:00 PM,528,157,371
08/01/2019 05:00:00 PM,961,232,729
08/01/2019 06:00:00 PM,611,175,436
08/01/2019 07:00:00 PM,310,99,211
08/01/2019 08:00:00 PM,242,91,151
08/01/2019 09:00:00 PM,129,58,71
08/01/2019 10:00:00 PM,61,30,31
08/01/2019 11:00:00 PM,43,22,21
08/02/2019 12:00:00 AM,14,5,9
08/02/2019 01:00:00 AM,10,3,7
08/02/2019 02:00:00 AM,6,3,3
08/02/2019 03:00:00 AM,4,2,2
08/02/2019 04:00:00 AM,3,2,1
08/02/2019 05:00:00 AM,33,14,19
08/02/2019 06:00:00 AM,110,49,61
08/02/2019 07:00:00 AM,331,156,175
08/02/2019 08:00:00 AM,579,239,340
08/02/2019 09:00:00 AM,343,136,207
08/02/2019 10:00:00 AM,160,58,102
08/02/2019 11:00:00 AM,147,59,88
08/02/2019 12:00:00 PM,164,69,95
08/02/2019 01:00:00 PM,143,55,88
08/02/2019 02:00:00 PM,160,65,95
08/02/2019 03:00:00 PM,263,108,155
08/02/2019 04:00:00 PM,494,142,352
08/02/2019 05:00:00 PM,636,169,467
08/02/2019 06:00:00 PM,425,150,275
08/02/2019 07:00:00 PM,223,85,138
08/02/2019 08:00:00 PM,163,56,107
08/02/2019 09:00:00 PM,108,30,78
08/02/2019 10:00:00 PM,85,34,51
08/02/2019 11:00:00 PM,48,23,25
08/03/2019 12:00:00 AM,27,6,21
08/03/2019 01:00:00 AM,11,5,6
08/03/2019 02:00:00 AM,4,2,2
08/03/2019 03:00:00 AM,3,1,2
08/03/2019 04:00:00 AM,7,2,5
08/03/2019 05:00:00 AM,18,9,9
08/03/2019 06:00:00 AM,39,11,28
08/03/2019 07:00:00 AM,60,26,34
08/03/2019 08:00:00 AM,141,66,75
08/03/2019 09:00:00 AM,185,73,112
08/03/2019 10:00:00 AM,207,100,107
08/03/2019 11:00:00 AM,253,112,141
08/03/2019 12:00:00 PM,268,108,160
08/03/2019 01:00:00 PM,255,111,144
08/03/2019 02:00:00 PM,302,110,192
08/03/2019 03:00:00 PM,264,92,172
08/03/2019 04:00:00 PM,313,152,161
08/03/2019 05:00:00 PM,199,94,105
08/03/2019 06:00:00 PM,160,77,83
08/03/2019 07:00:00 PM,122,56,66
08/03/2019 08:00:00 PM,74,40,34
08/03/2019 09:00:00 PM,96,40,56
08/03/2019 10:00:00 PM,49,18,31
08/03/2019 11:00:00 PM,55,19,36
08/04/2019 12:00:00 AM,48,16,32
08/04/2019 01:00:00 AM,20,4,16
08/04/2019 02:00:00 AM,18,9,9
08/04/2019 03:00:00 AM,2,1,1
08/04/2019 04:00:00 AM,5,3,2
08/04/2019 05:00:00 AM,11,7,4
08/04/2019 06:00:00 AM,27,10,17
08/04/2019 07:00:00 AM,50,20,30
08/04/2019 08:00:00 AM,117,58,59
08/04/2019 09:00:00 AM,152,52,100
08/04/2019 10:00:00 AM,185,81,104
08/04/2019 11:00:00 AM,232,126,106
08/04/2019 12:00:00 PM,244,112,132
08/04/2019 01:00:00 PM,267,134,133
08/04/2019 02:00:00 PM,254,137,117
08/04/2019 03:00:00 PM,249,127,122
08/04/2019 04:00:00 PM,267,146,121
08/04/2019 05:00:00 PM,256,147,109
08/04/2019 06:00:00 PM,160,73,87
08/04/2019 07:00:00 PM,115,56,59
08/04/2019 08:00:00 PM,108,43,65
08/04/2019 09:00:00 PM,86,39,47
08/04/2019 10:00:00 PM,33,16,17
08/04/2019 11:00:00 PM,27,11,16
08/05/2019 12:00:00 AM,24,14,10
08/05/2019 01:00:00 AM,7,2,5
08/05/2019 02:00:00 AM,2,2,0
08/05/2019 03:00:00 AM,4,1,3
08/05/2019 04:00:00 AM,14,5,9
08/05/2019 05:00:00 AM,60,36,24
08/05/2019 06:00:00 AM,187,88,99
08/05/2019 07:00:00 AM,472,215,257
08/05/2019 08:00:00 AM,872,334,538
08/05/2019 09:00:00 AM,434,162,272
08/05/2019 10:00:00 AM,180,84,96
08/05/2019 11:00:00 AM,141,74,67
08/05/2019 12:00:00 PM,146,65,81
08/05/2019 01:00:00 PM,126,50,76
08/05/2019 02:00:00 PM,142,55,87
08/05/2019 03:00:00 PM,221,83,138
08/05/2019 04:00:00 PM,506,147,359
08/05/2019 05:00:00 PM,972,222,750
08/05/2019 06:00:00 PM,590,179,411
08/05/2019 07:00:00 PM,311,118,193
08/05/2019 08:00:00 PM,191,72,119
08/05/2019 09:00:00 PM,110,47,63
08/05/2019 10:00:00 PM,70,32,38
08/05/2019 11:00:00 PM,25,12,13
08/06/2019 12:00:00 AM,15,7,8
08/06/2019 01:00:00 AM,5,1,4
08/06/2019 02:00:00 AM,4,1,3
08/06/2019 03:00:00 AM,2,2,0
08/06/2019 04:00:00 AM,17,7,10
08/06/2019 05:00:00 AM,47,20,27
08/06/2019 06:00:00 AM,228,95,133
08/06/2019 07:00:00 AM,558,251,307
08/06/2019 08:00:00 AM,834,357,477
08/06/2019 09:00:00 AM,408,181,227
08/06/2019 10:00:00 AM,180,61,119
08/06/2019 11:00:00 AM,130,55,75
08/06/2019 12:00:00 PM,131,59,72
08/06/2019 01:00:00 PM,119,37,82
08/06/2019 02:00:00 PM,147,54,93
08/06/2019 03:00:00 PM,196,64,132
08/06/2019 04:00:00 PM,529,129,400
08/06/2019 05:00:00 PM,962,204,758
08/06/2019 06:00:00 PM,575,190,385
08/06/2019 07:00:00 PM,309,95,214
08/06/2019 08:00:00 PM,218,89,129
08/06/2019 09:00:00 PM,119,59,60
08/06/2019 10:00:00 PM,81,28,53
08/06/2019 11:00:00 PM,31,4,27
08/07/2019 12:00:00 AM,30,0,30
08/07/2019 01:00:00 AM,10,3,7
08/07/2019 02:00:00 AM,0,0,0
08/07/2019 03:00:00 AM,5,3,2
08/07/2019 04:00:00 AM,10,3,7
08/07/2019 05:00:00 AM,38,16,22
08/07/2019 06:00:00 AM,210,96,114
08/07/2019 07:00:00 AM,502,230,272
08/07/2019 08:00:00 AM,708,286,422
08/07/2019 09:00:00 AM,413,157,256
08/07/2019 10:00:00 AM,176,63,113
08/07/2019 11:00:00 AM,138,59,79
08/07/2019 12:00:00 PM,112,40,72
08/07/2019 01:00:00 PM,105,50,55
08/07/2019 02:00:00 PM,142,63,79
08/07/2019 03:00:00 PM,255,101,154
08/07/2019 04:00:00 PM,493,140,353
08/07/2019 05:00:00 PM,921,220,701
08/07/2019 06:00:00 PM,600,207,393
08/07/2019 07:00:00 PM,330,133,197
08/07/2019 08:00:00 PM,205,74,131
08/07/2019 09:00:00 PM,131,57,74
08/07/2019 10:00:00 PM,67,34,33
08/07/2019 11:00:00 PM,33,16,17
08/08/2019 12:00:00 AM,65,14,51
08/08/2019 01:00:00 AM,38,2,36
08/08/2019 02:00:00 AM,9,2,7
08/08/2019 03:00:00 AM,5,3,2
08/08/2019 04:00:00 AM,7,3,4
08/08/2019 05:00:00 AM,56,26,30
08/08/2019 06:00:00 AM,193,90,103
08/08/2019 07:00:00 AM,458,207,251
08/08/2019 08:00:00 AM,706,329,377
08/08/2019 09:00:00 AM,410,151,259
08/08/2019 10:00:00 AM,177,60,117
08/08/2019 11:00:00 AM,136,69,67
08/08/2019 12:00:00 PM,151,54,97
08/08/2019 01:00:00 PM,157,69,88
08/08/2019 02:00:00 PM,147,67,80
08/08/2019 03:00:00 PM,203,79,124
08/08/2019 04:00:00 PM,471,136,335
08/08/2019 05:00:00 PM,851,200,651
08/08/2019 06:00:00 PM,600,199,401
08/08/2019 07:00:00 PM,301,88,213
08/08/2019 08:00:00 PM,147,56,91
08/08/2019 09:00:00 PM,96,36,60
08/08/2019 10:00:00 PM,55,19,36
08/08/2019 11:00:00 PM,36,9,27
08/09/2019 12:00:00 AM,14,7,7
08/09/2019 01:00:00 AM,12,4,8
08/09/2019 02:00:00 AM,8,4,4
08/09/2019 03:00:00 AM,7,4,3
08/09/2019 04:00:00 AM,12,6,6
08/09/2019 05:00:00 AM,31,14,17
08/09/2019 06:00:00 AM,128,62,66
08/09/2019 07:00:00 AM,347,151,196
08/09/2019 08:00:00 AM,604,253,351
08/09/2019 09:00:00 AM,379,157,222
08/09/2019 10:00:00 AM,173,74,99
08/09/2019 11:00:00 AM,128,54,74
08/09/2019 12:00:00 PM,154,58,96
08/09/2019 01:00:00 PM,171,67,104
08/09/2019 02:00:00 PM,182,74,108
08/09/2019 03:00:00 PM,327,105,222
08/09/2019 04:00:00 PM,514,131,383
08/09/2019 05:00:00 PM,782,190,592
08/09/2019 06:00:00 PM,414,139,275
08/09/2019 07:00:00 PM,263,99,164
08/09/2019 08:00:00 PM,145,47,98
08/09/2019 09:00:00 PM,111,37,74
08/09/2019 10:00:00 PM,80,40,40
08/09/2019 11:00:00 PM,55,18,37
08/10/2019 12:00:00 AM,24,6,18
08/10/2019 01:00:00 AM,15,8,7
08/10/2019 02:00:00 AM,19,6,13
08/10/2019 03:00:00 AM,7,2,5
08/10/2019 04:00:00 AM,3,2,1
08/10/2019 05:00:00 AM,17,5,12
08/10/2019 06:00:00 AM,19,6,13
08/10/2019 07:00:00 AM,22,5,17
08/10/2019 08:00:00 AM,22,10,12
08/10/2019 09:00:00 AM,28,12,16
08/10/2019 10:00:00 AM,111,22,89
08/10/2019 11:00:00 AM,524,59,465
08/10/2019 12:00:00 PM,542,82,460
08/10/2019 01:00:00 PM,468,88,380
08/10/2019 02:00:00 PM,392,94,298
08/10/2019 03:00:00 PM,285,92,193
08/10/2019 04:00:00 PM,239,101,138
08/10/2019 05:00:00 PM,243,116,127
08/10/2019 06:00:00 PM,168,67,101
08/10/2019 07:00:00 PM,126,59,67
08/10/2019 08:00:00 PM,75,30,45
08/10/2019 09:00:00 PM,51,34,17
08/10/2019 10:00:00 PM,51,20,31
08/10/2019 11:00:00 PM,46,13,33
08/11/2019 12:00:00 AM,34,19,15
08/11/2019 01:00:00 AM,16,8,8
08/11/2019 02:00:00 AM,9,3,6
08/11/2019 03:00:00 AM,9,3,6
08/11/2019 04:00:00 AM,1,0,1
08/11/2019 05:00:00 AM,7,2,5
08/11/2019 06:00:00 AM,29,7,22
08/11/2019 07:00:00 AM,63,34,29
08/11/2019 08:00:00 AM,101,39,62
08/11/2019 09:00:00 AM,134,49,85
08/11/2019 10:00:00 AM,186,92,94
08/11/2019 11:00:00 AM,182,77,105
08/11/2019 12:00:00 PM,210,105,105
08/11/2019 01:00:00 PM,237,121,116
08/11/2019 02:00:00 PM,233,94,139
08/11/2019 03:00:00 PM,211,106,105
08/11/2019 04:00:00 PM,282,184,98
08/11/2019 05:00:00 PM,128,45,83
08/11/2019 06:00:00 PM,119,53,66
08/11/2019 07:00:00 PM,79,39,40
08/11/2019 08:00:00 PM,63,37,26
08/11/2019 09:00:00 PM,32,13,19
08/11/2019 10:00:00 PM,33,11,22
08/11/2019 11:00:00 PM,13,6,7
08/12/2019 12:00:00 AM,14,1,13
08/12/2019 01:00:00 AM,4,3,1
08/12/2019 02:00:00 AM,1,0,1
08/12/2019 03:00:00 AM,4,2,2
08/12/2019 04:00:00 AM,8,3,5
08/12/2019 05:00:00 AM,47,25,22
08/12/2019 06:00:00 AM,181,86,95
08/12/2019 07:00:00 AM,512,236,276
08/12/2019 08:00:00 AM,739,313,426
08/12/2019 09:00:00 AM,421,163,258
08/12/2019 10:00:00 AM,181,66,115
08/12/2019 11:00:00 AM,122,64,58
08/12/2019 12:00:00 PM,132,67,65
08/12/2019 01:00:00 PM,141,71,70
08/12/2019 02:00:00 PM,154,73,81
08/12/2019 03:00:00 PM,226,80,146
08/12/2019 04:00:00 PM,500,144,356
08/12/2019 05:00:00 PM,916,189,727
08/12/2019 06:00:00 PM,650,181,469
08/12/2019 07:00:00 PM,320,108,212
08/12/2019 08:00:00 PM,200,101,99
08/12/2019 09:00:00 PM,106,48,58
08/12/2019 10:00:00 PM,67,34,33
08/12/2019 11:00:00 PM,29,9,20
08/13/2019 12:00:00 AM,7,4,3
08/13/2019 01:00:00 AM,6,4,2
08/13/2019 02:00:00 AM,5,2,3
08/13/2019 03:00:00 AM,4,1,3
08/13/2019 04:00:00 AM,9,5,4
08/13/2019 05:00:00 AM,54,19,35
08/13/2019 06:00:00 AM,232,103,129
08/13/2019 07:00:00 AM,595,262,333
08/13/2019 08:00:00 AM,849,361,488
08/13/2019 09:00:00 AM,447,174,273
08/13/2019 10:00:00 AM,187,66,121
08/13/2019 11:00:00 AM,123,56,67
08/13/2019 12:00:00 PM,141,69,72
08/13/2019 01:00:00 PM,152,66,86
08/13/2019 02:00:00 PM,154,61,93
08/13/2019 03:00:00 PM,268,94,174
08/13/2019 04:00:00 PM,522,156,366
08/13/2019 05:00:00 PM,998,218,780
08/13/2019 06:00:00 PM,659,184,475
08/13/2019 07:00:00 PM,324,119,205
08/13/2019 08:00:00 PM,197,70,127
08/13/2019 09:00:00 PM,105,38,67
08/13/2019 10:00:00 PM,78,44,34
08/13/2019 11:00:00 PM,35,12,23
08/14/2019 12:00:00 AM,18,5,13
08/14/2019 01:00:00 AM,10,5,5
08/14/2019 02:00:00 AM,0,0,0
08/14/2019 03:00:00 AM,6,3,3
08/14/2019 04:00:00 AM,12,6,6
08/14/2019 05:00:00 AM,45,18,27
08/14/2019 06:00:00 AM,197,77,120
08/14/2019 07:00:00 AM,570,254,316
08/14/2019 08:00:00 AM,833,359,474
08/14/2019 09:00:00 AM,431,175,256
08/14/2019 10:00:00 AM,194,86,108
08/14/2019 11:00:00 AM,160,65,95
08/14/2019 12:00:00 PM,151,63,88
08/14/2019 01:00:00 PM,151,63,88
08/14/2019 02:00:00 PM,176,69,107
08/14/2019 03:00:00 PM,261,105,156
08/14/2019 04:00:00 PM,546,147,399
08/14/2019 05:00:00 PM,989,252,737
08/14/2019 06:00:00 PM,659,190,469
08/14/2019 07:00:00 PM,341,103,238
08/14/2019 08:00:00 PM,211,83,128
08/14/2019 09:00:00 PM,126,42,84
08/14/2019 10:00:00 PM,42,14,28
08/14/2019 11:00:00 PM,44,15,29
08/15/2019 12:00:00 AM,19,5,14
08/15/2019 01:00:00 AM,8,1,7
08/15/2019 02:00:00 AM,2,0,2
08/15/2019 03:00:00 AM,7,2,5
08/15/2019 04:00:00 AM,8,3,5
08/15/2019 05:00:00 AM,46,21,25
08/15/2019 06:00:00 AM,189,86,103
08/15/2019 07:00:00 AM,528,245,283
08/15/2019 08:00:00 AM,762,321,441
08/15/2019 09:00:00 AM,412,157,255
08/15/2019 10:00:00 AM,181,71,110
08/15/2019 11:00:00 AM,126,56,70
08/15/2019 12:00:00 PM,155,68,87
08/15/2019 01:00:00 PM,151,71,80
08/15/2019 02:00:00 PM,170,51,119
08/15/2019 03:00:00 PM,233,71,162
08/15/2019 04:00:00 PM,500,129,371
08/15/2019 05:00:00 PM,954,247,707
08/15/2019 06:00:00 PM,574,170,404
08/15/2019 07:00:00 PM,340,111,229
08/15/2019 08:00:00 PM,213,95,118
08/15/2019 09:00:00 PM,135,52,83
08/15/2019 10:00:00 PM,71,37,34
08/15/2019 11:00:00 PM,39,11,28
08/16/2019 12:00:00 AM,22,7,15
08/16/2019 01:00:00 AM,12,1,11
08/16/2019 02:00:00 AM,9,4,5
08/16/2019 03:00:00 AM,4,3,1
08/16/2019 04:00:00 AM,9,4,5
08/16/2019 05:00:00 AM,23,11,12
08/16/2019 06:00:00 AM,136,65,71
08/16/2019 07:00:00 AM,392,182,210
08/16/2019 08:00:00 AM,571,239,332
08/16/2019 09:00:00 AM,378,149,229
08/16/2019 10:00:00 AM,194,70,124
08/16/2019 11:00:00 AM,136,63,73
08/16/2019 12:00:00 PM,140,53,87
08/16/2019 01:00:00 PM,161,72,89
08/16/2019 02:00:00 PM,173,57,116
08/16/2019 03:00:00 PM,279,98,181
08/16/2019 04:00:00 PM,492,127,365
08/16/2019 05:00:00 PM,681,162,519
08/16/2019 06:00:00 PM,398,128,270
08/16/2019 07:00:00 PM,164,49,115
08/16/2019 08:00:00 PM,156,56,100
08/16/2019 09:00:00 PM,78,20,58
08/16/2019 10:00:00 PM,66,28,38
08/16/2019 11:00:00 PM,46,18,28
08/17/2019 12:00:00 AM,26,10,16
08/17/2019 01:00:00 AM,12,5,7
08/17/2019 02:00:00 AM,14,6,8
08/17/2019 03:00:00 AM,4,3,1
08/17/2019 04:00:00 AM,6,2,4
08/17/2019 05:00:00 AM,17,12,5
08/17/2019 06:00:00 AM,40,14,26
08/17/2019 07:00:00 AM,43,25,18
08/17/2019 08:00:00 AM,134,70,64
08/17/2019 09:00:00 AM,152,58,94
08/17/2019 10:00:00 AM,182,80,102
08/17/2019 11:00:00 AM,190,98,92
08/17/2019 12:00:00 PM,213,108,105
08/17/2019 01:00:00 PM,249,93,156
08/17/2019 02:00:00 PM,202,96,106
08/17/2019 03:00:00 PM,234,95,139
08/17/2019 04:00:00 PM,228,98,130
08/17/2019 05:00:00 PM,219,97,122
08/17/2019 06:00:00 PM,158,76,82
08/17/2019 07:00:00 PM,124,54,70
08/17/2019 08:00:00 PM,103,48,55
08/17/2019 09:00:00 PM,61,31,30
08/17/2019 10:00:00 PM,34,11,23
08/17/2019 11:00:00 PM,35,17,18
08/18/2019 12:00:00 AM,18,7,11
08/18/2019 01:00:00 AM,11,4,7
08/18/2019 02:00:00 AM,6,4,2
08/18/2019 03:00:00 AM,6,4,2
08/18/2019 04:00:00 AM,8,4,4
08/18/2019 05:00:00 AM,7,3,4
08/18/2019 06:00:00 AM,26,13,13
08/18/2019 07:00:00 AM,38,11,27
08/18/2019 08:00:00 AM,86,33,53
08/18/2019 09:00:00 AM,145,59,86
08/18/2019 10:00:00 AM,161,80,81
08/18/2019 11:00:00 AM,220,107,113
08/18/2019 12:00:00 PM,259,138,121
08/18/2019 01:00:00 PM,247,108,139
08/18/2019 02:00:00 PM,246,104,142
08/18/2019 03:00:00 PM,220,87,133
08/18/2019 04:00:00 PM,253,123,130
08/18/2019 05:00:00 PM,193,81,112
08/18/2019 06:00:00 PM,191,88,103
08/18/2019 07:00:00 PM,133,58,75
08/18/2019 08:00:00 PM,94,39,55
08/18/2019 09:00:00 PM,29,15,14
08/18/2019 10:00:00 PM,31,15,16
08/18/2019 11:00:00 PM,14,2,12
08/19/2019 12:00:00 AM,17,7,10
08/19/2019 01:00:00 AM,5,1,4
08/19/2019 02:00:00 AM,6,4,2
08/19/2019 03:00:00 AM,4,2,2
08/19/2019 04:00:00 AM,15,5,10
08/19/2019 05:00:00 AM,41,21,20
08/19/2019 06:00:00 AM,186,94,92
08/19/2019 07:00:00 AM,484,200,284
08/19/2019 08:00:00 AM,730,300,430
08/19/2019 09:00:00 AM,412,163,249
08/19/2019 10:00:00 AM,109,41,68
08/19/2019 11:00:00 AM,116,43,73
08/19/2019 12:00:00 PM,122,56,66
08/19/2019 01:00:00 PM,112,47,65
08/19/2019 02:00:00 PM,130,47,83
08/19/2019 03:00:00 PM,220,84,136
08/19/2019 04:00:00 PM,484,119,365
08/19/2019 05:00:00 PM,895,193,702
08/19/2019 06:00:00 PM,624,177,447
08/19/2019 07:00:00 PM,312,77,235
08/19/2019 08:00:00 PM,160,54,106
08/19/2019 09:00:00 PM,76,43,33
08/19/2019 10:00:00 PM,43,21,22
08/19/2019 11:00:00 PM,18,11,7
08/20/2019 12:00:00 AM,20,10,10
08/20/2019 01:00:00 AM,6,1,5
08/20/2019 02:00:00 AM,7,5,2
08/20/2019 03:00:00 AM,8,3,5
08/20/2019 04:00:00 AM,11,5,6
08/20/2019 05:00:00 AM,46,24,22
08/20/2019 06:00:00 AM,190,79,111
08/20/2019 07:00:00 AM,529,242,287
08/20/2019 08:00:00 AM,813,337,476
08/20/2019 09:00:00 AM,414,151,263
08/20/2019 10:00:00 AM,177,67,110
08/20/2019 11:00:00 AM,137,72,65
08/20/2019 12:00:00 PM,167,66,101
08/20/2019 01:00:00 PM,151,57,94
08/20/2019 02:00:00 PM,200,73,127
08/20/2019 03:00:00 PM,227,63,164
08/20/2019 04:00:00 PM,516,155,361
08/20/2019 05:00:00 PM,919,221,698
08/20/2019 06:00:00 PM,555,167,388
08/20/2019 07:00:00 PM,280,99,181
08/20/2019 08:00:00 PM,145,56,89
08/20/2019 09:00:00 PM,81,34,47
08/20/2019 10:00:00 PM,53,18,35
08/20/2019 11:00:00 PM,59,14,45
08/21/2019 12:00:00 AM,15,3,12
08/21/2019 01:00:00 AM,6,1,5
08/21/2019 02:00:00 AM,8,5,3
08/21/2019 03:00:00 AM,4,3,1
08/21/2019 04:00:00 AM,11,6,5
08/21/2019 05:00:00 AM,39,15,24
08/21/2019 06:00:00 AM,117,50,67
08/21/2019 07:00:00 AM,261,107,154
08/21/2019 08:00:00 AM,377,161,216
08/21/2019 09:00:00 AM,185,68,117
08/21/2019 10:00:00 AM,88,35,53
08/21/2019 11:00:00 AM,66,26,40
08/21/2019 12:00:00 PM,81,37,44
08/21/2019 01:00:00 PM,69,31,38
08/21/2019 02:00:00 PM,78,22,56
08/21/2019 03:00:00 PM,140,39,101
08/21/2019 04:00:00 PM,278,89,189
08/21/2019 05:00:00 PM,524,174,350
08/21/2019 06:00:00 PM,286,92,194
08/21/2019 07:00:00 PM,134,46,88
08/21/2019 08:00:00 PM,66,21,45
08/21/2019 09:00:00 PM,56,17,39
08/21/2019 10:00:00 PM,29,14,15
08/21/2019 11:00:00 PM,15,1,14
08/22/2019 12:00:00 AM,7,2,5
08/22/2019 01:00:00 AM,5,1,4
08/22/2019 02:00:00 AM,0,0,0
08/22/2019 03:00:00 AM,4,2,2
08/22/2019 04:00:00 AM,11,5,6
08/22/2019 05:00:00 AM,43,18,25
08/22/2019 06:00:00 AM,159,68,91
08/22/2019 07:00:00 AM,478,226,252
08/22/2019 08:00:00 AM,699,279,420
08/22/2019 09:00:00 AM,382,149,233
08/22/2019 10:00:00 AM,164,67,97
08/22/2019 11:00:00 AM,115,47,68
08/22/2019 12:00:00 PM,137,66,71
08/22/2019 01:00:00 PM,137,55,82
08/22/2019 02:00:00 PM,148,54,94
08/22/2019 03:00:00 PM,231,78,153
08/22/2019 04:00:00 PM,484,142,342
08/22/2019 05:00:00 PM,825,210,615
08/22/2019 06:00:00 PM,584,196,388
08/22/2019 07:00:00 PM,293,93,200
08/22/2019 08:00:00 PM,212,83,129
08/22/2019 09:00:00 PM,80,36,44
08/22/2019 10:00:00 PM,72,30,42
08/22/2019 11:00:00 PM,34,15,19
08/23/2019 12:00:00 AM,17,3,14
08/23/2019 01:00:00 AM,9,1,8
08/23/2019 02:00:00 AM,8,4,4
08/23/2019 03:00:00 AM,3,1,2
08/23/2019 04:00:00 AM,10,3,7
08/23/2019 05:00:00 AM,70,25,45
08/23/2019 06:00:00 AM,157,52,105
08/23/2019 07:00:00 AM,368,167,201
08/23/2019 08:00:00 AM,563,234,329
08/23/2019 09:00:00 AM,353,125,228
08/23/2019 10:00:00 AM,165,64,101
08/23/2019 11:00:00 AM,116,64,52
08/23/2019 12:00:00 PM,151,57,94
08/23/2019 01:00:00 PM,161,67,94
08/23/2019 02:00:00 PM,218,72,146
08/23/2019 03:00:00 PM,233,82,151
08/23/2019 04:00:00 PM,433,112,321
08/23/2019 05:00:00 PM,611,141,470
08/23/2019 06:00:00 PM,388,112,276
08/23/2019 07:00:00 PM,187,76,111
08/23/2019 08:00:00 PM,102,43,59
08/23/2019 09:00:00 PM,66,18,48
08/23/2019 10:00:00 PM,46,20,26
08/23/2019 11:00:00 PM,42,12,30
08/24/2019 12:00:00 AM,27,12,15
08/24/2019 01:00:00 AM,12,4,8
08/24/2019 02:00:00 AM,13,11,2
08/24/2019 03:00:00 AM,6,0,6
08/24/2019 04:00:00 AM,5,0,5
08/24/2019 05:00:00 AM,13,9,4
08/24/2019 06:00:00 AM,18,8,10
08/24/2019 07:00:00 AM,55,25,30
08/24/2019 08:00:00 AM,96,46,50
08/24/2019 09:00:00 AM,131,64,67
08/24/2019 10:00:00 AM,139,65,74
08/24/2019 11:00:00 AM,159,70,89
08/24/2019 12:00:00 PM,244,88,156
08/24/2019 01:00:00 PM,252,115,137
08/24/2019 02:00:00 PM,234,115,119
08/24/2019 03:00:00 PM,259,136,123
08/24/2019 04:00:00 PM,259,104,155
08/24/2019 05:00:00 PM,171,74,97
08/24/2019 06:00:00 PM,127,59,68
08/24/2019 07:00:00 PM,81,34,47
08/24/2019 08:00:00 PM,68,32,36
08/24/2019 09:00:00 PM,62,22,40
08/24/2019 10:00:00 PM,40,27,13
08/24/2019 11:00:00 PM,33,10,23
08/25/2019 12:00:00 AM,29,15,14
08/25/2019 01:00:00 AM,13,6,7
08/25/2019 02:00:00 AM,11,4,7
08/25/2019 03:00:00 AM,10,4,6
08/25/2019 04:00:00 AM,2,1,1
08/25/2019 05:00:00 AM,7,2,5
08/25/2019 06:00:00 AM,19,7,12
08/25/2019 07:00:00 AM,28,13,15
08/25/2019 08:00:00 AM,71,27,44
08/25/2019 09:00:00 AM,108,54,54
08/25/2019 10:00:00 AM,174,73,101
08/25/2019 11:00:00 AM,176,84,92
08/25/2019 12:00:00 PM,306,161,145
08/25/2019 01:00:00 PM,319,150,169
08/25/2019 02:00:00 PM,297,134,163
08/25/2019 03:00:00 PM,288,116,172
08/25/2019 04:00:00 PM,317,119,198
08/25/2019 05:00:00 PM,223,81,142
08/25/2019 06:00:00 PM,194,67,127
08/25/2019 07:00:00 PM,119,41,78
08/25/2019 08:00:00 PM,90,35,55
08/25/2019 09:00:00 PM,57,19,38
08/25/2019 10:00:00 PM,31,18,13
08/25/2019 11:00:00 PM,13,3,10
08/26/2019 12:00:00 AM,8,0,8
08/26/2019 01:00:00 AM,7,3,4
08/26/2019 02:00:00 AM,6,5,1
08/26/2019 03:00:00 AM,4,2,2
08/26/2019 04:00:00 AM,12,7,5
08/26/2019 05:00:00 AM,40,20,20
08/26/2019 06:00:00 AM,159,79,80
08/26/2019 07:00:00 AM,510,231,279
08/26/2019 08:00:00 AM,833,372,461
08/26/2019 09:00:00 AM,421,151,270
08/26/2019 10:00:00 AM,179,66,113
08/26/2019 11:00:00 AM,133,49,84
08/26/2019 12:00:00 PM,151,63,88
08/26/2019 01:00:00 PM,145,60,85
08/26/2019 02:00:00 PM,142,49,93
08/26/2019 03:00:00 PM,238,89,149
08/26/2019 04:00:00 PM,495,138,357
08/26/2019 05:00:00 PM,926,199,727
08/26/2019 06:00:00 PM,560,153,407
08/26/2019 07:00:00 PM,275,84,191
08/26/2019 08:00:00 PM,152,54,98
08/26/2019 09:00:00 PM,70,26,44
08/26/2019 10:00:00 PM,49,15,34
08/26/2019 11:00:00 PM,29,15,14
08/27/2019 12:00:00 AM,16,9,7
08/27/2019 01:00:00 AM,7,3,4
08/27/2019 02:00:00 AM,8,2,6
08/27/2019 03:00:00 AM,5,0,5
08/27/2019 04:00:00 AM,13,8,5
08/27/2019 05:00:00 AM,52,27,25
08/27/2019 06:00:00 AM,203,90,113
08/27/2019 07:00:00 AM,602,284,318
08/27/2019 08:00:00 AM,886,354,532
08/27/2019 09:00:00 AM,421,173,248
08/27/2019 10:00:00 AM,196,84,112
08/27/2019 11:00:00 AM,127,57,70
08/27/2019 12:00:00 PM,172,84,88
08/27/2019 01:00:00 PM,165,70,95
08/27/2019 02:00:00 PM,161,59,102
08/27/2019 03:00:00 PM,246,81,165
08/27/2019 04:00:00 PM,523,134,389
08/27/2019 05:00:00 PM,1071,245,826
08/27/2019 06:00:00 PM,654,201,453
08/27/2019 07:00:00 PM,348,120,228
08/27/2019 08:00:00 PM,163,56,107
08/27/2019 09:00:00 PM,87,38,49
08/27/2019 10:00:00 PM,52,18,34
08/27/2019 11:00:00 PM,32,10,22
08/28/2019 12:00:00 AM,10,5,5
08/28/2019 01:00:00 AM,9,1,8
08/28/2019 02:00:00 AM,5,2,3
08/28/2019 03:00:00 AM,6,1,5
08/28/2019 04:00:00 AM,8,5,3
08/28/2019 05:00:00 AM,42,28,14
08/28/2019 06:00:00 AM,195,76,119
08/28/2019 07:00:00 AM,573,279,294
08/28/2019 08:00:00 AM,726,309,417
08/28/2019 09:00:00 AM,408,160,248
08/28/2019 10:00:00 AM,166,67,99
08/28/2019 11:00:00 AM,142,52,90
08/28/2019 12:00:00 PM,143,49,94
08/28/2019 01:00:00 PM,142,53,89
08/28/2019 02:00:00 PM,149,50,99
08/28/2019 03:00:00 PM,254,71,183
08/28/2019 04:00:00 PM,505,146,359
08/28/2019 05:00:00 PM,925,223,702
08/28/2019 06:00:00 PM,591,178,413
08/28/2019 07:00:00 PM,286,100,186
08/28/2019 08:00:00 PM,205,76,129
08/28/2019 09:00:00 PM,103,42,61
08/28/2019 10:00:00 PM,63,35,28
08/28/2019 11:00:00 PM,39,11,28
08/29/2019 12:00:00 AM,16,4,12
08/29/2019 01:00:00 AM,8,1,7
08/29/2019 02:00:00 AM,7,2,5
08/29/2019 03:00:00 AM,5,3,2
08/29/2019 04:00:00 AM,9,4,5
08/29/2019 05:00:00 AM,46,25,21
08/29/2019 06:00:00 AM,174,83,91
08/29/2019 07:00:00 AM,489,223,266
08/29/2019 08:00:00 AM,733,296,437
08/29/2019 09:00:00 AM,388,153,235
08/29/2019 10:00:00 AM,189,81,108
08/29/2019 11:00:00 AM,140,71,69
08/29/2019 12:00:00 PM,107,39,68
08/29/2019 01:00:00 PM,127,36,91
08/29/2019 02:00:00 PM,136,57,79
08/29/2019 03:00:00 PM,215,67,148
08/29/2019 04:00:00 PM,516,147,369
08/29/2019 05:00:00 PM,814,164,650
08/29/2019 06:00:00 PM,424,132,292
08/29/2019 07:00:00 PM,149,52,97
08/29/2019 08:00:00 PM,77,22,55
08/29/2019 09:00:00 PM,48,10,38
08/29/2019 10:00:00 PM,36,15,21
08/29/2019 11:00:00 PM,23,5,18
08/30/2019 12:00:00 AM,5,2,3
08/30/2019 01:00:00 AM,10,2,8
08/30/2019 02:00:00 AM,0,0,0
08/30/2019 03:00:00 AM,3,0,3
08/30/2019 04:00:00 AM,9,4,5
08/30/2019 05:00:00 AM,34,18,16
08/30/2019 06:00:00 AM,115,52,63
08/30/2019 07:00:00 AM,311,155,156
08/30/2019 08:00:00 AM,481,177,304
08/30/2019 09:00:00 AM,306,129,177
08/30/2019 10:00:00 AM,148,49,99
08/30/2019 11:00:00 AM,119,45,74
08/30/2019 12:00:00 PM,162,68,94
08/30/2019 01:00:00 PM,174,58,116
08/30/2019 02:00:00 PM,194,76,118
08/30/2019 03:00:00 PM,319,88,231
08/30/2019 04:00:00 PM,462,121,341
08/30/2019 05:00:00 PM,514,127,387
08/30/2019 06:00:00 PM,317,92,225
08/30/2019 07:00:00 PM,189,73,116
08/30/2019 08:00:00 PM,113,44,69
08/30/2019 09:00:00 PM,57,21,36
08/30/2019 10:00:00 PM,46,12,34
08/30/2019 11:00:00 PM,42,10,32
08/31/2019 12:00:00 AM,27,5,22
08/31/2019 01:00:00 AM,14,7,7
08/31/2019 02:00:00 AM,9,6,3
08/31/2019 03:00:00 AM,6,2,4
08/31/2019 04:00:00 AM,5,0,5
08/31/2019 05:00:00 AM,14,8,6
08/31/2019 06:00:00 AM,23,7,16
08/31/2019 07:00:00 AM,49,19,30
08/31/2019 08:00:00 AM,82,33,49
08/31/2019 09:00:00 AM,130,58,72
08/31/2019 10:00:00 AM,157,60,97
08/31/2019 11:00:00 AM,200,95,105
08/31/2019 12:00:00 PM,228,105,123
08/31/2019 01:00:00 PM,199,90,109
08/31/2019 02:00:00 PM,214,111,103
08/31/2019 03:00:00 PM,268,143,125
08/31/2019 04:00:00 PM,218,100,118
08/31/2019 05:00:00 PM,148,56,92
08/31/2019 06:00:00 PM,136,60,76
08/31/2019 07:00:00 PM,116,60,56
08/31/2019 08:00:00 PM,79,30,49
08/31/2019 09:00:00 PM,73,35,38
08/31/2019 10:00:00 PM,43,20,23
08/31/2019 11:00:00 PM,47,9,38
09/01/2019 12:00:00 AM,20,13,7
09/01/2019 01:00:00 AM,5,3,2
09/01/2019 02:00:00 AM,10,6,4
09/01/2019 03:00:00 AM,9,1,8
09/01/2019 04:00:00 AM,4,1,3
09/01/2019 05:00:00 AM,13,2,11
09/01/2019 06:00:00 AM,17,8,9
09/01/2019 07:00:00 AM,39,14,25
09/01/2019 08:00:00 AM,76,42,34
09/01/2019 09:00:00 AM,121,60,61
09/01/2019 10:00:00 AM,172,68,104
09/01/2019 11:00:00 AM,172,68,104
09/01/2019 12:00:00 PM,208,85,123
09/01/2019 01:00:00 PM,231,119,112
09/01/2019 02:00:00 PM,260,113,147
09/01/2019 03:00:00 PM,233,120,113
09/01/2019 04:00:00 PM,202,82,120
09/01/2019 05:00:00 PM,195,89,106
09/01/2019 06:00:00 PM,150,59,91
09/01/2019 07:00:00 PM,124,69,55
09/01/2019 08:00:00 PM,84,43,41
09/01/2019 09:00:00 PM,44,19,25
09/01/2019 10:00:00 PM,42,18,24
09/01/2019 11:00:00 PM,23,10,13
09/02/2019 12:00:00 AM,24,8,16
09/02/2019 01:00:00 AM,12,11,1
09/02/2019 02:00:00 AM,6,2,4
09/02/2019 03:00:00 AM,7,3,4
09/02/2019 04:00:00 AM,7,2,5
09/02/2019 05:00:00 AM,12,8,4
09/02/2019 06:00:00 AM,28,12,16
09/02/2019 07:00:00 AM,59,25,34
09/02/2019 08:00:00 AM,84,31,53
09/02/2019 09:00:00 AM,162,78,84
09/02/2019 10:00:00 AM,177,89,88
09/02/2019 11:00:00 AM,196,98,98
09/02/2019 12:00:00 PM,244,114,130
09/02/2019 01:00:00 PM,276,117,159
09/02/2019 02:00:00 PM,292,136,156
09/02/2019 03:00:00 PM,275,121,154
09/02/2019 04:00:00 PM,250,117,133
09/02/2019 05:00:00 PM,299,171,128
09/02/2019 06:00:00 PM,155,69,86
09/02/2019 07:00:00 PM,136,67,69
09/02/2019 08:00:00 PM,65,37,28
09/02/2019 09:00:00 PM,41,22,19
09/02/2019 10:00:00 PM,24,14,10
09/02/2019 11:00:00 PM,21,9,12
09/03/2019 12:00:00 AM,11,6,5
09/03/2019 01:00:00 AM,4,1,3
09/03/2019 02:00:00 AM,7,1,6
09/03/2019 03:00:00 AM,3,0,3
09/03/2019 04:00:00 AM,13,3,10
09/03/2019 05:00:00 AM,52,21,31
09/03/2019 06:00:00 AM,182,73,109
09/03/2019 07:00:00 AM,573,268,305
09/03/2019 08:00:00 AM,846,364,482
09/03/2019 09:00:00 AM,415,169,246
09/03/2019 10:00:00 AM,165,61,104
09/03/2019 11:00:00 AM,107,47,60
09/03/2019 12:00:00 PM,130,62,68
09/03/2019 01:00:00 PM,164,70,94
09/03/2019 02:00:00 PM,122,53,69
09/03/2019 03:00:00 PM,219,81,138
09/03/2019 04:00:00 PM,519,133,386
09/03/2019 05:00:00 PM,972,217,755
09/03/2019 06:00:00 PM,555,155,400
09/03/2019 07:00:00 PM,261,93,168
09/03/2019 08:00:00 PM,124,55,69
09/03/2019 09:00:00 PM,69,30,39
09/03/2019 10:00:00 PM,61,17,44
09/03/2019 11:00:00 PM,29,8,21
09/04/2019 12:00:00 AM,17,6,11
09/04/2019 01:00:00 AM,5,2,3
09/04/2019 02:00:00 AM,4,2,2
09/04/2019 03:00:00 AM,2,0,2
09/04/2019 04:00:00 AM,11,7,4
09/04/2019 05:00:00 AM,47,17,30
09/04/2019 06:00:00 AM,214,104,110
09/04/2019 07:00:00 AM,572,271,301
09/04/2019 08:00:00 AM,826,383,443
09/04/2019 09:00:00 AM,433,162,271
09/04/2019 10:00:00 AM,204,59,145
09/04/2019 11:00:00 AM,98,55,43
09/04/2019 12:00:00 PM,122,52,70
09/04/2019 01:00:00 PM,120,56,64
09/04/2019 02:00:00 PM,135,62,73
09/04/2019 03:00:00 PM,283,100,183
09/04/2019 04:00:00 PM,534,147,387
09/04/2019 05:00:00 PM,997,207,790
09/04/2019 06:00:00 PM,549,177,372
09/04/2019 07:00:00 PM,307,99,208
09/04/2019 08:00:00 PM,145,53,92
09/04/2019 09:00:00 PM,73,35,38
09/04/2019 10:00:00 PM,48,21,27
09/04/2019 11:00:00 PM,34,15,19
09/05/2019 12:00:00 AM,9,3,6
09/05/2019 01:00:00 AM,9,3,6
09/05/2019 02:00:00 AM,1,1,0
09/05/2019 03:00:00 AM,7,1,6
09/05/2019 04:00:00 AM,13,4,9
09/05/2019 05:00:00 AM,46,24,22
09/05/2019 06:00:00 AM,205,100,105
09/05/2019 07:00:00 AM,569,258,311
09/05/2019 08:00:00 AM,786,328,458
09/05/2019 09:00:00 AM,427,173,254
09/05/2019 10:00:00 AM,186,83,103
09/05/2019 11:00:00 AM,165,85,80
09/05/2019 12:00:00 PM,140,67,73
09/05/2019 01:00:00 PM,139,63,76
09/05/2019 02:00:00 PM,178,63,115
09/05/2019 03:00:00 PM,238,82,156
09/05/2019 04:00:00 PM,529,151,378
09/05/2019 05:00:00 PM,891,210,681
09/05/2019 06:00:00 PM,572,150,422
09/05/2019 07:00:00 PM,301,85,216
09/05/2019 08:00:00 PM,144,54,90
09/05/2019 09:00:00 PM,83,36,47
09/05/2019 10:00:00 PM,55,25,30
09/05/2019 11:00:00 PM,25,7,18
09/06/2019 12:00:00 AM,10,3,7
09/06/2019 01:00:00 AM,14,7,7
09/06/2019 02:00:00 AM,4,1,3
09/06/2019 03:00:00 AM,3,0,3
09/06/2019 04:00:00 AM,6,4,2
09/06/2019 05:00:00 AM,43,19,24
09/06/2019 06:00:00 AM,172,77,95
09/06/2019 07:00:00 AM,472,226,246
09/06/2019 08:00:00 AM,661,288,373
09/06/2019 09:00:00 AM,384,152,232
09/06/2019 10:00:00 AM,185,68,117
09/06/2019 11:00:00 AM,141,68,73
09/06/2019 12:00:00 PM,137,57,80
09/06/2019 01:00:00 PM,177,60,117
09/06/2019 02:00:00 PM,197,77,120
09/06/2019 03:00:00 PM,296,87,209
09/06/2019 04:00:00 PM,543,136,407
09/06/2019 05:00:00 PM,785,172,613
09/06/2019 06:00:00 PM,414,128,286
09/06/2019 07:00:00 PM,240,77,163
09/06/2019 08:00:00 PM,121,57,64
09/06/2019 09:00:00 PM,87,18,69
09/06/2019 10:00:00 PM,62,30,32
09/06/2019 11:00:00 PM,37,11,26
09/07/2019 12:00:00 AM,21,7,14
09/07/2019 01:00:00 AM,18,9,9
09/07/2019 02:00:00 AM,7,4,3
09/07/2019 03:00:00 AM,8,2,6
09/07/2019 04:00:00 AM,3,1,2
09/07/2019 05:00:00 AM,10,3,7
09/07/2019 06:00:00 AM,25,11,14
09/07/2019 07:00:00 AM,55,20,35
09/07/2019 08:00:00 AM,116,58,58
09/07/2019 09:00:00 AM,127,63,64
09/07/2019 10:00:00 AM,185,98,87
09/07/2019 11:00:00 AM,151,72,79
09/07/2019 12:00:00 PM,211,85,126
09/07/2019 01:00:00 PM,177,73,104
09/07/2019 02:00:00 PM,257,119,138
09/07/2019 03:00:00 PM,183,89,94
09/07/2019 04:00:00 PM,150,75,75
09/07/2019 05:00:00 PM,170,64,106
09/07/2019 06:00:00 PM,130,70,60
09/07/2019 07:00:00 PM,67,31,36
09/07/2019 08:00:00 PM,26,15,11
09/07/2019 09:00:00 PM,21,11,10
09/07/2019 10:00:00 PM,19,14,5
09/07/2019 11:00:00 PM,17,11,6
09/08/2019 12:00:00 AM,9,7,2
09/08/2019 01:00:00 AM,11,7,4
09/08/2019 02:00:00 AM,9,4,5
09/08/2019 03:00:00 AM,0,0,0
09/08/2019 04:00:00 AM,2,1,1
09/08/2019 05:00:00 AM,6,3,3
09/08/2019 06:00:00 AM,10,5,5
09/08/2019 07:00:00 AM,17,11,6
09/08/2019 08:00:00 AM,39,18,21
09/08/2019 09:00:00 AM,67,41,26
09/08/2019 10:00:00 AM,69,40,29
09/08/2019 11:00:00 AM,114,61,53
09/08/2019 12:00:00 PM,101,47,54
09/08/2019 01:00:00 PM,123,59,64
09/08/2019 02:00:00 PM,171,63,108
09/08/2019 03:00:00 PM,80,45,35
09/08/2019 04:00:00 PM,111,58,53
09/08/2019 05:00:00 PM,110,52,58
09/08/2019 06:00:00 PM,89,45,44
09/08/2019 07:00:00 PM,56,16,40
09/08/2019 08:00:00 PM,29,10,19
09/08/2019 09:00:00 PM,20,9,11
09/08/2019 10:00:00 PM,6,1,5
09/08/2019 11:00:00 PM,7,4,3
09/09/2019 12:00:00 AM,6,2,4
09/09/2019 01:00:00 AM,0,0,0
09/09/2019 02:00:00 AM,2,2,0
09/09/2019 03:00:00 AM,2,1,1
09/09/2019 04:00:00 AM,10,4,6
09/09/2019 05:00:00 AM,35,17,18
09/09/2019 06:00:00 AM,142,70,72
09/09/2019 07:00:00 AM,382,184,198
09/09/2019 08:00:00 AM,600,255,345
09/09/2019 09:00:00 AM,327,122,205
09/09/2019 10:00:00 AM,132,49,83
09/09/2019 11:00:00 AM,86,35,51
09/09/2019 12:00:00 PM,52,23,29
09/09/2019 01:00:00 PM,64,21,43
09/09/2019 02:00:00 PM,85,39,46
09/09/2019 03:00:00 PM,137,45,92
09/09/2019 04:00:00 PM,289,67,222
09/09/2019 05:00:00 PM,629,116,513
09/09/2019 06:00:00 PM,381,92,289
09/09/2019 07:00:00 PM,176,59,117
09/09/2019 08:00:00 PM,80,30,50
09/09/2019 09:00:00 PM,51,20,31
09/09/2019 10:00:00 PM,28,11,17
09/09/2019 11:00:00 PM,19,3,16
09/10/2019 12:00:00 AM,8,3,5
09/10/2019 01:00:00 AM,0,0,0
09/10/2019 02:00:00 AM,6,5,1
09/10/2019 03:00:00 AM,8,4,4
09/10/2019 04:00:00 AM,11,5,6
09/10/2019 05:00:00 AM,47,27,20
09/10/2019 06:00:00 AM,136,66,70
09/10/2019 07:00:00 AM,296,135,161
09/10/2019 08:00:00 AM,515,226,289
09/10/2019 09:00:00 AM,291,114,177
09/10/2019 10:00:00 AM,135,47,88
09/10/2019 11:00:00 AM,84,40,44
09/10/2019 12:00:00 PM,97,45,52
09/10/2019 01:00:00 PM,110,42,68
09/10/2019 02:00:00 PM,114,54,60
09/10/2019 03:00:00 PM,190,67,123
09/10/2019 04:00:00 PM,373,108,265
09/10/2019 05:00:00 PM,753,188,565
09/10/2019 06:00:00 PM,484,138,346
09/10/2019 07:00:00 PM,258,89,169
09/10/2019 08:00:00 PM,103,39,64
09/10/2019 09:00:00 PM,80,21,59
09/10/2019 10:00:00 PM,49,21,28
09/10/2019 11:00:00 PM,25,6,19
09/11/2019 12:00:00 AM,15,8,7
09/11/2019 01:00:00 AM,5,3,2
09/11/2019 02:00:00 AM,2,1,1
09/11/2019 03:00:00 AM,1,0,1
09/11/2019 04:00:00 AM,7,3,4
09/11/2019 05:00:00 AM,41,19,22
09/11/2019 06:00:00 AM,193,109,84
09/11/2019 07:00:00 AM,529,249,280
09/11/2019 08:00:00 AM,831,372,459
09/11/2019 09:00:00 AM,409,161,248
09/11/2019 10:00:00 AM,140,57,83
09/11/2019 11:00:00 AM,127,59,68
09/11/2019 12:00:00 PM,123,51,72
09/11/2019 01:00:00 PM,138,51,87
09/11/2019 02:00:00 PM,145,59,86
09/11/2019 03:00:00 PM,232,64,168
09/11/2019 04:00:00 PM,470,136,334
09/11/2019 05:00:00 PM,983,215,768
09/11/2019 06:00:00 PM,603,192,411
09/11/2019 07:00:00 PM,297,113,184
09/11/2019 08:00:00 PM,122,36,86
09/11/2019 09:00:00 PM,80,38,42
09/11/2019 10:00:00 PM,57,21,36
09/11/2019 11:00:00 PM,22,8,14
09/12/2019 12:00:00 AM,13,4,9
09/12/2019 01:00:00 AM,9,3,6
09/12/2019 02:00:00 AM,11,3,8
09/12/2019 03:00:00 AM,7,5,2
09/12/2019 04:00:00 AM,6,3,3
09/12/2019 05:00:00 AM,37,18,19
09/12/2019 06:00:00 AM,198,108,90
09/12/2019 07:00:00 AM,543,254,289
09/12/2019 08:00:00 AM,786,368,418
09/12/2019 09:00:00 AM,385,147,238
09/12/2019 10:00:00 AM,198,70,128
09/12/2019 11:00:00 AM,167,67,100
09/12/2019 12:00:00 PM,142,60,82
09/12/2019 01:00:00 PM,130,60,70
09/12/2019 02:00:00 PM,155,60,95
09/12/2019 03:00:00 PM,219,94,125
09/12/2019 04:00:00 PM,548,148,400
09/12/2019 05:00:00 PM,871,210,661
09/12/2019 06:00:00 PM,504,152,352
09/12/2019 07:00:00 PM,260,79,181
09/12/2019 08:00:00 PM,86,35,51
09/12/2019 09:00:00 PM,49,17,32
09/12/2019 10:00:00 PM,30,11,19
09/12/2019 11:00:00 PM,29,10,19
09/13/2019 12:00:00 AM,12,7,5
09/13/2019 01:00:00 AM,5,1,4
09/13/2019 02:00:00 AM,3,2,1
09/13/2019 03:00:00 AM,2,0,2
09/13/2019 04:00:00 AM,6,2,4
09/13/2019 05:00:00 AM,26,17,9
09/13/2019 06:00:00 AM,141,73,68
09/13/2019 07:00:00 AM,393,185,208
09/13/2019 08:00:00 AM,584,234,350
09/13/2019 09:00:00 AM,305,129,176
09/13/2019 10:00:00 AM,134,44,90
09/13/2019 11:00:00 AM,110,46,64
09/13/2019 12:00:00 PM,127,57,70
09/13/2019 01:00:00 PM,112,46,66
09/13/2019 02:00:00 PM,130,41,89
09/13/2019 03:00:00 PM,222,78,144
09/13/2019 04:00:00 PM,459,122,337
09/13/2019 05:00:00 PM,714,166,548
09/13/2019 06:00:00 PM,345,88,257
09/13/2019 07:00:00 PM,153,53,100
09/13/2019 08:00:00 PM,66,20,46
09/13/2019 09:00:00 PM,40,14,26
09/13/2019 10:00:00 PM,42,18,24
09/13/2019 11:00:00 PM,27,8,19
09/14/2019 12:00:00 AM,27,13,14
09/14/2019 01:00:00 AM,12,7,5
09/14/2019 02:00:00 AM,11,8,3
09/14/2019 03:00:00 AM,6,4,2
09/14/2019 04:00:00 AM,5,1,4
09/14/2019 05:00:00 AM,12,6,6
09/14/2019 06:00:00 AM,27,9,18
09/14/2019 07:00:00 AM,58,27,31
09/14/2019 08:00:00 AM,93,35,58
09/14/2019 09:00:00 AM,138,80,58
09/14/2019 10:00:00 AM,153,70,83
09/14/2019 11:00:00 AM,176,76,100
09/14/2019 12:00:00 PM,194,75,119
09/14/2019 01:00:00 PM,205,66,139
09/14/2019 02:00:00 PM,218,119,99
09/14/2019 03:00:00 PM,181,78,103
09/14/2019 04:00:00 PM,156,62,94
09/14/2019 05:00:00 PM,184,82,102
09/14/2019 06:00:00 PM,93,29,64
09/14/2019 07:00:00 PM,108,46,62
09/14/2019 08:00:00 PM,53,30,23
09/14/2019 09:00:00 PM,27,19,8
09/14/2019 10:00:00 PM,13,6,7
09/14/2019 11:00:00 PM,14,1,13
09/15/2019 12:00:00 AM,13,6,7
09/15/2019 01:00:00 AM,9,2,7
09/15/2019 02:00:00 AM,1,0,1
09/15/2019 03:00:00 AM,2,1,1
09/15/2019 04:00:00 AM,3,1,2
09/15/2019 05:00:00 AM,5,2,3
09/15/2019 06:00:00 AM,17,10,7
09/15/2019 07:00:00 AM,14,7,7
09/15/2019 08:00:00 AM,17,8,9
09/15/2019 09:00:00 AM,33,24,9
09/15/2019 10:00:00 AM,25,10,15
09/15/2019 11:00:00 AM,31,18,13
09/15/2019 12:00:00 PM,34,19,15
09/15/2019 01:00:00 PM,37,13,24
09/15/2019 02:00:00 PM,63,35,28
09/15/2019 03:00:00 PM,61,37,24
09/15/2019 04:00:00 PM,58,32,26
09/15/2019 05:00:00 PM,51,21,30
09/15/2019 06:00:00 PM,73,23,50
09/15/2019 07:00:00 PM,42,14,28
09/15/2019 08:00:00 PM,33,15,18
09/15/2019 09:00:00 PM,17,9,8
09/15/2019 10:00:00 PM,14,7,7
09/15/2019 11:00:00 PM,15,7,8
09/16/2019 12:00:00 AM,6,4,2
09/16/2019 01:00:00 AM,3,0,3
09/16/2019 02:00:00 AM,7,5,2
09/16/2019 03:00:00 AM,0,0,0
09/16/2019 04:00:00 AM,6,4,2
09/16/2019 05:00:00 AM,44,27,17
09/16/2019 06:00:00 AM,154,77,77
09/16/2019 07:00:00 AM,459,207,252
09/16/2019 08:00:00 AM,683,291,392
09/16/2019 09:00:00 AM,358,144,214
09/16/2019 10:00:00 AM,165,66,99
09/16/2019 11:00:00 AM,109,48,61
09/16/2019 12:00:00 PM,113,42,71
09/16/2019 01:00:00 PM,121,47,74
09/16/2019 02:00:00 PM,140,58,82
09/16/2019 03:00:00 PM,197,84,113
09/16/2019 04:00:00 PM,480,134,346
09/16/2019 05:00:00 PM,837,207,630
09/16/2019 06:00:00 PM,542,128,414
09/16/2019 07:00:00 PM,213,63,150
09/16/2019 08:00:00 PM,106,37,69
09/16/2019 09:00:00 PM,70,27,43
09/16/2019 10:00:00 PM,29,12,17
09/16/2019 11:00:00 PM,20,10,10
09/17/2019 12:00:00 AM,9,0,9
09/17/2019 01:00:00 AM,5,1,4
09/17/2019 02:00:00 AM,4,2,2
09/17/2019 03:00:00 AM,8,4,4
09/17/2019 04:00:00 AM,4,4,0
09/17/2019 05:00:00 AM,27,14,13
09/17/2019 06:00:00 AM,135,71,64
09/17/2019 07:00:00 AM,359,168,191
09/17/2019 08:00:00 AM,489,210,279
09/17/2019 09:00:00 AM,189,72,117
09/17/2019 10:00:00 AM,76,28,48
09/17/2019 11:00:00 AM,35,18,17
09/17/2019 12:00:00 PM,56,30,26
09/17/2019 01:00:00 PM,62,27,35
09/17/2019 02:00:00 PM,62,24,38
09/17/2019 03:00:00 PM,132,44,88
09/17/2019 04:00:00 PM,300,73,227
09/17/2019 05:00:00 PM,548,97,451
09/17/2019 06:00:00 PM,290,86,204
09/17/2019 07:00:00 PM,132,44,88
09/17/2019 08:00:00 PM,55,12,43
09/17/2019 09:00:00 PM,43,17,26
09/17/2019 10:00:00 PM,20,5,15
09/17/2019 11:00:00 PM,14,6,8
09/18/2019 12:00:00 AM,6,2,4
09/18/2019 01:00:00 AM,3,1,2
09/18/2019 02:00:00 AM,3,1,2
09/18/2019 03:00:00 AM,0,0,0
09/18/2019 04:00:00 AM,7,4,3
09/18/2019 05:00:00 AM,19,9,10
09/18/2019 06:00:00 AM,142,74,68
09/18/2019 07:00:00 AM,427,187,240
09/18/2019 08:00:00 AM,657,283,374
09/18/2019 09:00:00 AM,310,128,182
09/18/2019 10:00:00 AM,143,58,85
09/18/2019 11:00:00 AM,99,35,64
09/18/2019 12:00:00 PM,104,44,60
09/18/2019 01:00:00 PM,94,42,52
09/18/2019 02:00:00 PM,133,55,78
09/18/2019 03:00:00 PM,202,68,134
09/18/2019 04:00:00 PM,443,118,325
09/18/2019 05:00:00 PM,779,203,576
09/18/2019 06:00:00 PM,527,134,393
09/18/2019 07:00:00 PM,224,77,147
09/18/2019 08:00:00 PM,113,36,77
09/18/2019 09:00:00 PM,69,33,36
09/18/2019 10:00:00 PM,66,25,41
09/18/2019 11:00:00 PM,28,10,18
09/19/2019 12:00:00 AM,10,3,7
09/19/2019 01:00:00 AM,9,3,6
09/19/2019 02:00:00 AM,7,5,2
09/19/2019 03:00:00 AM,3,2,1
09/19/2019 04:00:00 AM,8,4,4
09/19/2019 05:00:00 AM,45,23,22
09/19/2019 06:00:00 AM,158,86,72
09/19/2019 07:00:00 AM,489,208,281
09/19/2019 08:00:00 AM,688,310,378
09/19/2019 09:00:00 AM,364,132,232
09/19/2019 10:00:00 AM,169,60,109
09/19/2019 11:00:00 AM,122,53,69
09/19/2019 12:00:00 PM,129,58,71
09/19/2019 01:00:00 PM,133,58,75
09/19/2019 02:00:00 PM,141,39,102
09/19/2019 03:00:00 PM,211,82,129
09/19/2019 04:00:00 PM,481,143,338
09/19/2019 05:00:00 PM,864,178,686
09/19/2019 06:00:00 PM,477,125,352
09/19/2019 07:00:00 PM,238,75,163
09/19/2019 08:00:00 PM,95,24,71
09/19/2019 09:00:00 PM,61,12,49
09/19/2019 10:00:00 PM,42,18,24
09/19/2019 11:00:00 PM,26,10,16
09/20/2019 12:00:00 AM,9,3,6
09/20/2019 01:00:00 AM,5,2,3
09/20/2019 02:00:00 AM,3,1,2
09/20/2019 03:00:00 AM,2,0,2
09/20/2019 04:00:00 AM,3,1,2
09/20/2019 05:00:00 AM,29,11,18
09/20/2019 06:00:00 AM,156,76,80
09/20/2019 07:00:00 AM,382,170,212
09/20/2019 08:00:00 AM,586,228,358
09/20/2019 09:00:00 AM,326,102,224
09/20/2019 10:00:00 AM,150,52,98
09/20/2019 11:00:00 AM,198,73,125
09/20/2019 12:00:00 PM,133,44,89
09/20/2019 01:00:00 PM,180,64,116
09/20/2019 02:00:00 PM,200,58,142
09/20/2019 03:00:00 PM,277,75,202
09/20/2019 04:00:00 PM,456,118,338
09/20/2019 05:00:00 PM,635,147,488
09/20/2019 06:00:00 PM,384,105,279
09/20/2019 07:00:00 PM,166,45,121
09/20/2019 08:00:00 PM,90,38,52
09/20/2019 09:00:00 PM,57,17,40
09/20/2019 10:00:00 PM,41,25,16
09/20/2019 11:00:00 PM,40,22,18
09/21/2019 12:00:00 AM,21,10,11
09/21/2019 01:00:00 AM,17,8,9
09/21/2019 02:00:00 AM,8,3,5
09/21/2019 03:00:00 AM,8,3,5
09/21/2019 04:00:00 AM,10,5,5
09/21/2019 05:00:00 AM,5,2,3
09/21/2019 06:00:00 AM,22,7,15
09/21/2019 07:00:00 AM,55,26,29
09/21/2019 08:00:00 AM,96,37,59
09/21/2019 09:00:00 AM,133,62,71
09/21/2019 10:00:00 AM,137,71,66
09/21/2019 11:00:00 AM,202,90,112
09/21/2019 12:00:00 PM,263,120,143
09/21/2019 01:00:00 PM,235,94,141
09/21/2019 02:00:00 PM,254,112,142
09/21/2019 03:00:00 PM,240,119,121
09/21/2019 04:00:00 PM,218,87,131
09/21/2019 05:00:00 PM,228,117,111
09/21/2019 06:00:00 PM,168,96,72
09/21/2019 07:00:00 PM,116,56,60
09/21/2019 08:00:00 PM,77,32,45
09/21/2019 09:00:00 PM,45,28,17
09/21/2019 10:00:00 PM,56,28,28
09/21/2019 11:00:00 PM,34,23,11
09/22/2019 12:00:00 AM,21,9,12
09/22/2019 01:00:00 AM,16,7,9
09/22/2019 02:00:00 AM,8,3,5
09/22/2019 03:00:00 AM,3,2,1
09/22/2019 04:00:00 AM,3,3,0
09/22/2019 05:00:00 AM,2,1,1
09/22/2019 06:00:00 AM,10,4,6
09/22/2019 07:00:00 AM,18,6,12
09/22/2019 08:00:00 AM,16,6,10
09/22/2019 09:00:00 AM,26,12,14
09/22/2019 10:00:00 AM,27,7,20
09/22/2019 11:00:00 AM,35,19,16
09/22/2019 12:00:00 PM,39,21,18
09/22/2019 01:00:00 PM,30,18,12
09/22/2019 02:00:00 PM,39,18,21
09/22/2019 03:00:00 PM,36,22,14
09/22/2019 04:00:00 PM,35,20,15
09/22/2019 05:00:00 PM,46,23,23
09/22/2019 06:00:00 PM,63,26,37
09/22/2019 07:00:00 PM,31,18,13
09/22/2019 08:00:00 PM,31,11,20
09/22/2019 09:00:00 PM,7,0,7
09/22/2019 10:00:00 PM,13,8,5
09/22/2019 11:00:00 PM,4,2,2
09/23/2019 12:00:00 AM,3,0,3
09/23/2019 01:00:00 AM,2,1,1
09/23/2019 02:00:00 AM,0,0,0
09/23/2019 03:00:00 AM,2,1,1
09/23/2019 04:00:00 AM,6,3,3
09/23/2019 05:00:00 AM,44,18,26
09/23/2019 06:00:00 AM,139,68,71
09/23/2019 07:00:00 AM,471,215,256
09/23/2019 08:00:00 AM,752,316,436
09/23/2019 09:00:00 AM,365,118,247
09/23/2019 10:00:00 AM,132,57,75
09/23/2019 11:00:00 AM,86,35,51
09/23/2019 12:00:00 PM,52,18,34
09/23/2019 01:00:00 PM,65,26,39
09/23/2019 02:00:00 PM,76,33,43
09/23/2019 03:00:00 PM,116,41,75
09/23/2019 04:00:00 PM,346,69,277
09/23/2019 05:00:00 PM,775,153,622
09/23/2019 06:00:00 PM,454,115,339
09/23/2019 07:00:00 PM,171,45,126
09/23/2019 08:00:00 PM,59,22,37
09/23/2019 09:00:00 PM,42,15,27
09/23/2019 10:00:00 PM,21,6,15
09/23/2019 11:00:00 PM,20,8,12
09/24/2019 12:00:00 AM,8,3,5
09/24/2019 01:00:00 AM,3,2,1
09/24/2019 02:00:00 AM,3,2,1
09/24/2019 03:00:00 AM,4,3,1
09/24/2019 04:00:00 AM,11,5,6
09/24/2019 05:00:00 AM,42,21,21
09/24/2019 06:00:00 AM,146,64,82
09/24/2019 07:00:00 AM,421,210,211
09/24/2019 08:00:00 AM,664,274,390
09/24/2019 09:00:00 AM,349,132,217
09/24/2019 10:00:00 AM,114,28,86
09/24/2019 11:00:00 AM,76,37,39
09/24/2019 12:00:00 PM,108,53,55
09/24/2019 01:00:00 PM,124,49,75
09/24/2019 02:00:00 PM,124,39,85
09/24/2019 03:00:00 PM,212,87,125
09/24/2019 04:00:00 PM,408,101,307
09/24/2019 05:00:00 PM,780,179,601
09/24/2019 06:00:00 PM,547,152,395
09/24/2019 07:00:00 PM,245,77,168
09/24/2019 08:00:00 PM,122,46,76
09/24/2019 09:00:00 PM,84,29,55
09/24/2019 10:00:00 PM,53,25,28
09/24/2019 11:00:00 PM,26,16,10
09/25/2019 12:00:00 AM,5,1,4
09/25/2019 01:00:00 AM,8,2,6
09/25/2019 02:00:00 AM,5,2,3
09/25/2019 03:00:00 AM,5,4,1
09/25/2019 04:00:00 AM,10,5,5
09/25/2019 05:00:00 AM,41,22,19
09/25/2019 06:00:00 AM,195,97,98
09/25/2019 07:00:00 AM,502,236,266
09/25/2019 08:00:00 AM,785,333,452
09/25/2019 09:00:00 AM,417,164,253
09/25/2019 10:00:00 AM,185,61,124
09/25/2019 11:00:00 AM,128,45,83
09/25/2019 12:00:00 PM,135,51,84
09/25/2019 01:00:00 PM,118,53,65
09/25/2019 02:00:00 PM,172,61,111
09/25/2019 03:00:00 PM,230,83,147
09/25/2019 04:00:00 PM,521,140,381
09/25/2019 05:00:00 PM,966,241,725
09/25/2019 06:00:00 PM,520,150,370
09/25/2019 07:00:00 PM,204,67,137
09/25/2019 08:00:00 PM,110,38,72
09/25/2019 09:00:00 PM,91,42,49
09/25/2019 10:00:00 PM,50,23,27
09/25/2019 11:00:00 PM,26,9,17
09/26/2019 12:00:00 AM,13,5,8
09/26/2019 01:00:00 AM,6,0,6
09/26/2019 02:00:00 AM,5,3,2
09/26/2019 03:00:00 AM,4,4,0
09/26/2019 04:00:00 AM,9,5,4
09/26/2019 05:00:00 AM,34,19,15
09/26/2019 06:00:00 AM,126,62,64
09/26/2019 07:00:00 AM,357,171,186
09/26/2019 08:00:00 AM,537,217,320
09/26/2019 09:00:00 AM,297,106,191
09/26/2019 10:00:00 AM,147,57,90
09/26/2019 11:00:00 AM,125,57,68
09/26/2019 12:00:00 PM,111,38,73
09/26/2019 01:00:00 PM,120,52,68
09/26/2019 02:00:00 PM,145,67,78
09/26/2019 03:00:00 PM,194,79,115
09/26/2019 04:00:00 PM,392,102,290
09/26/2019 05:00:00 PM,679,189,490
09/26/2019 06:00:00 PM,410,120,290
09/26/2019 07:00:00 PM,176,58,118
09/26/2019 08:00:00 PM,104,32,72
09/26/2019 09:00:00 PM,67,25,42
09/26/2019 10:00:00 PM,43,19,24
09/26/2019 11:00:00 PM,29,7,22
09/27/2019 12:00:00 AM,12,6,6
09/27/2019 01:00:00 AM,4,3,1
09/27/2019 02:00:00 AM,4,1,3
09/27/2019 03:00:00 AM,2,1,1
09/27/2019 04:00:00 AM,4,1,3
09/27/2019 05:00:00 AM,24,17,7
09/27/2019 06:00:00 AM,121,59,62
09/27/2019 07:00:00 AM,302,114,188
09/27/2019 08:00:00 AM,536,227,309
09/27/2019 09:00:00 AM,303,109,194
09/27/2019 10:00:00 AM,136,47,89
09/27/2019 11:00:00 AM,109,50,59
09/27/2019 12:00:00 PM,94,35,59
09/27/2019 01:00:00 PM,126,51,75
09/27/2019 02:00:00 PM,112,44,68
09/27/2019 03:00:00 PM,176,58,118
09/27/2019 04:00:00 PM,386,88,298
09/27/2019 05:00:00 PM,511,124,387
09/27/2019 06:00:00 PM,234,76,158
09/27/2019 07:00:00 PM,95,37,58
09/27/2019 08:00:00 PM,41,23,18
09/27/2019 09:00:00 PM,30,8,22
09/27/2019 10:00:00 PM,31,16,15
09/27/2019 11:00:00 PM,20,4,16
09/28/2019 12:00:00 AM,14,8,6
09/28/2019 01:00:00 AM,10,2,8
09/28/2019 02:00:00 AM,4,1,3
09/28/2019 03:00:00 AM,3,2,1
09/28/2019 04:00:00 AM,2,0,2
09/28/2019 05:00:00 AM,8,3,5
09/28/2019 06:00:00 AM,8,0,8
09/28/2019 07:00:00 AM,15,6,9
09/28/2019 08:00:00 AM,51,31,20
09/28/2019 09:00:00 AM,66,41,25
09/28/2019 10:00:00 AM,90,36,54
09/28/2019 11:00:00 AM,130,63,67
09/28/2019 12:00:00 PM,139,70,69
09/28/2019 01:00:00 PM,137,64,73
09/28/2019 02:00:00 PM,201,95,106
09/28/2019 03:00:00 PM,178,58,120
09/28/2019 04:00:00 PM,262,130,132
09/28/2019 05:00:00 PM,191,94,97
09/28/2019 06:00:00 PM,139,51,88
09/28/2019 07:00:00 PM,61,31,30
09/28/2019 08:00:00 PM,60,24,36
09/28/2019 09:00:00 PM,34,16,18
09/28/2019 10:00:00 PM,36,11,25
09/28/2019 11:00:00 PM,20,11,9
09/29/2019 12:00:00 AM,19,1,18
09/29/2019 01:00:00 AM,10,6,4
09/29/2019 02:00:00 AM,8,2,6
09/29/2019 03:00:00 AM,8,7,1
09/29/2019 04:00:00 AM,3,1,2
09/29/2019 05:00:00 AM,4,1,3
09/29/2019 06:00:00 AM,7,2,5
09/29/2019 07:00:00 AM,29,14,15
09/29/2019 08:00:00 AM,57,17,40
09/29/2019 09:00:00 AM,87,44,43
09/29/2019 10:00:00 AM,93,41,52
09/29/2019 11:00:00 AM,128,55,73
09/29/2019 12:00:00 PM,147,57,90
09/29/2019 01:00:00 PM,150,64,86
09/29/2019 02:00:00 PM,149,72,77
09/29/2019 03:00:00 PM,130,66,64
09/29/2019 04:00:00 PM,104,44,60
09/29/2019 05:00:00 PM,103,36,67
09/29/2019 06:00:00 PM,71,27,44
09/29/2019 07:00:00 PM,33,10,23
09/29/2019 08:00:00 PM,36,15,21
09/29/2019 09:00:00 PM,19,13,6
09/29/2019 10:00:00 PM,11,3,8
09/29/2019 11:00:00 PM,18,8,10
09/30/2019 12:00:00 AM,3,1,2
09/30/2019 01:00:00 AM,0,0,0
09/30/2019 02:00:00 AM,1,0,1
09/30/2019 03:00:00 AM,5,2,3
09/30/2019 04:00:00 AM,7,5,2
09/30/2019 05:00:00 AM,41,22,19
09/30/2019 06:00:00 AM,160,79,81
09/30/2019 07:00:00 AM,445,201,244
09/30/2019 08:00:00 AM,792,344,448
09/30/2019 09:00:00 AM,391,142,249
09/30/2019 10:00:00 AM,153,55,98
09/30/2019 11:00:00 AM,116,44,72
09/30/2019 12:00:00 PM,99,41,58
09/30/2019 01:00:00 PM,102,39,63
09/30/2019 02:00:00 PM,135,58,77
09/30/2019 03:00:00 PM,223,83,140
09/30/2019 04:00:00 PM,494,117,377
09/30/2019 05:00:00 PM,861,212,649
09/30/2019 06:00:00 PM,581,155,426
09/30/2019 07:00:00 PM,215,60,155
09/30/2019 08:00:00 PM,82,31,51
09/30/2019 09:00:00 PM,60,19,41
09/30/2019 10:00:00 PM,22,8,14
09/30/2019 11:00:00 PM,18,8,10
10/01/2019 12:00:00 AM,10,2,8
10/01/2019 01:00:00 AM,0,0,0
10/01/2019 02:00:00 AM,1,0,1
10/01/2019 03:00:00 AM,3,1,2
10/01/2019 04:00:00 AM,7,4,3
10/01/2019 05:00:00 AM,37,15,22
10/01/2019 06:00:00 AM,160,80,80
10/01/2019 07:00:00 AM,513,227,286
10/01/2019 08:00:00 AM,781,369,412
10/01/2019 09:00:00 AM,381,140,241
10/01/2019 10:00:00 AM,156,58,98
10/01/2019 11:00:00 AM,109,46,63
10/01/2019 12:00:00 PM,130,64,66
10/01/2019 01:00:00 PM,115,40,75
10/01/2019 02:00:00 PM,155,65,90
10/01/2019 03:00:00 PM,225,72,153
10/01/2019 04:00:00 PM,519,124,395
10/01/2019 05:00:00 PM,901,199,702
10/01/2019 06:00:00 PM,580,142,438
10/01/2019 07:00:00 PM,208,62,146
10/01/2019 08:00:00 PM,90,33,57
10/01/2019 09:00:00 PM,83,37,46
10/01/2019 10:00:00 PM,37,15,22
10/01/2019 11:00:00 PM,20,6,14
10/02/2019 12:00:00 AM,8,0,8
10/02/2019 01:00:00 AM,2,0,2
10/02/2019 02:00:00 AM,4,1,3
10/02/2019 03:00:00 AM,3,3,0
10/02/2019 04:00:00 AM,7,1,6
10/02/2019 05:00:00 AM,41,21,20
10/02/2019 06:00:00 AM,147,80,67
10/02/2019 07:00:00 AM,438,195,243
10/02/2019 08:00:00 AM,700,279,421
10/02/2019 09:00:00 AM,420,159,261
10/02/2019 10:00:00 AM,172,75,97
10/02/2019 11:00:00 AM,129,48,81
10/02/2019 12:00:00 PM,93,40,53
10/02/2019 01:00:00 PM,122,44,78
10/02/2019 02:00:00 PM,140,52,88
10/02/2019 03:00:00 PM,183,72,111
10/02/2019 04:00:00 PM,485,118,367
10/02/2019 05:00:00 PM,810,178,632
10/02/2019 06:00:00 PM,483,122,361
10/02/2019 07:00:00 PM,181,63,118
10/02/2019 08:00:00 PM,84,22,62
10/02/2019 09:00:00 PM,78,38,40
10/02/2019 10:00:00 PM,44,12,32
10/02/2019 11:00:00 PM,21,6,15
10/03/2019 12:00:00 AM,7,3,4
10/03/2019 01:00:00 AM,5,0,5
10/03/2019 02:00:00 AM,4,2,2
10/03/2019 03:00:00 AM,2,2,0
10/03/2019 04:00:00 AM,4,2,2
10/03/2019 05:00:00 AM,32,17,15
10/03/2019 06:00:00 AM,137,75,62
10/03/2019 07:00:00 AM,374,169,205
10/03/2019 08:00:00 AM,629,264,365
10/03/2019 09:00:00 AM,342,107,235
10/03/2019 10:00:00 AM,135,51,84
10/03/2019 11:00:00 AM,115,55,60
10/03/2019 12:00:00 PM,131,55,76
10/03/2019 01:00:00 PM,122,39,83
10/03/2019 02:00:00 PM,137,56,81
10/03/2019 03:00:00 PM,207,85,122
10/03/2019 04:00:00 PM,406,100,306
10/03/2019 05:00:00 PM,687,166,521
10/03/2019 06:00:00 PM,368,102,266
10/03/2019 07:00:00 PM,167,53,114
10/03/2019 08:00:00 PM,63,18,45
10/03/2019 09:00:00 PM,99,38,61
10/03/2019 10:00:00 PM,54,21,33
10/03/2019 11:00:00 PM,31,15,16
10/04/2019 12:00:00 AM,10,5,5
10/04/2019 01:00:00 AM,5,2,3
10/04/2019 02:00:00 AM,7,3,4
10/04/2019 03:00:00 AM,2,2,0
10/04/2019 04:00:00 AM,3,1,2
10/04/2019 05:00:00 AM,25,10,15
10/04/2019 06:00:00 AM,110,59,51
10/04/2019 07:00:00 AM,287,138,149
10/04/2019 08:00:00 AM,515,223,292
10/04/2019 09:00:00 AM,355,125,230
10/04/2019 10:00:00 AM,135,55,80
10/04/2019 11:00:00 AM,105,41,64
10/04/2019 12:00:00 PM,88,36,52
10/04/2019 01:00:00 PM,116,60,56
10/04/2019 02:00:00 PM,131,48,83
10/04/2019 03:00:00 PM,198,65,133
10/04/2019 04:00:00 PM,426,111,315
10/04/2019 05:00:00 PM,568,131,437
10/04/2019 06:00:00 PM,304,90,214
10/04/2019 07:00:00 PM,124,32,92
10/04/2019 08:00:00 PM,55,11,44
10/04/2019 09:00:00 PM,45,18,27
10/04/2019 10:00:00 PM,40,14,26
10/04/2019 11:00:00 PM,32,9,23
10/05/2019 12:00:00 AM,29,9,20
10/05/2019 01:00:00 AM,14,5,9
10/05/2019 02:00:00 AM,11,5,6
10/05/2019 03:00:00 AM,5,1,4
10/05/2019 04:00:00 AM,2,0,2
10/05/2019 05:00:00 AM,7,6,1
10/05/2019 06:00:00 AM,18,7,11
10/05/2019 07:00:00 AM,43,17,26
10/05/2019 08:00:00 AM,80,27,53
10/05/2019 09:00:00 AM,126,69,57
10/05/2019 10:00:00 AM,135,50,85
10/05/2019 11:00:00 AM,155,71,84
10/05/2019 12:00:00 PM,173,77,96
10/05/2019 01:00:00 PM,219,92,127
10/05/2019 02:00:00 PM,171,73,98
10/05/2019 03:00:00 PM,164,68,96
10/05/2019 04:00:00 PM,202,80,122
10/05/2019 05:00:00 PM,193,85,108
10/05/2019 06:00:00 PM,130,73,57
10/05/2019 07:00:00 PM,61,20,41
10/05/2019 08:00:00 PM,46,13,33
10/05/2019 09:00:00 PM,27,14,13
10/05/2019 10:00:00 PM,30,8,22
10/05/2019 11:00:00 PM,22,11,11
10/06/2019 12:00:00 AM,14,4,10
10/06/2019 01:00:00 AM,14,6,8
10/06/2019 02:00:00 AM,9,3,6
10/06/2019 03:00:00 AM,3,0,3
10/06/2019 04:00:00 AM,3,0,3
10/06/2019 05:00:00 AM,10,7,3
10/06/2019 06:00:00 AM,21,6,15
10/06/2019 07:00:00 AM,38,12,26
10/06/2019 08:00:00 AM,72,30,42
10/06/2019 09:00:00 AM,97,40,57
10/06/2019 10:00:00 AM,136,62,74
10/06/2019 11:00:00 AM,219,112,107
10/06/2019 12:00:00 PM,261,108,153
10/06/2019 01:00:00 PM,228,93,135
10/06/2019 02:00:00 PM,265,122,143
10/06/2019 03:00:00 PM,257,111,146
10/06/2019 04:00:00 PM,195,86,109
10/06/2019 05:00:00 PM,174,72,102
10/06/2019 06:00:00 PM,117,44,73
10/06/2019 07:00:00 PM,52,26,26
10/06/2019 08:00:00 PM,20,7,13
10/06/2019 09:00:00 PM,14,5,9
10/06/2019 10:00:00 PM,15,7,8
10/06/2019 11:00:00 PM,7,1,6
10/07/2019 12:00:00 AM,4,1,3
10/07/2019 01:00:00 AM,4,1,3
10/07/2019 02:00:00 AM,1,1,0
10/07/2019 03:00:00 AM,3,1,2
10/07/2019 04:00:00 AM,9,5,4
10/07/2019 05:00:00 AM,40,23,17
10/07/2019 06:00:00 AM,123,67,56
10/07/2019 07:00:00 AM,400,191,209
10/07/2019 08:00:00 AM,650,288,362
10/07/2019 09:00:00 AM,313,112,201
10/07/2019 10:00:00 AM,128,41,87
10/07/2019 11:00:00 AM,70,27,43
10/07/2019 12:00:00 PM,86,40,46
10/07/2019 01:00:00 PM,62,28,34
10/07/2019 02:00:00 PM,108,46,62
10/07/2019 03:00:00 PM,127,36,91
10/07/2019 04:00:00 PM,382,81,301
10/07/2019 05:00:00 PM,675,161,514
10/07/2019 06:00:00 PM,401,115,286
10/07/2019 07:00:00 PM,157,55,102
10/07/2019 08:00:00 PM,78,29,49
10/07/2019 09:00:00 PM,43,18,25
10/07/2019 10:00:00 PM,23,6,17
10/07/2019 11:00:00 PM,17,7,10
10/08/2019 12:00:00 AM,4,1,3
10/08/2019 01:00:00 AM,5,0,5
10/08/2019 02:00:00 AM,2,0,2
10/08/2019 03:00:00 AM,2,1,1
10/08/2019 04:00:00 AM,6,4,2
10/08/2019 05:00:00 AM,33,20,13
10/08/2019 06:00:00 AM,154,85,69
10/08/2019 07:00:00 AM,432,202,230
10/08/2019 08:00:00 AM,616,278,338
10/08/2019 09:00:00 AM,244,87,157
10/08/2019 10:00:00 AM,108,39,69
10/08/2019 11:00:00 AM,63,22,41
10/08/2019 12:00:00 PM,51,23,28
10/08/2019 01:00:00 PM,56,18,38
10/08/2019 02:00:00 PM,82,30,52
10/08/2019 03:00:00 PM,115,36,79
10/08/2019 04:00:00 PM,339,89,250
10/08/2019 05:00:00 PM,670,139,531
10/08/2019 06:00:00 PM,412,116,296
10/08/2019 07:00:00 PM,152,43,109
10/08/2019 08:00:00 PM,74,19,55
10/08/2019 09:00:00 PM,48,15,33
10/08/2019 10:00:00 PM,25,10,15
10/08/2019 11:00:00 PM,14,6,8
10/09/2019 12:00:00 AM,6,1,5
10/09/2019 01:00:00 AM,6,3,3
10/09/2019 02:00:00 AM,2,1,1
10/09/2019 03:00:00 AM,3,2,1
10/09/2019 04:00:00 AM,9,6,3
10/09/2019 05:00:00 AM,42,20,22
10/09/2019 06:00:00 AM,158,83,75
10/09/2019 07:00:00 AM,421,192,229
10/09/2019 08:00:00 AM,630,285,345
10/09/2019 09:00:00 AM,355,123,232
10/09/2019 10:00:00 AM,158,58,100
10/09/2019 11:00:00 AM,95,38,57
10/09/2019 12:00:00 PM,113,40,73
10/09/2019 01:00:00 PM,96,37,59
10/09/2019 02:00:00 PM,141,61,80
10/09/2019 03:00:00 PM,177,67,110
10/09/2019 04:00:00 PM,438,112,326
10/09/2019 05:00:00 PM,759,170,589
10/09/2019 06:00:00 PM,489,152,337
10/09/2019 07:00:00 PM,170,41,129
10/09/2019 08:00:00 PM,96,36,60
10/09/2019 09:00:00 PM,64,22,42
10/09/2019 10:00:00 PM,33,15,18
10/09/2019 11:00:00 PM,14,4,10
10/10/2019 12:00:00 AM,5,2,3
10/10/2019 01:00:00 AM,4,1,3
10/10/2019 02:00:00 AM,1,0,1
10/10/2019 03:00:00 AM,2,2,0
10/10/2019 04:00:00 AM,6,4,2
10/10/2019 05:00:00 AM,45,26,19
10/10/2019 06:00:00 AM,121,74,47
10/10/2019 07:00:00 AM,377,173,204
10/10/2019 08:00:00 AM,587,258,329
10/10/2019 09:00:00 AM,360,118,242
10/10/2019 10:00:00 AM,131,45,86
10/10/2019 11:00:00 AM,109,58,51
10/10/2019 12:00:00 PM,98,37,61
10/10/2019 01:00:00 PM,140,57,83
10/10/2019 02:00:00 PM,109,40,69
10/10/2019 03:00:00 PM,181,63,118
10/10/2019 04:00:00 PM,422,120,302
10/10/2019 05:00:00 PM,691,163,528
10/10/2019 06:00:00 PM,454,130,324
10/10/2019 07:00:00 PM,155,50,105
10/10/2019 08:00:00 PM,82,31,51
10/10/2019 09:00:00 PM,53,16,37
10/10/2019 10:00:00 PM,34,12,22
10/10/2019 11:00:00 PM,26,6,20
10/11/2019 12:00:00 AM,18,11,7
10/11/2019 01:00:00 AM,1,0,1
10/11/2019 02:00:00 AM,0,0,0
10/11/2019 03:00:00 AM,10,9,1
10/11/2019 04:00:00 AM,3,0,3
10/11/2019 05:00:00 AM,24,12,12
10/11/2019 06:00:00 AM,117,51,66
10/11/2019 07:00:00 AM,340,146,194
10/11/2019 08:00:00 AM,505,201,304
10/11/2019 09:00:00 AM,329,119,210
10/11/2019 10:00:00 AM,132,61,71
10/11/2019 11:00:00 AM,120,59,61
10/11/2019 12:00:00 PM,143,45,98
10/11/2019 01:00:00 PM,166,51,115
10/11/2019 02:00:00 PM,180,65,115
10/11/2019 03:00:00 PM,262,106,156
10/11/2019 04:00:00 PM,443,128,315
10/11/2019 05:00:00 PM,637,156,481
10/11/2019 06:00:00 PM,316,99,217
10/11/2019 07:00:00 PM,132,50,82
10/11/2019 08:00:00 PM,67,26,41
10/11/2019 09:00:00 PM,44,18,26
10/11/2019 10:00:00 PM,26,7,19
10/11/2019 11:00:00 PM,29,8,21
10/12/2019 12:00:00 AM,21,8,13
10/12/2019 01:00:00 AM,9,6,3
10/12/2019 02:00:00 AM,5,0,5
10/12/2019 03:00:00 AM,5,4,1
10/12/2019 04:00:00 AM,1,0,1
10/12/2019 05:00:00 AM,3,3,0
10/12/2019 06:00:00 AM,19,7,12
10/12/2019 07:00:00 AM,30,13,17
10/12/2019 08:00:00 AM,56,19,37
10/12/2019 09:00:00 AM,80,34,46
10/12/2019 10:00:00 AM,108,56,52
10/12/2019 11:00:00 AM,128,46,82
10/12/2019 12:00:00 PM,129,53,76
10/12/2019 01:00:00 PM,167,80,87
10/12/2019 02:00:00 PM,150,66,84
10/12/2019 03:00:00 PM,151,54,97
10/12/2019 04:00:00 PM,153,68,85
10/12/2019 05:00:00 PM,138,60,78
10/12/2019 06:00:00 PM,78,29,49
10/12/2019 07:00:00 PM,44,16,28
10/12/2019 08:00:00 PM,30,10,20
10/12/2019 09:00:00 PM,21,12,9
10/12/2019 10:00:00 PM,14,4,10
10/12/2019 11:00:00 PM,35,18,17
10/13/2019 12:00:00 AM,22,5,17
10/13/2019 01:00:00 AM,7,0,7
10/13/2019 02:00:00 AM,2,0,2
10/13/2019 03:00:00 AM,3,1,2
10/13/2019 04:00:00 AM,10,1,9
10/13/2019 05:00:00 AM,2,0,2
10/13/2019 06:00:00 AM,15,4,11
10/13/2019 07:00:00 AM,26,14,12
10/13/2019 08:00:00 AM,62,30,32
10/13/2019 09:00:00 AM,85,39,46
10/13/2019 10:00:00 AM,89,38,51
10/13/2019 11:00:00 AM,133,56,77
10/13/2019 12:00:00 PM,119,57,62
10/13/2019 01:00:00 PM,156,75,81
10/13/2019 02:00:00 PM,164,88,76
10/13/2019 03:00:00 PM,209,96,113
10/13/2019 04:00:00 PM,166,76,90
10/13/2019 05:00:00 PM,121,56,65
10/13/2019 06:00:00 PM,84,42,42
10/13/2019 07:00:00 PM,41,22,19
10/13/2019 08:00:00 PM,29,11,18
10/13/2019 09:00:00 PM,20,9,11
10/13/2019 10:00:00 PM,19,8,11
10/13/2019 11:00:00 PM,13,3,10
10/14/2019 12:00:00 AM,9,4,5
10/14/2019 01:00:00 AM,4,2,2
10/14/2019 02:00:00 AM,3,2,1
10/14/2019 03:00:00 AM,1,0,1
10/14/2019 04:00:00 AM,4,2,2
10/14/2019 05:00:00 AM,26,14,12
10/14/2019 06:00:00 AM,141,63,78
10/14/2019 07:00:00 AM,415,189,226
10/14/2019 08:00:00 AM,743,314,429
10/14/2019 09:00:00 AM,376,141,235
10/14/2019 10:00:00 AM,147,64,83
10/14/2019 11:00:00 AM,104,58,46
10/14/2019 12:00:00 PM,100,49,51
10/14/2019 01:00:00 PM,114,42,72
10/14/2019 02:00:00 PM,143,56,87
10/14/2019 03:00:00 PM,195,73,122
10/14/2019 04:00:00 PM,472,151,321
10/14/2019 05:00:00 PM,807,177,630
10/14/2019 06:00:00 PM,525,151,374
10/14/2019 07:00:00 PM,186,76,110
10/14/2019 08:00:00 PM,77,31,46
10/14/2019 09:00:00 PM,53,20,33
10/14/2019 10:00:00 PM,21,6,15
10/14/2019 11:00:00 PM,18,7,11
10/15/2019 12:00:00 AM,10,4,6
10/15/2019 01:00:00 AM,7,3,4
10/15/2019 02:00:00 AM,5,4,1
10/15/2019 03:00:00 AM,3,2,1
10/15/2019 04:00:00 AM,7,3,4
10/15/2019 05:00:00 AM,33,16,17
10/15/2019 06:00:00 AM,157,82,75
10/15/2019 07:00:00 AM,459,205,254
10/15/2019 08:00:00 AM,731,339,392
10/15/2019 09:00:00 AM,356,128,228
10/15/2019 10:00:00 AM,151,45,106
10/15/2019 11:00:00 AM,119,40,79
10/15/2019 12:00:00 PM,68,22,46
10/15/2019 01:00:00 PM,113,47,66
10/15/2019 02:00:00 PM,115,39,76
10/15/2019 03:00:00 PM,178,68,110
10/15/2019 04:00:00 PM,448,122,326
10/15/2019 05:00:00 PM,849,192,657
10/15/2019 06:00:00 PM,473,116,357
10/15/2019 07:00:00 PM,175,56,119
10/15/2019 08:00:00 PM,84,24,60
10/15/2019 09:00:00 PM,54,17,37
10/15/2019 10:00:00 PM,33,14,19
10/15/2019 11:00:00 PM,20,8,12
10/16/2019 12:00:00 AM,4,0,4
10/16/2019 01:00:00 AM,6,1,5
10/16/2019 02:00:00 AM,2,1,1
10/16/2019 03:00:00 AM,6,2,4
10/16/2019 04:00:00 AM,3,2,1
10/16/2019 05:00:00 AM,26,14,12
10/16/2019 06:00:00 AM,101,59,42
10/16/2019 07:00:00 AM,290,129,161
10/16/2019 08:00:00 AM,441,198,243
10/16/2019 09:00:00 AM,259,107,152
10/16/2019 10:00:00 AM,89,22,67
10/16/2019 11:00:00 AM,51,22,29
10/16/2019 12:00:00 PM,61,25,36
10/16/2019 01:00:00 PM,50,18,32
10/16/2019 02:00:00 PM,66,22,44
10/16/2019 03:00:00 PM,120,28,92
10/16/2019 04:00:00 PM,279,79,200
10/16/2019 05:00:00 PM,474,106,368
10/16/2019 06:00:00 PM,274,58,216
10/16/2019 07:00:00 PM,122,28,94
10/16/2019 08:00:00 PM,67,20,47
10/16/2019 09:00:00 PM,31,14,17
10/16/2019 10:00:00 PM,24,5,19
10/16/2019 11:00:00 PM,16,2,14
10/17/2019 12:00:00 AM,6,3,3
10/17/2019 01:00:00 AM,3,0,3
10/17/2019 02:00:00 AM,1,0,1
10/17/2019 03:00:00 AM,4,4,0
10/17/2019 04:00:00 AM,9,6,3
10/17/2019 05:00:00 AM,28,12,16
10/17/2019 06:00:00 AM,90,49,41
10/17/2019 07:00:00 AM,302,132,170
10/17/2019 08:00:00 AM,472,211,261
10/17/2019 09:00:00 AM,254,104,150
10/17/2019 10:00:00 AM,86,27,59
10/17/2019 11:00:00 AM,70,30,40
10/17/2019 12:00:00 PM,69,33,36
10/17/2019 01:00:00 PM,69,30,39
10/17/2019 02:00:00 PM,76,25,51
10/17/2019 03:00:00 PM,113,35,78
10/17/2019 04:00:00 PM,274,64,210
10/17/2019 05:00:00 PM,478,110,368
10/17/2019 06:00:00 PM,300,60,240
10/17/2019 07:00:00 PM,111,29,82
10/17/2019 08:00:00 PM,61,19,42
10/17/2019 09:00:00 PM,47,21,26
10/17/2019 10:00:00 PM,25,12,13
10/17/2019 11:00:00 PM,20,4,16
10/18/2019 12:00:00 AM,8,0,8
10/18/2019 01:00:00 AM,5,2,3
10/18/2019 02:00:00 AM,5,4,1
10/18/2019 03:00:00 AM,3,0,3
10/18/2019 04:00:00 AM,7,3,4
10/18/2019 05:00:00 AM,24,17,7
10/18/2019 06:00:00 AM,107,44,63
10/18/2019 07:00:00 AM,261,111,150
10/18/2019 08:00:00 AM,452,191,261
10/18/2019 09:00:00 AM,244,91,153
10/18/2019 10:00:00 AM,92,37,55
10/18/2019 11:00:00 AM,74,32,42
10/18/2019 12:00:00 PM,63,25,38
10/18/2019 01:00:00 PM,70,24,46
10/18/2019 02:00:00 PM,77,26,51
10/18/2019 03:00:00 PM,148,43,105
10/18/2019 04:00:00 PM,276,63,213
10/18/2019 05:00:00 PM,406,90,316
10/18/2019 06:00:00 PM,212,56,156
10/18/2019 07:00:00 PM,81,22,59
10/18/2019 08:00:00 PM,32,6,26
10/18/2019 09:00:00 PM,31,9,22
10/18/2019 10:00:00 PM,16,11,5
10/18/2019 11:00:00 PM,20,7,13
10/19/2019 12:00:00 AM,10,6,4
10/19/2019 01:00:00 AM,7,4,3
10/19/2019 02:00:00 AM,3,3,0
10/19/2019 03:00:00 AM,1,0,1
10/19/2019 04:00:00 AM,1,1,0
10/19/2019 05:00:00 AM,0,0,0
10/19/2019 06:00:00 AM,8,2,6
10/19/2019 07:00:00 AM,16,8,8
10/19/2019 08:00:00 AM,36,15,21
10/19/2019 09:00:00 AM,39,13,26
10/19/2019 10:00:00 AM,51,13,38
10/19/2019 11:00:00 AM,52,31,21
10/19/2019 12:00:00 PM,40,23,17
10/19/2019 01:00:00 PM,50,18,32
10/19/2019 02:00:00 PM,60,14,46
10/19/2019 03:00:00 PM,86,35,51
10/19/2019 04:00:00 PM,108,64,44
10/19/2019 05:00:00 PM,81,37,44
10/19/2019 06:00:00 PM,65,28,37
10/19/2019 07:00:00 PM,33,10,23
10/19/2019 08:00:00 PM,30,16,14
10/19/2019 09:00:00 PM,19,9,10
10/19/2019 10:00:00 PM,15,7,8
10/19/2019 11:00:00 PM,15,5,10
10/20/2019 12:00:00 AM,17,5,12
10/20/2019 01:00:00 AM,10,2,8
10/20/2019 02:00:00 AM,10,4,6
10/20/2019 03:00:00 AM,0,0,0
10/20/2019 04:00:00 AM,3,0,3
10/20/2019 05:00:00 AM,3,1,2
10/20/2019 06:00:00 AM,8,3,5
10/20/2019 07:00:00 AM,24,8,16
10/20/2019 08:00:00 AM,32,18,14
10/20/2019 09:00:00 AM,50,29,21
10/20/2019 10:00:00 AM,55,28,27
10/20/2019 11:00:00 AM,63,32,31
10/20/2019 12:00:00 PM,70,39,31
10/20/2019 01:00:00 PM,54,20,34
10/20/2019 02:00:00 PM,29,18,11
10/20/2019 03:00:00 PM,35,15,20
10/20/2019 04:00:00 PM,36,14,22
10/20/2019 05:00:00 PM,49,19,30
10/20/2019 06:00:00 PM,31,12,19
10/20/2019 07:00:00 PM,14,7,7
10/20/2019 08:00:00 PM,12,4,8
10/20/2019 09:00:00 PM,10,6,4
10/20/2019 10:00:00 PM,7,2,5
10/20/2019 11:00:00 PM,8,3,5
10/21/2019 12:00:00 AM,5,2,3
10/21/2019 01:00:00 AM,0,0,0
10/21/2019 02:00:00 AM,0,0,0
10/21/2019 03:00:00 AM,3,1,2
10/21/2019 04:00:00 AM,7,3,4
10/21/2019 05:00:00 AM,30,16,14
10/21/2019 06:00:00 AM,119,59,60
10/21/2019 07:00:00 AM,343,167,176
10/21/2019 08:00:00 AM,569,272,297
10/21/2019 09:00:00 AM,287,109,178
10/21/2019 10:00:00 AM,92,33,59
10/21/2019 11:00:00 AM,52,23,29
10/21/2019 12:00:00 PM,56,26,30
10/21/2019 01:00:00 PM,44,18,26
10/21/2019 02:00:00 PM,62,25,37
10/21/2019 03:00:00 PM,106,21,85
10/21/2019 04:00:00 PM,294,59,235
10/21/2019 05:00:00 PM,572,131,441
10/21/2019 06:00:00 PM,300,73,227
10/21/2019 07:00:00 PM,118,27,91
10/21/2019 08:00:00 PM,44,8,36
10/21/2019 09:00:00 PM,30,12,18
10/21/2019 10:00:00 PM,9,2,7
10/21/2019 11:00:00 PM,8,1,7
10/22/2019 12:00:00 AM,4,2,2
10/22/2019 01:00:00 AM,5,4,1
10/22/2019 02:00:00 AM,2,1,1
10/22/2019 03:00:00 AM,5,4,1
10/22/2019 04:00:00 AM,6,2,4
10/22/2019 05:00:00 AM,20,11,9
10/22/2019 06:00:00 AM,113,66,47
10/22/2019 07:00:00 AM,377,175,202
10/22/2019 08:00:00 AM,577,252,325
10/22/2019 09:00:00 AM,332,126,206
10/22/2019 10:00:00 AM,123,40,83
10/22/2019 11:00:00 AM,81,34,47
10/22/2019 12:00:00 PM,67,31,36
10/22/2019 01:00:00 PM,72,21,51
10/22/2019 02:00:00 PM,76,27,49
10/22/2019 03:00:00 PM,136,43,93
10/22/2019 04:00:00 PM,332,78,254
10/22/2019 05:00:00 PM,686,150,536
10/22/2019 06:00:00 PM,397,88,309
10/22/2019 07:00:00 PM,146,36,110
10/22/2019 08:00:00 PM,61,20,41
10/22/2019 09:00:00 PM,51,12,39
10/22/2019 10:00:00 PM,33,13,20
10/22/2019 11:00:00 PM,21,8,13
10/23/2019 12:00:00 AM,9,1,8
10/23/2019 01:00:00 AM,3,2,1
10/23/2019 02:00:00 AM,3,3,0
10/23/2019 03:00:00 AM,5,3,2
10/23/2019 04:00:00 AM,14,6,8
10/23/2019 05:00:00 AM,41,19,22
10/23/2019 06:00:00 AM,142,68,74
10/23/2019 07:00:00 AM,407,180,227
10/23/2019 08:00:00 AM,709,302,407
10/23/2019 09:00:00 AM,363,149,214
10/23/2019 10:00:00 AM,143,44,99
10/23/2019 11:00:00 AM,114,44,70
10/23/2019 12:00:00 PM,90,31,59
10/23/2019 01:00:00 PM,143,59,84
10/23/2019 02:00:00 PM,153,58,95
10/23/2019 03:00:00 PM,208,81,127
10/23/2019 04:00:00 PM,468,125,343
10/23/2019 05:00:00 PM,798,188,610
10/23/2019 06:00:00 PM,427,100,327
10/23/2019 07:00:00 PM,160,36,124
10/23/2019 08:00:00 PM,90,19,71
10/23/2019 09:00:00 PM,83,21,62
10/23/2019 10:00:00 PM,41,19,22
10/23/2019 11:00:00 PM,21,4,17
10/24/2019 12:00:00 AM,6,0,6
10/24/2019 01:00:00 AM,2,1,1
10/24/2019 02:00:00 AM,1,0,1
10/24/2019 03:00:00 AM,2,2,0
10/24/2019 04:00:00 AM,11,9,2
10/24/2019 05:00:00 AM,43,17,26
10/24/2019 06:00:00 AM,144,68,76
10/24/2019 07:00:00 AM,411,179,232
10/24/2019 08:00:00 AM,690,292,398
10/24/2019 09:00:00 AM,348,127,221
10/24/2019 10:00:00 AM,163,73,90
10/24/2019 11:00:00 AM,103,42,61
10/24/2019 12:00:00 PM,131,53,78
10/24/2019 01:00:00 PM,147,61,86
10/24/2019 02:00:00 PM,127,53,74
10/24/2019 03:00:00 PM,202,56,146
10/24/2019 04:00:00 PM,454,109,345
10/24/2019 05:00:00 PM,796,199,597
10/24/2019 06:00:00 PM,488,136,352
10/24/2019 07:00:00 PM,195,61,134
10/24/2019 08:00:00 PM,78,21,57
10/24/2019 09:00:00 PM,55,24,31
10/24/2019 10:00:00 PM,38,14,24
10/24/2019 11:00:00 PM,32,14,18
10/25/2019 12:00:00 AM,14,4,10
10/25/2019 01:00:00 AM,4,3,1
10/25/2019 02:00:00 AM,0,0,0
10/25/2019 03:00:00 AM,2,1,1
10/25/2019 04:00:00 AM,10,5,5
10/25/2019 05:00:00 AM,28,16,12
10/25/2019 06:00:00 AM,123,53,70
10/25/2019 07:00:00 AM,335,159,176
10/25/2019 08:00:00 AM,563,236,327
10/25/2019 09:00:00 AM,305,118,187
10/25/2019 10:00:00 AM,124,44,80
10/25/2019 11:00:00 AM,71,30,41
10/25/2019 12:00:00 PM,49,21,28
10/25/2019 01:00:00 PM,76,30,46
10/25/2019 02:00:00 PM,83,25,58
10/25/2019 03:00:00 PM,165,46,119
10/25/2019 04:00:00 PM,366,72,294
10/25/2019 05:00:00 PM,580,113,467
10/25/2019 06:00:00 PM,303,100,203
10/25/2019 07:00:00 PM,117,27,90
10/25/2019 08:00:00 PM,51,14,37
10/25/2019 09:00:00 PM,35,16,19
10/25/2019 10:00:00 PM,27,8,19
10/25/2019 11:00:00 PM,22,10,12
10/26/2019 12:00:00 AM,16,4,12
10/26/2019 01:00:00 AM,4,2,2
10/26/2019 02:00:00 AM,5,2,3
10/26/2019 03:00:00 AM,1,0,1
10/26/2019 04:00:00 AM,8,1,7
10/26/2019 05:00:00 AM,9,4,5
10/26/2019 06:00:00 AM,16,7,9
10/26/2019 07:00:00 AM,32,11,21
10/26/2019 08:00:00 AM,57,14,43
10/26/2019 09:00:00 AM,103,56,47
10/26/2019 10:00:00 AM,85,33,52
10/26/2019 11:00:00 AM,92,47,45
10/26/2019 12:00:00 PM,113,56,57
10/26/2019 01:00:00 PM,144,70,74
10/26/2019 02:00:00 PM,145,58,87
10/26/2019 03:00:00 PM,154,66,88
10/26/2019 04:00:00 PM,174,80,94
10/26/2019 05:00:00 PM,122,45,77
10/26/2019 06:00:00 PM,70,33,37
10/26/2019 07:00:00 PM,24,15,9
10/26/2019 08:00:00 PM,25,11,14
10/26/2019 09:00:00 PM,20,7,13
10/26/2019 10:00:00 PM,19,9,10
10/26/2019 11:00:00 PM,20,8,12
10/27/2019 12:00:00 AM,11,2,9
10/27/2019 01:00:00 AM,11,6,5
10/27/2019 02:00:00 AM,12,3,9
10/27/2019 03:00:00 AM,5,4,1
10/27/2019 04:00:00 AM,0,0,0
10/27/2019 05:00:00 AM,3,2,1
10/27/2019 06:00:00 AM,14,7,7
10/27/2019 07:00:00 AM,32,16,16
10/27/2019 08:00:00 AM,43,22,21
10/27/2019 09:00:00 AM,62,28,34
10/27/2019 10:00:00 AM,95,53,42
10/27/2019 11:00:00 AM,126,60,66
10/27/2019 12:00:00 PM,162,58,104
10/27/2019 01:00:00 PM,162,91,71
10/27/2019 02:00:00 PM,258,120,138
10/27/2019 03:00:00 PM,225,105,120
10/27/2019 04:00:00 PM,230,94,136
10/27/2019 05:00:00 PM,132,53,79
10/27/2019 06:00:00 PM,70,25,45
10/27/2019 07:00:00 PM,31,14,17
10/27/2019 08:00:00 PM,28,10,18
10/27/2019 09:00:00 PM,17,8,9
10/27/2019 10:00:00 PM,14,7,7
10/27/2019 11:00:00 PM,12,6,6
10/28/2019 12:00:00 AM,5,2,3
10/28/2019 01:00:00 AM,0,0,0
10/28/2019 02:00:00 AM,0,0,0
10/28/2019 03:00:00 AM,5,1,4
10/28/2019 04:00:00 AM,6,2,4
10/28/2019 05:00:00 AM,37,22,15
10/28/2019 06:00:00 AM,138,62,76
10/28/2019 07:00:00 AM,410,193,217
10/28/2019 08:00:00 AM,683,309,374
10/28/2019 09:00:00 AM,350,139,211
10/28/2019 10:00:00 AM,142,62,80
10/28/2019 11:00:00 AM,74,32,42
10/28/2019 12:00:00 PM,104,41,63
10/28/2019 01:00:00 PM,79,33,46
10/28/2019 02:00:00 PM,114,44,70
10/28/2019 03:00:00 PM,172,61,111
10/28/2019 04:00:00 PM,448,99,349
10/28/2019 05:00:00 PM,827,175,652
10/28/2019 06:00:00 PM,416,113,303
10/28/2019 07:00:00 PM,171,43,128
10/28/2019 08:00:00 PM,65,21,44
10/28/2019 09:00:00 PM,36,9,27
10/28/2019 10:00:00 PM,28,10,18
10/28/2019 11:00:00 PM,12,6,6
10/29/2019 12:00:00 AM,3,1,2
10/29/2019 01:00:00 AM,7,1,6
10/29/2019 02:00:00 AM,0,0,0
10/29/2019 03:00:00 AM,3,2,1
10/29/2019 04:00:00 AM,12,4,8
10/29/2019 05:00:00 AM,35,19,16
10/29/2019 06:00:00 AM,139,62,77
10/29/2019 07:00:00 AM,409,194,215
10/29/2019 08:00:00 AM,570,242,328
10/29/2019 09:00:00 AM,346,139,207
10/29/2019 10:00:00 AM,153,61,92
10/29/2019 11:00:00 AM,97,46,51
10/29/2019 12:00:00 PM,103,40,63
10/29/2019 01:00:00 PM,103,40,63
10/29/2019 02:00:00 PM,132,54,78
10/29/2019 03:00:00 PM,211,65,146
10/29/2019 04:00:00 PM,435,103,332
10/29/2019 05:00:00 PM,751,173,578
10/29/2019 06:00:00 PM,463,96,367
10/29/2019 07:00:00 PM,170,41,129
10/29/2019 08:00:00 PM,85,19,66
10/29/2019 09:00:00 PM,57,22,35
10/29/2019 10:00:00 PM,27,6,21
10/29/2019 11:00:00 PM,12,7,5
10/30/2019 12:00:00 AM,5,2,3
10/30/2019 01:00:00 AM,4,4,0
10/30/2019 02:00:00 AM,1,0,1
10/30/2019 03:00:00 AM,1,0,1
10/30/2019 04:00:00 AM,7,3,4
10/30/2019 05:00:00 AM,33,17,16
10/30/2019 06:00:00 AM,131,57,74
10/30/2019 07:00:00 AM,401,170,231
10/30/2019 08:00:00 AM,616,258,358
10/30/2019 09:00:00 AM,342,149,193
10/30/2019 10:00:00 AM,110,41,69
10/30/2019 11:00:00 AM,108,41,67
10/30/2019 12:00:00 PM,114,41,73
10/30/2019 01:00:00 PM,84,36,48
10/30/2019 02:00:00 PM,117,45,72
10/30/2019 03:00:00 PM,202,68,134
10/30/2019 04:00:00 PM,363,92,271
10/30/2019 05:00:00 PM,707,167,540
10/30/2019 06:00:00 PM,441,118,323
10/30/2019 07:00:00 PM,142,42,100
10/30/2019 08:00:00 PM,62,27,35
10/30/2019 09:00:00 PM,59,13,46
10/30/2019 10:00:00 PM,27,12,15
10/30/2019 11:00:00 PM,17,4,13
10/31/2019 12:00:00 AM,5,2,3
10/31/2019 01:00:00 AM,3,0,3
10/31/2019 02:00:00 AM,2,0,2
10/31/2019 03:00:00 AM,5,3,2
10/31/2019 04:00:00 AM,13,5,8
10/31/2019 05:00:00 AM,31,18,13
10/31/2019 06:00:00 AM,110,57,53
10/31/2019 07:00:00 AM,348,149,199
10/31/2019 08:00:00 AM,575,228,347
10/31/2019 09:00:00 AM,314,122,192
10/31/2019 10:00:00 AM,157,58,99
10/31/2019 11:00:00 AM,102,46,56
10/31/2019 12:00:00 PM,99,48,51
10/31/2019 01:00:00 PM,97,38,59
10/31/2019 02:00:00 PM,120,38,82
10/31/2019 03:00:00 PM,199,56,143
10/31/2019 04:00:00 PM,496,94,402
10/31/2019 05:00:00 PM,592,124,468
10/31/2019 06:00:00 PM,305,77,228
10/31/2019 07:00:00 PM,111,44,67
10/31/2019 08:00:00 PM,52,17,35
10/31/2019 09:00:00 PM,41,16,25
10/31/2019 10:00:00 PM,32,14,18
10/31/2019 11:00:00 PM,18,6,12
11/01/2019 12:00:00 AM,12,7,5
11/01/2019 01:00:00 AM,7,0,7
11/01/2019 02:00:00 AM,1,0,1
11/01/2019 03:00:00 AM,6,6,0
11/01/2019 04:00:00 AM,6,5,1
11/01/2019 05:00:00 AM,20,9,11
11/01/2019 06:00:00 AM,97,43,54
11/01/2019 07:00:00 AM,299,120,179
11/01/2019 08:00:00 AM,583,261,322
11/01/2019 09:00:00 AM,332,130,202
11/01/2019 10:00:00 AM,124,56,68
11/01/2019 11:00:00 AM,94,46,48
11/01/2019 12:00:00 PM,104,40,64
11/01/2019 01:00:00 PM,110,46,64
11/01/2019 02:00:00 PM,131,46,85
11/01/2019 03:00:00 PM,214,55,159
11/01/2019 04:00:00 PM,420,92,328
11/01/2019 05:00:00 PM,637,137,500
11/01/2019 06:00:00 PM,320,84,236
11/01/2019 07:00:00 PM,115,38,77
11/01/2019 08:00:00 PM,43,21,22
11/01/2019 09:00:00 PM,35,9,26
11/01/2019 10:00:00 PM,31,19,12
11/01/2019 11:00:00 PM,21,6,15
11/02/2019 12:00:00 AM,21,11,10
11/02/2019 01:00:00 AM,7,1,6
11/02/2019 02:00:00 AM,1,0,1
11/02/2019 03:00:00 AM,8,5,3
11/02/2019 04:00:00 AM,3,1,2
11/02/2019 05:00:00 AM,7,5,2
11/02/2019 06:00:00 AM,9,2,7
11/02/2019 07:00:00 AM,27,5,22
11/02/2019 08:00:00 AM,56,27,29
11/02/2019 09:00:00 AM,74,39,35
11/02/2019 10:00:00 AM,101,51,50
11/02/2019 11:00:00 AM,188,98,90
11/02/2019 12:00:00 PM,199,96,103
11/02/2019 01:00:00 PM,177,75,102
11/02/2019 02:00:00 PM,206,86,120
11/02/2019 03:00:00 PM,203,109,94
11/02/2019 04:00:00 PM,218,111,107
11/02/2019 05:00:00 PM,182,96,86
11/02/2019 06:00:00 PM,113,47,66
11/02/2019 07:00:00 PM,62,21,41
11/02/2019 08:00:00 PM,35,18,17
11/02/2019 09:00:00 PM,22,8,14
11/02/2019 10:00:00 PM,18,11,7
11/02/2019 11:00:00 PM,27,12,15
11/03/2019 12:00:00 AM,11,1,10
11/03/2019 01:00:00 AM,2,0,2
11/03/2019 02:00:00 AM,3,1,2
11/03/2019 03:00:00 AM,2,0,2
11/03/2019 04:00:00 AM,5,1,4
11/03/2019 05:00:00 AM,3,0,3
11/03/2019 06:00:00 AM,19,7,12
11/03/2019 07:00:00 AM,26,12,14
11/03/2019 08:00:00 AM,64,26,38
11/03/2019 09:00:00 AM,101,36,65
11/03/2019 10:00:00 AM,139,64,75
11/03/2019 11:00:00 AM,189,91,98
11/03/2019 12:00:00 PM,193,92,101
11/03/2019 01:00:00 PM,195,91,104
11/03/2019 02:00:00 PM,206,97,109
11/03/2019 03:00:00 PM,179,80,99
11/03/2019 04:00:00 PM,127,58,69
11/03/2019 05:00:00 PM,92,44,48
11/03/2019 06:00:00 PM,66,30,36
11/03/2019 07:00:00 PM,39,11,28
11/03/2019 08:00:00 PM,24,12,12
11/03/2019 09:00:00 PM,20,10,10
11/03/2019 10:00:00 PM,17,4,13
11/03/2019 11:00:00 PM,13,3,10
11/04/2019 12:00:00 AM,2,0,2
11/04/2019 01:00:00 AM,3,3,0
11/04/2019 02:00:00 AM,0,0,0
11/04/2019 03:00:00 AM,1,1,0
11/04/2019 04:00:00 AM,0,0,0
11/04/2019 05:00:00 AM,31,12,19
11/04/2019 06:00:00 AM,174,96,78
11/04/2019 07:00:00 AM,566,258,308
11/04/2019 08:00:00 AM,754,322,432
11/04/2019 09:00:00 AM,341,141,200
11/04/2019 10:00:00 AM,152,55,97
11/04/2019 11:00:00 AM,97,32,65
11/04/2019 12:00:00 PM,83,45,38
11/04/2019 01:00:00 PM,105,48,57
11/04/2019 02:00:00 PM,99,39,60
11/04/2019 03:00:00 PM,191,54,137
11/04/2019 04:00:00 PM,489,102,387
11/04/2019 05:00:00 PM,790,137,653
11/04/2019 06:00:00 PM,421,81,340
11/04/2019 07:00:00 PM,138,42,96
11/04/2019 08:00:00 PM,67,21,46
11/04/2019 09:00:00 PM,45,14,31
11/04/2019 10:00:00 PM,28,7,21
11/04/2019 11:00:00 PM,19,8,11
11/05/2019 12:00:00 AM,10,4,6
11/05/2019 01:00:00 AM,2,1,1
11/05/2019 02:00:00 AM,1,0,1
11/05/2019 03:00:00 AM,6,4,2
11/05/2019 04:00:00 AM,9,4,5
11/05/2019 05:00:00 AM,34,19,15
11/05/2019 06:00:00 AM,174,89,85
11/05/2019 07:00:00 AM,537,255,282
11/05/2019 08:00:00 AM,653,275,378
11/05/2019 09:00:00 AM,313,123,190
11/05/2019 10:00:00 AM,131,50,81
11/05/2019 11:00:00 AM,74,28,46
11/05/2019 12:00:00 PM,102,41,61
11/05/2019 01:00:00 PM,107,41,66
11/05/2019 02:00:00 PM,156,56,100
11/05/2019 03:00:00 PM,177,68,109
11/05/2019 04:00:00 PM,496,124,372
11/05/2019 05:00:00 PM,772,145,627
11/05/2019 06:00:00 PM,423,94,329
11/05/2019 07:00:00 PM,176,47,129
11/05/2019 08:00:00 PM,86,26,60
11/05/2019 09:00:00 PM,64,18,46
11/05/2019 10:00:00 PM,37,14,23
11/05/2019 11:00:00 PM,14,3,11
11/06/2019 12:00:00 AM,1,0,1
11/06/2019 01:00:00 AM,4,0,4
11/06/2019 02:00:00 AM,1,0,1
11/06/2019 03:00:00 AM,4,2,2
11/06/2019 04:00:00 AM,9,5,4
11/06/2019 05:00:00 AM,39,18,21
11/06/2019 06:00:00 AM,177,82,95
11/06/2019 07:00:00 AM,486,212,274
11/06/2019 08:00:00 AM,669,283,386
11/06/2019 09:00:00 AM,294,116,178
11/06/2019 10:00:00 AM,145,52,93
11/06/2019 11:00:00 AM,104,47,57
11/06/2019 12:00:00 PM,91,39,52
11/06/2019 01:00:00 PM,116,41,75
11/06/2019 02:00:00 PM,150,62,88
11/06/2019 03:00:00 PM,195,68,127
11/06/2019 04:00:00 PM,444,93,351
11/06/2019 05:00:00 PM,715,161,554
11/06/2019 06:00:00 PM,384,83,301
11/06/2019 07:00:00 PM,161,41,120
11/06/2019 08:00:00 PM,99,29,70
11/06/2019 09:00:00 PM,68,20,48
11/06/2019 10:00:00 PM,44,8,36
11/06/2019 11:00:00 PM,17,1,16
11/07/2019 12:00:00 AM,4,1,3
11/07/2019 01:00:00 AM,7,3,4
11/07/2019 02:00:00 AM,3,0,3
11/07/2019 03:00:00 AM,1,1,0
11/07/2019 04:00:00 AM,8,4,4
11/07/2019 05:00:00 AM,34,19,15
11/07/2019 06:00:00 AM,154,68,86
11/07/2019 07:00:00 AM,442,194,248
11/07/2019 08:00:00 AM,654,269,385
11/07/2019 09:00:00 AM,323,117,206
11/07/2019 10:00:00 AM,137,55,82
11/07/2019 11:00:00 AM,81,28,53
11/07/2019 12:00:00 PM,101,44,57
11/07/2019 01:00:00 PM,108,42,66
11/07/2019 02:00:00 PM,161,59,102
11/07/2019 03:00:00 PM,205,75,130
11/07/2019 04:00:00 PM,436,99,337
11/07/2019 05:00:00 PM,671,129,542
11/07/2019 06:00:00 PM,399,88,311
11/07/2019 07:00:00 PM,157,46,111
11/07/2019 08:00:00 PM,86,23,63
11/07/2019 09:00:00 PM,55,18,37
11/07/2019 10:00:00 PM,37,10,27
11/07/2019 11:00:00 PM,26,11,15
11/08/2019 12:00:00 AM,13,2,11
11/08/2019 01:00:00 AM,7,3,4
11/08/2019 02:00:00 AM,2,0,2
11/08/2019 03:00:00 AM,3,2,1
11/08/2019 04:00:00 AM,6,3,3
11/08/2019 05:00:00 AM,33,18,15
11/08/2019 06:00:00 AM,125,69,56
11/08/2019 07:00:00 AM,346,142,204
11/08/2019 08:00:00 AM,543,254,289
11/08/2019 09:00:00 AM,261,86,175
11/08/2019 10:00:00 AM,153,69,84
11/08/2019 11:00:00 AM,102,40,62
11/08/2019 12:00:00 PM,113,62,51
11/08/2019 01:00:00 PM,140,48,92
11/08/2019 02:00:00 PM,186,71,115
11/08/2019 03:00:00 PM,273,85,188
11/08/2019 04:00:00 PM,440,106,334
11/08/2019 05:00:00 PM,518,108,410
11/08/2019 06:00:00 PM,287,67,220
11/08/2019 07:00:00 PM,118,35,83
11/08/2019 08:00:00 PM,58,20,38
11/08/2019 09:00:00 PM,38,24,14
11/08/2019 10:00:00 PM,46,20,26
11/08/2019 11:00:00 PM,25,10,15
11/09/2019 12:00:00 AM,21,11,10
11/09/2019 01:00:00 AM,11,5,6
11/09/2019 02:00:00 AM,4,1,3
11/09/2019 03:00:00 AM,2,0,2
11/09/2019 04:00:00 AM,1,0,1
11/09/2019 05:00:00 AM,5,0,5
11/09/2019 06:00:00 AM,15,6,9
11/09/2019 07:00:00 AM,15,11,4
11/09/2019 08:00:00 AM,47,17,30
11/09/2019 09:00:00 AM,43,16,27
11/09/2019 10:00:00 AM,34,25,9
11/09/2019 11:00:00 AM,37,18,19
11/09/2019 12:00:00 PM,51,19,32
11/09/2019 01:00:00 PM,78,45,33
11/09/2019 02:00:00 PM,56,20,36
11/09/2019 03:00:00 PM,66,31,35
11/09/2019 04:00:00 PM,53,25,28
11/09/2019 05:00:00 PM,45,22,23
11/09/2019 06:00:00 PM,25,9,16
11/09/2019 07:00:00 PM,23,12,11
11/09/2019 08:00:00 PM,11,6,5
11/09/2019 09:00:00 PM,9,3,6
11/09/2019 10:00:00 PM,14,8,6
11/09/2019 11:00:00 PM,15,9,6
11/10/2019 12:00:00 AM,7,3,4
11/10/2019 01:00:00 AM,4,0,4
11/10/2019 02:00:00 AM,4,3,1
11/10/2019 03:00:00 AM,0,0,0
11/10/2019 04:00:00 AM,2,1,1
11/10/2019 05:00:00 AM,4,2,2
11/10/2019 06:00:00 AM,18,9,9
11/10/2019 07:00:00 AM,25,9,16
11/10/2019 08:00:00 AM,55,21,34
11/10/2019 09:00:00 AM,83,48,35
11/10/2019 10:00:00 AM,87,50,37
11/10/2019 11:00:00 AM,109,56,53
11/10/2019 12:00:00 PM,115,49,66
11/10/2019 01:00:00 PM,121,57,64
11/10/2019 02:00:00 PM,134,54,80
11/10/2019 03:00:00 PM,163,58,105
11/10/2019 04:00:00 PM,146,62,84
11/10/2019 05:00:00 PM,85,34,51
11/10/2019 06:00:00 PM,41,14,27
11/10/2019 07:00:00 PM,26,10,16
11/10/2019 08:00:00 PM,36,20,16
11/10/2019 09:00:00 PM,24,6,18
11/10/2019 10:00:00 PM,12,5,7
11/10/2019 11:00:00 PM,7,3,4
11/11/2019 12:00:00 AM,5,1,4
11/11/2019 01:00:00 AM,4,3,1
11/11/2019 02:00:00 AM,1,0,1
11/11/2019 03:00:00 AM,1,1,0
11/11/2019 04:00:00 AM,6,1,5
11/11/2019 05:00:00 AM,26,16,10
11/11/2019 06:00:00 AM,106,55,51
11/11/2019 07:00:00 AM,328,137,191
11/11/2019 08:00:00 AM,498,209,289
11/11/2019 09:00:00 AM,275,93,182
11/11/2019 10:00:00 AM,137,58,79
11/11/2019 11:00:00 AM,112,46,66
11/11/2019 12:00:00 PM,143,60,83
11/11/2019 01:00:00 PM,157,49,108
11/11/2019 02:00:00 PM,152,70,82
11/11/2019 03:00:00 PM,231,91,140
11/11/2019 04:00:00 PM,407,77,330
11/11/2019 05:00:00 PM,564,123,441
11/11/2019 06:00:00 PM,277,66,211
11/11/2019 07:00:00 PM,116,30,86
11/11/2019 08:00:00 PM,55,24,31
11/11/2019 09:00:00 PM,50,15,35
11/11/2019 10:00:00 PM,28,14,14
11/11/2019 11:00:00 PM,15,2,13
11/12/2019 12:00:00 AM,3,1,2
11/12/2019 01:00:00 AM,5,0,5
11/12/2019 02:00:00 AM,3,2,1
11/12/2019 03:00:00 AM,4,3,1
11/12/2019 04:00:00 AM,10,6,4
11/12/2019 05:00:00 AM,27,14,13
11/12/2019 06:00:00 AM,132,61,71
11/12/2019 07:00:00 AM,315,140,175
11/12/2019 08:00:00 AM,488,207,281
11/12/2019 09:00:00 AM,241,80,161
11/12/2019 10:00:00 AM,132,55,77
11/12/2019 11:00:00 AM,73,27,46
11/12/2019 12:00:00 PM,70,29,41
11/12/2019 01:00:00 PM,74,30,44
11/12/2019 02:00:00 PM,87,36,51
11/12/2019 03:00:00 PM,130,54,76
11/12/2019 04:00:00 PM,305,57,248
11/12/2019 05:00:00 PM,543,106,437
11/12/2019 06:00:00 PM,349,78,271
11/12/2019 07:00:00 PM,143,37,106
11/12/2019 08:00:00 PM,95,25,70
11/12/2019 09:00:00 PM,61,20,41
11/12/2019 10:00:00 PM,24,8,16
11/12/2019 11:00:00 PM,15,8,7
11/13/2019 12:00:00 AM,8,1,7
11/13/2019 01:00:00 AM,1,0,1
11/13/2019 02:00:00 AM,3,1,2
11/13/2019 03:00:00 AM,5,4,1
11/13/2019 04:00:00 AM,12,5,7
11/13/2019 05:00:00 AM,37,16,21
11/13/2019 06:00:00 AM,173,83,90
11/13/2019 07:00:00 AM,475,218,257
11/13/2019 08:00:00 AM,666,288,378
11/13/2019 09:00:00 AM,336,138,198
11/13/2019 10:00:00 AM,143,61,82
11/13/2019 11:00:00 AM,99,37,62
11/13/2019 12:00:00 PM,96,42,54
11/13/2019 01:00:00 PM,118,44,74
11/13/2019 02:00:00 PM,121,44,77
11/13/2019 03:00:00 PM,181,52,129
11/13/2019 04:00:00 PM,446,102,344
11/13/2019 05:00:00 PM,720,154,566
11/13/2019 06:00:00 PM,400,85,315
11/13/2019 07:00:00 PM,201,56,145
11/13/2019 08:00:00 PM,100,32,68
11/13/2019 09:00:00 PM,60,20,40
11/13/2019 10:00:00 PM,45,18,27
11/13/2019 11:00:00 PM,21,5,16
11/14/2019 12:00:00 AM,6,2,4
11/14/2019 01:00:00 AM,4,2,2
11/14/2019 02:00:00 AM,2,1,1
11/14/2019 03:00:00 AM,5,5,0
11/14/2019 04:00:00 AM,9,6,3
11/14/2019 05:00:00 AM,37,20,17
11/14/2019 06:00:00 AM,159,78,81
11/14/2019 07:00:00 AM,415,181,234
11/14/2019 08:00:00 AM,643,270,373
11/14/2019 09:00:00 AM,120,47,73
11/14/2019 10:00:00 AM,0,0,0
11/14/2019 11:00:00 AM,23,9,14
11/14/2019 12:00:00 PM,83,27,56
11/14/2019 01:00:00 PM,100,42,58
11/14/2019 02:00:00 PM,109,44,65
11/14/2019 03:00:00 PM,163,44,119
11/14/2019 04:00:00 PM,420,104,316
11/14/2019 05:00:00 PM,635,119,516
11/14/2019 06:00:00 PM,373,87,286
11/14/2019 07:00:00 PM,157,41,116
11/14/2019 08:00:00 PM,93,26,67
11/14/2019 09:00:00 PM,58,14,44
11/14/2019 10:00:00 PM,48,16,32
11/14/2019 11:00:00 PM,25,11,14
11/15/2019 12:00:00 AM,7,4,3
11/15/2019 01:00:00 AM,1,0,1
11/15/2019 02:00:00 AM,3,2,1
11/15/2019 03:00:00 AM,4,0,4
11/15/2019 04:00:00 AM,7,4,3
11/15/2019 05:00:00 AM,17,9,8
11/15/2019 06:00:00 AM,86,41,45
11/15/2019 07:00:00 AM,295,120,175
11/15/2019 08:00:00 AM,516,220,296
11/15/2019 09:00:00 AM,261,88,173
11/15/2019 10:00:00 AM,98,38,60
11/15/2019 11:00:00 AM,101,43,58
11/15/2019 12:00:00 PM,85,34,51
11/15/2019 01:00:00 PM,116,37,79
11/15/2019 02:00:00 PM,94,31,63
11/15/2019 03:00:00 PM,191,57,134
11/15/2019 04:00:00 PM,355,81,274
11/15/2019 05:00:00 PM,487,94,393
11/15/2019 06:00:00 PM,235,45,190
11/15/2019 07:00:00 PM,87,26,61
11/15/2019 08:00:00 PM,70,30,40
11/15/2019 09:00:00 PM,43,15,28
11/15/2019 10:00:00 PM,27,14,13
11/15/2019 11:00:00 PM,32,11,21
11/16/2019 12:00:00 AM,23,10,13
11/16/2019 01:00:00 AM,19,13,6
11/16/2019 02:00:00 AM,7,2,5
11/16/2019 03:00:00 AM,0,0,0
11/16/2019 04:00:00 AM,1,0,1
11/16/2019 05:00:00 AM,4,2,2
11/16/2019 06:00:00 AM,10,1,9
11/16/2019 07:00:00 AM,33,12,21
11/16/2019 08:00:00 AM,70,33,37
11/16/2019 09:00:00 AM,86,43,43
11/16/2019 10:00:00 AM,81,48,33
11/16/2019 11:00:00 AM,140,80,60
11/16/2019 12:00:00 PM,140,60,80
11/16/2019 01:00:00 PM,125,58,67
11/16/2019 02:00:00 PM,87,37,50
11/16/2019 03:00:00 PM,101,44,57
11/16/2019 04:00:00 PM,68,29,39
11/16/2019 05:00:00 PM,52,18,34
11/16/2019 06:00:00 PM,43,23,20
11/16/2019 07:00:00 PM,32,13,19
11/16/2019 08:00:00 PM,27,11,16
11/16/2019 09:00:00 PM,20,12,8
11/16/2019 10:00:00 PM,25,11,14
11/16/2019 11:00:00 PM,16,7,9
11/17/2019 12:00:00 AM,15,6,9
11/17/2019 01:00:00 AM,13,11,2
11/17/2019 02:00:00 AM,6,1,5
11/17/2019 03:00:00 AM,2,1,1
11/17/2019 04:00:00 AM,0,0,0
11/17/2019 05:00:00 AM,7,4,3
11/17/2019 06:00:00 AM,12,6,6
11/17/2019 07:00:00 AM,14,6,8
11/17/2019 08:00:00 AM,33,10,23
11/17/2019 09:00:00 AM,40,17,23
11/17/2019 10:00:00 AM,49,20,29
11/17/2019 11:00:00 AM,65,38,27
11/17/2019 12:00:00 PM,98,39,59
11/17/2019 01:00:00 PM,88,39,49
11/17/2019 02:00:00 PM,75,36,39
11/17/2019 03:00:00 PM,36,14,22
11/17/2019 04:00:00 PM,46,16,30
11/17/2019 05:00:00 PM,44,18,26
11/17/2019 06:00:00 PM,20,11,9
11/17/2019 07:00:00 PM,12,8,4
11/17/2019 08:00:00 PM,11,2,9
11/17/2019 09:00:00 PM,10,6,4
11/17/2019 10:00:00 PM,8,6,2
11/17/2019 11:00:00 PM,6,4,2
11/18/2019 12:00:00 AM,3,2,1
11/18/2019 01:00:00 AM,2,1,1
11/18/2019 02:00:00 AM,1,1,0
11/18/2019 03:00:00 AM,1,1,0
11/18/2019 04:00:00 AM,7,4,3
11/18/2019 05:00:00 AM,33,14,19
11/18/2019 06:00:00 AM,137,76,61
11/18/2019 07:00:00 AM,347,153,194
11/18/2019 08:00:00 AM,606,261,345
11/18/2019 09:00:00 AM,297,116,181
11/18/2019 10:00:00 AM,101,35,66
11/18/2019 11:00:00 AM,59,16,43
11/18/2019 12:00:00 PM,68,32,36
11/18/2019 01:00:00 PM,46,15,31
11/18/2019 02:00:00 PM,52,22,30
11/18/2019 03:00:00 PM,94,29,65
11/18/2019 04:00:00 PM,303,48,255
11/18/2019 05:00:00 PM,534,90,444
11/18/2019 06:00:00 PM,290,55,235
11/18/2019 07:00:00 PM,128,27,101
11/18/2019 08:00:00 PM,50,11,39
11/18/2019 09:00:00 PM,26,8,18
11/18/2019 10:00:00 PM,28,6,22
11/18/2019 11:00:00 PM,6,2,4
11/19/2019 12:00:00 AM,4,1,3
11/19/2019 01:00:00 AM,2,0,2
11/19/2019 02:00:00 AM,0,0,0
11/19/2019 03:00:00 AM,3,2,1
11/19/2019 04:00:00 AM,6,3,3
11/19/2019 05:00:00 AM,36,18,18
11/19/2019 06:00:00 AM,136,60,76
11/19/2019 07:00:00 AM,360,159,201
11/19/2019 08:00:00 AM,526,235,291
11/19/2019 09:00:00 AM,316,127,189
11/19/2019 10:00:00 AM,101,34,67
11/19/2019 11:00:00 AM,84,46,38
11/19/2019 12:00:00 PM,58,27,31
11/19/2019 01:00:00 PM,71,24,47
11/19/2019 02:00:00 PM,80,29,51
11/19/2019 03:00:00 PM,143,33,110
11/19/2019 04:00:00 PM,370,71,299
11/19/2019 05:00:00 PM,588,128,460
11/19/2019 06:00:00 PM,388,71,317
11/19/2019 07:00:00 PM,154,37,117
11/19/2019 08:00:00 PM,103,26,77
11/19/2019 09:00:00 PM,64,18,46
11/19/2019 10:00:00 PM,32,14,18
11/19/2019 11:00:00 PM,20,12,8
11/20/2019 12:00:00 AM,9,5,4
11/20/2019 01:00:00 AM,7,3,4
11/20/2019 02:00:00 AM,1,1,0
11/20/2019 03:00:00 AM,3,2,1
11/20/2019 04:00:00 AM,10,8,2
11/20/2019 05:00:00 AM,32,12,20
11/20/2019 06:00:00 AM,176,87,89
11/20/2019 07:00:00 AM,464,203,261
11/20/2019 08:00:00 AM,672,278,394
11/20/2019 09:00:00 AM,330,123,207
11/20/2019 10:00:00 AM,163,64,99
11/20/2019 11:00:00 AM,110,42,68
11/20/2019 12:00:00 PM,114,43,71
11/20/2019 01:00:00 PM,110,55,55
11/20/2019 02:00:00 PM,117,53,64
11/20/2019 03:00:00 PM,209,83,126
11/20/2019 04:00:00 PM,462,118,344
11/20/2019 05:00:00 PM,709,152,557
11/20/2019 06:00:00 PM,422,88,334
11/20/2019 07:00:00 PM,176,53,123
11/20/2019 08:00:00 PM,99,28,71
11/20/2019 09:00:00 PM,71,25,46
11/20/2019 10:00:00 PM,40,17,23
11/20/2019 11:00:00 PM,21,8,13
11/21/2019 12:00:00 AM,6,1,5
11/21/2019 01:00:00 AM,3,1,2
11/21/2019 02:00:00 AM,1,0,1
11/21/2019 03:00:00 AM,1,1,0
11/21/2019 04:00:00 AM,9,7,2
11/21/2019 05:00:00 AM,32,18,14
11/21/2019 06:00:00 AM,137,67,70
11/21/2019 07:00:00 AM,369,165,204
11/21/2019 08:00:00 AM,584,226,358
11/21/2019 09:00:00 AM,349,137,212
11/21/2019 10:00:00 AM,139,52,87
11/21/2019 11:00:00 AM,120,51,69
11/21/2019 12:00:00 PM,111,51,60
11/21/2019 01:00:00 PM,111,44,67
11/21/2019 02:00:00 PM,115,48,67
11/21/2019 03:00:00 PM,183,57,126
11/21/2019 04:00:00 PM,405,91,314
11/21/2019 05:00:00 PM,629,116,513
11/21/2019 06:00:00 PM,367,84,283
11/21/2019 07:00:00 PM,177,47,130
11/21/2019 08:00:00 PM,84,26,58
11/21/2019 09:00:00 PM,44,12,32
11/21/2019 10:00:00 PM,35,13,22
11/21/2019 11:00:00 PM,15,5,10
11/22/2019 12:00:00 AM,15,4,11
11/22/2019 01:00:00 AM,6,3,3
11/22/2019 02:00:00 AM,1,0,1
11/22/2019 03:00:00 AM,3,2,1
11/22/2019 04:00:00 AM,2,1,1
11/22/2019 05:00:00 AM,26,13,13
11/22/2019 06:00:00 AM,101,42,59
11/22/2019 07:00:00 AM,317,148,169
11/22/2019 08:00:00 AM,521,214,307
11/22/2019 09:00:00 AM,271,108,163
11/22/2019 10:00:00 AM,119,37,82
11/22/2019 11:00:00 AM,71,31,40
11/22/2019 12:00:00 PM,97,30,67
11/22/2019 01:00:00 PM,95,36,59
11/22/2019 02:00:00 PM,118,48,70
11/22/2019 03:00:00 PM,160,48,112
11/22/2019 04:00:00 PM,409,88,321
11/22/2019 05:00:00 PM,486,92,394
11/22/2019 06:00:00 PM,267,56,211
11/22/2019 07:00:00 PM,93,25,68
11/22/2019 08:00:00 PM,64,21,43
11/22/2019 09:00:00 PM,33,17,16
11/22/2019 10:00:00 PM,31,8,23
11/22/2019 11:00:00 PM,26,8,18
11/23/2019 12:00:00 AM,6,4,2
11/23/2019 01:00:00 AM,9,3,6
11/23/2019 02:00:00 AM,10,4,6
11/23/2019 03:00:00 AM,5,1,4
11/23/2019 04:00:00 AM,5,1,4
11/23/2019 05:00:00 AM,3,2,1
11/23/2019 06:00:00 AM,11,6,5
11/23/2019 07:00:00 AM,24,12,12
11/23/2019 08:00:00 AM,77,38,39
11/23/2019 09:00:00 AM,95,45,50
11/23/2019 10:00:00 AM,72,34,38
11/23/2019 11:00:00 AM,107,58,49
11/23/2019 12:00:00 PM,107,53,54
11/23/2019 01:00:00 PM,132,63,69
11/23/2019 02:00:00 PM,113,45,68
11/23/2019 03:00:00 PM,148,60,88
11/23/2019 04:00:00 PM,113,51,62
11/23/2019 05:00:00 PM,77,32,45
11/23/2019 06:00:00 PM,48,20,28
11/23/2019 07:00:00 PM,27,12,15
11/23/2019 08:00:00 PM,28,14,14
11/23/2019 09:00:00 PM,30,17,13
11/23/2019 10:00:00 PM,23,5,18
11/23/2019 11:00:00 PM,14,9,5
11/24/2019 12:00:00 AM,6,2,4
11/24/2019 01:00:00 AM,8,2,6
11/24/2019 02:00:00 AM,2,0,2
11/24/2019 03:00:00 AM,2,2,0
11/24/2019 04:00:00 AM,1,1,0
11/24/2019 05:00:00 AM,4,2,2
11/24/2019 06:00:00 AM,7,1,6
11/24/2019 07:00:00 AM,21,10,11
11/24/2019 08:00:00 AM,50,22,28
11/24/2019 09:00:00 AM,75,36,39
11/24/2019 10:00:00 AM,76,39,37
11/24/2019 11:00:00 AM,108,55,53
11/24/2019 12:00:00 PM,160,71,89
11/24/2019 01:00:00 PM,156,76,80
11/24/2019 02:00:00 PM,167,89,78
11/24/2019 03:00:00 PM,140,51,89
11/24/2019 04:00:00 PM,97,38,59
11/24/2019 05:00:00 PM,55,25,30
11/24/2019 06:00:00 PM,40,20,20
11/24/2019 07:00:00 PM,25,10,15
11/24/2019 08:00:00 PM,19,7,12
11/24/2019 09:00:00 PM,17,9,8
11/24/2019 10:00:00 PM,15,7,8
11/24/2019 11:00:00 PM,9,3,6
11/25/2019 12:00:00 AM,7,4,3
11/25/2019 01:00:00 AM,4,2,2
11/25/2019 02:00:00 AM,1,0,1
11/25/2019 03:00:00 AM,1,1,0
11/25/2019 04:00:00 AM,4,3,1
11/25/2019 05:00:00 AM,26,15,11
11/25/2019 06:00:00 AM,125,62,63
11/25/2019 07:00:00 AM,348,155,193
11/25/2019 08:00:00 AM,552,251,301
11/25/2019 09:00:00 AM,301,98,203
11/25/2019 10:00:00 AM,117,37,80
11/25/2019 11:00:00 AM,59,34,25
11/25/2019 12:00:00 PM,43,21,22
11/25/2019 01:00:00 PM,48,18,30
11/25/2019 02:00:00 PM,72,25,47
11/25/2019 03:00:00 PM,123,42,81
11/25/2019 04:00:00 PM,315,63,252
11/25/2019 05:00:00 PM,530,91,439
11/25/2019 06:00:00 PM,328,79,249
11/25/2019 07:00:00 PM,129,31,98
11/25/2019 08:00:00 PM,60,19,41
11/25/2019 09:00:00 PM,30,12,18
11/25/2019 10:00:00 PM,11,5,6
11/25/2019 11:00:00 PM,9,3,6
11/26/2019 12:00:00 AM,6,4,2
11/26/2019 01:00:00 AM,1,0,1
11/26/2019 02:00:00 AM,0,0,0
11/26/2019 03:00:00 AM,3,2,1
11/26/2019 04:00:00 AM,3,2,1
11/26/2019 05:00:00 AM,29,20,9
11/26/2019 06:00:00 AM,130,57,73
11/26/2019 07:00:00 AM,332,146,186
11/26/2019 08:00:00 AM,503,215,288
11/26/2019 09:00:00 AM,274,108,166
11/26/2019 10:00:00 AM,93,32,61
11/26/2019 11:00:00 AM,92,48,44
11/26/2019 12:00:00 PM,81,30,51
11/26/2019 01:00:00 PM,74,29,45
11/26/2019 02:00:00 PM,107,44,63
11/26/2019 03:00:00 PM,149,53,96
11/26/2019 04:00:00 PM,334,72,262
11/26/2019 05:00:00 PM,511,98,413
11/26/2019 06:00:00 PM,327,67,260
11/26/2019 07:00:00 PM,121,32,89
11/26/2019 08:00:00 PM,61,21,40
11/26/2019 09:00:00 PM,49,19,30
11/26/2019 10:00:00 PM,35,14,21
11/26/2019 11:00:00 PM,14,5,9
11/27/2019 12:00:00 AM,6,3,3
11/27/2019 01:00:00 AM,4,2,2
11/27/2019 02:00:00 AM,0,0,0
11/27/2019 03:00:00 AM,1,0,1
11/27/2019 04:00:00 AM,6,6,0
11/27/2019 05:00:00 AM,17,8,9
11/27/2019 06:00:00 AM,102,48,54
11/27/2019 07:00:00 AM,243,109,134
11/27/2019 08:00:00 AM,342,135,207
11/27/2019 09:00:00 AM,229,95,134
11/27/2019 10:00:00 AM,94,38,56
11/27/2019 11:00:00 AM,82,39,43
11/27/2019 12:00:00 PM,89,29,60
11/27/2019 01:00:00 PM,119,36,83
11/27/2019 02:00:00 PM,158,56,102
11/27/2019 03:00:00 PM,214,55,159
11/27/2019 04:00:00 PM,295,67,228
11/27/2019 05:00:00 PM,277,64,213
11/27/2019 06:00:00 PM,132,45,87
11/27/2019 07:00:00 PM,71,21,50
11/27/2019 08:00:00 PM,42,17,25
11/27/2019 09:00:00 PM,27,11,16
11/27/2019 10:00:00 PM,14,5,9
11/27/2019 11:00:00 PM,12,1,11
11/28/2019 12:00:00 AM,6,1,5
11/28/2019 01:00:00 AM,2,1,1
11/28/2019 02:00:00 AM,0,0,0
11/28/2019 03:00:00 AM,0,0,0
11/28/2019 04:00:00 AM,2,1,1
11/28/2019 05:00:00 AM,4,2,2
11/28/2019 06:00:00 AM,6,2,4
11/28/2019 07:00:00 AM,15,9,6
11/28/2019 08:00:00 AM,33,14,19
11/28/2019 09:00:00 AM,40,24,16
11/28/2019 10:00:00 AM,50,22,28
11/28/2019 11:00:00 AM,68,38,30
11/28/2019 12:00:00 PM,81,41,40
11/28/2019 01:00:00 PM,77,40,37
11/28/2019 02:00:00 PM,67,35,32
11/28/2019 03:00:00 PM,37,14,23
11/28/2019 04:00:00 PM,18,7,11
11/28/2019 05:00:00 PM,10,4,6
11/28/2019 06:00:00 PM,10,3,7
11/28/2019 07:00:00 PM,8,4,4
11/28/2019 08:00:00 PM,22,5,17
11/28/2019 09:00:00 PM,8,6,2
11/28/2019 10:00:00 PM,9,1,8
11/28/2019 11:00:00 PM,6,2,4
11/29/2019 12:00:00 AM,13,3,10
11/29/2019 01:00:00 AM,4,4,0
11/29/2019 02:00:00 AM,0,0,0
11/29/2019 03:00:00 AM,0,0,0
11/29/2019 04:00:00 AM,2,2,0
11/29/2019 05:00:00 AM,2,0,2
11/29/2019 06:00:00 AM,22,10,12
11/29/2019 07:00:00 AM,57,21,36
11/29/2019 08:00:00 AM,41,16,25
11/29/2019 09:00:00 AM,18,13,5
11/29/2019 10:00:00 AM,93,46,47
11/29/2019 11:00:00 AM,64,30,34
11/29/2019 12:00:00 PM,73,38,35
11/29/2019 01:00:00 PM,76,37,39
11/29/2019 02:00:00 PM,88,43,45
11/29/2019 03:00:00 PM,136,48,88
11/29/2019 04:00:00 PM,254,79,175
11/29/2019 05:00:00 PM,458,109,349
11/29/2019 06:00:00 PM,247,77,170
11/29/2019 07:00:00 PM,84,28,56
11/29/2019 08:00:00 PM,49,17,32
11/29/2019 09:00:00 PM,34,13,21
11/29/2019 10:00:00 PM,21,8,13
11/29/2019 11:00:00 PM,21,9,12
11/30/2019 12:00:00 AM,17,7,10
11/30/2019 01:00:00 AM,8,4,4
11/30/2019 02:00:00 AM,4,2,2
11/30/2019 03:00:00 AM,4,1,3
11/30/2019 04:00:00 AM,5,1,4
11/30/2019 05:00:00 AM,3,1,2
11/30/2019 06:00:00 AM,11,6,5
11/30/2019 07:00:00 AM,18,8,10
11/30/2019 08:00:00 AM,39,20,19
11/30/2019 09:00:00 AM,37,21,16
11/30/2019 10:00:00 AM,45,28,17
11/30/2019 11:00:00 AM,59,34,25
11/30/2019 12:00:00 PM,57,33,24
11/30/2019 01:00:00 PM,55,29,26
11/30/2019 02:00:00 PM,39,20,19
11/30/2019 03:00:00 PM,40,21,19
11/30/2019 04:00:00 PM,48,25,23
11/30/2019 05:00:00 PM,42,21,21
11/30/2019 06:00:00 PM,19,9,10
11/30/2019 07:00:00 PM,20,10,10
11/30/2019 08:00:00 PM,14,8,6
11/30/2019 09:00:00 PM,13,6,7
11/30/2019 10:00:00 PM,19,10,9
11/30/2019 11:00:00 PM,12,6,6
12/01/2019 12:00:00 AM,4,2,2
12/01/2019 01:00:00 AM,9,3,6
12/01/2019 02:00:00 AM,1,0,1
12/01/2019 03:00:00 AM,2,1,1
12/01/2019 04:00:00 AM,3,1,2
12/01/2019 05:00:00 AM,4,2,2
12/01/2019 06:00:00 AM,9,5,4
12/01/2019 07:00:00 AM,17,11,6
12/01/2019 08:00:00 AM,39,19,20
12/01/2019 09:00:00 AM,68,35,33
12/01/2019 10:00:00 AM,94,54,40
12/01/2019 11:00:00 AM,92,49,43
12/01/2019 12:00:00 PM,91,46,45
12/01/2019 01:00:00 PM,114,56,58
12/01/2019 02:00:00 PM,113,52,61
12/01/2019 03:00:00 PM,104,54,50
12/01/2019 04:00:00 PM,91,44,47
12/01/2019 05:00:00 PM,52,28,24
12/01/2019 06:00:00 PM,34,15,19
12/01/2019 07:00:00 PM,24,13,11
12/01/2019 08:00:00 PM,15,6,9
12/01/2019 09:00:00 PM,15,5,10
12/01/2019 10:00:00 PM,9,3,6
12/01/2019 11:00:00 PM,11,6,5
12/02/2019 12:00:00 AM,5,3,2
12/02/2019 01:00:00 AM,2,1,1
12/02/2019 02:00:00 AM,1,0,1
12/02/2019 03:00:00 AM,1,0,1
12/02/2019 04:00:00 AM,0,0,0
12/02/2019 05:00:00 AM,37,24,13
12/02/2019 06:00:00 AM,129,75,54
12/02/2019 07:00:00 AM,387,224,163
12/02/2019 08:00:00 AM,498,267,231
12/02/2019 09:00:00 AM,239,118,121
12/02/2019 10:00:00 AM,90,40,50
12/02/2019 11:00:00 AM,60,28,32
12/02/2019 12:00:00 PM,68,34,34
12/02/2019 01:00:00 PM,77,38,39
12/02/2019 02:00:00 PM,83,36,47
12/02/2019 03:00:00 PM,132,51,81
12/02/2019 04:00:00 PM,293,76,217
12/02/2019 05:00:00 PM,575,122,453
12/02/2019 06:00:00 PM,309,82,227
12/02/2019 07:00:00 PM,120,35,85
12/02/2019 08:00:00 PM,66,22,44
12/02/2019 09:00:00 PM,51,19,32
12/02/2019 10:00:00 PM,24,10,14
12/02/2019 11:00:00 PM,12,4,8
12/03/2019 12:00:00 AM,0,0,0
12/03/2019 01:00:00 AM,0,0,0
12/03/2019 02:00:00 AM,0,0,0
12/03/2019 03:00:00 AM,0,0,0
12/03/2019 04:00:00 AM,0,0,0
12/03/2019 05:00:00 AM,0,0,0
12/03/2019 06:00:00 AM,0,0,0
12/03/2019 07:00:00 AM,44,19,25
12/03/2019 08:00:00 AM,639,260,379
12/03/2019 09:00:00 AM,314,117,197
12/03/2019 10:00:00 AM,133,44,89
12/03/2019 11:00:00 AM,96,44,52
12/03/2019 12:00:00 PM,88,27,61
12/03/2019 01:00:00 PM,90,36,54
12/03/2019 02:00:00 PM,94,34,60
12/03/2019 03:00:00 PM,168,63,105
12/03/2019 04:00:00 PM,381,87,294
12/03/2019 05:00:00 PM,626,106,520
12/03/2019 06:00:00 PM,374,87,287
12/03/2019 07:00:00 PM,150,31,119
12/03/2019 08:00:00 PM,83,24,59
12/03/2019 09:00:00 PM,48,11,37
12/03/2019 10:00:00 PM,33,11,22
12/03/2019 11:00:00 PM,13,6,7
12/04/2019 12:00:00 AM,5,1,4
12/04/2019 01:00:00 AM,4,2,2
12/04/2019 02:00:00 AM,1,0,1
12/04/2019 03:00:00 AM,2,0,2
12/04/2019 04:00:00 AM,11,6,5
12/04/2019 05:00:00 AM,22,12,10
12/04/2019 06:00:00 AM,126,55,71
12/04/2019 07:00:00 AM,362,169,193
12/04/2019 08:00:00 AM,519,213,306
12/04/2019 09:00:00 AM,274,108,166
12/04/2019 10:00:00 AM,100,25,75
12/04/2019 11:00:00 AM,73,25,48
12/04/2019 12:00:00 PM,54,23,31
12/04/2019 01:00:00 PM,49,15,34
12/04/2019 02:00:00 PM,81,32,49
12/04/2019 03:00:00 PM,128,45,83
12/04/2019 04:00:00 PM,360,84,276
12/04/2019 05:00:00 PM,537,112,425
12/04/2019 06:00:00 PM,350,88,262
12/04/2019 07:00:00 PM,124,28,96
12/04/2019 08:00:00 PM,79,26,53
12/04/2019 09:00:00 PM,40,19,21
12/04/2019 10:00:00 PM,27,6,21
12/04/2019 11:00:00 PM,11,2,9
12/05/2019 12:00:00 AM,10,5,5
12/05/2019 01:00:00 AM,0,0,0
12/05/2019 02:00:00 AM,0,0,0
12/05/2019 03:00:00 AM,0,0,0
12/05/2019 04:00:00 AM,6,4,2
12/05/2019 05:00:00 AM,27,15,12
12/05/2019 06:00:00 AM,101,48,53
12/05/2019 07:00:00 AM,373,157,216
12/05/2019 08:00:00 AM,569,243,326
12/05/2019 09:00:00 AM,300,107,193
12/05/2019 10:00:00 AM,120,40,80
12/05/2019 11:00:00 AM,84,39,45
12/05/2019 12:00:00 PM,80,32,48
12/05/2019 01:00:00 PM,113,40,73
12/05/2019 02:00:00 PM,109,38,71
12/05/2019 03:00:00 PM,159,51,108
12/05/2019 04:00:00 PM,353,88,265
12/05/2019 05:00:00 PM,593,133,460
12/05/2019 06:00:00 PM,321,61,260
12/05/2019 07:00:00 PM,145,33,112
12/05/2019 08:00:00 PM,86,24,62
12/05/2019 09:00:00 PM,56,19,37
12/05/2019 10:00:00 PM,48,14,34
12/05/2019 11:00:00 PM,24,7,17
12/06/2019 12:00:00 AM,11,2,9
12/06/2019 01:00:00 AM,4,1,3
12/06/2019 02:00:00 AM,1,0,1
12/06/2019 03:00:00 AM,0,0,0
12/06/2019 04:00:00 AM,6,4,2
12/06/2019 05:00:00 AM,25,12,13
12/06/2019 06:00:00 AM,92,42,50
12/06/2019 07:00:00 AM,322,143,179
12/06/2019 08:00:00 AM,500,189,311
12/06/2019 09:00:00 AM,262,87,175
12/06/2019 10:00:00 AM,134,48,86
12/06/2019 11:00:00 AM,104,40,64
12/06/2019 12:00:00 PM,104,33,71
12/06/2019 01:00:00 PM,128,52,76
12/06/2019 02:00:00 PM,121,41,80
12/06/2019 03:00:00 PM,210,67,143
12/06/2019 04:00:00 PM,345,70,275
12/06/2019 05:00:00 PM,459,87,372
12/06/2019 06:00:00 PM,249,49,200
12/06/2019 07:00:00 PM,92,15,77
12/06/2019 08:00:00 PM,42,15,27
12/06/2019 09:00:00 PM,49,17,32
12/06/2019 10:00:00 PM,24,10,14
12/06/2019 11:00:00 PM,24,8,16
12/07/2019 12:00:00 AM,15,10,5
12/07/2019 01:00:00 AM,7,4,3
12/07/2019 02:00:00 AM,7,1,6
12/07/2019 03:00:00 AM,0,0,0
12/07/2019 04:00:00 AM,4,1,3
12/07/2019 05:00:00 AM,4,1,3
12/07/2019 06:00:00 AM,6,2,4
12/07/2019 07:00:00 AM,13,5,8
12/07/2019 08:00:00 AM,46,21,25
12/07/2019 09:00:00 AM,65,25,40
12/07/2019 10:00:00 AM,36,17,19
12/07/2019 11:00:00 AM,57,31,26
12/07/2019 12:00:00 PM,46,20,26
12/07/2019 01:00:00 PM,38,18,20
12/07/2019 02:00:00 PM,54,20,34
12/07/2019 03:00:00 PM,52,21,31
12/07/2019 04:00:00 PM,53,20,33
12/07/2019 05:00:00 PM,30,12,18
12/07/2019 06:00:00 PM,27,9,18
12/07/2019 07:00:00 PM,26,15,11
12/07/2019 08:00:00 PM,22,9,13
12/07/2019 09:00:00 PM,17,5,12
12/07/2019 10:00:00 PM,22,12,10
12/07/2019 11:00:00 PM,13,5,8
12/08/2019 12:00:00 AM,7,4,3
12/08/2019 01:00:00 AM,3,0,3
12/08/2019 02:00:00 AM,5,0,5
12/08/2019 03:00:00 AM,3,0,3
12/08/2019 04:00:00 AM,2,0,2
12/08/2019 05:00:00 AM,4,1,3
12/08/2019 06:00:00 AM,6,2,4
12/08/2019 07:00:00 AM,28,11,17
12/08/2019 08:00:00 AM,25,10,15
12/08/2019 09:00:00 AM,70,28,42
12/08/2019 10:00:00 AM,104,57,47
12/08/2019 11:00:00 AM,112,51,61
12/08/2019 12:00:00 PM,114,61,53
12/08/2019 01:00:00 PM,118,60,58
12/08/2019 02:00:00 PM,125,65,60
12/08/2019 03:00:00 PM,141,70,71
12/08/2019 04:00:00 PM,111,50,61
12/08/2019 05:00:00 PM,49,21,28
12/08/2019 06:00:00 PM,29,11,18
12/08/2019 07:00:00 PM,24,10,14
12/08/2019 08:00:00 PM,24,10,14
12/08/2019 09:00:00 PM,28,12,16
12/08/2019 10:00:00 PM,9,7,2
12/08/2019 11:00:00 PM,8,4,4
12/09/2019 12:00:00 AM,6,2,4
12/09/2019 01:00:00 AM,3,2,1
12/09/2019 02:00:00 AM,5,2,3
12/09/2019 03:00:00 AM,0,0,0
12/09/2019 04:00:00 AM,9,4,5
12/09/2019 05:00:00 AM,31,16,15
12/09/2019 06:00:00 AM,136,72,64
12/09/2019 07:00:00 AM,392,184,208
12/09/2019 08:00:00 AM,666,267,399
12/09/2019 09:00:00 AM,364,139,225
12/09/2019 10:00:00 AM,132,43,89
12/09/2019 11:00:00 AM,80,29,51
12/09/2019 12:00:00 PM,67,34,33
12/09/2019 01:00:00 PM,81,41,40
12/09/2019 02:00:00 PM,82,31,51
12/09/2019 03:00:00 PM,153,59,94
12/09/2019 04:00:00 PM,363,88,275
12/09/2019 05:00:00 PM,658,103,555
12/09/2019 06:00:00 PM,407,87,320
12/09/2019 07:00:00 PM,185,41,144
12/09/2019 08:00:00 PM,95,20,75
12/09/2019 09:00:00 PM,71,26,45
12/09/2019 10:00:00 PM,25,7,18
12/09/2019 11:00:00 PM,6,1,5
12/10/2019 12:00:00 AM,5,2,3
12/10/2019 01:00:00 AM,6,1,5
12/10/2019 02:00:00 AM,3,2,1
12/10/2019 03:00:00 AM,0,0,0
12/10/2019 04:00:00 AM,10,4,6
12/10/2019 05:00:00 AM,30,11,19
12/10/2019 06:00:00 AM,123,67,56
12/10/2019 07:00:00 AM,341,168,173
12/10/2019 08:00:00 AM,554,227,327
12/10/2019 09:00:00 AM,292,107,185
12/10/2019 10:00:00 AM,126,49,77
12/10/2019 11:00:00 AM,60,28,32
12/10/2019 12:00:00 PM,54,22,32
12/10/2019 01:00:00 PM,38,7,31
12/10/2019 02:00:00 PM,76,22,54
12/10/2019 03:00:00 PM,119,38,81
12/10/2019 04:00:00 PM,296,63,233
12/10/2019 05:00:00 PM,549,98,451
12/10/2019 06:00:00 PM,337,76,261
12/10/2019 07:00:00 PM,135,41,94
12/10/2019 08:00:00 PM,56,15,41
12/10/2019 09:00:00 PM,52,18,34
12/10/2019 10:00:00 PM,38,20,18
12/10/2019 11:00:00 PM,12,6,6
12/11/2019 12:00:00 AM,13,2,11
12/11/2019 01:00:00 AM,4,2,2
12/11/2019 02:00:00 AM,0,0,0
12/11/2019 03:00:00 AM,1,0,1
12/11/2019 04:00:00 AM,6,4,2
12/11/2019 05:00:00 AM,28,15,13
12/11/2019 06:00:00 AM,122,58,64
12/11/2019 07:00:00 AM,314,141,173
12/11/2019 08:00:00 AM,469,196,273
12/11/2019 09:00:00 AM,254,94,160
12/11/2019 10:00:00 AM,111,46,65
12/11/2019 11:00:00 AM,49,17,32
12/11/2019 12:00:00 PM,50,19,31
12/11/2019 01:00:00 PM,41,14,27
12/11/2019 02:00:00 PM,58,18,40
12/11/2019 03:00:00 PM,118,35,83
12/11/2019 04:00:00 PM,275,58,217
12/11/2019 05:00:00 PM,465,104,361
12/11/2019 06:00:00 PM,262,63,199
12/11/2019 07:00:00 PM,116,28,88
12/11/2019 08:00:00 PM,50,18,32
12/11/2019 09:00:00 PM,22,8,14
12/11/2019 10:00:00 PM,23,9,14
12/11/2019 11:00:00 PM,16,7,9
12/12/2019 12:00:00 AM,2,1,1
12/12/2019 01:00:00 AM,2,1,1
12/12/2019 02:00:00 AM,1,0,1
12/12/2019 03:00:00 AM,0,0,0
12/12/2019 04:00:00 AM,8,6,2
12/12/2019 05:00:00 AM,20,10,10
12/12/2019 06:00:00 AM,93,41,52
12/12/2019 07:00:00 AM,244,111,133
12/12/2019 08:00:00 AM,420,175,245
12/12/2019 09:00:00 AM,229,95,134
12/12/2019 10:00:00 AM,97,37,60
12/12/2019 11:00:00 AM,41,17,24
12/12/2019 12:00:00 PM,58,24,34
12/12/2019 01:00:00 PM,62,29,33
12/12/2019 02:00:00 PM,54,18,36
12/12/2019 03:00:00 PM,113,29,84
12/12/2019 04:00:00 PM,260,55,205
12/12/2019 05:00:00 PM,422,89,333
12/12/2019 06:00:00 PM,290,65,225
12/12/2019 07:00:00 PM,120,31,89
12/12/2019 08:00:00 PM,60,22,38
12/12/2019 09:00:00 PM,43,10,33
12/12/2019 10:00:00 PM,40,18,22
12/12/2019 11:00:00 PM,16,6,10
12/13/2019 12:00:00 AM,6,2,4
12/13/2019 01:00:00 AM,4,0,4
12/13/2019 02:00:00 AM,1,1,0
12/13/2019 03:00:00 AM,2,1,1
12/13/2019 04:00:00 AM,4,2,2
12/13/2019 05:00:00 AM,20,13,7
12/13/2019 06:00:00 AM,96,47,49
12/13/2019 07:00:00 AM,252,119,133
12/13/2019 08:00:00 AM,451,188,263
12/13/2019 09:00:00 AM,248,92,156
12/13/2019 10:00:00 AM,107,40,67
12/13/2019 11:00:00 AM,79,36,43
12/13/2019 12:00:00 PM,85,39,46
12/13/2019 01:00:00 PM,79,30,49
12/13/2019 02:00:00 PM,98,31,67
12/13/2019 03:00:00 PM,182,51,131
12/13/2019 04:00:00 PM,307,63,244
12/13/2019 05:00:00 PM,413,91,322
12/13/2019 06:00:00 PM,214,66,148
12/13/2019 07:00:00 PM,96,25,71
12/13/2019 08:00:00 PM,66,34,32
12/13/2019 09:00:00 PM,58,18,40
12/13/2019 10:00:00 PM,20,13,7
12/13/2019 11:00:00 PM,25,10,15
12/14/2019 12:00:00 AM,16,4,12
12/14/2019 01:00:00 AM,10,3,7
12/14/2019 02:00:00 AM,4,2,2
12/14/2019 03:00:00 AM,0,0,0
12/14/2019 04:00:00 AM,2,1,1
12/14/2019 05:00:00 AM,5,1,4
12/14/2019 06:00:00 AM,6,0,6
12/14/2019 07:00:00 AM,28,18,10
12/14/2019 08:00:00 AM,45,15,30
12/14/2019 09:00:00 AM,42,18,24
12/14/2019 10:00:00 AM,52,22,30
12/14/2019 11:00:00 AM,61,26,35
12/14/2019 12:00:00 PM,84,49,35
12/14/2019 01:00:00 PM,68,36,32
12/14/2019 02:00:00 PM,62,20,42
12/14/2019 03:00:00 PM,48,26,22
12/14/2019 04:00:00 PM,67,29,38
12/14/2019 05:00:00 PM,41,11,30
12/14/2019 06:00:00 PM,24,12,12
12/14/2019 07:00:00 PM,18,9,9
12/14/2019 08:00:00 PM,10,3,7
12/14/2019 09:00:00 PM,13,6,7
12/14/2019 10:00:00 PM,10,7,3
12/14/2019 11:00:00 PM,10,5,5
12/15/2019 12:00:00 AM,12,5,7
12/15/2019 01:00:00 AM,2,1,1
12/15/2019 02:00:00 AM,3,0,3
12/15/2019 03:00:00 AM,2,2,0
12/15/2019 04:00:00 AM,2,0,2
12/15/2019 05:00:00 AM,3,2,1
12/15/2019 06:00:00 AM,11,3,8
12/15/2019 07:00:00 AM,16,5,11
12/15/2019 08:00:00 AM,24,12,12
12/15/2019 09:00:00 AM,55,29,26
12/15/2019 10:00:00 AM,50,25,25
12/15/2019 11:00:00 AM,70,33,37
12/15/2019 12:00:00 PM,66,32,34
12/15/2019 01:00:00 PM,53,32,21
12/15/2019 02:00:00 PM,58,25,33
12/15/2019 03:00:00 PM,64,29,35
12/15/2019 04:00:00 PM,47,21,26
12/15/2019 05:00:00 PM,50,21,29
12/15/2019 06:00:00 PM,22,9,13
12/15/2019 07:00:00 PM,15,6,9
12/15/2019 08:00:00 PM,21,12,9
12/15/2019 09:00:00 PM,17,10,7
12/15/2019 10:00:00 PM,7,2,5
12/15/2019 11:00:00 PM,7,3,4
12/16/2019 12:00:00 AM,8,4,4
12/16/2019 01:00:00 AM,5,3,2
12/16/2019 02:00:00 AM,0,0,0
12/16/2019 03:00:00 AM,0,0,0
12/16/2019 04:00:00 AM,6,3,3
12/16/2019 05:00:00 AM,34,21,13
12/16/2019 06:00:00 AM,118,62,56
12/16/2019 07:00:00 AM,326,165,161
12/16/2019 08:00:00 AM,590,258,332
12/16/2019 09:00:00 AM,305,109,196
12/16/2019 10:00:00 AM,110,38,72
12/16/2019 11:00:00 AM,77,30,47
12/16/2019 12:00:00 PM,75,25,50
12/16/2019 01:00:00 PM,81,31,50
12/16/2019 02:00:00 PM,86,36,50
12/16/2019 03:00:00 PM,144,42,102
12/16/2019 04:00:00 PM,342,74,268
12/16/2019 05:00:00 PM,590,101,489
12/16/2019 06:00:00 PM,363,76,287
12/16/2019 07:00:00 PM,152,32,120
12/16/2019 08:00:00 PM,69,16,53
12/16/2019 09:00:00 PM,41,14,27
12/16/2019 10:00:00 PM,15,6,9
12/16/2019 11:00:00 PM,12,4,8
12/17/2019 12:00:00 AM,15,9,6
12/17/2019 01:00:00 AM,4,3,1
12/17/2019 02:00:00 AM,2,1,1
12/17/2019 03:00:00 AM,0,0,0
12/17/2019 04:00:00 AM,5,3,2
12/17/2019 05:00:00 AM,32,17,15
12/17/2019 06:00:00 AM,121,56,65
12/17/2019 07:00:00 AM,402,188,214
12/17/2019 08:00:00 AM,569,242,327
12/17/2019 09:00:00 AM,292,118,174
12/17/2019 10:00:00 AM,135,52,83
12/17/2019 11:00:00 AM,91,30,61
12/17/2019 12:00:00 PM,82,35,47
12/17/2019 01:00:00 PM,67,32,35
12/17/2019 02:00:00 PM,98,37,61
12/17/2019 03:00:00 PM,147,36,111
12/17/2019 04:00:00 PM,383,76,307
12/17/2019 05:00:00 PM,577,116,461
12/17/2019 06:00:00 PM,354,78,276
12/17/2019 07:00:00 PM,133,37,96
12/17/2019 08:00:00 PM,95,21,74
12/17/2019 09:00:00 PM,60,21,39
12/17/2019 10:00:00 PM,21,9,12
12/17/2019 11:00:00 PM,14,6,8
12/18/2019 12:00:00 AM,13,4,9
12/18/2019 01:00:00 AM,5,2,3
12/18/2019 02:00:00 AM,3,1,2
12/18/2019 03:00:00 AM,1,0,1
12/18/2019 04:00:00 AM,8,5,3
12/18/2019 05:00:00 AM,34,18,16
12/18/2019 06:00:00 AM,105,53,52
12/18/2019 07:00:00 AM,320,134,186
12/18/2019 08:00:00 AM,514,222,292
12/18/2019 09:00:00 AM,276,94,182
12/18/2019 10:00:00 AM,102,33,69
12/18/2019 11:00:00 AM,69,23,46
12/18/2019 12:00:00 PM,82,24,58
12/18/2019 01:00:00 PM,66,26,40
12/18/2019 02:00:00 PM,97,33,64
12/18/2019 03:00:00 PM,153,54,99
12/18/2019 04:00:00 PM,317,54,263
12/18/2019 05:00:00 PM,513,99,414
12/18/2019 06:00:00 PM,255,44,211
12/18/2019 07:00:00 PM,90,31,59
12/18/2019 08:00:00 PM,52,15,37
12/18/2019 09:00:00 PM,20,5,15
12/18/2019 10:00:00 PM,21,7,14
12/18/2019 11:00:00 PM,11,3,8
12/19/2019 12:00:00 AM,7,2,5
12/19/2019 01:00:00 AM,1,1,0
12/19/2019 02:00:00 AM,0,0,0
12/19/2019 03:00:00 AM,1,0,1
12/19/2019 04:00:00 AM,4,2,2
12/19/2019 05:00:00 AM,17,8,9
12/19/2019 06:00:00 AM,81,44,37
12/19/2019 07:00:00 AM,254,118,136
12/19/2019 08:00:00 AM,369,148,221
12/19/2019 09:00:00 AM,218,79,139
12/19/2019 10:00:00 AM,88,36,52
12/19/2019 11:00:00 AM,58,28,30
12/19/2019 12:00:00 PM,67,26,41
12/19/2019 01:00:00 PM,40,19,21
12/19/2019 02:00:00 PM,56,15,41
12/19/2019 03:00:00 PM,68,20,48
12/19/2019 04:00:00 PM,206,35,171
12/19/2019 05:00:00 PM,351,67,284
12/19/2019 06:00:00 PM,179,50,129
12/19/2019 07:00:00 PM,77,16,61
12/19/2019 08:00:00 PM,37,10,27
12/19/2019 09:00:00 PM,13,3,10
12/19/2019 10:00:00 PM,16,7,9
12/19/2019 11:00:00 PM,7,2,5
12/20/2019 12:00:00 AM,8,2,6
12/20/2019 01:00:00 AM,0,0,0
12/20/2019 02:00:00 AM,0,0,0
12/20/2019 03:00:00 AM,0,0,0
12/20/2019 04:00:00 AM,7,3,4
12/20/2019 05:00:00 AM,9,5,4
12/20/2019 06:00:00 AM,55,29,26
12/20/2019 07:00:00 AM,128,46,82
12/20/2019 08:00:00 AM,206,90,116
12/20/2019 09:00:00 AM,85,32,53
12/20/2019 10:00:00 AM,35,14,21
12/20/2019 11:00:00 AM,20,8,12
12/20/2019 12:00:00 PM,18,6,12
12/20/2019 01:00:00 PM,23,8,15
12/20/2019 02:00:00 PM,30,10,20
12/20/2019 03:00:00 PM,61,11,50
12/20/2019 04:00:00 PM,145,26,119
12/20/2019 05:00:00 PM,158,22,136
12/20/2019 06:00:00 PM,80,21,59
12/20/2019 07:00:00 PM,25,8,17
12/20/2019 08:00:00 PM,16,6,10
12/20/2019 09:00:00 PM,11,4,7
12/20/2019 10:00:00 PM,7,4,3
12/20/2019 11:00:00 PM,11,4,7
12/21/2019 12:00:00 AM,4,1,3
12/21/2019 01:00:00 AM,2,1,1
12/21/2019 02:00:00 AM,0,0,0
12/21/2019 03:00:00 AM,0,0,0
12/21/2019 04:00:00 AM,0,0,0
12/21/2019 05:00:00 AM,4,2,2
12/21/2019 06:00:00 AM,5,1,4
12/21/2019 07:00:00 AM,5,1,4
12/21/2019 08:00:00 AM,14,7,7
12/21/2019 09:00:00 AM,19,8,11
12/21/2019 10:00:00 AM,8,4,4
12/21/2019 11:00:00 AM,22,16,6
12/21/2019 12:00:00 PM,28,18,10
12/21/2019 01:00:00 PM,12,7,5
12/21/2019 02:00:00 PM,21,8,13
12/21/2019 03:00:00 PM,25,12,13
12/21/2019 04:00:00 PM,29,9,20
12/21/2019 05:00:00 PM,25,10,15
12/21/2019 06:00:00 PM,12,7,5
12/21/2019 07:00:00 PM,17,6,11
12/21/2019 08:00:00 PM,8,3,5
12/21/2019 09:00:00 PM,8,6,2
12/21/2019 10:00:00 PM,11,5,6
12/21/2019 11:00:00 PM,13,5,8
12/22/2019 12:00:00 AM,6,2,4
12/22/2019 01:00:00 AM,4,0,4
12/22/2019 02:00:00 AM,2,1,1
12/22/2019 03:00:00 AM,4,3,1
12/22/2019 04:00:00 AM,0,0,0
12/22/2019 05:00:00 AM,3,0,3
12/22/2019 06:00:00 AM,3,1,2
12/22/2019 07:00:00 AM,18,4,14
12/22/2019 08:00:00 AM,24,11,13
12/22/2019 09:00:00 AM,36,19,17
12/22/2019 10:00:00 AM,51,25,26
12/22/2019 11:00:00 AM,72,28,44
12/22/2019 12:00:00 PM,83,37,46
12/22/2019 01:00:00 PM,98,52,46
12/22/2019 02:00:00 PM,72,50,22
12/22/2019 03:00:00 PM,84,39,45
12/22/2019 04:00:00 PM,45,27,18
12/22/2019 05:00:00 PM,34,16,18
12/22/2019 06:00:00 PM,12,3,9
12/22/2019 07:00:00 PM,12,5,7
12/22/2019 08:00:00 PM,8,1,7
12/22/2019 09:00:00 PM,10,4,6
12/22/2019 10:00:00 PM,13,5,8
12/22/2019 11:00:00 PM,9,6,3
12/23/2019 12:00:00 AM,2,1,1
12/23/2019 01:00:00 AM,2,0,2
12/23/2019 02:00:00 AM,1,0,1
12/23/2019 03:00:00 AM,0,0,0
12/23/2019 04:00:00 AM,2,2,0
12/23/2019 05:00:00 AM,14,6,8
12/23/2019 06:00:00 AM,43,29,14
12/23/2019 07:00:00 AM,116,47,69
12/23/2019 08:00:00 AM,174,79,95
12/23/2019 09:00:00 AM,125,47,78
12/23/2019 10:00:00 AM,67,18,49
12/23/2019 11:00:00 AM,48,18,30
12/23/2019 12:00:00 PM,53,27,26
12/23/2019 01:00:00 PM,74,33,41
12/23/2019 02:00:00 PM,70,28,42
12/23/2019 03:00:00 PM,122,32,90
12/23/2019 04:00:00 PM,168,44,124
12/23/2019 05:00:00 PM,191,28,163
12/23/2019 06:00:00 PM,94,22,72
12/23/2019 07:00:00 PM,55,15,40
12/23/2019 08:00:00 PM,30,10,20
12/23/2019 09:00:00 PM,19,7,12
12/23/2019 10:00:00 PM,11,4,7
12/23/2019 11:00:00 PM,9,2,7
12/24/2019 12:00:00 AM,8,4,4
12/24/2019 01:00:00 AM,2,1,1
12/24/2019 02:00:00 AM,1,0,1
12/24/2019 03:00:00 AM,1,0,1
12/24/2019 04:00:00 AM,3,2,1
12/24/2019 05:00:00 AM,15,6,9
12/24/2019 06:00:00 AM,32,12,20
12/24/2019 07:00:00 AM,58,17,41
12/24/2019 08:00:00 AM,89,34,55
12/24/2019 09:00:00 AM,52,18,34
12/24/2019 10:00:00 AM,51,21,30
12/24/2019 11:00:00 AM,87,42,45
12/24/2019 12:00:00 PM,74,31,43
12/24/2019 01:00:00 PM,68,21,47
12/24/2019 02:00:00 PM,81,36,45
12/24/2019 03:00:00 PM,76,23,53
12/24/2019 04:00:00 PM,64,21,43
12/24/2019 05:00:00 PM,32,7,25
12/24/2019 06:00:00 PM,17,3,14
12/24/2019 07:00:00 PM,21,8,13
12/24/2019 08:00:00 PM,8,3,5
12/24/2019 09:00:00 PM,4,3,1
12/24/2019 10:00:00 PM,4,2,2
12/24/2019 11:00:00 PM,4,0,4
12/25/2019 12:00:00 AM,1,0,1
12/25/2019 01:00:00 AM,3,1,2
12/25/2019 02:00:00 AM,1,0,1
12/25/2019 03:00:00 AM,0,0,0
12/25/2019 04:00:00 AM,1,0,1
12/25/2019 05:00:00 AM,2,0,2
12/25/2019 06:00:00 AM,2,1,1
12/25/2019 07:00:00 AM,6,4,2
12/25/2019 08:00:00 AM,12,1,11
12/25/2019 09:00:00 AM,22,8,14
12/25/2019 10:00:00 AM,36,20,16
12/25/2019 11:00:00 AM,28,8,20
12/25/2019 12:00:00 PM,45,26,19
12/25/2019 01:00:00 PM,58,33,25
12/25/2019 02:00:00 PM,76,27,49
12/25/2019 03:00:00 PM,55,26,29
12/25/2019 04:00:00 PM,25,10,15
12/25/2019 05:00:00 PM,10,4,6
12/25/2019 06:00:00 PM,4,3,1
12/25/2019 07:00:00 PM,4,1,3
12/25/2019 08:00:00 PM,8,3,5
12/25/2019 09:00:00 PM,6,5,1
12/25/2019 10:00:00 PM,3,1,2
12/25/2019 11:00:00 PM,5,2,3
12/26/2019 12:00:00 AM,3,1,2
12/26/2019 01:00:00 AM,0,0,0
12/26/2019 02:00:00 AM,1,0,1
12/26/2019 03:00:00 AM,0,0,0
12/26/2019 04:00:00 AM,2,2,0
12/26/2019 05:00:00 AM,12,1,11
12/26/2019 06:00:00 AM,20,7,13
12/26/2019 07:00:00 AM,55,22,33
12/26/2019 08:00:00 AM,93,36,57
12/26/2019 09:00:00 AM,79,27,52
12/26/2019 10:00:00 AM,51,21,30
12/26/2019 11:00:00 AM,46,16,30
12/26/2019 12:00:00 PM,55,25,30
12/26/2019 01:00:00 PM,80,30,50
12/26/2019 02:00:00 PM,78,41,37
12/26/2019 03:00:00 PM,125,45,80
12/26/2019 04:00:00 PM,126,26,100
12/26/2019 05:00:00 PM,108,22,86
12/26/2019 06:00:00 PM,59,17,42
12/26/2019 07:00:00 PM,38,10,28
12/26/2019 08:00:00 PM,19,9,10
12/26/2019 09:00:00 PM,6,3,3
12/26/2019 10:00:00 PM,9,5,4
12/26/2019 11:00:00 PM,2,0,2
12/27/2019 12:00:00 AM,2,1,1
12/27/2019 01:00:00 AM,4,2,2
12/27/2019 02:00:00 AM,2,1,1
12/27/2019 03:00:00 AM,1,0,1
12/27/2019 04:00:00 AM,2,2,0
12/27/2019 05:00:00 AM,10,6,4
12/27/2019 06:00:00 AM,44,23,21
12/27/2019 07:00:00 AM,86,36,50
12/27/2019 08:00:00 AM,120,42,78
12/27/2019 09:00:00 AM,73,25,48
12/27/2019 10:00:00 AM,50,20,30
12/27/2019 11:00:00 AM,44,19,25
12/27/2019 12:00:00 PM,52,22,30
12/27/2019 01:00:00 PM,58,30,28
12/27/2019 02:00:00 PM,60,26,34
12/27/2019 03:00:00 PM,109,34,75
12/27/2019 04:00:00 PM,120,32,88
12/27/2019 05:00:00 PM,137,37,100
12/27/2019 06:00:00 PM,79,18,61
12/27/2019 07:00:00 PM,20,8,12
12/27/2019 08:00:00 PM,17,4,13
12/27/2019 09:00:00 PM,24,4,20
12/27/2019 10:00:00 PM,17,5,12
12/27/2019 11:00:00 PM,7,1,6
12/28/2019 12:00:00 AM,6,3,3
12/28/2019 01:00:00 AM,6,3,3
12/28/2019 02:00:00 AM,1,1,0
12/28/2019 03:00:00 AM,1,1,0
12/28/2019 04:00:00 AM,0,0,0
12/28/2019 05:00:00 AM,4,2,2
12/28/2019 06:00:00 AM,7,5,2
12/28/2019 07:00:00 AM,18,7,11
12/28/2019 08:00:00 AM,33,12,21
12/28/2019 09:00:00 AM,24,12,12
12/28/2019 10:00:00 AM,62,31,31
12/28/2019 11:00:00 AM,103,55,48
12/28/2019 12:00:00 PM,101,57,44
12/28/2019 01:00:00 PM,112,45,67
12/28/2019 02:00:00 PM,129,60,69
12/28/2019 03:00:00 PM,72,26,46
12/28/2019 04:00:00 PM,60,27,33
12/28/2019 05:00:00 PM,38,13,25
12/28/2019 06:00:00 PM,13,1,12
12/28/2019 07:00:00 PM,13,9,4
12/28/2019 08:00:00 PM,13,3,10
12/28/2019 09:00:00 PM,9,5,4
12/28/2019 10:00:00 PM,7,3,4
12/28/2019 11:00:00 PM,6,1,5
12/29/2019 12:00:00 AM,4,1,3
12/29/2019 01:00:00 AM,4,4,0
12/29/2019 02:00:00 AM,3,0,3
12/29/2019 03:00:00 AM,3,0,3
12/29/2019 04:00:00 AM,2,2,0
12/29/2019 05:00:00 AM,2,0,2
12/29/2019 06:00:00 AM,9,5,4
12/29/2019 07:00:00 AM,9,4,5
12/29/2019 08:00:00 AM,31,16,15
12/29/2019 09:00:00 AM,25,5,20
12/29/2019 10:00:00 AM,68,26,42
12/29/2019 11:00:00 AM,70,26,44
12/29/2019 12:00:00 PM,108,58,50
12/29/2019 01:00:00 PM,101,42,59
12/29/2019 02:00:00 PM,148,70,78
12/29/2019 03:00:00 PM,118,53,65
12/29/2019 04:00:00 PM,82,37,45
12/29/2019 05:00:00 PM,33,14,19
12/29/2019 06:00:00 PM,26,11,15
12/29/2019 07:00:00 PM,22,10,12
12/29/2019 08:00:00 PM,18,8,10
12/29/2019 09:00:00 PM,22,5,17
12/29/2019 10:00:00 PM,11,8,3
12/29/2019 11:00:00 PM,4,3,1
12/30/2019 12:00:00 AM,5,2,3
12/30/2019 01:00:00 AM,2,1,1
12/30/2019 02:00:00 AM,1,0,1
12/30/2019 03:00:00 AM,2,0,2
12/30/2019 04:00:00 AM,7,3,4
12/30/2019 05:00:00 AM,18,8,10
12/30/2019 06:00:00 AM,67,32,35
12/30/2019 07:00:00 AM,165,73,92
12/30/2019 08:00:00 AM,254,104,150
12/30/2019 09:00:00 AM,143,54,89
12/30/2019 10:00:00 AM,70,18,52
12/30/2019 11:00:00 AM,48,25,23
12/30/2019 12:00:00 PM,42,15,27
12/30/2019 01:00:00 PM,48,15,33
12/30/2019 02:00:00 PM,65,24,41
12/30/2019 03:00:00 PM,131,37,94
12/30/2019 04:00:00 PM,209,45,164
12/30/2019 05:00:00 PM,263,55,208
12/30/2019 06:00:00 PM,152,47,105
12/30/2019 07:00:00 PM,57,18,39
12/30/2019 08:00:00 PM,29,11,18
12/30/2019 09:00:00 PM,13,3,10
12/30/2019 10:00:00 PM,6,4,2
12/30/2019 11:00:00 PM,6,1,5
12/31/2019 12:00:00 AM,8,3,5
12/31/2019 01:00:00 AM,1,1,0
12/31/2019 02:00:00 AM,1,0,1
12/31/2019 03:00:00 AM,1,0,1
12/31/2019 04:00:00 AM,5,3,2
12/31/2019 05:00:00 AM,15,8,7
12/31/2019 06:00:00 AM,45,22,23
12/31/2019 07:00:00 AM,125,60,65
12/31/2019 08:00:00 AM,149,62,87
12/31/2019 09:00:00 AM,97,38,59
12/31/2019 10:00:00 AM,40,19,21
12/31/2019 11:00:00 AM,52,28,24
12/31/2019 12:00:00 PM,35,18,17
12/31/2019 01:00:00 PM,56,15,41
12/31/2019 02:00:00 PM,61,23,38
12/31/2019 03:00:00 PM,107,28,79
12/31/2019 04:00:00 PM,124,28,96
12/31/2019 05:00:00 PM,101,22,79
12/31/2019 06:00:00 PM,41,10,31
12/31/2019 07:00:00 PM,19,8,11
12/31/2019 08:00:00 PM,13,6,7
12/31/2019 09:00:00 PM,15,8,7
12/31/2019 10:00:00 PM,15,5,10
12/31/2019 11:00:00 PM,16,7,9
01/01/2020 12:00:00 AM,11,4,7
01/01/2020 01:00:00 AM,33,9,24
01/01/2020 02:00:00 AM,16,5,11
01/01/2020 03:00:00 AM,4,0,4
01/01/2020 04:00:00 AM,1,0,1
01/01/2020 05:00:00 AM,3,1,2
01/01/2020 06:00:00 AM,9,3,6
01/01/2020 07:00:00 AM,4,2,2
01/01/2020 08:00:00 AM,18,6,12
01/01/2020 09:00:00 AM,30,16,14
01/01/2020 10:00:00 AM,66,35,31
01/01/2020 11:00:00 AM,86,36,50
01/01/2020 12:00:00 PM,90,49,41
01/01/2020 01:00:00 PM,102,49,53
01/01/2020 02:00:00 PM,119,54,65
01/01/2020 03:00:00 PM,103,47,56
01/01/2020 04:00:00 PM,64,30,34
01/01/2020 05:00:00 PM,38,24,14
01/01/2020 06:00:00 PM,17,4,13
01/01/2020 07:00:00 PM,14,9,5
01/01/2020 08:00:00 PM,9,3,6
01/01/2020 09:00:00 PM,10,4,6
01/01/2020 10:00:00 PM,4,1,3
01/01/2020 11:00:00 PM,2,0,2
01/02/2020 12:00:00 AM,2,0,2
01/02/2020 01:00:00 AM,1,0,1
01/02/2020 02:00:00 AM,1,0,1
01/02/2020 03:00:00 AM,1,0,1
01/02/2020 04:00:00 AM,2,1,1
01/02/2020 05:00:00 AM,19,12,7
01/02/2020 06:00:00 AM,67,38,29
01/02/2020 07:00:00 AM,215,93,122
01/02/2020 08:00:00 AM,390,158,232
01/02/2020 09:00:00 AM,211,73,138
01/02/2020 10:00:00 AM,89,36,53
01/02/2020 11:00:00 AM,35,12,23
01/02/2020 12:00:00 PM,41,15,26
01/02/2020 01:00:00 PM,30,14,16
01/02/2020 02:00:00 PM,51,18,33
01/02/2020 03:00:00 PM,98,25,73
01/02/2020 04:00:00 PM,220,37,183
01/02/2020 05:00:00 PM,345,56,289
01/02/2020 06:00:00 PM,196,40,156
01/02/2020 07:00:00 PM,73,18,55
01/02/2020 08:00:00 PM,35,5,30
01/02/2020 09:00:00 PM,23,6,17
01/02/2020 10:00:00 PM,8,4,4
01/02/2020 11:00:00 PM,7,3,4
01/03/2020 12:00:00 AM,2,0,2
01/03/2020 01:00:00 AM,0,0,0
01/03/2020 02:00:00 AM,1,0,1
01/03/2020 03:00:00 AM,2,1,1
01/03/2020 04:00:00 AM,6,2,4
01/03/2020 05:00:00 AM,17,13,4
01/03/2020 06:00:00 AM,72,28,44
01/03/2020 07:00:00 AM,197,90,107
01/03/2020 08:00:00 AM,342,154,188
01/03/2020 09:00:00 AM,220,77,143
01/03/2020 10:00:00 AM,90,36,54
01/03/2020 11:00:00 AM,83,32,51
01/03/2020 12:00:00 PM,112,43,69
01/03/2020 01:00:00 PM,89,42,47
01/03/2020 02:00:00 PM,104,37,67
01/03/2020 03:00:00 PM,165,55,110
01/03/2020 04:00:00 PM,311,75,236
01/03/2020 05:00:00 PM,371,82,289
01/03/2020 06:00:00 PM,177,58,119
01/03/2020 07:00:00 PM,57,19,38
01/03/2020 08:00:00 PM,32,5,27
01/03/2020 09:00:00 PM,23,6,17
01/03/2020 10:00:00 PM,11,9,2
01/03/2020 11:00:00 PM,4,0,4
01/04/2020 12:00:00 AM,6,1,5
01/04/2020 01:00:00 AM,2,1,1
01/04/2020 02:00:00 AM,3,1,2
01/04/2020 03:00:00 AM,2,0,2
01/04/2020 04:00:00 AM,0,0,0
01/04/2020 05:00:00 AM,2,1,1
01/04/2020 06:00:00 AM,10,4,6
01/04/2020 07:00:00 AM,21,6,15
01/04/2020 08:00:00 AM,44,17,27
01/04/2020 09:00:00 AM,56,20,36
01/04/2020 10:00:00 AM,74,33,41
01/04/2020 11:00:00 AM,89,45,44
01/04/2020 12:00:00 PM,111,59,52
01/04/2020 01:00:00 PM,118,53,65
01/04/2020 02:00:00 PM,104,44,60
01/04/2020 03:00:00 PM,89,38,51
01/04/2020 04:00:00 PM,54,22,32
01/04/2020 05:00:00 PM,37,18,19
01/04/2020 06:00:00 PM,34,13,21
01/04/2020 07:00:00 PM,21,12,9
01/04/2020 08:00:00 PM,16,9,7
01/04/2020 09:00:00 PM,16,5,11
01/04/2020 10:00:00 PM,12,5,7
01/04/2020 11:00:00 PM,5,2,3
01/05/2020 12:00:00 AM,7,2,5
01/05/2020 01:00:00 AM,1,0,1
01/05/2020 02:00:00 AM,2,2,0
01/05/2020 03:00:00 AM,2,1,1
01/05/2020 04:00:00 AM,0,0,0
01/05/2020 05:00:00 AM,1,0,1
01/05/2020 06:00:00 AM,12,2,10
01/05/2020 07:00:00 AM,13,6,7
01/05/2020 08:00:00 AM,19,11,8
01/05/2020 09:00:00 AM,29,14,15
01/05/2020 10:00:00 AM,36,16,20
01/05/2020 11:00:00 AM,34,18,16
01/05/2020 12:00:00 PM,41,19,22
01/05/2020 01:00:00 PM,45,25,20
01/05/2020 02:00:00 PM,61,23,38
01/05/2020 03:00:00 PM,77,41,36
01/05/2020 04:00:00 PM,58,20,38
01/05/2020 05:00:00 PM,45,15,30
01/05/2020 06:00:00 PM,31,15,16
01/05/2020 07:00:00 PM,15,7,8
01/05/2020 08:00:00 PM,17,6,11
01/05/2020 09:00:00 PM,12,2,10
01/05/2020 10:00:00 PM,7,6,1
01/05/2020 11:00:00 PM,4,1,3
01/06/2020 12:00:00 AM,4,1,3
01/06/2020 01:00:00 AM,1,0,1
01/06/2020 02:00:00 AM,0,0,0
01/06/2020 03:00:00 AM,0,0,0
01/06/2020 04:00:00 AM,5,4,1
01/06/2020 05:00:00 AM,29,13,16
01/06/2020 06:00:00 AM,124,74,50
01/06/2020 07:00:00 AM,337,166,171
01/06/2020 08:00:00 AM,528,228,300
01/06/2020 09:00:00 AM,209,70,139
01/06/2020 10:00:00 AM,77,23,54
01/06/2020 11:00:00 AM,30,14,16
01/06/2020 12:00:00 PM,38,14,24
01/06/2020 01:00:00 PM,33,14,19
01/06/2020 02:00:00 PM,28,8,20
01/06/2020 03:00:00 PM,114,33,81
01/06/2020 04:00:00 PM,276,59,217
01/06/2020 05:00:00 PM,530,92,438
01/06/2020 06:00:00 PM,294,85,209
01/06/2020 07:00:00 PM,102,25,77
01/06/2020 08:00:00 PM,36,13,23
01/06/2020 09:00:00 PM,23,8,15
01/06/2020 10:00:00 PM,23,9,14
01/06/2020 11:00:00 PM,4,2,2
01/07/2020 12:00:00 AM,3,1,2
01/07/2020 01:00:00 AM,2,2,0
01/07/2020 02:00:00 AM,1,0,1
01/07/2020 03:00:00 AM,0,0,0
01/07/2020 04:00:00 AM,4,2,2
01/07/2020 05:00:00 AM,27,12,15
01/07/2020 06:00:00 AM,101,49,52
01/07/2020 07:00:00 AM,316,148,168
01/07/2020 08:00:00 AM,514,229,285
01/07/2020 09:00:00 AM,267,105,162
01/07/2020 10:00:00 AM,87,33,54
01/07/2020 11:00:00 AM,62,28,34
01/07/2020 12:00:00 PM,50,32,18
01/07/2020 01:00:00 PM,47,20,27
01/07/2020 02:00:00 PM,68,18,50
01/07/2020 03:00:00 PM,120,34,86
01/07/2020 04:00:00 PM,257,63,194
01/07/2020 05:00:00 PM,548,99,449
01/07/2020 06:00:00 PM,283,65,218
01/07/2020 07:00:00 PM,96,20,76
01/07/2020 08:00:00 PM,60,17,43
01/07/2020 09:00:00 PM,39,17,22
01/07/2020 10:00:00 PM,23,6,17
01/07/2020 11:00:00 PM,9,6,3
01/08/2020 12:00:00 AM,5,2,3
01/08/2020 01:00:00 AM,2,0,2
01/08/2020 02:00:00 AM,1,0,1
01/08/2020 03:00:00 AM,1,0,1
01/08/2020 04:00:00 AM,5,3,2
01/08/2020 05:00:00 AM,28,15,13
01/08/2020 06:00:00 AM,121,61,60
01/08/2020 07:00:00 AM,356,170,186
01/08/2020 08:00:00 AM,565,242,323
01/08/2020 09:00:00 AM,276,97,179
01/08/2020 10:00:00 AM,117,39,78
01/08/2020 11:00:00 AM,68,26,42
01/08/2020 12:00:00 PM,60,26,34
01/08/2020 01:00:00 PM,62,26,36
01/08/2020 02:00:00 PM,74,21,53
01/08/2020 03:00:00 PM,138,44,94
01/08/2020 04:00:00 PM,316,81,235
01/08/2020 05:00:00 PM,593,106,487
01/08/2020 06:00:00 PM,343,93,250
01/08/2020 07:00:00 PM,120,26,94
01/08/2020 08:00:00 PM,59,10,49
01/08/2020 09:00:00 PM,39,15,24
01/08/2020 10:00:00 PM,22,9,13
01/08/2020 11:00:00 PM,7,2,5
01/09/2020 12:00:00 AM,4,1,3
01/09/2020 01:00:00 AM,2,2,0
01/09/2020 02:00:00 AM,1,0,1
01/09/2020 03:00:00 AM,0,0,0
01/09/2020 04:00:00 AM,7,6,1
01/09/2020 05:00:00 AM,29,17,12
01/09/2020 06:00:00 AM,111,52,59
01/09/2020 07:00:00 AM,262,117,145
01/09/2020 08:00:00 AM,426,181,245
01/09/2020 09:00:00 AM,233,78,155
01/09/2020 10:00:00 AM,89,28,61
01/09/2020 11:00:00 AM,55,27,28
01/09/2020 12:00:00 PM,52,23,29
01/09/2020 01:00:00 PM,47,23,24
01/09/2020 02:00:00 PM,63,19,44
01/09/2020 03:00:00 PM,112,31,81
01/09/2020 04:00:00 PM,271,72,199
01/09/2020 05:00:00 PM,481,99,382
01/09/2020 06:00:00 PM,278,77,201
01/09/2020 07:00:00 PM,107,20,87
01/09/2020 08:00:00 PM,50,14,36
01/09/2020 09:00:00 PM,38,12,26
01/09/2020 10:00:00 PM,23,14,9
01/09/2020 11:00:00 PM,23,9,14
01/10/2020 12:00:00 AM,6,4,2
01/10/2020 01:00:00 AM,7,4,3
01/10/2020 02:00:00 AM,2,0,2
01/10/2020 03:00:00 AM,0,0,0
01/10/2020 04:00:00 AM,3,1,2
01/10/2020 05:00:00 AM,17,10,7
01/10/2020 06:00:00 AM,72,31,41
01/10/2020 07:00:00 AM,201,83,118
01/10/2020 08:00:00 AM,320,129,191
01/10/2020 09:00:00 AM,212,67,145
01/10/2020 10:00:00 AM,68,22,46
01/10/2020 11:00:00 AM,35,17,18
01/10/2020 12:00:00 PM,25,17,8
01/10/2020 01:00:00 PM,38,19,19
01/10/2020 02:00:00 PM,49,12,37
01/10/2020 03:00:00 PM,97,30,67
01/10/2020 04:00:00 PM,200,40,160
01/10/2020 05:00:00 PM,343,56,287
01/10/2020 06:00:00 PM,162,35,127
01/10/2020 07:00:00 PM,59,14,45
01/10/2020 08:00:00 PM,28,9,19
01/10/2020 09:00:00 PM,19,4,15
01/10/2020 10:00:00 PM,17,4,13
01/10/2020 11:00:00 PM,7,1,6
01/11/2020 12:00:00 AM,5,0,5
01/11/2020 01:00:00 AM,5,3,2
01/11/2020 02:00:00 AM,1,0,1
01/11/2020 03:00:00 AM,0,0,0
01/11/2020 04:00:00 AM,0,0,0
01/11/2020 05:00:00 AM,1,0,1
01/11/2020 06:00:00 AM,10,3,7
01/11/2020 07:00:00 AM,18,8,10
01/11/2020 08:00:00 AM,30,12,18
01/11/2020 09:00:00 AM,51,27,24
01/11/2020 10:00:00 AM,51,26,25
01/11/2020 11:00:00 AM,49,25,24
01/11/2020 12:00:00 PM,52,19,33
01/11/2020 01:00:00 PM,48,23,25
01/11/2020 02:00:00 PM,54,19,35
01/11/2020 03:00:00 PM,63,38,25
01/11/2020 04:00:00 PM,55,20,35
01/11/2020 05:00:00 PM,34,13,21
01/11/2020 06:00:00 PM,30,10,20
01/11/2020 07:00:00 PM,15,9,6
01/11/2020 08:00:00 PM,17,3,14
01/11/2020 09:00:00 PM,12,6,6
01/11/2020 10:00:00 PM,14,7,7
01/11/2020 11:00:00 PM,9,3,6
01/12/2020 12:00:00 AM,9,1,8
01/12/2020 01:00:00 AM,1,0,1
01/12/2020 02:00:00 AM,2,1,1
01/12/2020 03:00:00 AM,1,0,1
01/12/2020 04:00:00 AM,3,2,1
01/12/2020 05:00:00 AM,3,2,1
01/12/2020 06:00:00 AM,8,4,4
01/12/2020 07:00:00 AM,12,6,6
01/12/2020 08:00:00 AM,18,5,13
01/12/2020 09:00:00 AM,36,17,19
01/12/2020 10:00:00 AM,41,23,18
01/12/2020 11:00:00 AM,52,29,23
01/12/2020 12:00:00 PM,45,21,24
01/12/2020 01:00:00 PM,63,32,31
01/12/2020 02:00:00 PM,59,26,33
01/12/2020 03:00:00 PM,66,29,37
01/12/2020 04:00:00 PM,38,15,23
01/12/2020 05:00:00 PM,32,14,18
01/12/2020 06:00:00 PM,17,8,9
01/12/2020 07:00:00 PM,20,11,9
01/12/2020 08:00:00 PM,9,5,4
01/12/2020 09:00:00 PM,10,8,2
01/12/2020 10:00:00 PM,4,1,3
01/12/2020 11:00:00 PM,1,1,0
01/13/2020 12:00:00 AM,3,2,1
01/13/2020 01:00:00 AM,0,0,0
01/13/2020 02:00:00 AM,0,0,0
01/13/2020 03:00:00 AM,1,1,0
01/13/2020 04:00:00 AM,4,2,2
01/13/2020 05:00:00 AM,6,3,3
01/13/2020 06:00:00 AM,23,12,11
01/13/2020 07:00:00 AM,98,44,54
01/13/2020 08:00:00 AM,165,66,99
01/13/2020 09:00:00 AM,124,43,81
01/13/2020 10:00:00 AM,59,17,42
01/13/2020 11:00:00 AM,37,17,20
01/13/2020 12:00:00 PM,20,8,12
01/13/2020 01:00:00 PM,22,8,14
01/13/2020 02:00:00 PM,31,11,20
01/13/2020 03:00:00 PM,58,17,41
01/13/2020 04:00:00 PM,128,36,92
01/13/2020 05:00:00 PM,192,48,144
01/13/2020 06:00:00 PM,100,25,75
01/13/2020 07:00:00 PM,50,12,38
01/13/2020 08:00:00 PM,20,7,13
01/13/2020 09:00:00 PM,12,4,8
01/13/2020 10:00:00 PM,10,2,8
01/13/2020 11:00:00 PM,4,0,4
01/14/2020 12:00:00 AM,4,0,4
01/14/2020 01:00:00 AM,1,0,1
01/14/2020 02:00:00 AM,0,0,0
01/14/2020 03:00:00 AM,0,0,0
01/14/2020 04:00:00 AM,3,2,1
01/14/2020 05:00:00 AM,7,5,2
01/14/2020 06:00:00 AM,27,11,16
01/14/2020 07:00:00 AM,59,27,32
01/14/2020 08:00:00 AM,108,41,67
01/14/2020 09:00:00 AM,70,19,51
01/14/2020 10:00:00 AM,58,15,43
01/14/2020 11:00:00 AM,19,11,8
01/14/2020 12:00:00 PM,17,8,9
01/14/2020 01:00:00 PM,25,11,14
01/14/2020 02:00:00 PM,29,12,17
01/14/2020 03:00:00 PM,39,10,29
01/14/2020 04:00:00 PM,85,23,62
01/14/2020 05:00:00 PM,136,31,105
01/14/2020 06:00:00 PM,68,16,52
01/14/2020 07:00:00 PM,36,11,25
01/14/2020 08:00:00 PM,22,10,12
01/14/2020 09:00:00 PM,13,4,9
01/14/2020 10:00:00 PM,5,1,4
01/14/2020 11:00:00 PM,2,1,1
01/15/2020 12:00:00 AM,1,0,1
01/15/2020 01:00:00 AM,1,0,1
01/15/2020 02:00:00 AM,1,0,1
01/15/2020 03:00:00 AM,0,0,0
01/15/2020 04:00:00 AM,4,2,2
01/15/2020 05:00:00 AM,6,3,3
01/15/2020 06:00:00 AM,18,10,8
01/15/2020 07:00:00 AM,80,38,42
01/15/2020 08:00:00 AM,154,62,92
01/15/2020 09:00:00 AM,104,30,74
01/15/2020 10:00:00 AM,49,20,29
01/15/2020 11:00:00 AM,34,14,20
01/15/2020 12:00:00 PM,19,11,8
01/15/2020 01:00:00 PM,21,12,9
01/15/2020 02:00:00 PM,31,11,20
01/15/2020 03:00:00 PM,56,22,34
01/15/2020 04:00:00 PM,81,16,65
01/15/2020 05:00:00 PM,165,35,130
01/15/2020 06:00:00 PM,89,21,68
01/15/2020 07:00:00 PM,45,10,35
01/15/2020 08:00:00 PM,21,6,15
01/15/2020 09:00:00 PM,11,3,8
01/15/2020 10:00:00 PM,17,6,11
01/15/2020 11:00:00 PM,7,4,3
01/16/2020 12:00:00 AM,2,2,0
01/16/2020 01:00:00 AM,0,0,0
01/16/2020 02:00:00 AM,2,1,1
01/16/2020 03:00:00 AM,0,0,0
01/16/2020 04:00:00 AM,4,3,1
01/16/2020 05:00:00 AM,8,5,3
01/16/2020 06:00:00 AM,78,37,41
01/16/2020 07:00:00 AM,179,75,104
01/16/2020 08:00:00 AM,392,168,224
01/16/2020 09:00:00 AM,196,74,122
01/16/2020 10:00:00 AM,87,32,55
01/16/2020 11:00:00 AM,70,26,44
01/16/2020 12:00:00 PM,54,26,28
01/16/2020 01:00:00 PM,72,33,39
01/16/2020 02:00:00 PM,65,30,35
01/16/2020 03:00:00 PM,102,36,66
01/16/2020 04:00:00 PM,251,65,186
01/16/2020 05:00:00 PM,397,87,310
01/16/2020 06:00:00 PM,208,52,156
01/16/2020 07:00:00 PM,88,20,68
01/16/2020 08:00:00 PM,39,7,32
01/16/2020 09:00:00 PM,29,11,18
01/16/2020 10:00:00 PM,16,7,9
01/16/2020 11:00:00 PM,18,9,9
01/17/2020 12:00:00 AM,7,2,5
01/17/2020 01:00:00 AM,3,1,2
01/17/2020 02:00:00 AM,1,1,0
01/17/2020 03:00:00 AM,1,0,1
01/17/2020 04:00:00 AM,4,2,2
01/17/2020 05:00:00 AM,17,12,5
01/17/2020 06:00:00 AM,67,34,33
01/17/2020 07:00:00 AM,201,98,103
01/17/2020 08:00:00 AM,375,142,233
01/17/2020 09:00:00 AM,202,79,123
01/17/2020 10:00:00 AM,74,32,42
01/17/2020 11:00:00 AM,59,31,28
01/17/2020 12:00:00 PM,54,17,37
01/17/2020 01:00:00 PM,66,29,37
01/17/2020 02:00:00 PM,64,28,36
01/17/2020 03:00:00 PM,130,33,97
01/17/2020 04:00:00 PM,227,45,182
01/17/2020 05:00:00 PM,360,74,286
01/17/2020 06:00:00 PM,206,62,144
01/17/2020 07:00:00 PM,79,25,54
01/17/2020 08:00:00 PM,32,10,22
01/17/2020 09:00:00 PM,34,6,28
01/17/2020 10:00:00 PM,12,6,6
01/17/2020 11:00:00 PM,11,3,8
01/18/2020 12:00:00 AM,8,6,2
01/18/2020 01:00:00 AM,6,2,4
01/18/2020 02:00:00 AM,1,0,1
01/18/2020 03:00:00 AM,0,0,0
01/18/2020 04:00:00 AM,0,0,0
01/18/2020 05:00:00 AM,1,1,0
01/18/2020 06:00:00 AM,9,2,7
01/18/2020 07:00:00 AM,7,4,3
01/18/2020 08:00:00 AM,29,16,13
01/18/2020 09:00:00 AM,37,20,17
01/18/2020 10:00:00 AM,32,18,14
01/18/2020 11:00:00 AM,53,19,34
01/18/2020 12:00:00 PM,41,21,20
01/18/2020 01:00:00 PM,52,23,29
01/18/2020 02:00:00 PM,67,35,32
01/18/2020 03:00:00 PM,80,43,37
01/18/2020 04:00:00 PM,73,34,39
01/18/2020 05:00:00 PM,37,14,23
01/18/2020 06:00:00 PM,32,18,14
01/18/2020 07:00:00 PM,23,13,10
01/18/2020 08:00:00 PM,17,6,11
01/18/2020 09:00:00 PM,15,7,8
01/18/2020 10:00:00 PM,9,4,5
01/18/2020 11:00:00 PM,13,8,5
01/19/2020 12:00:00 AM,7,3,4
01/19/2020 01:00:00 AM,5,3,2
01/19/2020 02:00:00 AM,8,0,8
01/19/2020 03:00:00 AM,0,0,0
01/19/2020 04:00:00 AM,2,2,0
01/19/2020 05:00:00 AM,3,1,2
01/19/2020 06:00:00 AM,9,5,4
01/19/2020 07:00:00 AM,13,3,10
01/19/2020 08:00:00 AM,31,12,19
01/19/2020 09:00:00 AM,65,33,32
01/19/2020 10:00:00 AM,57,25,32
01/19/2020 11:00:00 AM,44,26,18
01/19/2020 12:00:00 PM,56,23,33
01/19/2020 01:00:00 PM,98,36,62
01/19/2020 02:00:00 PM,91,41,50
01/19/2020 03:00:00 PM,92,43,49
01/19/2020 04:00:00 PM,69,36,33
01/19/2020 05:00:00 PM,71,19,52
01/19/2020 06:00:00 PM,33,11,22
01/19/2020 07:00:00 PM,21,6,15
01/19/2020 08:00:00 PM,23,7,16
01/19/2020 09:00:00 PM,12,7,5
01/19/2020 10:00:00 PM,9,3,6
01/19/2020 11:00:00 PM,4,2,2
01/20/2020 12:00:00 AM,2,1,1
01/20/2020 01:00:00 AM,1,0,1
01/20/2020 02:00:00 AM,2,0,2
01/20/2020 03:00:00 AM,0,0,0
01/20/2020 04:00:00 AM,9,4,5
01/20/2020 05:00:00 AM,7,5,2
01/20/2020 06:00:00 AM,58,23,35
01/20/2020 07:00:00 AM,139,66,73
01/20/2020 08:00:00 AM,240,92,148
01/20/2020 09:00:00 AM,106,40,66
01/20/2020 10:00:00 AM,65,26,39
01/20/2020 11:00:00 AM,54,26,28
01/20/2020 12:00:00 PM,68,23,45
01/20/2020 01:00:00 PM,61,31,30
01/20/2020 02:00:00 PM,72,27,45
01/20/2020 03:00:00 PM,107,40,67
01/20/2020 04:00:00 PM,193,60,133
01/20/2020 05:00:00 PM,274,50,224
01/20/2020 06:00:00 PM,147,31,116
01/20/2020 07:00:00 PM,75,14,61
01/20/2020 08:00:00 PM,34,13,21
01/20/2020 09:00:00 PM,24,9,15
01/20/2020 10:00:00 PM,17,8,9
01/20/2020 11:00:00 PM,10,1,9
01/21/2020 12:00:00 AM,2,1,1
01/21/2020 01:00:00 AM,0,0,0
01/21/2020 02:00:00 AM,3,1,2
01/21/2020 03:00:00 AM,2,1,1
01/21/2020 04:00:00 AM,6,5,1
01/21/2020 05:00:00 AM,21,12,9
01/21/2020 06:00:00 AM,109,57,52
01/21/2020 07:00:00 AM,296,134,162
01/21/2020 08:00:00 AM,467,180,287
01/21/2020 09:00:00 AM,268,106,162
01/21/2020 10:00:00 AM,95,31,64
01/21/2020 11:00:00 AM,47,17,30
01/21/2020 12:00:00 PM,44,19,25
01/21/2020 01:00:00 PM,42,19,23
01/21/2020 02:00:00 PM,41,8,33
01/21/2020 03:00:00 PM,95,25,70
01/21/2020 04:00:00 PM,241,67,174
01/21/2020 05:00:00 PM,487,86,401
01/21/2020 06:00:00 PM,251,54,197
01/21/2020 07:00:00 PM,96,17,79
01/21/2020 08:00:00 PM,47,12,35
01/21/2020 09:00:00 PM,30,8,22
01/21/2020 10:00:00 PM,15,4,11
01/21/2020 11:00:00 PM,3,0,3
01/22/2020 12:00:00 AM,2,2,0
01/22/2020 01:00:00 AM,1,0,1
01/22/2020 02:00:00 AM,0,0,0
01/22/2020 03:00:00 AM,0,0,0
01/22/2020 04:00:00 AM,4,2,2
01/22/2020 05:00:00 AM,24,14,10
01/22/2020 06:00:00 AM,113,55,58
01/22/2020 07:00:00 AM,269,112,157
01/22/2020 08:00:00 AM,418,166,252
01/22/2020 09:00:00 AM,201,78,123
01/22/2020 10:00:00 AM,71,31,40
01/22/2020 11:00:00 AM,31,16,15
01/22/2020 12:00:00 PM,32,12,20
01/22/2020 01:00:00 PM,31,13,18
01/22/2020 02:00:00 PM,40,10,30
01/22/2020 03:00:00 PM,100,28,72
01/22/2020 04:00:00 PM,242,55,187
01/22/2020 05:00:00 PM,460,85,375
01/22/2020 06:00:00 PM,302,64,238
01/22/2020 07:00:00 PM,126,28,98
01/22/2020 08:00:00 PM,43,8,35
01/22/2020 09:00:00 PM,35,12,23
01/22/2020 10:00:00 PM,17,6,11
01/22/2020 11:00:00 PM,8,1,7
01/23/2020 12:00:00 AM,2,1,1
01/23/2020 01:00:00 AM,1,0,1
01/23/2020 02:00:00 AM,0,0,0
01/23/2020 03:00:00 AM,1,0,1
01/23/2020 04:00:00 AM,5,3,2
01/23/2020 05:00:00 AM,24,12,12
01/23/2020 06:00:00 AM,91,41,50
01/23/2020 07:00:00 AM,243,114,129
01/23/2020 08:00:00 AM,366,149,217
01/23/2020 09:00:00 AM,192,71,121
01/23/2020 10:00:00 AM,70,30,40
01/23/2020 11:00:00 AM,37,17,20
01/23/2020 12:00:00 PM,29,15,14
01/23/2020 01:00:00 PM,30,15,15
01/23/2020 02:00:00 PM,38,11,27
01/23/2020 03:00:00 PM,89,31,58
01/23/2020 04:00:00 PM,198,40,158
01/23/2020 05:00:00 PM,398,84,314
01/23/2020 06:00:00 PM,234,59,175
01/23/2020 07:00:00 PM,106,25,81
01/23/2020 08:00:00 PM,54,12,42
01/23/2020 09:00:00 PM,26,9,17
01/23/2020 10:00:00 PM,15,5,10
01/23/2020 11:00:00 PM,10,2,8
01/24/2020 12:00:00 AM,7,3,4
01/24/2020 01:00:00 AM,2,0,2
01/24/2020 02:00:00 AM,0,0,0
01/24/2020 03:00:00 AM,1,0,1
01/24/2020 04:00:00 AM,7,3,4
01/24/2020 05:00:00 AM,18,8,10
01/24/2020 06:00:00 AM,90,42,48
01/24/2020 07:00:00 AM,240,103,137
01/24/2020 08:00:00 AM,413,178,235
01/24/2020 09:00:00 AM,231,76,155
01/24/2020 10:00:00 AM,76,32,44
01/24/2020 11:00:00 AM,47,20,27
01/24/2020 12:00:00 PM,46,20,26
01/24/2020 01:00:00 PM,47,20,27
01/24/2020 02:00:00 PM,51,15,36
01/24/2020 03:00:00 PM,125,29,96
01/24/2020 04:00:00 PM,315,73,242
01/24/2020 05:00:00 PM,438,95,343
01/24/2020 06:00:00 PM,196,48,148
01/24/2020 07:00:00 PM,87,33,54
01/24/2020 08:00:00 PM,55,23,32
01/24/2020 09:00:00 PM,28,6,22
01/24/2020 10:00:00 PM,16,7,9
01/24/2020 11:00:00 PM,16,2,14
01/25/2020 12:00:00 AM,5,0,5
01/25/2020 01:00:00 AM,4,0,4
01/25/2020 02:00:00 AM,13,1,12
01/25/2020 03:00:00 AM,3,0,3
01/25/2020 04:00:00 AM,0,0,0
01/25/2020 05:00:00 AM,2,1,1
01/25/2020 06:00:00 AM,6,3,3
01/25/2020 07:00:00 AM,22,11,11
01/25/2020 08:00:00 AM,41,14,27
01/25/2020 09:00:00 AM,35,13,22
01/25/2020 10:00:00 AM,56,26,30
01/25/2020 11:00:00 AM,73,31,42
01/25/2020 12:00:00 PM,104,53,51
01/25/2020 01:00:00 PM,85,41,44
01/25/2020 02:00:00 PM,93,42,51
01/25/2020 03:00:00 PM,146,56,90
01/25/2020 04:00:00 PM,98,49,49
01/25/2020 05:00:00 PM,67,24,43
01/25/2020 06:00:00 PM,42,15,27
01/25/2020 07:00:00 PM,40,25,15
01/25/2020 08:00:00 PM,19,9,10
01/25/2020 09:00:00 PM,16,7,9
01/25/2020 10:00:00 PM,21,10,11
01/25/2020 11:00:00 PM,12,5,7
01/26/2020 12:00:00 AM,7,4,3
01/26/2020 01:00:00 AM,4,3,1
01/26/2020 02:00:00 AM,1,0,1
01/26/2020 03:00:00 AM,1,1,0
01/26/2020 04:00:00 AM,1,0,1
01/26/2020 05:00:00 AM,4,3,1
01/26/2020 06:00:00 AM,7,2,5
01/26/2020 07:00:00 AM,14,5,9
01/26/2020 08:00:00 AM,26,10,16
01/26/2020 09:00:00 AM,47,16,31
01/26/2020 10:00:00 AM,75,42,33
01/26/2020 11:00:00 AM,118,52,66
01/26/2020 12:00:00 PM,123,55,68
01/26/2020 01:00:00 PM,155,61,94
01/26/2020 02:00:00 PM,134,55,79
01/26/2020 03:00:00 PM,143,73,70
01/26/2020 04:00:00 PM,90,44,46
01/26/2020 05:00:00 PM,44,25,19
01/26/2020 06:00:00 PM,33,8,25
01/26/2020 07:00:00 PM,27,16,11
01/26/2020 08:00:00 PM,15,5,10
01/26/2020 09:00:00 PM,6,3,3
01/26/2020 10:00:00 PM,8,2,6
01/26/2020 11:00:00 PM,6,2,4
01/27/2020 12:00:00 AM,1,0,1
01/27/2020 01:00:00 AM,1,0,1
01/27/2020 02:00:00 AM,1,1,0
01/27/2020 03:00:00 AM,0,0,0
01/27/2020 04:00:00 AM,8,3,5
01/27/2020 05:00:00 AM,24,11,13
01/27/2020 06:00:00 AM,116,56,60
01/27/2020 07:00:00 AM,331,169,162
01/27/2020 08:00:00 AM,592,254,338
01/27/2020 09:00:00 AM,277,97,180
01/27/2020 10:00:00 AM,118,47,71
01/27/2020 11:00:00 AM,92,42,50
01/27/2020 12:00:00 PM,67,26,41
01/27/2020 01:00:00 PM,57,20,37
01/27/2020 02:00:00 PM,66,23,43
01/27/2020 03:00:00 PM,117,36,81
01/27/2020 04:00:00 PM,280,58,222
01/27/2020 05:00:00 PM,490,94,396
01/27/2020 06:00:00 PM,312,67,245
01/27/2020 07:00:00 PM,107,23,84
01/27/2020 08:00:00 PM,49,12,37
01/27/2020 09:00:00 PM,34,9,25
01/27/2020 10:00:00 PM,16,6,10
01/27/2020 11:00:00 PM,7,4,3
01/28/2020 12:00:00 AM,3,0,3
01/28/2020 01:00:00 AM,1,0,1
01/28/2020 02:00:00 AM,4,0,4
01/28/2020 03:00:00 AM,2,1,1
01/28/2020 04:00:00 AM,5,3,2
01/28/2020 05:00:00 AM,16,8,8
01/28/2020 06:00:00 AM,87,40,47
01/28/2020 07:00:00 AM,230,109,121
01/28/2020 08:00:00 AM,426,176,250
01/28/2020 09:00:00 AM,230,94,136
01/28/2020 10:00:00 AM,81,32,49
01/28/2020 11:00:00 AM,46,14,32
01/28/2020 12:00:00 PM,50,21,29
01/28/2020 01:00:00 PM,76,31,45
01/28/2020 02:00:00 PM,64,25,39
01/28/2020 03:00:00 PM,135,42,93
01/28/2020 04:00:00 PM,253,55,198
01/28/2020 05:00:00 PM,464,95,369
01/28/2020 06:00:00 PM,284,89,195
01/28/2020 07:00:00 PM,133,33,100
01/28/2020 08:00:00 PM,58,10,48
01/28/2020 09:00:00 PM,47,12,35
01/28/2020 10:00:00 PM,24,13,11
01/28/2020 11:00:00 PM,10,5,5
01/29/2020 12:00:00 AM,6,1,5
01/29/2020 01:00:00 AM,1,0,1
01/29/2020 02:00:00 AM,5,5,0
01/29/2020 03:00:00 AM,3,1,2
01/29/2020 04:00:00 AM,9,4,5
01/29/2020 05:00:00 AM,24,13,11
01/29/2020 06:00:00 AM,111,45,66
01/29/2020 07:00:00 AM,308,157,151
01/29/2020 08:00:00 AM,467,190,277
01/29/2020 09:00:00 AM,233,80,153
01/29/2020 10:00:00 AM,84,36,48
01/29/2020 11:00:00 AM,34,20,14
01/29/2020 12:00:00 PM,47,21,26
01/29/2020 01:00:00 PM,40,13,27
01/29/2020 02:00:00 PM,63,21,42
01/29/2020 03:00:00 PM,110,36,74
01/29/2020 04:00:00 PM,266,72,194
01/29/2020 05:00:00 PM,473,77,396
01/29/2020 06:00:00 PM,284,64,220
01/29/2020 07:00:00 PM,125,37,88
01/29/2020 08:00:00 PM,51,13,38
01/29/2020 09:00:00 PM,49,17,32
01/29/2020 10:00:00 PM,24,8,16
01/29/2020 11:00:00 PM,15,7,8
01/30/2020 12:00:00 AM,6,3,3
01/30/2020 01:00:00 AM,0,0,0
01/30/2020 02:00:00 AM,0,0,0
01/30/2020 03:00:00 AM,1,1,0
01/30/2020 04:00:00 AM,5,4,1
01/30/2020 05:00:00 AM,25,9,16
01/30/2020 06:00:00 AM,113,64,49
01/30/2020 07:00:00 AM,315,142,173
01/30/2020 08:00:00 AM,478,201,277
01/30/2020 09:00:00 AM,249,88,161
01/30/2020 10:00:00 AM,101,44,57
01/30/2020 11:00:00 AM,75,37,38
01/30/2020 12:00:00 PM,79,37,42
01/30/2020 01:00:00 PM,75,30,45
01/30/2020 02:00:00 PM,71,21,50
01/30/2020 03:00:00 PM,149,42,107
01/30/2020 04:00:00 PM,285,57,228
01/30/2020 05:00:00 PM,486,93,393
01/30/2020 06:00:00 PM,295,71,224
01/30/2020 07:00:00 PM,97,29,68
01/30/2020 08:00:00 PM,52,16,36
01/30/2020 09:00:00 PM,35,9,26
01/30/2020 10:00:00 PM,24,9,15
01/30/2020 11:00:00 PM,9,5,4
01/31/2020 12:00:00 AM,12,1,11
01/31/2020 01:00:00 AM,1,0,1
01/31/2020 02:00:00 AM,0,0,0
01/31/2020 03:00:00 AM,0,0,0
01/31/2020 04:00:00 AM,8,6,2
01/31/2020 05:00:00 AM,14,7,7
01/31/2020 06:00:00 AM,76,36,40
01/31/2020 07:00:00 AM,227,113,114
01/31/2020 08:00:00 AM,323,137,186
01/31/2020 09:00:00 AM,205,80,125
01/31/2020 10:00:00 AM,72,23,49
01/31/2020 11:00:00 AM,44,20,24
01/31/2020 12:00:00 PM,32,14,18
01/31/2020 01:00:00 PM,32,13,19
01/31/2020 02:00:00 PM,42,13,29
01/31/2020 03:00:00 PM,85,28,57
01/31/2020 04:00:00 PM,176,29,147
01/31/2020 05:00:00 PM,343,62,281
01/31/2020 06:00:00 PM,196,46,150
01/31/2020 07:00:00 PM,64,12,52
01/31/2020 08:00:00 PM,42,7,35
01/31/2020 09:00:00 PM,20,2,18
01/31/2020 10:00:00 PM,13,4,9
01/31/2020 11:00:00 PM,13,6,7
02/01/2020 12:00:00 AM,1,0,1
02/01/2020 01:00:00 AM,2,0,2
02/01/2020 02:00:00 AM,2,1,1
02/01/2020 03:00:00 AM,0,0,0
02/01/2020 04:00:00 AM,3,2,1
02/01/2020 05:00:00 AM,2,1,1
02/01/2020 06:00:00 AM,7,2,5
02/01/2020 07:00:00 AM,10,3,7
02/01/2020 08:00:00 AM,33,15,18
02/01/2020 09:00:00 AM,39,16,23
02/01/2020 10:00:00 AM,31,26,5
02/01/2020 11:00:00 AM,3,1,2
02/01/2020 12:00:00 PM,46,19,27
02/01/2020 01:00:00 PM,63,25,38
02/01/2020 02:00:00 PM,52,20,32
02/01/2020 03:00:00 PM,64,30,34
02/01/2020 04:00:00 PM,65,28,37
02/01/2020 05:00:00 PM,42,13,29
02/01/2020 06:00:00 PM,33,9,24
02/01/2020 07:00:00 PM,34,8,26
02/01/2020 08:00:00 PM,16,7,9
02/01/2020 09:00:00 PM,13,8,5
02/01/2020 10:00:00 PM,17,8,9
02/01/2020 11:00:00 PM,10,6,4
02/02/2020 12:00:00 AM,5,1,4
02/02/2020 01:00:00 AM,2,2,0
02/02/2020 02:00:00 AM,2,1,1
02/02/2020 03:00:00 AM,1,0,1
02/02/2020 04:00:00 AM,1,1,0
02/02/2020 05:00:00 AM,3,1,2
02/02/2020 06:00:00 AM,10,6,4
02/02/2020 07:00:00 AM,17,4,13
02/02/2020 08:00:00 AM,33,16,17
02/02/2020 09:00:00 AM,47,19,28
02/02/2020 10:00:00 AM,92,44,48
02/02/2020 11:00:00 AM,127,66,61
02/02/2020 12:00:00 PM,157,63,94
02/02/2020 01:00:00 PM,138,61,77
02/02/2020 02:00:00 PM,151,65,86
02/02/2020 03:00:00 PM,166,62,104
02/02/2020 04:00:00 PM,81,39,42
02/02/2020 05:00:00 PM,63,31,32
02/02/2020 06:00:00 PM,23,9,14
02/02/2020 07:00:00 PM,39,19,20
02/02/2020 08:00:00 PM,31,16,15
02/02/2020 09:00:00 PM,15,8,7
02/02/2020 10:00:00 PM,10,4,6
02/02/2020 11:00:00 PM,6,1,5
02/03/2020 12:00:00 AM,3,0,3
02/03/2020 01:00:00 AM,1,0,1
02/03/2020 02:00:00 AM,0,0,0
02/03/2020 03:00:00 AM,1,1,0
02/03/2020 04:00:00 AM,7,2,5
02/03/2020 05:00:00 AM,25,12,13
02/03/2020 06:00:00 AM,127,62,65
02/03/2020 07:00:00 AM,305,153,152
02/03/2020 08:00:00 AM,580,246,334
02/03/2020 09:00:00 AM,308,114,194
02/03/2020 10:00:00 AM,107,38,69
02/03/2020 11:00:00 AM,85,35,50
02/03/2020 12:00:00 PM,58,19,39
02/03/2020 01:00:00 PM,66,30,36
02/03/2020 02:00:00 PM,83,38,45
02/03/2020 03:00:00 PM,153,55,98
02/03/2020 04:00:00 PM,306,57,249
02/03/2020 05:00:00 PM,587,121,466
02/03/2020 06:00:00 PM,314,70,244
02/03/2020 07:00:00 PM,150,30,120
02/03/2020 08:00:00 PM,57,16,41
02/03/2020 09:00:00 PM,38,12,26
02/03/2020 10:00:00 PM,19,7,12
02/03/2020 11:00:00 PM,7,3,4
02/04/2020 12:00:00 AM,4,3,1
02/04/2020 01:00:00 AM,2,0,2
02/04/2020 02:00:00 AM,4,0,4
02/04/2020 03:00:00 AM,1,1,0
02/04/2020 04:00:00 AM,9,5,4
02/04/2020 05:00:00 AM,17,7,10
02/04/2020 06:00:00 AM,107,53,54
02/04/2020 07:00:00 AM,291,133,158
02/04/2020 08:00:00 AM,454,194,260
02/04/2020 09:00:00 AM,249,100,149
02/04/2020 10:00:00 AM,87,38,49
02/04/2020 11:00:00 AM,46,20,26
02/04/2020 12:00:00 PM,23,7,16
02/04/2020 01:00:00 PM,42,12,30
02/04/2020 02:00:00 PM,44,10,34
02/04/2020 03:00:00 PM,92,35,57
02/04/2020 04:00:00 PM,256,54,202
02/04/2020 05:00:00 PM,439,81,358
02/04/2020 06:00:00 PM,247,62,185
02/04/2020 07:00:00 PM,99,19,80
02/04/2020 08:00:00 PM,52,15,37
02/04/2020 09:00:00 PM,38,11,27
02/04/2020 10:00:00 PM,15,7,8
02/04/2020 11:00:00 PM,3,1,2
02/05/2020 12:00:00 AM,1,0,1
02/05/2020 01:00:00 AM,1,0,1
02/05/2020 02:00:00 AM,0,0,0
02/05/2020 03:00:00 AM,3,1,2
02/05/2020 04:00:00 AM,8,5,3
02/05/2020 05:00:00 AM,13,5,8
02/05/2020 06:00:00 AM,100,47,53
02/05/2020 07:00:00 AM,227,105,122
02/05/2020 08:00:00 AM,388,151,237
02/05/2020 09:00:00 AM,171,61,110
02/05/2020 10:00:00 AM,87,25,62
02/05/2020 11:00:00 AM,30,16,14
02/05/2020 12:00:00 PM,17,6,11
02/05/2020 01:00:00 PM,28,9,19
02/05/2020 02:00:00 PM,28,9,19
02/05/2020 03:00:00 PM,64,14,50
02/05/2020 04:00:00 PM,204,43,161
02/05/2020 05:00:00 PM,382,74,308
02/05/2020 06:00:00 PM,209,49,160
02/05/2020 07:00:00 PM,99,34,65
02/05/2020 08:00:00 PM,31,7,24
02/05/2020 09:00:00 PM,21,3,18
02/05/2020 10:00:00 PM,12,4,8
02/05/2020 11:00:00 PM,3,1,2
02/06/2020 12:00:00 AM,3,1,2
02/06/2020 01:00:00 AM,0,0,0
02/06/2020 02:00:00 AM,1,1,0
02/06/2020 03:00:00 AM,1,1,0
02/06/2020 04:00:00 AM,6,4,2
02/06/2020 05:00:00 AM,16,8,8
02/06/2020 06:00:00 AM,91,46,45
02/06/2020 07:00:00 AM,203,98,105
02/06/2020 08:00:00 AM,339,135,204
02/06/2020 09:00:00 AM,182,73,109
02/06/2020 10:00:00 AM,61,18,43
02/06/2020 11:00:00 AM,49,23,26
02/06/2020 12:00:00 PM,29,11,18
02/06/2020 01:00:00 PM,24,7,17
02/06/2020 02:00:00 PM,41,15,26
02/06/2020 03:00:00 PM,81,17,64
02/06/2020 04:00:00 PM,188,52,136
02/06/2020 05:00:00 PM,361,63,298
02/06/2020 06:00:00 PM,232,63,169
02/06/2020 07:00:00 PM,94,24,70
02/06/2020 08:00:00 PM,54,13,41
02/06/2020 09:00:00 PM,29,14,15
02/06/2020 10:00:00 PM,24,7,17
02/06/2020 11:00:00 PM,12,4,8
02/07/2020 12:00:00 AM,3,2,1
02/07/2020 01:00:00 AM,4,0,4
02/07/2020 02:00:00 AM,1,0,1
02/07/2020 03:00:00 AM,1,1,0
02/07/2020 04:00:00 AM,7,4,3
02/07/2020 05:00:00 AM,19,11,8
02/07/2020 06:00:00 AM,88,36,52
02/07/2020 07:00:00 AM,214,102,112
02/07/2020 08:00:00 AM,351,150,201
02/07/2020 09:00:00 AM,201,83,118
02/07/2020 10:00:00 AM,84,27,57
02/07/2020 11:00:00 AM,58,26,32
02/07/2020 12:00:00 PM,50,20,30
02/07/2020 01:00:00 PM,53,16,37
02/07/2020 02:00:00 PM,71,20,51
02/07/2020 03:00:00 PM,127,50,77
02/07/2020 04:00:00 PM,251,56,195
02/07/2020 05:00:00 PM,335,66,269
02/07/2020 06:00:00 PM,172,46,126
02/07/2020 07:00:00 PM,74,19,55
02/07/2020 08:00:00 PM,26,3,23
02/07/2020 09:00:00 PM,30,13,17
02/07/2020 10:00:00 PM,11,6,5
02/07/2020 11:00:00 PM,13,2,11
02/08/2020 12:00:00 AM,8,6,2
02/08/2020 01:00:00 AM,4,1,3
02/08/2020 02:00:00 AM,2,1,1
02/08/2020 03:00:00 AM,0,0,0
02/08/2020 04:00:00 AM,2,0,2
02/08/2020 05:00:00 AM,4,3,1
02/08/2020 06:00:00 AM,10,3,7
02/08/2020 07:00:00 AM,15,7,8
02/08/2020 08:00:00 AM,35,13,22
02/08/2020 09:00:00 AM,31,25,6
02/08/2020 10:00:00 AM,79,23,56
02/08/2020 11:00:00 AM,98,58,40
02/08/2020 12:00:00 PM,136,70,66
02/08/2020 01:00:00 PM,100,32,68
02/08/2020 02:00:00 PM,92,42,50
02/08/2020 03:00:00 PM,99,37,62
02/08/2020 04:00:00 PM,95,38,57
02/08/2020 05:00:00 PM,75,26,49
02/08/2020 06:00:00 PM,42,14,28
02/08/2020 07:00:00 PM,18,11,7
02/08/2020 08:00:00 PM,15,7,8
02/08/2020 09:00:00 PM,16,5,11
02/08/2020 10:00:00 PM,12,5,7
02/08/2020 11:00:00 PM,4,2,2
02/09/2020 12:00:00 AM,7,4,3
02/09/2020 01:00:00 AM,7,3,4
02/09/2020 02:00:00 AM,4,2,2
02/09/2020 03:00:00 AM,0,0,0
02/09/2020 04:00:00 AM,3,2,1
02/09/2020 05:00:00 AM,4,1,3
02/09/2020 06:00:00 AM,6,3,3
02/09/2020 07:00:00 AM,13,7,6
02/09/2020 08:00:00 AM,45,21,24
02/09/2020 09:00:00 AM,71,29,42
02/09/2020 10:00:00 AM,122,55,67
02/09/2020 11:00:00 AM,125,57,68
02/09/2020 12:00:00 PM,174,82,92
02/09/2020 01:00:00 PM,186,90,96
02/09/2020 02:00:00 PM,231,115,116
02/09/2020 03:00:00 PM,222,95,127
02/09/2020 04:00:00 PM,159,71,88
02/09/2020 05:00:00 PM,89,43,46
02/09/2020 06:00:00 PM,44,16,28
02/09/2020 07:00:00 PM,35,14,21
02/09/2020 08:00:00 PM,18,9,9
02/09/2020 09:00:00 PM,13,6,7
02/09/2020 10:00:00 PM,10,8,2
02/09/2020 11:00:00 PM,9,4,5
02/10/2020 12:00:00 AM,7,3,4
02/10/2020 01:00:00 AM,1,0,1
02/10/2020 02:00:00 AM,1,0,1
02/10/2020 03:00:00 AM,0,0,0
02/10/2020 04:00:00 AM,9,4,5
02/10/2020 05:00:00 AM,25,12,13
02/10/2020 06:00:00 AM,131,68,63
02/10/2020 07:00:00 AM,408,180,228
02/10/2020 08:00:00 AM,654,279,375
02/10/2020 09:00:00 AM,266,96,170
02/10/2020 10:00:00 AM,137,45,92
02/10/2020 11:00:00 AM,64,24,40
02/10/2020 12:00:00 PM,57,31,26
02/10/2020 01:00:00 PM,70,22,48
02/10/2020 02:00:00 PM,99,34,65
02/10/2020 03:00:00 PM,155,58,97
02/10/2020 04:00:00 PM,375,84,291
02/10/2020 05:00:00 PM,730,158,572
02/10/2020 06:00:00 PM,382,106,276
02/10/2020 07:00:00 PM,129,27,102
02/10/2020 08:00:00 PM,72,21,51
02/10/2020 09:00:00 PM,41,16,25
02/10/2020 10:00:00 PM,27,7,20
02/10/2020 11:00:00 PM,9,4,5
02/11/2020 12:00:00 AM,2,1,1
02/11/2020 01:00:00 AM,4,0,4
02/11/2020 02:00:00 AM,0,0,0
02/11/2020 03:00:00 AM,2,0,2
02/11/2020 04:00:00 AM,11,4,7
02/11/2020 05:00:00 AM,21,11,10
02/11/2020 06:00:00 AM,139,60,79
02/11/2020 07:00:00 AM,380,183,197
02/11/2020 08:00:00 AM,569,247,322
02/11/2020 09:00:00 AM,268,92,176
02/11/2020 10:00:00 AM,98,40,58
02/11/2020 11:00:00 AM,71,28,43
02/11/2020 12:00:00 PM,64,23,41
02/11/2020 01:00:00 PM,61,20,41
02/11/2020 02:00:00 PM,73,26,47
02/11/2020 03:00:00 PM,143,50,93
02/11/2020 04:00:00 PM,340,81,259
02/11/2020 05:00:00 PM,618,101,517
02/11/2020 06:00:00 PM,334,79,255
02/11/2020 07:00:00 PM,118,30,88
02/11/2020 08:00:00 PM,77,26,51
02/11/2020 09:00:00 PM,48,15,33
02/11/2020 10:00:00 PM,20,8,12
02/11/2020 11:00:00 PM,13,6,7
02/12/2020 12:00:00 AM,2,1,1
02/12/2020 01:00:00 AM,9,0,9
02/12/2020 02:00:00 AM,2,0,2
02/12/2020 03:00:00 AM,1,0,1
02/12/2020 04:00:00 AM,13,3,10
02/12/2020 05:00:00 AM,21,11,10
02/12/2020 06:00:00 AM,148,63,85
02/12/2020 07:00:00 AM,424,198,226
02/12/2020 08:00:00 AM,552,229,323
02/12/2020 09:00:00 AM,260,101,159
02/12/2020 10:00:00 AM,112,40,72
02/12/2020 11:00:00 AM,74,30,44
02/12/2020 12:00:00 PM,58,16,42
02/12/2020 01:00:00 PM,72,31,41
02/12/2020 02:00:00 PM,97,32,65
02/12/2020 03:00:00 PM,141,48,93
02/12/2020 04:00:00 PM,327,73,254
02/12/2020 05:00:00 PM,622,122,500
02/12/2020 06:00:00 PM,378,71,307
02/12/2020 07:00:00 PM,160,38,122
02/12/2020 08:00:00 PM,92,33,59
02/12/2020 09:00:00 PM,52,10,42
02/12/2020 10:00:00 PM,34,7,27
02/12/2020 11:00:00 PM,16,5,11
02/13/2020 12:00:00 AM,2,2,0
02/13/2020 01:00:00 AM,0,0,0
02/13/2020 02:00:00 AM,1,0,1
02/13/2020 03:00:00 AM,0,0,0
02/13/2020 04:00:00 AM,10,6,4
02/13/2020 05:00:00 AM,27,11,16
02/13/2020 06:00:00 AM,109,53,56
02/13/2020 07:00:00 AM,330,157,173
02/13/2020 08:00:00 AM,455,179,276
02/13/2020 09:00:00 AM,197,73,124
02/13/2020 10:00:00 AM,82,25,57
02/13/2020 11:00:00 AM,59,32,27
02/13/2020 12:00:00 PM,51,22,29
02/13/2020 01:00:00 PM,55,31,24
02/13/2020 02:00:00 PM,55,22,33
02/13/2020 03:00:00 PM,142,40,102
02/13/2020 04:00:00 PM,232,52,180
02/13/2020 05:00:00 PM,438,82,356
02/13/2020 06:00:00 PM,279,61,218
02/13/2020 07:00:00 PM,98,26,72
02/13/2020 08:00:00 PM,49,13,36
02/13/2020 09:00:00 PM,32,11,21
02/13/2020 10:00:00 PM,17,4,13
02/13/2020 11:00:00 PM,14,7,7
02/14/2020 12:00:00 AM,4,0,4
02/14/2020 01:00:00 AM,0,0,0
02/14/2020 02:00:00 AM,0,0,0
02/14/2020 03:00:00 AM,1,0,1
02/14/2020 04:00:00 AM,10,6,4
02/14/2020 05:00:00 AM,25,12,13
02/14/2020 06:00:00 AM,85,46,39
02/14/2020 07:00:00 AM,296,136,160
02/14/2020 08:00:00 AM,452,196,256
02/14/2020 09:00:00 AM,223,80,143
02/14/2020 10:00:00 AM,102,42,60
02/14/2020 11:00:00 AM,89,40,49
02/14/2020 12:00:00 PM,67,29,38
02/14/2020 01:00:00 PM,125,45,80
02/14/2020 02:00:00 PM,111,35,76
02/14/2020 03:00:00 PM,203,63,140
02/14/2020 04:00:00 PM,339,68,271
02/14/2020 05:00:00 PM,433,87,346
02/14/2020 06:00:00 PM,217,51,166
02/14/2020 07:00:00 PM,83,27,56
02/14/2020 08:00:00 PM,44,13,31
02/14/2020 09:00:00 PM,19,9,10
02/14/2020 10:00:00 PM,18,8,10
02/14/2020 11:00:00 PM,15,5,10
02/15/2020 12:00:00 AM,8,4,4
02/15/2020 01:00:00 AM,7,3,4
02/15/2020 02:00:00 AM,2,0,2
02/15/2020 03:00:00 AM,0,0,0
02/15/2020 04:00:00 AM,1,0,1
02/15/2020 05:00:00 AM,2,2,0
02/15/2020 06:00:00 AM,10,5,5
02/15/2020 07:00:00 AM,18,10,8
02/15/2020 08:00:00 AM,41,14,27
02/15/2020 09:00:00 AM,49,24,25
02/15/2020 10:00:00 AM,51,24,27
02/15/2020 11:00:00 AM,53,36,17
02/15/2020 12:00:00 PM,93,27,66
02/15/2020 01:00:00 PM,44,29,15
02/15/2020 02:00:00 PM,48,19,29
02/15/2020 03:00:00 PM,58,30,28
02/15/2020 04:00:00 PM,58,29,29
02/15/2020 05:00:00 PM,48,15,33
02/15/2020 06:00:00 PM,29,12,17
02/15/2020 07:00:00 PM,28,15,13
02/15/2020 08:00:00 PM,29,3,26
02/15/2020 09:00:00 PM,9,7,2
02/15/2020 10:00:00 PM,5,4,1
02/15/2020 11:00:00 PM,6,0,6
02/16/2020 12:00:00 AM,12,5,7
02/16/2020 01:00:00 AM,5,2,3
02/16/2020 02:00:00 AM,3,0,3
02/16/2020 03:00:00 AM,0,0,0
02/16/2020 04:00:00 AM,1,1,0
02/16/2020 05:00:00 AM,1,0,1
02/16/2020 06:00:00 AM,11,3,8
02/16/2020 07:00:00 AM,17,7,10
02/16/2020 08:00:00 AM,31,13,18
02/16/2020 09:00:00 AM,48,18,30
02/16/2020 10:00:00 AM,62,25,37
02/16/2020 11:00:00 AM,96,40,56
02/16/2020 12:00:00 PM,103,49,54
02/16/2020 01:00:00 PM,87,36,51
02/16/2020 02:00:00 PM,116,47,69
02/16/2020 03:00:00 PM,90,40,50
02/16/2020 04:00:00 PM,56,31,25
02/16/2020 05:00:00 PM,50,19,31
02/16/2020 06:00:00 PM,39,13,26
02/16/2020 07:00:00 PM,19,9,10
02/16/2020 08:00:00 PM,13,5,8
02/16/2020 09:00:00 PM,13,7,6
02/16/2020 10:00:00 PM,9,4,5
02/16/2020 11:00:00 PM,5,1,4
02/17/2020 12:00:00 AM,8,5,3
02/17/2020 01:00:00 AM,3,2,1
02/17/2020 02:00:00 AM,1,0,1
02/17/2020 03:00:00 AM,2,0,2
02/17/2020 04:00:00 AM,7,1,6
02/17/2020 05:00:00 AM,8,6,2
02/17/2020 06:00:00 AM,49,16,33
02/17/2020 07:00:00 AM,150,69,81
02/17/2020 08:00:00 AM,249,100,149
02/17/2020 09:00:00 AM,156,57,99
02/17/2020 10:00:00 AM,115,57,58
02/17/2020 11:00:00 AM,112,47,65
02/17/2020 12:00:00 PM,134,60,74
02/17/2020 01:00:00 PM,133,57,76
02/17/2020 02:00:00 PM,152,54,98
02/17/2020 03:00:00 PM,175,77,98
02/17/2020 04:00:00 PM,209,62,147
02/17/2020 05:00:00 PM,327,75,252
02/17/2020 06:00:00 PM,160,42,118
02/17/2020 07:00:00 PM,82,26,56
02/17/2020 08:00:00 PM,50,18,32
02/17/2020 09:00:00 PM,24,6,18
02/17/2020 10:00:00 PM,15,4,11
02/17/2020 11:00:00 PM,20,9,11
02/18/2020 12:00:00 AM,6,4,2
02/18/2020 01:00:00 AM,5,5,0
02/18/2020 02:00:00 AM,4,1,3
02/18/2020 03:00:00 AM,2,1,1
02/18/2020 04:00:00 AM,7,3,4
02/18/2020 05:00:00 AM,26,11,15
02/18/2020 06:00:00 AM,120,53,67
02/18/2020 07:00:00 AM,326,142,184
02/18/2020 08:00:00 AM,520,200,320
02/18/2020 09:00:00 AM,258,102,156
02/18/2020 10:00:00 AM,96,30,66
02/18/2020 11:00:00 AM,77,34,43
02/18/2020 12:00:00 PM,73,30,43
02/18/2020 01:00:00 PM,92,31,61
02/18/2020 02:00:00 PM,81,27,54
02/18/2020 03:00:00 PM,149,47,102
02/18/2020 04:00:00 PM,329,75,254
02/18/2020 05:00:00 PM,619,116,503
02/18/2020 06:00:00 PM,289,72,217
02/18/2020 07:00:00 PM,139,33,106
02/18/2020 08:00:00 PM,72,27,45
02/18/2020 09:00:00 PM,47,19,28
02/18/2020 10:00:00 PM,17,4,13
02/18/2020 11:00:00 PM,11,0,11
02/19/2020 12:00:00 AM,2,0,2
02/19/2020 01:00:00 AM,0,0,0
02/19/2020 02:00:00 AM,1,1,0
02/19/2020 03:00:00 AM,0,0,0
02/19/2020 04:00:00 AM,3,1,2
02/19/2020 05:00:00 AM,30,15,15
02/19/2020 06:00:00 AM,119,51,68
02/19/2020 07:00:00 AM,331,151,180
02/19/2020 08:00:00 AM,501,201,300
02/19/2020 09:00:00 AM,256,83,173
02/19/2020 10:00:00 AM,110,30,80
02/19/2020 11:00:00 AM,103,46,57
02/19/2020 12:00:00 PM,75,31,44
02/19/2020 01:00:00 PM,74,34,40
02/19/2020 02:00:00 PM,105,41,64
02/19/2020 03:00:00 PM,160,51,109
02/19/2020 04:00:00 PM,359,87,272
02/19/2020 05:00:00 PM,595,129,466
02/19/2020 06:00:00 PM,324,65,259
02/19/2020 07:00:00 PM,147,38,109
02/19/2020 08:00:00 PM,88,31,57
02/19/2020 09:00:00 PM,48,11,37
02/19/2020 10:00:00 PM,31,9,22
02/19/2020 11:00:00 PM,11,4,7
02/20/2020 12:00:00 AM,6,1,5
02/20/2020 01:00:00 AM,1,1,0
02/20/2020 02:00:00 AM,1,1,0
02/20/2020 03:00:00 AM,3,3,0
02/20/2020 04:00:00 AM,5,5,0
02/20/2020 05:00:00 AM,27,15,12
02/20/2020 06:00:00 AM,124,55,69
02/20/2020 07:00:00 AM,313,127,186
02/20/2020 08:00:00 AM,500,194,306
02/20/2020 09:00:00 AM,286,93,193
02/20/2020 10:00:00 AM,125,43,82
02/20/2020 11:00:00 AM,95,53,42
02/20/2020 12:00:00 PM,78,32,46
02/20/2020 01:00:00 PM,103,47,56
02/20/2020 02:00:00 PM,101,38,63
02/20/2020 03:00:00 PM,154,64,90
02/20/2020 04:00:00 PM,384,85,299
02/20/2020 05:00:00 PM,555,130,425
02/20/2020 06:00:00 PM,300,69,231
02/20/2020 07:00:00 PM,165,47,118
02/20/2020 08:00:00 PM,79,17,62
02/20/2020 09:00:00 PM,45,13,32
02/20/2020 10:00:00 PM,23,9,14
02/20/2020 11:00:00 PM,10,2,8
02/21/2020 12:00:00 AM,8,3,5
02/21/2020 01:00:00 AM,5,0,5
02/21/2020 02:00:00 AM,0,0,0
02/21/2020 03:00:00 AM,0,0,0
02/21/2020 04:00:00 AM,5,4,1
02/21/2020 05:00:00 AM,14,6,8
02/21/2020 06:00:00 AM,104,47,57
02/21/2020 07:00:00 AM,275,112,163
02/21/2020 08:00:00 AM,421,159,262
02/21/2020 09:00:00 AM,259,103,156
02/21/2020 10:00:00 AM,113,44,69
02/21/2020 11:00:00 AM,71,29,42
02/21/2020 12:00:00 PM,100,26,74
02/21/2020 01:00:00 PM,107,48,59
02/21/2020 02:00:00 PM,152,51,101
02/21/2020 03:00:00 PM,214,77,137
02/21/2020 04:00:00 PM,352,96,256
02/21/2020 05:00:00 PM,478,106,372
02/21/2020 06:00:00 PM,227,62,165
02/21/2020 07:00:00 PM,101,25,76
02/21/2020 08:00:00 PM,68,29,39
02/21/2020 09:00:00 PM,38,9,29
02/21/2020 10:00:00 PM,38,16,22
02/21/2020 11:00:00 PM,18,7,11
02/22/2020 12:00:00 AM,11,4,7
02/22/2020 01:00:00 AM,5,2,3
02/22/2020 02:00:00 AM,2,2,0
02/22/2020 03:00:00 AM,0,0,0
02/22/2020 04:00:00 AM,3,0,3
02/22/2020 05:00:00 AM,4,3,1
02/22/2020 06:00:00 AM,11,3,8
02/22/2020 07:00:00 AM,20,9,11
02/22/2020 08:00:00 AM,56,16,40
02/22/2020 09:00:00 AM,66,19,47
02/22/2020 10:00:00 AM,110,49,61
02/22/2020 11:00:00 AM,107,49,58
02/22/2020 12:00:00 PM,94,28,66
02/22/2020 01:00:00 PM,111,61,50
02/22/2020 02:00:00 PM,120,45,75
02/22/2020 03:00:00 PM,111,54,57
02/22/2020 04:00:00 PM,83,35,48
02/22/2020 05:00:00 PM,76,27,49
02/22/2020 06:00:00 PM,35,11,24
02/22/2020 07:00:00 PM,33,12,21
02/22/2020 08:00:00 PM,29,6,23
02/22/2020 09:00:00 PM,27,11,16
02/22/2020 10:00:00 PM,17,6,11
02/22/2020 11:00:00 PM,10,6,4
02/23/2020 12:00:00 AM,3,2,1
02/23/2020 01:00:00 AM,8,1,7
02/23/2020 02:00:00 AM,5,3,2
02/23/2020 03:00:00 AM,1,0,1
02/23/2020 04:00:00 AM,0,0,0
02/23/2020 05:00:00 AM,6,4,2
02/23/2020 06:00:00 AM,13,9,4
02/23/2020 07:00:00 AM,39,29,10
02/23/2020 08:00:00 AM,34,22,12
02/23/2020 09:00:00 AM,31,21,10
02/23/2020 10:00:00 AM,47,15,32
02/23/2020 11:00:00 AM,56,30,26
02/23/2020 12:00:00 PM,69,21,48
02/23/2020 01:00:00 PM,126,48,78
02/23/2020 02:00:00 PM,88,34,54
02/23/2020 03:00:00 PM,98,41,57
02/23/2020 04:00:00 PM,86,48,38
02/23/2020 05:00:00 PM,67,35,32
02/23/2020 06:00:00 PM,37,18,19
02/23/2020 07:00:00 PM,31,8,23
02/23/2020 08:00:00 PM,21,11,10
02/23/2020 09:00:00 PM,19,7,12
02/23/2020 10:00:00 PM,11,6,5
02/23/2020 11:00:00 PM,7,0,7
02/24/2020 12:00:00 AM,0,0,0
02/24/2020 01:00:00 AM,2,2,0
02/24/2020 02:00:00 AM,0,0,0
02/24/2020 03:00:00 AM,0,0,0
02/24/2020 04:00:00 AM,6,2,4
02/24/2020 05:00:00 AM,18,8,10
02/24/2020 06:00:00 AM,137,62,75
02/24/2020 07:00:00 AM,412,188,224
02/24/2020 08:00:00 AM,624,265,359
02/24/2020 09:00:00 AM,317,117,200
02/24/2020 10:00:00 AM,101,31,70
02/24/2020 11:00:00 AM,72,31,41
02/24/2020 12:00:00 PM,80,33,47
02/24/2020 01:00:00 PM,78,29,49
02/24/2020 02:00:00 PM,83,30,53
02/24/2020 03:00:00 PM,136,43,93
02/24/2020 04:00:00 PM,313,61,252
02/24/2020 05:00:00 PM,663,137,526
02/24/2020 06:00:00 PM,385,77,308
02/24/2020 07:00:00 PM,154,42,112
02/24/2020 08:00:00 PM,62,16,46
02/24/2020 09:00:00 PM,48,17,31
02/24/2020 10:00:00 PM,24,7,17
02/24/2020 11:00:00 PM,14,3,11
02/25/2020 12:00:00 AM,3,1,2
02/25/2020 01:00:00 AM,1,0,1
02/25/2020 02:00:00 AM,1,0,1
02/25/2020 03:00:00 AM,2,1,1
02/25/2020 04:00:00 AM,7,5,2
02/25/2020 05:00:00 AM,25,15,10
02/25/2020 06:00:00 AM,169,80,89
02/25/2020 07:00:00 AM,386,175,211
02/25/2020 08:00:00 AM,594,229,365
02/25/2020 09:00:00 AM,287,110,177
02/25/2020 10:00:00 AM,104,43,61
02/25/2020 11:00:00 AM,80,40,40
02/25/2020 12:00:00 PM,82,43,39
02/25/2020 01:00:00 PM,48,18,30
02/25/2020 02:00:00 PM,76,31,45
02/25/2020 03:00:00 PM,153,44,109
02/25/2020 04:00:00 PM,391,88,303
02/25/2020 05:00:00 PM,674,133,541
02/25/2020 06:00:00 PM,385,80,305
02/25/2020 07:00:00 PM,126,26,100
02/25/2020 08:00:00 PM,67,22,45
02/25/2020 09:00:00 PM,52,14,38
02/25/2020 10:00:00 PM,21,9,12
02/25/2020 11:00:00 PM,13,3,10
02/26/2020 12:00:00 AM,7,2,5
02/26/2020 01:00:00 AM,4,1,3
02/26/2020 02:00:00 AM,3,1,2
02/26/2020 03:00:00 AM,1,1,0
02/26/2020 04:00:00 AM,10,6,4
02/26/2020 05:00:00 AM,24,17,7
02/26/2020 06:00:00 AM,146,70,76
02/26/2020 07:00:00 AM,413,201,212
02/26/2020 08:00:00 AM,609,253,356
02/26/2020 09:00:00 AM,270,90,180
02/26/2020 10:00:00 AM,108,36,72
02/26/2020 11:00:00 AM,69,25,44
02/26/2020 12:00:00 PM,71,27,44
02/26/2020 01:00:00 PM,72,25,47
02/26/2020 02:00:00 PM,105,34,71
02/26/2020 03:00:00 PM,135,52,83
02/26/2020 04:00:00 PM,393,80,313
02/26/2020 05:00:00 PM,639,145,494
02/26/2020 06:00:00 PM,387,58,329
02/26/2020 07:00:00 PM,137,31,106
02/26/2020 08:00:00 PM,73,28,45
02/26/2020 09:00:00 PM,63,15,48
02/26/2020 10:00:00 PM,26,9,17
02/26/2020 11:00:00 PM,15,2,13
02/27/2020 12:00:00 AM,8,1,7
02/27/2020 01:00:00 AM,1,0,1
02/27/2020 02:00:00 AM,4,1,3
02/27/2020 03:00:00 AM,0,0,0
02/27/2020 04:00:00 AM,3,2,1
02/27/2020 05:00:00 AM,18,12,6
02/27/2020 06:00:00 AM,153,80,73
02/27/2020 07:00:00 AM,422,195,227
02/27/2020 08:00:00 AM,625,250,375
02/27/2020 09:00:00 AM,300,118,182
02/27/2020 10:00:00 AM,145,64,81
02/27/2020 11:00:00 AM,77,37,40
02/27/2020 12:00:00 PM,119,48,71
02/27/2020 01:00:00 PM,105,42,63
02/27/2020 02:00:00 PM,147,59,88
02/27/2020 03:00:00 PM,235,80,155
02/27/2020 04:00:00 PM,445,113,332
02/27/2020 05:00:00 PM,676,153,523
02/27/2020 06:00:00 PM,396,97,299
02/27/2020 07:00:00 PM,144,37,107
02/27/2020 08:00:00 PM,75,17,58
02/27/2020 09:00:00 PM,77,19,58
02/27/2020 10:00:00 PM,41,17,24
02/27/2020 11:00:00 PM,14,4,10
02/28/2020 12:00:00 AM,8,2,6
02/28/2020 01:00:00 AM,5,1,4
02/28/2020 02:00:00 AM,1,0,1
02/28/2020 03:00:00 AM,0,0,0
02/28/2020 04:00:00 AM,8,6,2
02/28/2020 05:00:00 AM,18,11,7
02/28/2020 06:00:00 AM,105,43,62
02/28/2020 07:00:00 AM,282,136,146
02/28/2020 08:00:00 AM,453,188,265
02/28/2020 09:00:00 AM,234,97,137
02/28/2020 10:00:00 AM,93,33,60
02/28/2020 11:00:00 AM,82,33,49
02/28/2020 12:00:00 PM,72,28,44
02/28/2020 01:00:00 PM,79,25,54
02/28/2020 02:00:00 PM,98,35,63
02/28/2020 03:00:00 PM,156,53,103
02/28/2020 04:00:00 PM,297,55,242
02/28/2020 05:00:00 PM,409,75,334
02/28/2020 06:00:00 PM,211,42,169
02/28/2020 07:00:00 PM,71,16,55
02/28/2020 08:00:00 PM,45,12,33
02/28/2020 09:00:00 PM,29,9,20
02/28/2020 10:00:00 PM,13,7,6
02/28/2020 11:00:00 PM,14,5,9
02/29/2020 12:00:00 AM,9,3,6
02/29/2020 01:00:00 AM,1,1,0
02/29/2020 02:00:00 AM,5,2,3
02/29/2020 03:00:00 AM,2,0,2
02/29/2020 04:00:00 AM,1,1,0
02/29/2020 05:00:00 AM,4,3,1
02/29/2020 06:00:00 AM,16,4,12
02/29/2020 07:00:00 AM,29,7,22
02/29/2020 08:00:00 AM,50,19,31
02/29/2020 09:00:00 AM,54,17,37
02/29/2020 10:00:00 AM,89,37,52
02/29/2020 11:00:00 AM,90,43,47
02/29/2020 12:00:00 PM,100,41,59
02/29/2020 01:00:00 PM,110,49,61
02/29/2020 02:00:00 PM,119,47,72
02/29/2020 03:00:00 PM,117,39,78
02/29/2020 04:00:00 PM,101,36,65
02/29/2020 05:00:00 PM,79,27,52
02/29/2020 06:00:00 PM,54,25,29
02/29/2020 07:00:00 PM,29,11,18
02/29/2020 08:00:00 PM,27,7,20
02/29/2020 09:00:00 PM,20,9,11
02/29/2020 10:00:00 PM,15,7,8
02/29/2020 11:00:00 PM,27,8,19
03/01/2020 12:00:00 AM,10,5,5
03/01/2020 01:00:00 AM,5,4,1
03/01/2020 02:00:00 AM,1,0,1
03/01/2020 03:00:00 AM,1,1,0
03/01/2020 04:00:00 AM,4,2,2
03/01/2020 05:00:00 AM,2,1,1
03/01/2020 06:00:00 AM,12,5,7
03/01/2020 07:00:00 AM,31,18,13
03/01/2020 08:00:00 AM,33,15,18
03/01/2020 09:00:00 AM,71,28,43
03/01/2020 10:00:00 AM,104,42,62
03/01/2020 11:00:00 AM,128,69,59
03/01/2020 12:00:00 PM,150,63,87
03/01/2020 01:00:00 PM,139,63,76
03/01/2020 02:00:00 PM,179,95,84
03/01/2020 03:00:00 PM,137,65,72
03/01/2020 04:00:00 PM,93,41,52
03/01/2020 05:00:00 PM,88,34,54
03/01/2020 06:00:00 PM,42,13,29
03/01/2020 07:00:00 PM,31,16,15
03/01/2020 08:00:00 PM,14,5,9
03/01/2020 09:00:00 PM,15,2,13
03/01/2020 10:00:00 PM,11,6,5
03/01/2020 11:00:00 PM,9,1,8
03/02/2020 12:00:00 AM,3,2,1
03/02/2020 01:00:00 AM,1,0,1
03/02/2020 02:00:00 AM,0,0,0
03/02/2020 03:00:00 AM,0,0,0
03/02/2020 04:00:00 AM,9,2,7
03/02/2020 05:00:00 AM,31,17,14
03/02/2020 06:00:00 AM,123,68,55
03/02/2020 07:00:00 AM,349,149,200
03/02/2020 08:00:00 AM,470,182,288
03/02/2020 09:00:00 AM,276,98,178
03/02/2020 10:00:00 AM,69,25,44
03/02/2020 11:00:00 AM,48,21,27
03/02/2020 12:00:00 PM,39,19,20
03/02/2020 01:00:00 PM,39,11,28
03/02/2020 02:00:00 PM,45,12,33
03/02/2020 03:00:00 PM,104,29,75
03/02/2020 04:00:00 PM,270,63,207
03/02/2020 05:00:00 PM,525,94,431
03/02/2020 06:00:00 PM,329,84,245
03/02/2020 07:00:00 PM,135,25,110
03/02/2020 08:00:00 PM,39,9,30
03/02/2020 09:00:00 PM,43,13,30
03/02/2020 10:00:00 PM,21,5,16
03/02/2020 11:00:00 PM,4,1,3
03/03/2020 12:00:00 AM,4,1,3
03/03/2020 01:00:00 AM,0,0,0
03/03/2020 02:00:00 AM,1,1,0
03/03/2020 03:00:00 AM,1,1,0
03/03/2020 04:00:00 AM,9,4,5
03/03/2020 05:00:00 AM,25,12,13
03/03/2020 06:00:00 AM,131,61,70
03/03/2020 07:00:00 AM,360,152,208
03/03/2020 08:00:00 AM,568,222,346
03/03/2020 09:00:00 AM,286,114,172
03/03/2020 10:00:00 AM,117,41,76
03/03/2020 11:00:00 AM,96,33,63
03/03/2020 12:00:00 PM,77,33,44
03/03/2020 01:00:00 PM,66,24,42
03/03/2020 02:00:00 PM,71,24,47
03/03/2020 03:00:00 PM,151,48,103
03/03/2020 04:00:00 PM,322,70,252
03/03/2020 05:00:00 PM,650,125,525
03/03/2020 06:00:00 PM,376,75,301
03/03/2020 07:00:00 PM,145,29,116
03/03/2020 08:00:00 PM,52,17,35
03/03/2020 09:00:00 PM,31,7,24
03/03/2020 10:00:00 PM,30,7,23
03/03/2020 11:00:00 PM,13,6,7
03/04/2020 12:00:00 AM,7,3,4
03/04/2020 01:00:00 AM,1,0,1
03/04/2020 02:00:00 AM,0,0,0
03/04/2020 03:00:00 AM,1,1,0
03/04/2020 04:00:00 AM,9,3,6
03/04/2020 05:00:00 AM,23,16,7
03/04/2020 06:00:00 AM,151,74,77
03/04/2020 07:00:00 AM,371,166,205
03/04/2020 08:00:00 AM,543,216,327
03/04/2020 09:00:00 AM,263,100,163
03/04/2020 10:00:00 AM,113,44,69
03/04/2020 11:00:00 AM,74,33,41
03/04/2020 12:00:00 PM,93,31,62
03/04/2020 01:00:00 PM,99,45,54
03/04/2020 02:00:00 PM,135,42,93
03/04/2020 03:00:00 PM,146,56,90
03/04/2020 04:00:00 PM,365,99,266
03/04/2020 05:00:00 PM,633,158,475
03/04/2020 06:00:00 PM,391,87,304
03/04/2020 07:00:00 PM,135,33,102
03/04/2020 08:00:00 PM,61,14,47
03/04/2020 09:00:00 PM,64,17,47
03/04/2020 10:00:00 PM,22,4,18
03/04/2020 11:00:00 PM,15,2,13
03/05/2020 12:00:00 AM,1,1,0
03/05/2020 01:00:00 AM,3,1,2
03/05/2020 02:00:00 AM,1,1,0
03/05/2020 03:00:00 AM,0,0,0
03/05/2020 04:00:00 AM,7,4,3
03/05/2020 05:00:00 AM,22,13,9
03/05/2020 06:00:00 AM,117,53,64
03/05/2020 07:00:00 AM,257,129,128
03/05/2020 08:00:00 AM,360,151,209
03/05/2020 09:00:00 AM,201,77,124
03/05/2020 10:00:00 AM,72,28,44
03/05/2020 11:00:00 AM,82,37,45
03/05/2020 12:00:00 PM,86,34,52
03/05/2020 01:00:00 PM,90,33,57
03/05/2020 02:00:00 PM,119,41,78
03/05/2020 03:00:00 PM,148,45,103
03/05/2020 04:00:00 PM,236,60,176
03/05/2020 05:00:00 PM,413,101,312
03/05/2020 06:00:00 PM,224,61,163
03/05/2020 07:00:00 PM,103,24,79
03/05/2020 08:00:00 PM,39,7,32
03/05/2020 09:00:00 PM,26,14,12
03/05/2020 10:00:00 PM,13,9,4
03/05/2020 11:00:00 PM,14,4,10
03/06/2020 12:00:00 AM,1,0,1
03/06/2020 01:00:00 AM,0,0,0
03/06/2020 02:00:00 AM,1,0,1
03/06/2020 03:00:00 AM,1,0,1
03/06/2020 04:00:00 AM,5,4,1
03/06/2020 05:00:00 AM,13,8,5
03/06/2020 06:00:00 AM,56,20,36
03/06/2020 07:00:00 AM,132,67,65
03/06/2020 08:00:00 AM,187,88,99
03/06/2020 09:00:00 AM,91,43,48
03/06/2020 10:00:00 AM,47,18,29
03/06/2020 11:00:00 AM,44,18,26
03/06/2020 12:00:00 PM,50,17,33
03/06/2020 01:00:00 PM,60,23,37
03/06/2020 02:00:00 PM,59,19,40
03/06/2020 03:00:00 PM,84,24,60
03/06/2020 04:00:00 PM,124,43,81
03/06/2020 05:00:00 PM,212,60,152
03/06/2020 06:00:00 PM,137,47,90
03/06/2020 07:00:00 PM,62,13,49
03/06/2020 08:00:00 PM,35,18,17
03/06/2020 09:00:00 PM,21,5,16
03/06/2020 10:00:00 PM,20,7,13
03/06/2020 11:00:00 PM,9,4,5
03/07/2020 12:00:00 AM,18,8,10
03/07/2020 01:00:00 AM,7,5,2
03/07/2020 02:00:00 AM,1,0,1
03/07/2020 03:00:00 AM,1,0,1
03/07/2020 04:00:00 AM,1,1,0
03/07/2020 05:00:00 AM,3,1,2
03/07/2020 06:00:00 AM,11,2,9
03/07/2020 07:00:00 AM,29,13,16
03/07/2020 08:00:00 AM,49,23,26
03/07/2020 09:00:00 AM,58,22,36
03/07/2020 10:00:00 AM,92,52,40
03/07/2020 11:00:00 AM,73,37,36
03/07/2020 12:00:00 PM,68,30,38
03/07/2020 01:00:00 PM,50,31,19
03/07/2020 02:00:00 PM,89,48,41
03/07/2020 03:00:00 PM,93,42,51
03/07/2020 04:00:00 PM,127,58,69
03/07/2020 05:00:00 PM,89,40,49
03/07/2020 06:00:00 PM,50,16,34
03/07/2020 07:00:00 PM,39,15,24
03/07/2020 08:00:00 PM,15,7,8
03/07/2020 09:00:00 PM,17,5,12
03/07/2020 10:00:00 PM,10,2,8
03/07/2020 11:00:00 PM,19,11,8
03/08/2020 12:00:00 AM,7,3,4
03/08/2020 01:00:00 AM,4,2,2
03/08/2020 02:00:00 AM,,,
03/08/2020 03:00:00 AM,0,0,0
03/08/2020 04:00:00 AM,4,2,2
03/08/2020 05:00:00 AM,3,2,1
03/08/2020 06:00:00 AM,6,4,2
03/08/2020 07:00:00 AM,18,9,9
03/08/2020 08:00:00 AM,21,13,8
03/08/2020 09:00:00 AM,44,15,29
03/08/2020 10:00:00 AM,50,26,24
03/08/2020 11:00:00 AM,79,42,37
03/08/2020 12:00:00 PM,109,51,58
03/08/2020 01:00:00 PM,139,64,75
03/08/2020 02:00:00 PM,176,81,95
03/08/2020 03:00:00 PM,177,82,95
03/08/2020 04:00:00 PM,181,81,100
03/08/2020 05:00:00 PM,106,39,67
03/08/2020 06:00:00 PM,80,36,44
03/08/2020 07:00:00 PM,32,15,17
03/08/2020 08:00:00 PM,21,10,11
03/08/2020 09:00:00 PM,23,12,11
03/08/2020 10:00:00 PM,10,3,7
03/08/2020 11:00:00 PM,4,1,3
03/09/2020 12:00:00 AM,3,0,3
03/09/2020 01:00:00 AM,2,0,2
03/09/2020 02:00:00 AM,0,0,0
03/09/2020 03:00:00 AM,2,0,2
03/09/2020 04:00:00 AM,4,2,2
03/09/2020 05:00:00 AM,17,5,12
03/09/2020 06:00:00 AM,69,37,32
03/09/2020 07:00:00 AM,166,88,78
03/09/2020 08:00:00 AM,270,125,145
03/09/2020 09:00:00 AM,121,42,79
03/09/2020 10:00:00 AM,75,36,39
03/09/2020 11:00:00 AM,59,30,29
03/09/2020 12:00:00 PM,111,52,59
03/09/2020 01:00:00 PM,100,46,54
03/09/2020 02:00:00 PM,102,39,63
03/09/2020 03:00:00 PM,162,71,91
03/09/2020 04:00:00 PM,286,97,189
03/09/2020 05:00:00 PM,407,126,281
03/09/2020 06:00:00 PM,280,91,189
03/09/2020 07:00:00 PM,122,49,73
03/09/2020 08:00:00 PM,48,21,27
03/09/2020 09:00:00 PM,38,13,25
03/09/2020 10:00:00 PM,22,6,16
03/09/2020 11:00:00 PM,13,4,9
03/10/2020 12:00:00 AM,7,4,3
03/10/2020 01:00:00 AM,4,1,3
03/10/2020 02:00:00 AM,0,0,0
03/10/2020 03:00:00 AM,3,1,2
03/10/2020 04:00:00 AM,7,4,3
03/10/2020 05:00:00 AM,20,9,11
03/10/2020 06:00:00 AM,91,48,43
03/10/2020 07:00:00 AM,182,90,92
03/10/2020 08:00:00 AM,255,115,140
03/10/2020 09:00:00 AM,154,68,86
03/10/2020 10:00:00 AM,88,34,54
03/10/2020 11:00:00 AM,76,24,52
03/10/2020 12:00:00 PM,67,27,40
03/10/2020 01:00:00 PM,89,35,54
03/10/2020 02:00:00 PM,80,29,51
03/10/2020 03:00:00 PM,114,55,59
03/10/2020 04:00:00 PM,207,60,147
03/10/2020 05:00:00 PM,308,76,232
03/10/2020 06:00:00 PM,211,63,148
03/10/2020 07:00:00 PM,103,32,71
03/10/2020 08:00:00 PM,38,8,30
03/10/2020 09:00:00 PM,29,11,18
03/10/2020 10:00:00 PM,24,5,19
03/10/2020 11:00:00 PM,16,5,11
03/11/2020 12:00:00 AM,5,1,4
03/11/2020 01:00:00 AM,2,1,1
03/11/2020 02:00:00 AM,0,0,0
03/11/2020 03:00:00 AM,0,0,0
03/11/2020 04:00:00 AM,5,3,2
03/11/2020 05:00:00 AM,19,12,7
03/11/2020 06:00:00 AM,73,30,43
03/11/2020 07:00:00 AM,194,95,99
03/11/2020 08:00:00 AM,263,127,136
03/11/2020 09:00:00 AM,152,66,86
03/11/2020 10:00:00 AM,88,38,50
03/11/2020 11:00:00 AM,79,27,52
03/11/2020 12:00:00 PM,74,29,45
03/11/2020 01:00:00 PM,75,27,48
03/11/2020 02:00:00 PM,74,26,48
03/11/2020 03:00:00 PM,120,35,85
03/11/2020 04:00:00 PM,207,62,145
03/11/2020 05:00:00 PM,329,103,226
03/11/2020 06:00:00 PM,271,84,187
03/11/2020 07:00:00 PM,107,35,72
03/11/2020 08:00:00 PM,52,17,35
03/11/2020 09:00:00 PM,42,19,23
03/11/2020 10:00:00 PM,22,4,18
03/11/2020 11:00:00 PM,17,5,12
03/12/2020 12:00:00 AM,2,1,1
03/12/2020 01:00:00 AM,0,0,0
03/12/2020 02:00:00 AM,0,0,0
03/12/2020 03:00:00 AM,2,0,2
03/12/2020 04:00:00 AM,5,2,3
03/12/2020 05:00:00 AM,20,8,12
03/12/2020 06:00:00 AM,71,28,43
03/12/2020 07:00:00 AM,142,66,76
03/12/2020 08:00:00 AM,169,66,103
03/12/2020 09:00:00 AM,132,49,83
03/12/2020 10:00:00 AM,73,24,49
03/12/2020 11:00:00 AM,39,17,22
03/12/2020 12:00:00 PM,73,36,37
03/12/2020 01:00:00 PM,72,24,48
03/12/2020 02:00:00 PM,84,35,49
03/12/2020 03:00:00 PM,125,50,75
03/12/2020 04:00:00 PM,185,56,129
03/12/2020 05:00:00 PM,288,87,201
03/12/2020 06:00:00 PM,231,83,148
03/12/2020 07:00:00 PM,110,30,80
03/12/2020 08:00:00 PM,55,26,29
03/12/2020 09:00:00 PM,33,14,19
03/12/2020 10:00:00 PM,10,4,6
03/12/2020 11:00:00 PM,16,12,4
03/13/2020 12:00:00 AM,3,1,2
03/13/2020 01:00:00 AM,1,0,1
03/13/2020 02:00:00 AM,3,0,3
03/13/2020 03:00:00 AM,2,0,2
03/13/2020 04:00:00 AM,5,4,1
03/13/2020 05:00:00 AM,11,5,6
03/13/2020 06:00:00 AM,49,20,29
03/13/2020 07:00:00 AM,76,38,38
03/13/2020 08:00:00 AM,97,46,51
03/13/2020 09:00:00 AM,65,21,44
03/13/2020 10:00:00 AM,43,22,21
03/13/2020 11:00:00 AM,34,14,20
03/13/2020 12:00:00 PM,25,15,10
03/13/2020 01:00:00 PM,35,12,23
03/13/2020 02:00:00 PM,35,14,21
03/13/2020 03:00:00 PM,44,11,33
03/13/2020 04:00:00 PM,73,17,56
03/13/2020 05:00:00 PM,109,32,77
03/13/2020 06:00:00 PM,60,12,48
03/13/2020 07:00:00 PM,29,10,19
03/13/2020 08:00:00 PM,12,3,9
03/13/2020 09:00:00 PM,13,8,5
03/13/2020 10:00:00 PM,9,6,3
03/13/2020 11:00:00 PM,5,2,3
03/14/2020 12:00:00 AM,5,0,5
03/14/2020 01:00:00 AM,1,1,0
03/14/2020 02:00:00 AM,0,0,0
03/14/2020 03:00:00 AM,1,0,1
03/14/2020 04:00:00 AM,0,0,0
03/14/2020 05:00:00 AM,3,1,2
03/14/2020 06:00:00 AM,7,3,4
03/14/2020 07:00:00 AM,12,6,6
03/14/2020 08:00:00 AM,36,14,22
03/14/2020 09:00:00 AM,54,21,33
03/14/2020 10:00:00 AM,57,27,30
03/14/2020 11:00:00 AM,60,26,34
03/14/2020 12:00:00 PM,84,31,53
03/14/2020 01:00:00 PM,98,37,61
03/14/2020 02:00:00 PM,120,63,57
03/14/2020 03:00:00 PM,148,68,80
03/14/2020 04:00:00 PM,123,55,68
03/14/2020 05:00:00 PM,84,32,52
03/14/2020 06:00:00 PM,55,18,37
03/14/2020 07:00:00 PM,39,9,30
03/14/2020 08:00:00 PM,23,13,10
03/14/2020 09:00:00 PM,14,6,8
03/14/2020 10:00:00 PM,8,2,6
03/14/2020 11:00:00 PM,12,4,8
03/15/2020 12:00:00 AM,2,0,2
03/15/2020 01:00:00 AM,1,1,0
03/15/2020 02:00:00 AM,0,0,0
03/15/2020 03:00:00 AM,3,0,3
03/15/2020 04:00:00 AM,2,1,1
03/15/2020 05:00:00 AM,3,2,1
03/15/2020 06:00:00 AM,5,3,2
03/15/2020 07:00:00 AM,13,7,6
03/15/2020 08:00:00 AM,20,4,16
03/15/2020 09:00:00 AM,30,13,17
03/15/2020 10:00:00 AM,68,26,42
03/15/2020 11:00:00 AM,83,35,48
03/15/2020 12:00:00 PM,147,77,70
03/15/2020 01:00:00 PM,132,57,75
03/15/2020 02:00:00 PM,166,81,85
03/15/2020 03:00:00 PM,173,73,100
03/15/2020 04:00:00 PM,177,93,84
03/15/2020 05:00:00 PM,95,43,52
03/15/2020 06:00:00 PM,56,26,30
03/15/2020 07:00:00 PM,34,11,23
03/15/2020 08:00:00 PM,30,13,17
03/15/2020 09:00:00 PM,7,3,4
03/15/2020 10:00:00 PM,8,1,7
03/15/2020 11:00:00 PM,8,5,3
03/16/2020 12:00:00 AM,2,1,1
03/16/2020 01:00:00 AM,0,0,0
03/16/2020 02:00:00 AM,4,3,1
03/16/2020 03:00:00 AM,4,1,3
03/16/2020 04:00:00 AM,3,2,1
03/16/2020 05:00:00 AM,17,4,13
03/16/2020 06:00:00 AM,41,23,18
03/16/2020 07:00:00 AM,102,53,49
03/16/2020 08:00:00 AM,141,64,77
03/16/2020 09:00:00 AM,101,33,68
03/16/2020 10:00:00 AM,62,18,44
03/16/2020 11:00:00 AM,61,30,31
03/16/2020 12:00:00 PM,89,39,50
03/16/2020 01:00:00 PM,124,44,80
03/16/2020 02:00:00 PM,128,58,70
03/16/2020 03:00:00 PM,142,56,86
03/16/2020 04:00:00 PM,214,85,129
03/16/2020 05:00:00 PM,299,117,182
03/16/2020 06:00:00 PM,237,84,153
03/16/2020 07:00:00 PM,96,35,61
03/16/2020 08:00:00 PM,39,12,27
03/16/2020 09:00:00 PM,9,4,5
03/16/2020 10:00:00 PM,6,2,4
03/16/2020 11:00:00 PM,14,5,9
03/17/2020 12:00:00 AM,3,2,1
03/17/2020 01:00:00 AM,0,0,0
03/17/2020 02:00:00 AM,0,0,0
03/17/2020 03:00:00 AM,1,0,1
03/17/2020 04:00:00 AM,2,1,1
03/17/2020 05:00:00 AM,11,3,8
03/17/2020 06:00:00 AM,52,32,20
03/17/2020 07:00:00 AM,112,44,68
03/17/2020 08:00:00 AM,136,60,76
03/17/2020 09:00:00 AM,90,34,56
03/17/2020 10:00:00 AM,65,24,41
03/17/2020 11:00:00 AM,64,33,31
03/17/2020 12:00:00 PM,79,36,43
03/17/2020 01:00:00 PM,121,61,60
03/17/2020 02:00:00 PM,122,61,61
03/17/2020 03:00:00 PM,148,54,94
03/17/2020 04:00:00 PM,234,90,144
03/17/2020 05:00:00 PM,285,112,173
03/17/2020 06:00:00 PM,262,100,162
03/17/2020 07:00:00 PM,84,38,46
03/17/2020 08:00:00 PM,38,10,28
03/17/2020 09:00:00 PM,15,9,6
03/17/2020 10:00:00 PM,13,3,10
03/17/2020 11:00:00 PM,5,3,2
03/18/2020 12:00:00 AM,1,0,1
03/18/2020 01:00:00 AM,3,2,1
03/18/2020 02:00:00 AM,0,0,0
03/18/2020 03:00:00 AM,0,0,0
03/18/2020 04:00:00 AM,3,2,1
03/18/2020 05:00:00 AM,10,4,6
03/18/2020 06:00:00 AM,47,27,20
03/18/2020 07:00:00 AM,104,54,50
03/18/2020 08:00:00 AM,123,46,77
03/18/2020 09:00:00 AM,75,24,51
03/18/2020 10:00:00 AM,58,29,29
03/18/2020 11:00:00 AM,90,44,46
03/18/2020 12:00:00 PM,107,43,64
03/18/2020 01:00:00 PM,153,60,93
03/18/2020 02:00:00 PM,185,101,84
03/18/2020 03:00:00 PM,183,89,94
03/18/2020 04:00:00 PM,272,119,153
03/18/2020 05:00:00 PM,413,159,254
03/18/2020 06:00:00 PM,313,132,181
03/18/2020 07:00:00 PM,134,63,71
03/18/2020 08:00:00 PM,46,19,27
03/18/2020 09:00:00 PM,19,9,10
03/18/2020 10:00:00 PM,12,2,10
03/18/2020 11:00:00 PM,6,1,5
03/19/2020 12:00:00 AM,6,3,3
03/19/2020 01:00:00 AM,0,0,0
03/19/2020 02:00:00 AM,1,0,1
03/19/2020 03:00:00 AM,1,1,0
03/19/2020 04:00:00 AM,2,1,1
03/19/2020 05:00:00 AM,16,6,10
03/19/2020 06:00:00 AM,40,18,22
03/19/2020 07:00:00 AM,99,49,50
03/19/2020 08:00:00 AM,97,49,48
03/19/2020 09:00:00 AM,70,28,42
03/19/2020 10:00:00 AM,65,27,38
03/19/2020 11:00:00 AM,75,35,40
03/19/2020 12:00:00 PM,134,63,71
03/19/2020 01:00:00 PM,158,68,90
03/19/2020 02:00:00 PM,188,89,99
03/19/2020 03:00:00 PM,210,83,127
03/19/2020 04:00:00 PM,292,115,177
03/19/2020 05:00:00 PM,393,167,226
03/19/2020 06:00:00 PM,296,127,169
03/19/2020 07:00:00 PM,140,58,82
03/19/2020 08:00:00 PM,29,13,16
03/19/2020 09:00:00 PM,15,10,5
03/19/2020 10:00:00 PM,12,4,8
03/19/2020 11:00:00 PM,8,2,6
03/20/2020 12:00:00 AM,3,1,2
03/20/2020 01:00:00 AM,1,1,0
03/20/2020 02:00:00 AM,1,0,1
03/20/2020 03:00:00 AM,2,0,2
03/20/2020 04:00:00 AM,5,3,2
03/20/2020 05:00:00 AM,13,5,8
03/20/2020 06:00:00 AM,47,22,25
03/20/2020 07:00:00 AM,94,45,49
03/20/2020 08:00:00 AM,107,47,60
03/20/2020 09:00:00 AM,79,30,49
03/20/2020 10:00:00 AM,82,40,42
03/20/2020 11:00:00 AM,91,56,35
03/20/2020 12:00:00 PM,129,60,69
03/20/2020 01:00:00 PM,176,88,88
03/20/2020 02:00:00 PM,194,94,100
03/20/2020 03:00:00 PM,265,121,144
03/20/2020 04:00:00 PM,344,157,187
03/20/2020 05:00:00 PM,344,149,195
03/20/2020 06:00:00 PM,263,103,160
03/20/2020 07:00:00 PM,123,55,68
03/20/2020 08:00:00 PM,44,15,29
03/20/2020 09:00:00 PM,25,12,13
03/20/2020 10:00:00 PM,15,2,13
03/20/2020 11:00:00 PM,10,4,6
03/21/2020 12:00:00 AM,5,2,3
03/21/2020 01:00:00 AM,3,1,2
03/21/2020 02:00:00 AM,1,0,1
03/21/2020 03:00:00 AM,2,0,2
03/21/2020 04:00:00 AM,4,3,1
03/21/2020 05:00:00 AM,4,2,2
03/21/2020 06:00:00 AM,5,2,3
03/21/2020 07:00:00 AM,14,6,8
03/21/2020 08:00:00 AM,50,26,24
03/21/2020 09:00:00 AM,77,33,44
03/21/2020 10:00:00 AM,101,54,47
03/21/2020 11:00:00 AM,148,85,63
03/21/2020 12:00:00 PM,171,93,78
03/21/2020 01:00:00 PM,267,123,144
03/21/2020 02:00:00 PM,357,183,174
03/21/2020 03:00:00 PM,431,228,203
03/21/2020 04:00:00 PM,400,162,238
03/21/2020 05:00:00 PM,297,149,148
03/21/2020 06:00:00 PM,209,102,107
03/21/2020 07:00:00 PM,72,38,34
03/21/2020 08:00:00 PM,24,12,12
03/21/2020 09:00:00 PM,21,11,10
03/21/2020 10:00:00 PM,7,1,6
03/21/2020 11:00:00 PM,8,4,4
03/22/2020 12:00:00 AM,5,2,3
03/22/2020 01:00:00 AM,2,1,1
03/22/2020 02:00:00 AM,3,0,3
03/22/2020 03:00:00 AM,1,0,1
03/22/2020 04:00:00 AM,0,0,0
03/22/2020 05:00:00 AM,4,1,3
03/22/2020 06:00:00 AM,4,1,3
03/22/2020 07:00:00 AM,19,7,12
03/22/2020 08:00:00 AM,17,4,13
03/22/2020 09:00:00 AM,65,37,28
03/22/2020 10:00:00 AM,131,64,67
03/22/2020 11:00:00 AM,161,78,83
03/22/2020 12:00:00 PM,253,126,127
03/22/2020 01:00:00 PM,292,127,165
03/22/2020 02:00:00 PM,336,156,180
03/22/2020 03:00:00 PM,329,135,194
03/22/2020 04:00:00 PM,209,99,110
03/22/2020 05:00:00 PM,124,55,69
03/22/2020 06:00:00 PM,71,30,41
03/22/2020 07:00:00 PM,33,22,11
03/22/2020 08:00:00 PM,19,9,10
03/22/2020 09:00:00 PM,9,3,6
03/22/2020 10:00:00 PM,15,9,6
03/22/2020 11:00:00 PM,8,4,4
03/23/2020 12:00:00 AM,3,1,2
03/23/2020 01:00:00 AM,2,0,2
03/23/2020 02:00:00 AM,0,0,0
03/23/2020 03:00:00 AM,2,1,1
03/23/2020 04:00:00 AM,2,1,1
03/23/2020 05:00:00 AM,19,7,12
03/23/2020 06:00:00 AM,40,11,29
03/23/2020 07:00:00 AM,69,26,43
03/23/2020 08:00:00 AM,98,32,66
03/23/2020 09:00:00 AM,49,16,33
03/23/2020 10:00:00 AM,43,19,24
03/23/2020 11:00:00 AM,64,23,41
03/23/2020 12:00:00 PM,74,43,31
03/23/2020 01:00:00 PM,90,34,56
03/23/2020 02:00:00 PM,87,37,50
03/23/2020 03:00:00 PM,91,38,53
03/23/2020 04:00:00 PM,142,56,86
03/23/2020 05:00:00 PM,176,67,109
03/23/2020 06:00:00 PM,143,50,93
03/23/2020 07:00:00 PM,60,22,38
03/23/2020 08:00:00 PM,18,10,8
03/23/2020 09:00:00 PM,8,2,6
03/23/2020 10:00:00 PM,6,1,5
03/23/2020 11:00:00 PM,8,0,8
03/24/2020 12:00:00 AM,3,2,1
03/24/2020 01:00:00 AM,1,0,1
03/24/2020 02:00:00 AM,1,0,1
03/24/2020 03:00:00 AM,0,0,0
03/24/2020 04:00:00 AM,3,3,0
03/24/2020 05:00:00 AM,9,3,6
03/24/2020 06:00:00 AM,34,15,19
03/24/2020 07:00:00 AM,67,25,42
03/24/2020 08:00:00 AM,70,31,39
03/24/2020 09:00:00 AM,50,24,26
03/24/2020 10:00:00 AM,29,12,17
03/24/2020 11:00:00 AM,31,13,18
03/24/2020 12:00:00 PM,54,25,29
03/24/2020 01:00:00 PM,79,38,41
03/24/2020 02:00:00 PM,123,51,72
03/24/2020 03:00:00 PM,94,42,52
03/24/2020 04:00:00 PM,137,62,75
03/24/2020 05:00:00 PM,160,70,90
03/24/2020 06:00:00 PM,109,48,61
03/24/2020 07:00:00 PM,55,28,27
03/24/2020 08:00:00 PM,17,7,10
03/24/2020 09:00:00 PM,13,7,6
03/24/2020 10:00:00 PM,8,3,5
03/24/2020 11:00:00 PM,1,0,1
03/25/2020 12:00:00 AM,2,0,2
03/25/2020 01:00:00 AM,3,0,3
03/25/2020 02:00:00 AM,1,0,1
03/25/2020 03:00:00 AM,2,0,2
03/25/2020 04:00:00 AM,3,3,0
03/25/2020 05:00:00 AM,14,7,7
03/25/2020 06:00:00 AM,17,8,9
03/25/2020 07:00:00 AM,46,18,28
03/25/2020 08:00:00 AM,50,21,29
03/25/2020 09:00:00 AM,23,10,13
03/25/2020 10:00:00 AM,49,17,32
03/25/2020 11:00:00 AM,26,12,14
03/25/2020 12:00:00 PM,37,20,17
03/25/2020 01:00:00 PM,53,23,30
03/25/2020 02:00:00 PM,78,37,41
03/25/2020 03:00:00 PM,143,52,91
03/25/2020 04:00:00 PM,220,93,127
03/25/2020 05:00:00 PM,289,148,141
03/25/2020 06:00:00 PM,191,89,102
03/25/2020 07:00:00 PM,92,43,49
03/25/2020 08:00:00 PM,24,8,16
03/25/2020 09:00:00 PM,16,2,14
03/25/2020 10:00:00 PM,9,2,7
03/25/2020 11:00:00 PM,2,1,1
03/26/2020 12:00:00 AM,1,0,1
03/26/2020 01:00:00 AM,2,1,1
03/26/2020 02:00:00 AM,4,1,3
03/26/2020 03:00:00 AM,4,3,1
03/26/2020 04:00:00 AM,6,6,0
03/26/2020 05:00:00 AM,10,5,5
03/26/2020 06:00:00 AM,37,13,24
03/26/2020 07:00:00 AM,78,31,47
03/26/2020 08:00:00 AM,67,30,37
03/26/2020 09:00:00 AM,47,25,22
03/26/2020 10:00:00 AM,41,26,15
03/26/2020 11:00:00 AM,56,36,20
03/26/2020 12:00:00 PM,70,28,42
03/26/2020 01:00:00 PM,86,45,41
03/26/2020 02:00:00 PM,92,47,45
03/26/2020 03:00:00 PM,73,47,26
03/26/2020 04:00:00 PM,96,44,52
03/26/2020 05:00:00 PM,166,69,97
03/26/2020 06:00:00 PM,128,66,62
03/26/2020 07:00:00 PM,68,27,41
03/26/2020 08:00:00 PM,22,7,15
03/26/2020 09:00:00 PM,9,3,6
03/26/2020 10:00:00 PM,5,3,2
03/26/2020 11:00:00 PM,10,3,7
03/27/2020 12:00:00 AM,2,1,1
03/27/2020 01:00:00 AM,2,0,2
03/27/2020 02:00:00 AM,3,2,1
03/27/2020 03:00:00 AM,0,0,0
03/27/2020 04:00:00 AM,3,1,2
03/27/2020 05:00:00 AM,12,5,7
03/27/2020 06:00:00 AM,31,13,18
03/27/2020 07:00:00 AM,47,21,26
03/27/2020 08:00:00 AM,44,26,18
03/27/2020 09:00:00 AM,26,8,18
03/27/2020 10:00:00 AM,21,7,14
03/27/2020 11:00:00 AM,31,14,17
03/27/2020 12:00:00 PM,64,38,26
03/27/2020 01:00:00 PM,67,34,33
03/27/2020 02:00:00 PM,84,37,47
03/27/2020 03:00:00 PM,97,50,47
03/27/2020 04:00:00 PM,118,53,65
03/27/2020 05:00:00 PM,115,46,69
03/27/2020 06:00:00 PM,97,40,57
03/27/2020 07:00:00 PM,65,32,33
03/27/2020 08:00:00 PM,26,10,16
03/27/2020 09:00:00 PM,15,7,8
03/27/2020 10:00:00 PM,8,6,2
03/27/2020 11:00:00 PM,7,1,6
03/28/2020 12:00:00 AM,6,3,3
03/28/2020 01:00:00 AM,1,0,1
03/28/2020 02:00:00 AM,4,0,4
03/28/2020 03:00:00 AM,3,0,3
03/28/2020 04:00:00 AM,1,1,0
03/28/2020 05:00:00 AM,1,0,1
03/28/2020 06:00:00 AM,7,5,2
03/28/2020 07:00:00 AM,15,5,10
03/28/2020 08:00:00 AM,31,11,20
03/28/2020 09:00:00 AM,70,31,39
03/28/2020 10:00:00 AM,113,66,47
03/28/2020 11:00:00 AM,189,106,83
03/28/2020 12:00:00 PM,172,85,87
03/28/2020 01:00:00 PM,183,90,93
03/28/2020 02:00:00 PM,159,73,86
03/28/2020 03:00:00 PM,149,72,77
03/28/2020 04:00:00 PM,161,76,85
03/28/2020 05:00:00 PM,100,43,57
03/28/2020 06:00:00 PM,45,22,23
03/28/2020 07:00:00 PM,17,9,8
03/28/2020 08:00:00 PM,16,4,12
03/28/2020 09:00:00 PM,10,6,4
03/28/2020 10:00:00 PM,4,2,2
03/28/2020 11:00:00 PM,1,0,1
03/29/2020 12:00:00 AM,2,0,2
03/29/2020 01:00:00 AM,0,0,0
03/29/2020 02:00:00 AM,2,1,1
03/29/2020 03:00:00 AM,1,0,1
03/29/2020 04:00:00 AM,2,0,2
03/29/2020 05:00:00 AM,3,1,2
03/29/2020 06:00:00 AM,4,2,2
03/29/2020 07:00:00 AM,17,10,7
03/29/2020 08:00:00 AM,19,7,12
03/29/2020 09:00:00 AM,54,22,32
03/29/2020 10:00:00 AM,103,48,55
03/29/2020 11:00:00 AM,234,133,101
03/29/2020 12:00:00 PM,332,175,157
03/29/2020 01:00:00 PM,370,185,185
03/29/2020 02:00:00 PM,489,235,254
03/29/2020 03:00:00 PM,444,240,204
03/29/2020 04:00:00 PM,372,176,196
03/29/2020 05:00:00 PM,196,94,102
03/29/2020 06:00:00 PM,127,71,56
03/29/2020 07:00:00 PM,45,17,28
03/29/2020 08:00:00 PM,22,8,14
03/29/2020 09:00:00 PM,13,6,7
03/29/2020 10:00:00 PM,12,6,6
03/29/2020 11:00:00 PM,4,1,3
03/30/2020 12:00:00 AM,1,1,0
03/30/2020 01:00:00 AM,1,0,1
03/30/2020 02:00:00 AM,0,0,0
03/30/2020 03:00:00 AM,0,0,0
03/30/2020 04:00:00 AM,2,2,0
03/30/2020 05:00:00 AM,7,1,6
03/30/2020 06:00:00 AM,14,5,9
03/30/2020 07:00:00 AM,40,18,22
03/30/2020 08:00:00 AM,56,26,30
03/30/2020 09:00:00 AM,45,22,23
03/30/2020 10:00:00 AM,40,12,28
03/30/2020 11:00:00 AM,63,33,30
03/30/2020 12:00:00 PM,54,26,28
03/30/2020 01:00:00 PM,25,14,11
03/30/2020 02:00:00 PM,25,19,6
03/30/2020 03:00:00 PM,50,23,27
03/30/2020 04:00:00 PM,59,29,30
03/30/2020 05:00:00 PM,88,33,55
03/30/2020 06:00:00 PM,82,46,36
03/30/2020 07:00:00 PM,40,14,26
03/30/2020 08:00:00 PM,19,7,12
03/30/2020 09:00:00 PM,3,2,1
03/30/2020 10:00:00 PM,2,2,0
03/30/2020 11:00:00 PM,0,0,0
03/31/2020 12:00:00 AM,1,1,0
03/31/2020 01:00:00 AM,0,0,0
03/31/2020 02:00:00 AM,1,1,0
03/31/2020 03:00:00 AM,1,0,1
03/31/2020 04:00:00 AM,4,4,0
03/31/2020 05:00:00 AM,6,2,4
03/31/2020 06:00:00 AM,26,10,16
03/31/2020 07:00:00 AM,59,20,39
03/31/2020 08:00:00 AM,54,21,33
03/31/2020 09:00:00 AM,53,30,23
03/31/2020 10:00:00 AM,39,20,19
03/31/2020 11:00:00 AM,66,23,43
03/31/2020 12:00:00 PM,107,57,50
03/31/2020 01:00:00 PM,122,59,63
03/31/2020 02:00:00 PM,149,66,83
03/31/2020 03:00:00 PM,85,43,42
03/31/2020 04:00:00 PM,77,27,50
03/31/2020 05:00:00 PM,109,45,64
03/31/2020 06:00:00 PM,47,19,28
03/31/2020 07:00:00 PM,18,9,9
03/31/2020 08:00:00 PM,22,6,16
03/31/2020 09:00:00 PM,7,2,5
03/31/2020 10:00:00 PM,7,3,4
03/31/2020 11:00:00 PM,4,3,1
04/01/2020 12:00:00 AM,5,3,2
04/01/2020 01:00:00 AM,1,1,0
04/01/2020 02:00:00 AM,0,0,0
04/01/2020 03:00:00 AM,0,0,0
04/01/2020 04:00:00 AM,4,3,1
04/01/2020 05:00:00 AM,5,1,4
04/01/2020 06:00:00 AM,29,15,14
04/01/2020 07:00:00 AM,58,24,34
04/01/2020 08:00:00 AM,52,23,29
04/01/2020 09:00:00 AM,33,12,21
04/01/2020 10:00:00 AM,32,19,13
04/01/2020 11:00:00 AM,46,20,26
04/01/2020 12:00:00 PM,78,37,41
04/01/2020 01:00:00 PM,106,57,49
04/01/2020 02:00:00 PM,149,71,78
04/01/2020 03:00:00 PM,174,80,94
04/01/2020 04:00:00 PM,280,127,153
04/01/2020 05:00:00 PM,318,139,179
04/01/2020 06:00:00 PM,243,127,116
04/01/2020 07:00:00 PM,113,53,60
04/01/2020 08:00:00 PM,32,10,22
04/01/2020 09:00:00 PM,4,1,3
04/01/2020 10:00:00 PM,8,3,5
04/01/2020 11:00:00 PM,6,1,5
04/02/2020 12:00:00 AM,1,1,0
04/02/2020 01:00:00 AM,1,1,0
04/02/2020 02:00:00 AM,1,0,1
04/02/2020 03:00:00 AM,1,0,1
04/02/2020 04:00:00 AM,3,2,1
04/02/2020 05:00:00 AM,14,4,10
04/02/2020 06:00:00 AM,32,19,13
04/02/2020 07:00:00 AM,80,38,42
04/02/2020 08:00:00 AM,60,23,37
04/02/2020 09:00:00 AM,44,22,22
04/02/2020 10:00:00 AM,42,22,20
04/02/2020 11:00:00 AM,53,32,21
04/02/2020 12:00:00 PM,70,30,40
04/02/2020 01:00:00 PM,100,40,60
04/02/2020 02:00:00 PM,129,65,64
04/02/2020 03:00:00 PM,134,61,73
04/02/2020 04:00:00 PM,185,81,104
04/02/2020 05:00:00 PM,194,85,109
04/02/2020 06:00:00 PM,161,77,84
04/02/2020 07:00:00 PM,82,36,46
04/02/2020 08:00:00 PM,30,8,22
04/02/2020 09:00:00 PM,11,3,8
04/02/2020 10:00:00 PM,7,6,1
04/02/2020 11:00:00 PM,5,3,2
04/03/2020 12:00:00 AM,3,0,3
04/03/2020 01:00:00 AM,0,0,0
04/03/2020 02:00:00 AM,3,3,0
04/03/2020 03:00:00 AM,4,2,2
04/03/2020 04:00:00 AM,6,4,2
04/03/2020 05:00:00 AM,13,6,7
04/03/2020 06:00:00 AM,28,11,17
04/03/2020 07:00:00 AM,76,35,41
04/03/2020 08:00:00 AM,54,22,32
04/03/2020 09:00:00 AM,34,13,21
04/03/2020 10:00:00 AM,61,31,30
04/03/2020 11:00:00 AM,68,30,38
04/03/2020 12:00:00 PM,92,42,50
04/03/2020 01:00:00 PM,104,53,51
04/03/2020 02:00:00 PM,85,41,44
04/03/2020 03:00:00 PM,65,25,40
04/03/2020 04:00:00 PM,62,27,35
04/03/2020 05:00:00 PM,82,28,54
04/03/2020 06:00:00 PM,80,32,48
04/03/2020 07:00:00 PM,39,16,23
04/03/2020 08:00:00 PM,16,5,11
04/03/2020 09:00:00 PM,7,0,7
04/03/2020 10:00:00 PM,6,3,3
04/03/2020 11:00:00 PM,6,3,3
04/04/2020 12:00:00 AM,3,1,2
04/04/2020 01:00:00 AM,2,1,1
04/04/2020 02:00:00 AM,1,1,0
04/04/2020 03:00:00 AM,2,1,1
04/04/2020 04:00:00 AM,1,0,1
04/04/2020 05:00:00 AM,4,1,3
04/04/2020 06:00:00 AM,9,2,7
04/04/2020 07:00:00 AM,19,4,15
04/04/2020 08:00:00 AM,36,18,18
04/04/2020 09:00:00 AM,57,25,32
04/04/2020 10:00:00 AM,168,82,86
04/04/2020 11:00:00 AM,211,98,113
04/04/2020 12:00:00 PM,288,136,152
04/04/2020 01:00:00 PM,387,169,218
04/04/2020 02:00:00 PM,363,185,178
04/04/2020 03:00:00 PM,373,195,178
04/04/2020 04:00:00 PM,321,172,149
04/04/2020 05:00:00 PM,219,103,116
04/04/2020 06:00:00 PM,148,59,89
04/04/2020 07:00:00 PM,51,25,26
04/04/2020 08:00:00 PM,32,14,18
04/04/2020 09:00:00 PM,11,3,8
04/04/2020 10:00:00 PM,13,6,7
04/04/2020 11:00:00 PM,3,1,2
04/05/2020 12:00:00 AM,0,0,0
04/05/2020 01:00:00 AM,0,0,0
04/05/2020 02:00:00 AM,8,3,5
04/05/2020 03:00:00 AM,0,0,0
04/05/2020 04:00:00 AM,1,0,1
04/05/2020 05:00:00 AM,4,2,2
04/05/2020 06:00:00 AM,10,2,8
04/05/2020 07:00:00 AM,17,7,10
04/05/2020 08:00:00 AM,48,22,26
04/05/2020 09:00:00 AM,49,14,35
04/05/2020 10:00:00 AM,94,43,51
04/05/2020 11:00:00 AM,182,80,102
04/05/2020 12:00:00 PM,279,132,147
04/05/2020 01:00:00 PM,342,172,170
04/05/2020 02:00:00 PM,365,188,177
04/05/2020 03:00:00 PM,369,180,189
04/05/2020 04:00:00 PM,272,149,123
04/05/2020 05:00:00 PM,200,88,112
04/05/2020 06:00:00 PM,81,43,38
04/05/2020 07:00:00 PM,40,17,23
04/05/2020 08:00:00 PM,25,15,10
04/05/2020 09:00:00 PM,9,4,5
04/05/2020 10:00:00 PM,6,2,4
04/05/2020 11:00:00 PM,5,2,3
04/06/2020 12:00:00 AM,3,1,2
04/06/2020 01:00:00 AM,2,1,1
04/06/2020 02:00:00 AM,4,1,3
04/06/2020 03:00:00 AM,1,1,0
04/06/2020 04:00:00 AM,4,3,1
04/06/2020 05:00:00 AM,11,6,5
04/06/2020 06:00:00 AM,35,14,21
04/06/2020 07:00:00 AM,81,37,44
04/06/2020 08:00:00 AM,81,33,48
04/06/2020 09:00:00 AM,56,31,25
04/06/2020 10:00:00 AM,77,32,45
04/06/2020 11:00:00 AM,77,33,44
04/06/2020 12:00:00 PM,127,70,57
04/06/2020 01:00:00 PM,166,74,92
04/06/2020 02:00:00 PM,219,86,133
04/06/2020 03:00:00 PM,237,118,119
04/06/2020 04:00:00 PM,269,118,151
04/06/2020 05:00:00 PM,327,143,184
04/06/2020 06:00:00 PM,254,120,134
04/06/2020 07:00:00 PM,124,66,58
04/06/2020 08:00:00 PM,24,5,19
04/06/2020 09:00:00 PM,11,3,8
04/06/2020 10:00:00 PM,6,3,3
04/06/2020 11:00:00 PM,6,3,3
04/07/2020 12:00:00 AM,2,1,1
04/07/2020 01:00:00 AM,1,0,1
04/07/2020 02:00:00 AM,4,4,0
04/07/2020 03:00:00 AM,1,0,1
04/07/2020 04:00:00 AM,4,3,1
04/07/2020 05:00:00 AM,14,8,6
04/07/2020 06:00:00 AM,35,12,23
04/07/2020 07:00:00 AM,77,39,38
04/07/2020 08:00:00 AM,97,39,58
04/07/2020 09:00:00 AM,61,29,32
04/07/2020 10:00:00 AM,33,16,17
04/07/2020 11:00:00 AM,70,35,35
04/07/2020 12:00:00 PM,81,32,49
04/07/2020 01:00:00 PM,115,60,55
04/07/2020 02:00:00 PM,131,68,63
04/07/2020 03:00:00 PM,162,80,82
04/07/2020 04:00:00 PM,222,115,107
04/07/2020 05:00:00 PM,335,147,188
04/07/2020 06:00:00 PM,236,92,144
04/07/2020 07:00:00 PM,136,75,61
04/07/2020 08:00:00 PM,49,26,23
04/07/2020 09:00:00 PM,14,8,6
04/07/2020 10:00:00 PM,9,3,6
04/07/2020 11:00:00 PM,6,2,4
04/08/2020 12:00:00 AM,3,1,2
04/08/2020 01:00:00 AM,0,0,0
04/08/2020 02:00:00 AM,3,0,3
04/08/2020 03:00:00 AM,0,0,0
04/08/2020 04:00:00 AM,4,4,0
04/08/2020 05:00:00 AM,12,7,5
04/08/2020 06:00:00 AM,43,19,24
04/08/2020 07:00:00 AM,82,38,44
04/08/2020 08:00:00 AM,81,30,51
04/08/2020 09:00:00 AM,53,27,26
04/08/2020 10:00:00 AM,72,33,39
04/08/2020 11:00:00 AM,97,49,48
04/08/2020 12:00:00 PM,117,51,66
04/08/2020 01:00:00 PM,147,68,79
04/08/2020 02:00:00 PM,169,84,85
04/08/2020 03:00:00 PM,236,120,116
04/08/2020 04:00:00 PM,259,129,130
04/08/2020 05:00:00 PM,340,163,177
04/08/2020 06:00:00 PM,279,136,143
04/08/2020 07:00:00 PM,154,75,79
04/08/2020 08:00:00 PM,50,22,28
04/08/2020 09:00:00 PM,26,15,11
04/08/2020 10:00:00 PM,6,2,4
04/08/2020 11:00:00 PM,10,3,7
04/09/2020 12:00:00 AM,3,1,2
04/09/2020 01:00:00 AM,0,0,0
04/09/2020 02:00:00 AM,1,0,1
04/09/2020 03:00:00 AM,3,0,3
04/09/2020 04:00:00 AM,1,1,0
04/09/2020 05:00:00 AM,9,2,7
04/09/2020 06:00:00 AM,36,20,16
04/09/2020 07:00:00 AM,87,44,43
04/09/2020 08:00:00 AM,76,30,46
04/09/2020 09:00:00 AM,52,20,32
04/09/2020 10:00:00 AM,78,35,43
04/09/2020 11:00:00 AM,85,49,36
04/09/2020 12:00:00 PM,179,72,107
04/09/2020 01:00:00 PM,200,81,119
04/09/2020 02:00:00 PM,259,120,139
04/09/2020 03:00:00 PM,269,122,147
04/09/2020 04:00:00 PM,360,169,191
04/09/2020 05:00:00 PM,453,188,265
04/09/2020 06:00:00 PM,327,151,176
04/09/2020 07:00:00 PM,187,76,111
04/09/2020 08:00:00 PM,76,46,30
04/09/2020 09:00:00 PM,18,10,8
04/09/2020 10:00:00 PM,12,6,6
04/09/2020 11:00:00 PM,7,4,3
04/10/2020 12:00:00 AM,0,0,0
04/10/2020 01:00:00 AM,0,0,0
04/10/2020 02:00:00 AM,2,1,1
04/10/2020 03:00:00 AM,1,0,1
04/10/2020 04:00:00 AM,5,2,3
04/10/2020 05:00:00 AM,12,5,7
04/10/2020 06:00:00 AM,50,27,23
04/10/2020 07:00:00 AM,79,35,44
04/10/2020 08:00:00 AM,112,42,70
04/10/2020 09:00:00 AM,73,37,36
04/10/2020 10:00:00 AM,94,43,51
04/10/2020 11:00:00 AM,111,64,47
04/10/2020 12:00:00 PM,150,72,78
04/10/2020 01:00:00 PM,219,97,122
04/10/2020 02:00:00 PM,249,120,129
04/10/2020 03:00:00 PM,271,132,139
04/10/2020 04:00:00 PM,349,184,165
04/10/2020 05:00:00 PM,347,151,196
04/10/2020 06:00:00 PM,245,125,120
04/10/2020 07:00:00 PM,125,59,66
04/10/2020 08:00:00 PM,52,22,30
04/10/2020 09:00:00 PM,15,9,6
04/10/2020 10:00:00 PM,8,2,6
04/10/2020 11:00:00 PM,6,1,5
04/11/2020 12:00:00 AM,5,3,2
04/11/2020 01:00:00 AM,1,0,1
04/11/2020 02:00:00 AM,3,1,2
04/11/2020 03:00:00 AM,1,0,1
04/11/2020 04:00:00 AM,0,0,0
04/11/2020 05:00:00 AM,5,1,4
04/11/2020 06:00:00 AM,10,4,6
04/11/2020 07:00:00 AM,28,10,18
04/11/2020 08:00:00 AM,60,21,39
04/11/2020 09:00:00 AM,82,42,40
04/11/2020 10:00:00 AM,94,56,38
04/11/2020 11:00:00 AM,176,86,90
04/11/2020 12:00:00 PM,212,104,108
04/11/2020 01:00:00 PM,230,131,99
04/11/2020 02:00:00 PM,261,143,118
04/11/2020 03:00:00 PM,319,158,161
04/11/2020 04:00:00 PM,357,171,186
04/11/2020 05:00:00 PM,285,150,135
04/11/2020 06:00:00 PM,206,86,120
04/11/2020 07:00:00 PM,99,37,62
04/11/2020 08:00:00 PM,41,17,24
04/11/2020 09:00:00 PM,16,7,9
04/11/2020 10:00:00 PM,7,6,1
04/11/2020 11:00:00 PM,8,4,4
04/12/2020 12:00:00 AM,2,2,0
04/12/2020 01:00:00 AM,3,2,1
04/12/2020 02:00:00 AM,1,1,0
04/12/2020 03:00:00 AM,1,1,0
04/12/2020 04:00:00 AM,4,2,2
04/12/2020 05:00:00 AM,7,2,5
04/12/2020 06:00:00 AM,11,6,5
04/12/2020 07:00:00 AM,27,9,18
04/12/2020 08:00:00 AM,53,16,37
04/12/2020 09:00:00 AM,108,64,44
04/12/2020 10:00:00 AM,190,97,93
04/12/2020 11:00:00 AM,250,129,121
04/12/2020 12:00:00 PM,304,144,160
04/12/2020 01:00:00 PM,402,208,194
04/12/2020 02:00:00 PM,406,171,235
04/12/2020 03:00:00 PM,453,246,207
04/12/2020 04:00:00 PM,315,165,150
04/12/2020 05:00:00 PM,256,123,133
04/12/2020 06:00:00 PM,119,43,76
04/12/2020 07:00:00 PM,63,25,38
04/12/2020 08:00:00 PM,20,7,13
04/12/2020 09:00:00 PM,12,6,6
04/12/2020 10:00:00 PM,9,3,6
04/12/2020 11:00:00 PM,2,1,1
04/13/2020 12:00:00 AM,1,0,1
04/13/2020 01:00:00 AM,0,0,0
04/13/2020 02:00:00 AM,3,1,2
04/13/2020 03:00:00 AM,0,0,0
04/13/2020 04:00:00 AM,0,0,0
04/13/2020 05:00:00 AM,22,14,8
04/13/2020 06:00:00 AM,51,23,28
04/13/2020 07:00:00 AM,75,40,35
04/13/2020 08:00:00 AM,77,34,43
04/13/2020 09:00:00 AM,67,27,40
04/13/2020 10:00:00 AM,64,31,33
04/13/2020 11:00:00 AM,103,52,51
04/13/2020 12:00:00 PM,123,66,57
04/13/2020 01:00:00 PM,154,81,73
04/13/2020 02:00:00 PM,198,80,118
04/13/2020 03:00:00 PM,216,96,120
04/13/2020 04:00:00 PM,240,120,120
04/13/2020 05:00:00 PM,297,132,165
04/13/2020 06:00:00 PM,222,108,114
04/13/2020 07:00:00 PM,122,56,66
04/13/2020 08:00:00 PM,38,16,22
04/13/2020 09:00:00 PM,18,9,9
04/13/2020 10:00:00 PM,7,4,3
04/13/2020 11:00:00 PM,7,4,3
04/14/2020 12:00:00 AM,0,0,0
04/14/2020 01:00:00 AM,3,1,2
04/14/2020 02:00:00 AM,2,1,1
04/14/2020 03:00:00 AM,3,3,0
04/14/2020 04:00:00 AM,8,5,3
04/14/2020 05:00:00 AM,12,5,7
04/14/2020 06:00:00 AM,55,28,27
04/14/2020 07:00:00 AM,98,57,41
04/14/2020 08:00:00 AM,95,40,55
04/14/2020 09:00:00 AM,72,37,35
04/14/2020 10:00:00 AM,86,35,51
04/14/2020 11:00:00 AM,96,44,52
04/14/2020 12:00:00 PM,133,67,66
04/14/2020 01:00:00 PM,161,70,91
04/14/2020 02:00:00 PM,146,70,76
04/14/2020 03:00:00 PM,254,113,141
04/14/2020 04:00:00 PM,292,143,149
04/14/2020 05:00:00 PM,334,142,192
04/14/2020 06:00:00 PM,268,133,135
04/14/2020 07:00:00 PM,170,78,92
04/14/2020 08:00:00 PM,50,23,27
04/14/2020 09:00:00 PM,19,9,10
04/14/2020 10:00:00 PM,10,7,3
04/14/2020 11:00:00 PM,7,4,3
04/15/2020 12:00:00 AM,1,0,1
04/15/2020 01:00:00 AM,3,0,3
04/15/2020 02:00:00 AM,1,0,1
04/15/2020 03:00:00 AM,1,1,0
04/15/2020 04:00:00 AM,4,3,1
04/15/2020 05:00:00 AM,15,7,8
04/15/2020 06:00:00 AM,53,25,28
04/15/2020 07:00:00 AM,89,42,47
04/15/2020 08:00:00 AM,86,36,50
04/15/2020 09:00:00 AM,76,35,41
04/15/2020 10:00:00 AM,69,34,35
04/15/2020 11:00:00 AM,91,39,52
04/15/2020 12:00:00 PM,104,50,54
04/15/2020 01:00:00 PM,124,55,69
04/15/2020 02:00:00 PM,208,101,107
04/15/2020 03:00:00 PM,185,89,96
04/15/2020 04:00:00 PM,269,106,163
04/15/2020 05:00:00 PM,312,138,174
04/15/2020 06:00:00 PM,265,117,148
04/15/2020 07:00:00 PM,137,76,61
04/15/2020 08:00:00 PM,55,18,37
04/15/2020 09:00:00 PM,30,12,18
04/15/2020 10:00:00 PM,11,5,6
04/15/2020 11:00:00 PM,5,3,2
04/16/2020 12:00:00 AM,6,6,0
04/16/2020 01:00:00 AM,1,1,0
04/16/2020 02:00:00 AM,1,0,1
04/16/2020 03:00:00 AM,0,0,0
04/16/2020 04:00:00 AM,5,4,1
04/16/2020 05:00:00 AM,15,4,11
04/16/2020 06:00:00 AM,50,20,30
04/16/2020 07:00:00 AM,116,58,58
04/16/2020 08:00:00 AM,110,57,53
04/16/2020 09:00:00 AM,87,46,41
04/16/2020 10:00:00 AM,93,48,45
04/16/2020 11:00:00 AM,126,76,50
04/16/2020 12:00:00 PM,174,84,90
04/16/2020 01:00:00 PM,203,106,97
04/16/2020 02:00:00 PM,238,131,107
04/16/2020 03:00:00 PM,257,122,135
04/16/2020 04:00:00 PM,343,162,181
04/16/2020 05:00:00 PM,403,175,228
04/16/2020 06:00:00 PM,353,190,163
04/16/2020 07:00:00 PM,194,94,100
04/16/2020 08:00:00 PM,65,30,35
04/16/2020 09:00:00 PM,32,12,20
04/16/2020 10:00:00 PM,11,6,5
04/16/2020 11:00:00 PM,10,3,7
04/17/2020 12:00:00 AM,5,2,3
04/17/2020 01:00:00 AM,1,0,1
04/17/2020 02:00:00 AM,2,1,1
04/17/2020 03:00:00 AM,2,0,2
04/17/2020 04:00:00 AM,5,3,2
04/17/2020 05:00:00 AM,21,9,12
04/17/2020 06:00:00 AM,44,16,28
04/17/2020 07:00:00 AM,92,43,49
04/17/2020 08:00:00 AM,111,44,67
04/17/2020 09:00:00 AM,69,36,33
04/17/2020 10:00:00 AM,134,47,87
04/17/2020 11:00:00 AM,125,57,68
04/17/2020 12:00:00 PM,174,89,85
04/17/2020 01:00:00 PM,197,90,107
04/17/2020 02:00:00 PM,214,101,113
04/17/2020 03:00:00 PM,253,140,113
04/17/2020 04:00:00 PM,297,143,154
04/17/2020 05:00:00 PM,238,119,119
04/17/2020 06:00:00 PM,216,87,129
04/17/2020 07:00:00 PM,126,62,64
04/17/2020 08:00:00 PM,53,26,27
04/17/2020 09:00:00 PM,28,13,15
04/17/2020 10:00:00 PM,16,7,9
04/17/2020 11:00:00 PM,8,4,4
04/18/2020 12:00:00 AM,1,1,0
04/18/2020 01:00:00 AM,3,2,1
04/18/2020 02:00:00 AM,4,2,2
04/18/2020 03:00:00 AM,1,0,1
04/18/2020 04:00:00 AM,2,1,1
04/18/2020 05:00:00 AM,9,3,6
04/18/2020 06:00:00 AM,14,6,8
04/18/2020 07:00:00 AM,16,7,9
04/18/2020 08:00:00 AM,12,5,7
04/18/2020 09:00:00 AM,17,5,12
04/18/2020 10:00:00 AM,36,10,26
04/18/2020 11:00:00 AM,51,31,20
04/18/2020 12:00:00 PM,88,35,53
04/18/2020 01:00:00 PM,176,94,82
04/18/2020 02:00:00 PM,203,88,115
04/18/2020 03:00:00 PM,229,127,102
04/18/2020 04:00:00 PM,259,138,121
04/18/2020 05:00:00 PM,202,97,105
04/18/2020 06:00:00 PM,164,74,90
04/18/2020 07:00:00 PM,109,62,47
04/18/2020 08:00:00 PM,51,26,25
04/18/2020 09:00:00 PM,21,15,6
04/18/2020 10:00:00 PM,16,10,6
04/18/2020 11:00:00 PM,2,1,1
04/19/2020 12:00:00 AM,5,2,3
04/19/2020 01:00:00 AM,4,2,2
04/19/2020 02:00:00 AM,2,2,0
04/19/2020 03:00:00 AM,0,0,0
04/19/2020 04:00:00 AM,4,1,3
04/19/2020 05:00:00 AM,5,2,3
04/19/2020 06:00:00 AM,12,5,7
04/19/2020 07:00:00 AM,36,13,23
04/19/2020 08:00:00 AM,76,37,39
04/19/2020 09:00:00 AM,131,75,56
04/19/2020 10:00:00 AM,218,109,109
04/19/2020 11:00:00 AM,259,131,128
04/19/2020 12:00:00 PM,401,211,190
04/19/2020 01:00:00 PM,411,209,202
04/19/2020 02:00:00 PM,483,263,220
04/19/2020 03:00:00 PM,430,224,206
04/19/2020 04:00:00 PM,450,213,237
04/19/2020 05:00:00 PM,280,138,142
04/19/2020 06:00:00 PM,217,107,110
04/19/2020 07:00:00 PM,124,73,51
04/19/2020 08:00:00 PM,44,20,24
04/19/2020 09:00:00 PM,24,9,15
04/19/2020 10:00:00 PM,7,3,4
04/19/2020 11:00:00 PM,4,2,2
04/20/2020 12:00:00 AM,6,2,4
04/20/2020 01:00:00 AM,6,2,4
04/20/2020 02:00:00 AM,4,3,1
04/20/2020 03:00:00 AM,4,3,1
04/20/2020 04:00:00 AM,4,1,3
04/20/2020 05:00:00 AM,14,5,9
04/20/2020 06:00:00 AM,49,21,28
04/20/2020 07:00:00 AM,111,51,60
04/20/2020 08:00:00 AM,110,41,69
04/20/2020 09:00:00 AM,92,36,56
04/20/2020 10:00:00 AM,69,29,40
04/20/2020 11:00:00 AM,117,63,54
04/20/2020 12:00:00 PM,146,72,74
04/20/2020 01:00:00 PM,193,80,113
04/20/2020 02:00:00 PM,234,112,122
04/20/2020 03:00:00 PM,251,121,130
04/20/2020 04:00:00 PM,364,155,209
04/20/2020 05:00:00 PM,372,164,208
04/20/2020 06:00:00 PM,288,151,137
04/20/2020 07:00:00 PM,215,94,121
04/20/2020 08:00:00 PM,51,25,26
04/20/2020 09:00:00 PM,20,8,12
04/20/2020 10:00:00 PM,12,2,10
04/20/2020 11:00:00 PM,4,2,2
04/21/2020 12:00:00 AM,4,2,2
04/21/2020 01:00:00 AM,3,3,0
04/21/2020 02:00:00 AM,1,1,0
04/21/2020 03:00:00 AM,2,1,1
04/21/2020 04:00:00 AM,4,2,2
04/21/2020 05:00:00 AM,18,7,11
04/21/2020 06:00:00 AM,49,20,29
04/21/2020 07:00:00 AM,118,59,59
04/21/2020 08:00:00 AM,97,45,52
04/21/2020 09:00:00 AM,72,26,46
04/21/2020 10:00:00 AM,45,15,30
04/21/2020 11:00:00 AM,59,33,26
04/21/2020 12:00:00 PM,93,47,46
04/21/2020 01:00:00 PM,87,37,50
04/21/2020 02:00:00 PM,117,57,60
04/21/2020 03:00:00 PM,121,62,59
04/21/2020 04:00:00 PM,207,102,105
04/21/2020 05:00:00 PM,208,89,119
04/21/2020 06:00:00 PM,148,65,83
04/21/2020 07:00:00 PM,80,30,50
04/21/2020 08:00:00 PM,34,13,21
04/21/2020 09:00:00 PM,15,7,8
04/21/2020 10:00:00 PM,11,4,7
04/21/2020 11:00:00 PM,6,4,2
04/22/2020 12:00:00 AM,3,0,3
04/22/2020 01:00:00 AM,1,0,1
04/22/2020 02:00:00 AM,1,0,1
04/22/2020 03:00:00 AM,0,0,0
04/22/2020 04:00:00 AM,3,2,1
04/22/2020 05:00:00 AM,15,6,9
04/22/2020 06:00:00 AM,22,10,12
04/22/2020 07:00:00 AM,42,22,20
04/22/2020 08:00:00 AM,67,25,42
04/22/2020 09:00:00 AM,37,13,24
04/22/2020 10:00:00 AM,15,7,8
04/22/2020 11:00:00 AM,18,9,9
04/22/2020 12:00:00 PM,26,17,9
04/22/2020 01:00:00 PM,16,8,8
04/22/2020 02:00:00 PM,15,3,12
04/22/2020 03:00:00 PM,28,8,20
04/22/2020 04:00:00 PM,41,16,25
04/22/2020 05:00:00 PM,62,25,37
04/22/2020 06:00:00 PM,55,19,36
04/22/2020 07:00:00 PM,33,11,22
04/22/2020 08:00:00 PM,15,5,10
04/22/2020 09:00:00 PM,11,3,8
04/22/2020 10:00:00 PM,4,0,4
04/22/2020 11:00:00 PM,6,4,2
04/23/2020 12:00:00 AM,0,0,0
04/23/2020 01:00:00 AM,0,0,0
04/23/2020 02:00:00 AM,0,0,0
04/23/2020 03:00:00 AM,0,0,0
04/23/2020 04:00:00 AM,2,0,2
04/23/2020 05:00:00 AM,12,3,9
04/23/2020 06:00:00 AM,22,12,10
04/23/2020 07:00:00 AM,78,37,41
04/23/2020 08:00:00 AM,65,30,35
04/23/2020 09:00:00 AM,52,21,31
04/23/2020 10:00:00 AM,47,26,21
04/23/2020 11:00:00 AM,46,26,20
04/23/2020 12:00:00 PM,79,36,43
04/23/2020 01:00:00 PM,77,38,39
04/23/2020 02:00:00 PM,94,44,50
04/23/2020 03:00:00 PM,158,73,85
04/23/2020 04:00:00 PM,138,55,83
04/23/2020 05:00:00 PM,101,40,61
04/23/2020 06:00:00 PM,64,24,40
04/23/2020 07:00:00 PM,45,23,22
04/23/2020 08:00:00 PM,25,12,13
04/23/2020 09:00:00 PM,24,15,9
04/23/2020 10:00:00 PM,8,4,4
04/23/2020 11:00:00 PM,9,5,4
04/24/2020 12:00:00 AM,0,0,0
04/24/2020 01:00:00 AM,0,0,0
04/24/2020 02:00:00 AM,3,1,2
04/24/2020 03:00:00 AM,2,1,1
04/24/2020 04:00:00 AM,2,1,1
04/24/2020 05:00:00 AM,16,4,12
04/24/2020 06:00:00 AM,52,19,33
04/24/2020 07:00:00 AM,112,58,54
04/24/2020 08:00:00 AM,102,47,55
04/24/2020 09:00:00 AM,89,31,58
04/24/2020 10:00:00 AM,82,46,36
04/24/2020 11:00:00 AM,98,48,50
04/24/2020 12:00:00 PM,128,57,71
04/24/2020 01:00:00 PM,166,69,97
04/24/2020 02:00:00 PM,198,78,120
04/24/2020 03:00:00 PM,269,123,146
04/24/2020 04:00:00 PM,246,117,129
04/24/2020 05:00:00 PM,294,124,170
04/24/2020 06:00:00 PM,243,112,131
04/24/2020 07:00:00 PM,144,70,74
04/24/2020 08:00:00 PM,81,37,44
04/24/2020 09:00:00 PM,22,14,8
04/24/2020 10:00:00 PM,9,5,4
04/24/2020 11:00:00 PM,9,3,6
04/25/2020 12:00:00 AM,2,2,0
04/25/2020 01:00:00 AM,0,0,0
04/25/2020 02:00:00 AM,1,1,0
04/25/2020 03:00:00 AM,3,2,1
04/25/2020 04:00:00 AM,1,0,1
04/25/2020 05:00:00 AM,7,2,5
04/25/2020 06:00:00 AM,7,3,4
04/25/2020 07:00:00 AM,9,5,4
04/25/2020 08:00:00 AM,19,9,10
04/25/2020 09:00:00 AM,19,7,12
04/25/2020 10:00:00 AM,17,9,8
04/25/2020 11:00:00 AM,30,21,9
04/25/2020 12:00:00 PM,82,40,42
04/25/2020 01:00:00 PM,174,86,88
04/25/2020 02:00:00 PM,332,167,165
04/25/2020 03:00:00 PM,362,184,178
04/25/2020 04:00:00 PM,351,142,209
04/25/2020 05:00:00 PM,266,145,121
04/25/2020 06:00:00 PM,229,131,98
04/25/2020 07:00:00 PM,115,59,56
04/25/2020 08:00:00 PM,44,18,26
04/25/2020 09:00:00 PM,23,9,14
04/25/2020 10:00:00 PM,23,3,20
04/25/2020 11:00:00 PM,6,2,4
04/26/2020 12:00:00 AM,2,2,0
04/26/2020 01:00:00 AM,6,1,5
04/26/2020 02:00:00 AM,2,2,0
04/26/2020 03:00:00 AM,0,0,0
04/26/2020 04:00:00 AM,3,1,2
04/26/2020 05:00:00 AM,7,2,5
04/26/2020 06:00:00 AM,14,9,5
04/26/2020 07:00:00 AM,48,18,30
04/26/2020 08:00:00 AM,86,27,59
04/26/2020 09:00:00 AM,139,66,73
04/26/2020 10:00:00 AM,238,137,101
04/26/2020 11:00:00 AM,277,138,139
04/26/2020 12:00:00 PM,363,202,161
04/26/2020 01:00:00 PM,374,201,173
04/26/2020 02:00:00 PM,371,177,194
04/26/2020 03:00:00 PM,371,184,187
04/26/2020 04:00:00 PM,329,163,166
04/26/2020 05:00:00 PM,223,111,112
04/26/2020 06:00:00 PM,149,50,99
04/26/2020 07:00:00 PM,95,53,42
04/26/2020 08:00:00 PM,45,29,16
04/26/2020 09:00:00 PM,15,9,6
04/26/2020 10:00:00 PM,4,0,4
04/26/2020 11:00:00 PM,5,3,2
04/27/2020 12:00:00 AM,2,2,0
04/27/2020 01:00:00 AM,0,0,0
04/27/2020 02:00:00 AM,2,1,1
04/27/2020 03:00:00 AM,0,0,0
04/27/2020 04:00:00 AM,0,0,0
04/27/2020 05:00:00 AM,12,7,5
04/27/2020 06:00:00 AM,32,19,13
04/27/2020 07:00:00 AM,71,29,42
04/27/2020 08:00:00 AM,104,43,61
04/27/2020 09:00:00 AM,58,29,29
04/27/2020 10:00:00 AM,55,21,34
04/27/2020 11:00:00 AM,94,49,45
04/27/2020 12:00:00 PM,122,57,65
04/27/2020 01:00:00 PM,128,57,71
04/27/2020 02:00:00 PM,149,65,84
04/27/2020 03:00:00 PM,168,75,93
04/27/2020 04:00:00 PM,208,85,123
04/27/2020 05:00:00 PM,276,105,171
04/27/2020 06:00:00 PM,228,97,131
04/27/2020 07:00:00 PM,142,58,84
04/27/2020 08:00:00 PM,47,24,23
04/27/2020 09:00:00 PM,24,13,11
04/27/2020 10:00:00 PM,10,4,6
04/27/2020 11:00:00 PM,6,3,3
04/28/2020 12:00:00 AM,4,1,3
04/28/2020 01:00:00 AM,0,0,0
04/28/2020 02:00:00 AM,1,1,0
04/28/2020 03:00:00 AM,0,0,0
04/28/2020 04:00:00 AM,2,1,1
04/28/2020 05:00:00 AM,17,8,9
04/28/2020 06:00:00 AM,49,21,28
04/28/2020 07:00:00 AM,115,60,55
04/28/2020 08:00:00 AM,91,35,56
04/28/2020 09:00:00 AM,79,38,41
04/28/2020 10:00:00 AM,77,45,32
04/28/2020 11:00:00 AM,102,61,41
04/28/2020 12:00:00 PM,97,48,49
04/28/2020 01:00:00 PM,125,58,67
04/28/2020 02:00:00 PM,125,60,65
04/28/2020 03:00:00 PM,193,99,94
04/28/2020 04:00:00 PM,213,94,119
04/28/2020 05:00:00 PM,252,112,140
04/28/2020 06:00:00 PM,144,65,79
04/28/2020 07:00:00 PM,90,30,60
04/28/2020 08:00:00 PM,48,21,27
04/28/2020 09:00:00 PM,16,6,10
04/28/2020 10:00:00 PM,7,2,5
04/28/2020 11:00:00 PM,6,2,4
04/29/2020 12:00:00 AM,7,4,3
04/29/2020 01:00:00 AM,4,2,2
04/29/2020 02:00:00 AM,2,2,0
04/29/2020 03:00:00 AM,1,0,1
04/29/2020 04:00:00 AM,1,1,0
04/29/2020 05:00:00 AM,18,7,11
04/29/2020 06:00:00 AM,54,20,34
04/29/2020 07:00:00 AM,85,42,43
04/29/2020 08:00:00 AM,103,47,56
04/29/2020 09:00:00 AM,64,25,39
04/29/2020 10:00:00 AM,69,36,33
04/29/2020 11:00:00 AM,92,43,49
04/29/2020 12:00:00 PM,124,56,68
04/29/2020 01:00:00 PM,146,79,67
04/29/2020 02:00:00 PM,171,87,84
04/29/2020 03:00:00 PM,175,79,96
04/29/2020 04:00:00 PM,256,109,147
04/29/2020 05:00:00 PM,253,126,127
04/29/2020 06:00:00 PM,233,120,113
04/29/2020 07:00:00 PM,136,65,71
04/29/2020 08:00:00 PM,40,19,21
04/29/2020 09:00:00 PM,8,5,3
04/29/2020 10:00:00 PM,5,1,4
04/29/2020 11:00:00 PM,7,4,3
04/30/2020 12:00:00 AM,2,1,1
04/30/2020 01:00:00 AM,0,0,0
04/30/2020 02:00:00 AM,1,0,1
04/30/2020 03:00:00 AM,0,0,0
04/30/2020 04:00:00 AM,2,1,1
04/30/2020 05:00:00 AM,20,11,9
04/30/2020 06:00:00 AM,48,26,22
04/30/2020 07:00:00 AM,110,58,52
04/30/2020 08:00:00 AM,104,53,51
04/30/2020 09:00:00 AM,68,29,39
04/30/2020 10:00:00 AM,61,26,35
04/30/2020 11:00:00 AM,73,28,45
04/30/2020 12:00:00 PM,92,49,43
04/30/2020 01:00:00 PM,97,38,59
04/30/2020 02:00:00 PM,139,72,67
04/30/2020 03:00:00 PM,158,73,85
04/30/2020 04:00:00 PM,221,106,115
04/30/2020 05:00:00 PM,281,108,173
04/30/2020 06:00:00 PM,256,121,135
04/30/2020 07:00:00 PM,156,68,88
04/30/2020 08:00:00 PM,51,30,21
04/30/2020 09:00:00 PM,25,17,8
04/30/2020 10:00:00 PM,15,4,11
04/30/2020 11:00:00 PM,13,6,7
05/01/2020 12:00:00 AM,4,3,1
05/01/2020 01:00:00 AM,2,1,1
05/01/2020 02:00:00 AM,0,0,0
05/01/2020 03:00:00 AM,1,0,1
05/01/2020 04:00:00 AM,0,0,0
05/01/2020 05:00:00 AM,17,8,9
05/01/2020 06:00:00 AM,57,27,30
05/01/2020 07:00:00 AM,109,39,70
05/01/2020 08:00:00 AM,120,49,71
05/01/2020 09:00:00 AM,95,52,43
05/01/2020 10:00:00 AM,138,60,78
05/01/2020 11:00:00 AM,185,98,87
05/01/2020 12:00:00 PM,211,107,104
05/01/2020 01:00:00 PM,248,107,141
05/01/2020 02:00:00 PM,307,143,164
05/01/2020 03:00:00 PM,295,142,153
05/01/2020 04:00:00 PM,334,160,174
05/01/2020 05:00:00 PM,382,161,221
05/01/2020 06:00:00 PM,274,131,143
05/01/2020 07:00:00 PM,190,92,98
05/01/2020 08:00:00 PM,100,46,54
05/01/2020 09:00:00 PM,44,25,19
05/01/2020 10:00:00 PM,29,8,21
05/01/2020 11:00:00 PM,10,6,4
05/02/2020 12:00:00 AM,3,2,1
05/02/2020 01:00:00 AM,1,1,0
05/02/2020 02:00:00 AM,4,2,2
05/02/2020 03:00:00 AM,2,0,2
05/02/2020 04:00:00 AM,0,0,0
05/02/2020 05:00:00 AM,8,6,2
05/02/2020 06:00:00 AM,11,5,6
05/02/2020 07:00:00 AM,27,10,17
05/02/2020 08:00:00 AM,52,22,30
05/02/2020 09:00:00 AM,74,40,34
05/02/2020 10:00:00 AM,78,38,40
05/02/2020 11:00:00 AM,66,37,29
05/02/2020 12:00:00 PM,52,16,36
05/02/2020 01:00:00 PM,45,28,17
05/02/2020 02:00:00 PM,39,24,15
05/02/2020 03:00:00 PM,27,16,11
05/02/2020 04:00:00 PM,37,18,19
05/02/2020 05:00:00 PM,75,27,48
05/02/2020 06:00:00 PM,111,51,60
05/02/2020 07:00:00 PM,89,48,41
05/02/2020 08:00:00 PM,37,24,13
05/02/2020 09:00:00 PM,25,15,10
05/02/2020 10:00:00 PM,12,6,6
05/02/2020 11:00:00 PM,8,1,7
05/03/2020 12:00:00 AM,0,0,0
05/03/2020 01:00:00 AM,2,2,0
05/03/2020 02:00:00 AM,1,0,1
05/03/2020 03:00:00 AM,0,0,0
05/03/2020 04:00:00 AM,1,1,0
05/03/2020 05:00:00 AM,8,1,7
05/03/2020 06:00:00 AM,12,8,4
05/03/2020 07:00:00 AM,36,13,23
05/03/2020 08:00:00 AM,61,31,30
05/03/2020 09:00:00 AM,89,44,45
05/03/2020 10:00:00 AM,163,85,78
05/03/2020 11:00:00 AM,269,118,151
05/03/2020 12:00:00 PM,357,177,180
05/03/2020 01:00:00 PM,386,220,166
05/03/2020 02:00:00 PM,390,187,203
05/03/2020 03:00:00 PM,369,166,203
05/03/2020 04:00:00 PM,299,154,145
05/03/2020 05:00:00 PM,275,140,135
05/03/2020 06:00:00 PM,160,65,95
05/03/2020 07:00:00 PM,60,31,29
05/03/2020 08:00:00 PM,36,13,23
05/03/2020 09:00:00 PM,17,5,12
05/03/2020 10:00:00 PM,13,6,7
05/03/2020 11:00:00 PM,6,2,4
05/04/2020 12:00:00 AM,2,0,2
05/04/2020 01:00:00 AM,2,0,2
05/04/2020 02:00:00 AM,1,1,0
05/04/2020 03:00:00 AM,1,0,1
05/04/2020 04:00:00 AM,2,1,1
05/04/2020 05:00:00 AM,19,9,10
05/04/2020 06:00:00 AM,45,20,25
05/04/2020 07:00:00 AM,103,56,47
05/04/2020 08:00:00 AM,109,46,63
05/04/2020 09:00:00 AM,94,35,59
05/04/2020 10:00:00 AM,68,41,27
05/04/2020 11:00:00 AM,95,37,58
05/04/2020 12:00:00 PM,120,55,65
05/04/2020 01:00:00 PM,116,54,62
05/04/2020 02:00:00 PM,142,68,74
05/04/2020 03:00:00 PM,179,72,107
05/04/2020 04:00:00 PM,214,84,130
05/04/2020 05:00:00 PM,269,107,162
05/04/2020 06:00:00 PM,196,95,101
05/04/2020 07:00:00 PM,126,45,81
05/04/2020 08:00:00 PM,42,14,28
05/04/2020 09:00:00 PM,15,8,7
05/04/2020 10:00:00 PM,6,5,1
05/04/2020 11:00:00 PM,5,2,3
05/05/2020 12:00:00 AM,2,0,2
05/05/2020 01:00:00 AM,1,0,1
05/05/2020 02:00:00 AM,2,1,1
05/05/2020 03:00:00 AM,0,0,0
05/05/2020 04:00:00 AM,2,1,1
05/05/2020 05:00:00 AM,25,10,15
05/05/2020 06:00:00 AM,58,25,33
05/05/2020 07:00:00 AM,118,57,61
05/05/2020 08:00:00 AM,130,52,78
05/05/2020 09:00:00 AM,85,35,50
05/05/2020 10:00:00 AM,69,24,45
05/05/2020 11:00:00 AM,121,66,55
05/05/2020 12:00:00 PM,119,56,63
05/05/2020 01:00:00 PM,158,65,93
05/05/2020 02:00:00 PM,171,82,89
05/05/2020 03:00:00 PM,236,119,117
05/05/2020 04:00:00 PM,355,166,189
05/05/2020 05:00:00 PM,376,192,184
05/05/2020 06:00:00 PM,290,131,159
05/05/2020 07:00:00 PM,189,86,103
05/05/2020 08:00:00 PM,110,61,49
05/05/2020 09:00:00 PM,35,11,24
05/05/2020 10:00:00 PM,18,6,12
05/05/2020 11:00:00 PM,4,0,4
05/06/2020 12:00:00 AM,5,3,2
05/06/2020 01:00:00 AM,1,0,1
05/06/2020 02:00:00 AM,3,0,3
05/06/2020 03:00:00 AM,1,0,1
05/06/2020 04:00:00 AM,0,0,0
05/06/2020 05:00:00 AM,20,6,14
05/06/2020 06:00:00 AM,30,13,17
05/06/2020 07:00:00 AM,85,43,42
05/06/2020 08:00:00 AM,62,26,36
05/06/2020 09:00:00 AM,43,13,30
05/06/2020 10:00:00 AM,38,18,20
05/06/2020 11:00:00 AM,66,26,40
05/06/2020 12:00:00 PM,61,30,31
05/06/2020 01:00:00 PM,69,38,31
05/06/2020 02:00:00 PM,82,37,45
05/06/2020 03:00:00 PM,108,52,56
05/06/2020 04:00:00 PM,158,68,90
05/06/2020 05:00:00 PM,220,88,132
05/06/2020 06:00:00 PM,184,96,88
05/06/2020 07:00:00 PM,109,50,59
05/06/2020 08:00:00 PM,59,22,37
05/06/2020 09:00:00 PM,32,15,17
05/06/2020 10:00:00 PM,8,3,5
05/06/2020 11:00:00 PM,10,5,5
05/07/2020 12:00:00 AM,1,1,0
05/07/2020 01:00:00 AM,2,2,0
05/07/2020 02:00:00 AM,0,0,0
05/07/2020 03:00:00 AM,0,0,0
05/07/2020 04:00:00 AM,6,3,3
05/07/2020 05:00:00 AM,26,11,15
05/07/2020 06:00:00 AM,65,31,34
05/07/2020 07:00:00 AM,132,67,65
05/07/2020 08:00:00 AM,131,57,74
05/07/2020 09:00:00 AM,90,39,51
05/07/2020 10:00:00 AM,90,40,50
05/07/2020 11:00:00 AM,110,56,54
05/07/2020 12:00:00 PM,164,77,87
05/07/2020 01:00:00 PM,153,71,82
05/07/2020 02:00:00 PM,204,110,94
05/07/2020 03:00:00 PM,251,115,136
05/07/2020 04:00:00 PM,326,143,183
05/07/2020 05:00:00 PM,397,174,223
05/07/2020 06:00:00 PM,297,140,157
05/07/2020 07:00:00 PM,207,105,102
05/07/2020 08:00:00 PM,129,62,67
05/07/2020 09:00:00 PM,26,11,15
05/07/2020 10:00:00 PM,22,9,13
05/07/2020 11:00:00 PM,8,1,7
05/08/2020 12:00:00 AM,5,5,0
05/08/2020 01:00:00 AM,0,0,0
05/08/2020 02:00:00 AM,2,0,2
05/08/2020 03:00:00 AM,0,0,0
05/08/2020 04:00:00 AM,2,0,2
05/08/2020 05:00:00 AM,25,14,11
05/08/2020 06:00:00 AM,73,34,39
05/08/2020 07:00:00 AM,138,71,67
05/08/2020 08:00:00 AM,137,60,77
05/08/2020 09:00:00 AM,120,58,62
05/08/2020 10:00:00 AM,112,48,64
05/08/2020 11:00:00 AM,149,70,79
05/08/2020 12:00:00 PM,201,96,105
05/08/2020 01:00:00 PM,208,91,117
05/08/2020 02:00:00 PM,266,113,153
05/08/2020 03:00:00 PM,318,147,171
05/08/2020 04:00:00 PM,358,156,202
05/08/2020 05:00:00 PM,360,170,190
05/08/2020 06:00:00 PM,293,118,175
05/08/2020 07:00:00 PM,206,92,114
05/08/2020 08:00:00 PM,146,59,87
05/08/2020 09:00:00 PM,66,35,31
05/08/2020 10:00:00 PM,29,7,22
05/08/2020 11:00:00 PM,14,9,5
05/09/2020 12:00:00 AM,2,2,0
05/09/2020 01:00:00 AM,0,0,0
05/09/2020 02:00:00 AM,3,2,1
05/09/2020 03:00:00 AM,3,2,1
05/09/2020 04:00:00 AM,1,0,1
05/09/2020 05:00:00 AM,14,4,10
05/09/2020 06:00:00 AM,28,14,14
05/09/2020 07:00:00 AM,83,41,42
05/09/2020 08:00:00 AM,140,73,67
05/09/2020 09:00:00 AM,230,117,113
05/09/2020 10:00:00 AM,255,149,106
05/09/2020 11:00:00 AM,374,214,160
05/09/2020 12:00:00 PM,349,176,173
05/09/2020 01:00:00 PM,341,172,169
05/09/2020 02:00:00 PM,317,172,145
05/09/2020 03:00:00 PM,368,212,156
05/09/2020 04:00:00 PM,327,163,164
05/09/2020 05:00:00 PM,233,109,124
05/09/2020 06:00:00 PM,215,110,105
05/09/2020 07:00:00 PM,151,78,73
05/09/2020 08:00:00 PM,89,41,48
05/09/2020 09:00:00 PM,42,24,18
05/09/2020 10:00:00 PM,20,5,15
05/09/2020 11:00:00 PM,11,2,9
05/10/2020 12:00:00 AM,3,3,0
05/10/2020 01:00:00 AM,3,2,1
05/10/2020 02:00:00 AM,4,0,4
05/10/2020 03:00:00 AM,2,1,1
05/10/2020 04:00:00 AM,2,1,1
05/10/2020 05:00:00 AM,9,2,7
05/10/2020 06:00:00 AM,27,12,15
05/10/2020 07:00:00 AM,58,26,32
05/10/2020 08:00:00 AM,100,55,45
05/10/2020 09:00:00 AM,202,103,99
05/10/2020 10:00:00 AM,227,114,113
05/10/2020 11:00:00 AM,256,116,140
05/10/2020 12:00:00 PM,303,152,151
05/10/2020 01:00:00 PM,259,115,144
05/10/2020 02:00:00 PM,326,172,154
05/10/2020 03:00:00 PM,302,140,162
05/10/2020 04:00:00 PM,247,118,129
05/10/2020 05:00:00 PM,255,108,147
05/10/2020 06:00:00 PM,178,73,105
05/10/2020 07:00:00 PM,139,63,76
05/10/2020 08:00:00 PM,83,33,50
05/10/2020 09:00:00 PM,43,18,25
05/10/2020 10:00:00 PM,14,4,10
05/10/2020 11:00:00 PM,7,3,4
05/11/2020 12:00:00 AM,3,2,1
05/11/2020 01:00:00 AM,0,0,0
05/11/2020 02:00:00 AM,2,0,2
05/11/2020 03:00:00 AM,2,1,1
05/11/2020 04:00:00 AM,3,3,0
05/11/2020 05:00:00 AM,23,11,12
05/11/2020 06:00:00 AM,68,32,36
05/11/2020 07:00:00 AM,120,66,54
05/11/2020 08:00:00 AM,128,55,73
05/11/2020 09:00:00 AM,91,39,52
05/11/2020 10:00:00 AM,73,30,43
05/11/2020 11:00:00 AM,117,56,61
05/11/2020 12:00:00 PM,136,76,60
05/11/2020 01:00:00 PM,155,82,73
05/11/2020 02:00:00 PM,166,69,97
05/11/2020 03:00:00 PM,208,98,110
05/11/2020 04:00:00 PM,185,89,96
05/11/2020 05:00:00 PM,180,70,110
05/11/2020 06:00:00 PM,78,29,49
05/11/2020 07:00:00 PM,46,14,32
05/11/2020 08:00:00 PM,19,10,9
05/11/2020 09:00:00 PM,8,2,6
05/11/2020 10:00:00 PM,7,3,4
05/11/2020 11:00:00 PM,5,5,0
05/12/2020 12:00:00 AM,4,1,3
05/12/2020 01:00:00 AM,1,1,0
05/12/2020 02:00:00 AM,1,0,1
05/12/2020 03:00:00 AM,2,1,1
05/12/2020 04:00:00 AM,2,1,1
05/12/2020 05:00:00 AM,15,5,10
05/12/2020 06:00:00 AM,59,30,29
05/12/2020 07:00:00 AM,99,43,56
05/12/2020 08:00:00 AM,97,38,59
05/12/2020 09:00:00 AM,70,35,35
05/12/2020 10:00:00 AM,62,25,37
05/12/2020 11:00:00 AM,49,16,33
05/12/2020 12:00:00 PM,61,31,30
05/12/2020 01:00:00 PM,52,23,29
05/12/2020 02:00:00 PM,101,60,41
05/12/2020 03:00:00 PM,137,55,82
05/12/2020 04:00:00 PM,232,101,131
05/12/2020 05:00:00 PM,174,85,89
05/12/2020 06:00:00 PM,145,65,80
05/12/2020 07:00:00 PM,113,43,70
05/12/2020 08:00:00 PM,34,18,16
05/12/2020 09:00:00 PM,12,7,5
05/12/2020 10:00:00 PM,13,5,8
05/12/2020 11:00:00 PM,9,2,7
05/13/2020 12:00:00 AM,2,1,1
05/13/2020 01:00:00 AM,4,2,2
05/13/2020 02:00:00 AM,1,0,1
05/13/2020 03:00:00 AM,0,0,0
05/13/2020 04:00:00 AM,5,3,2
05/13/2020 05:00:00 AM,23,9,14
05/13/2020 06:00:00 AM,47,19,28
05/13/2020 07:00:00 AM,82,38,44
05/13/2020 08:00:00 AM,99,44,55
05/13/2020 09:00:00 AM,79,30,49
05/13/2020 10:00:00 AM,71,30,41
05/13/2020 11:00:00 AM,65,29,36
05/13/2020 12:00:00 PM,106,52,54
05/13/2020 01:00:00 PM,111,49,62
05/13/2020 02:00:00 PM,132,59,73
05/13/2020 03:00:00 PM,216,95,121
05/13/2020 04:00:00 PM,290,130,160
05/13/2020 05:00:00 PM,376,157,219
05/13/2020 06:00:00 PM,345,162,183
05/13/2020 07:00:00 PM,192,80,112
05/13/2020 08:00:00 PM,103,50,53
05/13/2020 09:00:00 PM,34,17,17
05/13/2020 10:00:00 PM,7,2,5
05/13/2020 11:00:00 PM,10,7,3
05/14/2020 12:00:00 AM,7,1,6
05/14/2020 01:00:00 AM,3,3,0
05/14/2020 02:00:00 AM,4,2,2
05/14/2020 03:00:00 AM,2,2,0
05/14/2020 04:00:00 AM,4,0,4
05/14/2020 05:00:00 AM,17,7,10
05/14/2020 06:00:00 AM,36,16,20
05/14/2020 07:00:00 AM,79,44,35
05/14/2020 08:00:00 AM,76,32,44
05/14/2020 09:00:00 AM,33,8,25
05/14/2020 10:00:00 AM,43,16,27
05/14/2020 11:00:00 AM,40,19,21
05/14/2020 12:00:00 PM,77,32,45
05/14/2020 01:00:00 PM,106,42,64
05/14/2020 02:00:00 PM,132,62,70
05/14/2020 03:00:00 PM,156,75,81
05/14/2020 04:00:00 PM,237,112,125
05/14/2020 05:00:00 PM,317,146,171
05/14/2020 06:00:00 PM,234,85,149
05/14/2020 07:00:00 PM,217,101,116
05/14/2020 08:00:00 PM,86,39,47
05/14/2020 09:00:00 PM,45,17,28
05/14/2020 10:00:00 PM,15,4,11
05/14/2020 11:00:00 PM,10,4,6
05/15/2020 12:00:00 AM,3,1,2
05/15/2020 01:00:00 AM,2,1,1
05/15/2020 02:00:00 AM,4,2,2
05/15/2020 03:00:00 AM,0,0,0
05/15/2020 04:00:00 AM,6,0,6
05/15/2020 05:00:00 AM,27,9,18
05/15/2020 06:00:00 AM,68,31,37
05/15/2020 07:00:00 AM,123,62,61
05/15/2020 08:00:00 AM,118,43,75
05/15/2020 09:00:00 AM,107,42,65
05/15/2020 10:00:00 AM,108,52,56
05/15/2020 11:00:00 AM,126,47,79
05/15/2020 12:00:00 PM,167,86,81
05/15/2020 01:00:00 PM,217,111,106
05/15/2020 02:00:00 PM,269,145,124
05/15/2020 03:00:00 PM,286,152,134
05/15/2020 04:00:00 PM,425,199,226
05/15/2020 05:00:00 PM,378,158,220
05/15/2020 06:00:00 PM,356,161,195
05/15/2020 07:00:00 PM,193,103,90
05/15/2020 08:00:00 PM,120,53,67
05/15/2020 09:00:00 PM,75,38,37
05/15/2020 10:00:00 PM,19,5,14
05/15/2020 11:00:00 PM,14,6,8
05/16/2020 12:00:00 AM,6,3,3
05/16/2020 01:00:00 AM,4,2,2
05/16/2020 02:00:00 AM,6,4,2
05/16/2020 03:00:00 AM,0,0,0
05/16/2020 04:00:00 AM,2,2,0
05/16/2020 05:00:00 AM,8,5,3
05/16/2020 06:00:00 AM,19,7,12
05/16/2020 07:00:00 AM,30,11,19
05/16/2020 08:00:00 AM,49,24,25
05/16/2020 09:00:00 AM,44,28,16
05/16/2020 10:00:00 AM,77,38,39
05/16/2020 11:00:00 AM,57,29,28
05/16/2020 12:00:00 PM,112,62,50
05/16/2020 01:00:00 PM,88,51,37
05/16/2020 02:00:00 PM,54,25,29
05/16/2020 03:00:00 PM,65,31,34
05/16/2020 04:00:00 PM,75,36,39
05/16/2020 05:00:00 PM,83,41,42
05/16/2020 06:00:00 PM,84,34,50
05/16/2020 07:00:00 PM,48,23,25
05/16/2020 08:00:00 PM,41,14,27
05/16/2020 09:00:00 PM,12,6,6
05/16/2020 10:00:00 PM,3,2,1
05/16/2020 11:00:00 PM,5,1,4
05/17/2020 12:00:00 AM,2,0,2
05/17/2020 01:00:00 AM,1,0,1
05/17/2020 02:00:00 AM,0,0,0
05/17/2020 03:00:00 AM,1,0,1
05/17/2020 04:00:00 AM,2,1,1
05/17/2020 05:00:00 AM,7,1,6
05/17/2020 06:00:00 AM,15,6,9
05/17/2020 07:00:00 AM,38,17,21
05/17/2020 08:00:00 AM,54,34,20
05/17/2020 09:00:00 AM,104,39,65
05/17/2020 10:00:00 AM,176,87,89
05/17/2020 11:00:00 AM,243,132,111
05/17/2020 12:00:00 PM,328,145,183
05/17/2020 01:00:00 PM,379,200,179
05/17/2020 02:00:00 PM,436,241,195
05/17/2020 03:00:00 PM,397,215,182
05/17/2020 04:00:00 PM,373,175,198
05/17/2020 05:00:00 PM,344,187,157
05/17/2020 06:00:00 PM,213,108,105
05/17/2020 07:00:00 PM,139,70,69
05/17/2020 08:00:00 PM,62,25,37
05/17/2020 09:00:00 PM,21,5,16
05/17/2020 10:00:00 PM,13,3,10
05/17/2020 11:00:00 PM,6,4,2
05/18/2020 12:00:00 AM,2,0,2
05/18/2020 01:00:00 AM,2,2,0
05/18/2020 02:00:00 AM,2,2,0
05/18/2020 03:00:00 AM,1,1,0
05/18/2020 04:00:00 AM,4,3,1
05/18/2020 05:00:00 AM,19,10,9
05/18/2020 06:00:00 AM,67,37,30
05/18/2020 07:00:00 AM,111,53,58
05/18/2020 08:00:00 AM,114,43,71
05/18/2020 09:00:00 AM,99,40,59
05/18/2020 10:00:00 AM,64,27,37
05/18/2020 11:00:00 AM,102,49,53
05/18/2020 12:00:00 PM,113,63,50
05/18/2020 01:00:00 PM,114,49,65
05/18/2020 02:00:00 PM,143,76,67
05/18/2020 03:00:00 PM,216,114,102
05/18/2020 04:00:00 PM,252,110,142
05/18/2020 05:00:00 PM,315,145,170
05/18/2020 06:00:00 PM,297,135,162
05/18/2020 07:00:00 PM,214,89,125
05/18/2020 08:00:00 PM,114,44,70
05/18/2020 09:00:00 PM,35,16,19
05/18/2020 10:00:00 PM,19,9,10
05/18/2020 11:00:00 PM,11,6,5
05/19/2020 12:00:00 AM,2,1,1
05/19/2020 01:00:00 AM,1,0,1
05/19/2020 02:00:00 AM,4,2,2
05/19/2020 03:00:00 AM,0,0,0
05/19/2020 04:00:00 AM,4,4,0
05/19/2020 05:00:00 AM,25,13,12
05/19/2020 06:00:00 AM,65,28,37
05/19/2020 07:00:00 AM,119,62,57
05/19/2020 08:00:00 AM,149,68,81
05/19/2020 09:00:00 AM,97,39,58
05/19/2020 10:00:00 AM,79,32,47
05/19/2020 11:00:00 AM,96,39,57
05/19/2020 12:00:00 PM,141,70,71
05/19/2020 01:00:00 PM,134,56,78
05/19/2020 02:00:00 PM,149,68,81
05/19/2020 03:00:00 PM,184,90,94
05/19/2020 04:00:00 PM,273,118,155
05/19/2020 05:00:00 PM,365,149,216
05/19/2020 06:00:00 PM,283,126,157
05/19/2020 07:00:00 PM,214,103,111
05/19/2020 08:00:00 PM,105,56,49
05/19/2020 09:00:00 PM,29,16,13
05/19/2020 10:00:00 PM,16,3,13
05/19/2020 11:00:00 PM,11,6,5
05/20/2020 12:00:00 AM,2,1,1
05/20/2020 01:00:00 AM,3,2,1
05/20/2020 02:00:00 AM,0,0,0
05/20/2020 03:00:00 AM,1,1,0
05/20/2020 04:00:00 AM,6,2,4
05/20/2020 05:00:00 AM,22,14,8
05/20/2020 06:00:00 AM,73,35,38
05/20/2020 07:00:00 AM,130,68,62
05/20/2020 08:00:00 AM,136,51,85
05/20/2020 09:00:00 AM,79,39,40
05/20/2020 10:00:00 AM,65,22,43
05/20/2020 11:00:00 AM,97,41,56
05/20/2020 12:00:00 PM,90,44,46
05/20/2020 01:00:00 PM,92,34,58
05/20/2020 02:00:00 PM,80,29,51
05/20/2020 03:00:00 PM,116,48,68
05/20/2020 04:00:00 PM,150,61,89
05/20/2020 05:00:00 PM,157,66,91
05/20/2020 06:00:00 PM,114,47,67
05/20/2020 07:00:00 PM,49,17,32
05/20/2020 08:00:00 PM,24,9,15
05/20/2020 09:00:00 PM,20,14,6
05/20/2020 10:00:00 PM,13,10,3
05/20/2020 11:00:00 PM,4,1,3
05/21/2020 12:00:00 AM,5,1,4
05/21/2020 01:00:00 AM,1,0,1
05/21/2020 02:00:00 AM,3,3,0
05/21/2020 03:00:00 AM,0,0,0
05/21/2020 04:00:00 AM,2,2,0
05/21/2020 05:00:00 AM,11,5,6
05/21/2020 06:00:00 AM,31,12,19
05/21/2020 07:00:00 AM,59,25,34
05/21/2020 08:00:00 AM,69,29,40
05/21/2020 09:00:00 AM,35,13,22
05/21/2020 10:00:00 AM,18,4,14
05/21/2020 11:00:00 AM,40,18,22
05/21/2020 12:00:00 PM,56,29,27
05/21/2020 01:00:00 PM,85,34,51
05/21/2020 02:00:00 PM,78,28,50
05/21/2020 03:00:00 PM,88,42,46
05/21/2020 04:00:00 PM,100,35,65
05/21/2020 05:00:00 PM,112,49,63
05/21/2020 06:00:00 PM,100,42,58
05/21/2020 07:00:00 PM,76,29,47
05/21/2020 08:00:00 PM,43,21,22
05/21/2020 09:00:00 PM,26,13,13
05/21/2020 10:00:00 PM,13,7,6
05/21/2020 11:00:00 PM,5,2,3
05/22/2020 12:00:00 AM,3,1,2
05/22/2020 01:00:00 AM,3,1,2
05/22/2020 02:00:00 AM,0,0,0
05/22/2020 03:00:00 AM,1,0,1
05/22/2020 04:00:00 AM,4,2,2
05/22/2020 05:00:00 AM,18,8,10
05/22/2020 06:00:00 AM,57,25,32
05/22/2020 07:00:00 AM,130,63,67
05/22/2020 08:00:00 AM,115,49,66
05/22/2020 09:00:00 AM,116,48,68
05/22/2020 10:00:00 AM,99,36,63
05/22/2020 11:00:00 AM,114,49,65
05/22/2020 12:00:00 PM,145,64,81
05/22/2020 01:00:00 PM,208,99,109
05/22/2020 02:00:00 PM,189,83,106
05/22/2020 03:00:00 PM,264,109,155
05/22/2020 04:00:00 PM,223,93,130
05/22/2020 05:00:00 PM,203,87,116
05/22/2020 06:00:00 PM,145,64,81
05/22/2020 07:00:00 PM,54,24,30
05/22/2020 08:00:00 PM,31,14,17
05/22/2020 09:00:00 PM,15,4,11
05/22/2020 10:00:00 PM,9,3,6
05/22/2020 11:00:00 PM,8,2,6
05/23/2020 12:00:00 AM,5,1,4
05/23/2020 01:00:00 AM,1,1,0
05/23/2020 02:00:00 AM,8,4,4
05/23/2020 03:00:00 AM,2,2,0
05/23/2020 04:00:00 AM,2,1,1
05/23/2020 05:00:00 AM,10,7,3
05/23/2020 06:00:00 AM,46,20,26
05/23/2020 07:00:00 AM,42,27,15
05/23/2020 08:00:00 AM,60,29,31
05/23/2020 09:00:00 AM,98,53,45
05/23/2020 10:00:00 AM,155,73,82
05/23/2020 11:00:00 AM,206,78,128
05/23/2020 12:00:00 PM,238,128,110
05/23/2020 01:00:00 PM,318,154,164
05/23/2020 02:00:00 PM,334,171,163
05/23/2020 03:00:00 PM,416,200,216
05/23/2020 04:00:00 PM,295,138,157
05/23/2020 05:00:00 PM,315,142,173
05/23/2020 06:00:00 PM,218,105,113
05/23/2020 07:00:00 PM,172,91,81
05/23/2020 08:00:00 PM,67,31,36
05/23/2020 09:00:00 PM,56,32,24
05/23/2020 10:00:00 PM,18,8,10
05/23/2020 11:00:00 PM,13,5,8
05/24/2020 12:00:00 AM,6,2,4
05/24/2020 01:00:00 AM,4,2,2
05/24/2020 02:00:00 AM,1,0,1
05/24/2020 03:00:00 AM,0,0,0
05/24/2020 04:00:00 AM,1,1,0
05/24/2020 05:00:00 AM,11,5,6
05/24/2020 06:00:00 AM,20,7,13
05/24/2020 07:00:00 AM,42,19,23
05/24/2020 08:00:00 AM,83,39,44
05/24/2020 09:00:00 AM,131,57,74
05/24/2020 10:00:00 AM,173,88,85
05/24/2020 11:00:00 AM,229,102,127
05/24/2020 12:00:00 PM,343,156,187
05/24/2020 01:00:00 PM,334,182,152
05/24/2020 02:00:00 PM,442,207,235
05/24/2020 03:00:00 PM,459,212,247
05/24/2020 04:00:00 PM,374,155,219
05/24/2020 05:00:00 PM,322,142,180
05/24/2020 06:00:00 PM,260,117,143
05/24/2020 07:00:00 PM,138,75,63
05/24/2020 08:00:00 PM,90,31,59
05/24/2020 09:00:00 PM,36,20,16
05/24/2020 10:00:00 PM,6,2,4
05/24/2020 11:00:00 PM,10,3,7
05/25/2020 12:00:00 AM,4,2,2
05/25/2020 01:00:00 AM,2,0,2
05/25/2020 02:00:00 AM,3,1,2
05/25/2020 03:00:00 AM,3,0,3
05/25/2020 04:00:00 AM,5,3,2
05/25/2020 05:00:00 AM,8,5,3
05/25/2020 06:00:00 AM,6,2,4
05/25/2020 07:00:00 AM,12,2,10
05/25/2020 08:00:00 AM,19,7,12
05/25/2020 09:00:00 AM,32,11,21
05/25/2020 10:00:00 AM,35,13,22
05/25/2020 11:00:00 AM,52,25,27
05/25/2020 12:00:00 PM,73,45,28
05/25/2020 01:00:00 PM,62,30,32
05/25/2020 02:00:00 PM,62,27,35
05/25/2020 03:00:00 PM,63,36,27
05/25/2020 04:00:00 PM,77,38,39
05/25/2020 05:00:00 PM,112,49,63
05/25/2020 06:00:00 PM,52,23,29
05/25/2020 07:00:00 PM,44,20,24
05/25/2020 08:00:00 PM,25,9,16
05/25/2020 09:00:00 PM,13,5,8
05/25/2020 10:00:00 PM,6,1,5
05/25/2020 11:00:00 PM,2,0,2
05/26/2020 12:00:00 AM,7,2,5
05/26/2020 01:00:00 AM,2,2,0
05/26/2020 02:00:00 AM,0,0,0
05/26/2020 03:00:00 AM,1,1,0
05/26/2020 04:00:00 AM,3,2,1
05/26/2020 05:00:00 AM,18,9,9
05/26/2020 06:00:00 AM,60,28,32
05/26/2020 07:00:00 AM,94,45,49
05/26/2020 08:00:00 AM,108,39,69
05/26/2020 09:00:00 AM,86,34,52
05/26/2020 10:00:00 AM,70,32,38
05/26/2020 11:00:00 AM,75,39,36
05/26/2020 12:00:00 PM,86,45,41
05/26/2020 01:00:00 PM,112,61,51
05/26/2020 02:00:00 PM,153,78,75
05/26/2020 03:00:00 PM,176,76,100
05/26/2020 04:00:00 PM,253,104,149
05/26/2020 05:00:00 PM,340,136,204
05/26/2020 06:00:00 PM,315,140,175
05/26/2020 07:00:00 PM,238,121,117
05/26/2020 08:00:00 PM,143,70,73
05/26/2020 09:00:00 PM,54,22,32
05/26/2020 10:00:00 PM,15,8,7
05/26/2020 11:00:00 PM,17,7,10
05/27/2020 12:00:00 AM,2,1,1
05/27/2020 01:00:00 AM,0,0,0
05/27/2020 02:00:00 AM,2,1,1
05/27/2020 03:00:00 AM,5,1,4
05/27/2020 04:00:00 AM,4,3,1
05/27/2020 05:00:00 AM,38,18,20
05/27/2020 06:00:00 AM,84,43,41
05/27/2020 07:00:00 AM,158,78,80
05/27/2020 08:00:00 AM,157,63,94
05/27/2020 09:00:00 AM,127,55,72
05/27/2020 10:00:00 AM,124,62,62
05/27/2020 11:00:00 AM,136,61,75
05/27/2020 12:00:00 PM,192,80,112
05/27/2020 01:00:00 PM,182,90,92
05/27/2020 02:00:00 PM,224,96,128
05/27/2020 03:00:00 PM,228,108,120
05/27/2020 04:00:00 PM,342,143,199
05/27/2020 05:00:00 PM,479,216,263
05/27/2020 06:00:00 PM,387,192,195
05/27/2020 07:00:00 PM,314,155,159
05/27/2020 08:00:00 PM,159,75,84
05/27/2020 09:00:00 PM,65,31,34
05/27/2020 10:00:00 PM,19,6,13
05/27/2020 11:00:00 PM,19,7,12
05/28/2020 12:00:00 AM,5,1,4
05/28/2020 01:00:00 AM,1,0,1
05/28/2020 02:00:00 AM,5,2,3
05/28/2020 03:00:00 AM,2,1,1
05/28/2020 04:00:00 AM,7,4,3
05/28/2020 05:00:00 AM,25,14,11
05/28/2020 06:00:00 AM,83,35,48
05/28/2020 07:00:00 AM,127,53,74
05/28/2020 08:00:00 AM,139,63,76
05/28/2020 09:00:00 AM,104,43,61
05/28/2020 10:00:00 AM,113,49,64
05/28/2020 11:00:00 AM,105,43,62
05/28/2020 12:00:00 PM,103,43,60
05/28/2020 01:00:00 PM,134,63,71
05/28/2020 02:00:00 PM,157,63,94
05/28/2020 03:00:00 PM,196,84,112
05/28/2020 04:00:00 PM,284,118,166
05/28/2020 05:00:00 PM,345,149,196
05/28/2020 06:00:00 PM,335,147,188
05/28/2020 07:00:00 PM,245,113,132
05/28/2020 08:00:00 PM,158,75,83
05/28/2020 09:00:00 PM,78,44,34
05/28/2020 10:00:00 PM,39,16,23
05/28/2020 11:00:00 PM,15,11,4
05/29/2020 12:00:00 AM,7,4,3
05/29/2020 01:00:00 AM,4,1,3
05/29/2020 02:00:00 AM,2,1,1
05/29/2020 03:00:00 AM,2,1,1
05/29/2020 04:00:00 AM,4,1,3
05/29/2020 05:00:00 AM,36,17,19
05/29/2020 06:00:00 AM,92,31,61
05/29/2020 07:00:00 AM,159,79,80
05/29/2020 08:00:00 AM,183,87,96
05/29/2020 09:00:00 AM,128,60,68
05/29/2020 10:00:00 AM,113,55,58
05/29/2020 11:00:00 AM,142,76,66
05/29/2020 12:00:00 PM,157,67,90
05/29/2020 01:00:00 PM,205,96,109
05/29/2020 02:00:00 PM,198,91,107
05/29/2020 03:00:00 PM,280,119,161
05/29/2020 04:00:00 PM,384,160,224
05/29/2020 05:00:00 PM,404,183,221
05/29/2020 06:00:00 PM,314,148,166
05/29/2020 07:00:00 PM,259,121,138
05/29/2020 08:00:00 PM,176,86,90
05/29/2020 09:00:00 PM,105,48,57
05/29/2020 10:00:00 PM,30,17,13
05/29/2020 11:00:00 PM,15,5,10
05/30/2020 12:00:00 AM,11,1,10
05/30/2020 01:00:00 AM,6,1,5
05/30/2020 02:00:00 AM,5,3,2
05/30/2020 03:00:00 AM,4,1,3
05/30/2020 04:00:00 AM,5,4,1
05/30/2020 05:00:00 AM,9,2,7
05/30/2020 06:00:00 AM,26,10,16
05/30/2020 07:00:00 AM,62,30,32
05/30/2020 08:00:00 AM,69,37,32
05/30/2020 09:00:00 AM,17,14,3
05/30/2020 10:00:00 AM,14,9,5
05/30/2020 11:00:00 AM,44,21,23
05/30/2020 12:00:00 PM,63,30,33
05/30/2020 01:00:00 PM,62,37,25
05/30/2020 02:00:00 PM,118,69,49
05/30/2020 03:00:00 PM,86,46,40
05/30/2020 04:00:00 PM,76,27,49
05/30/2020 05:00:00 PM,86,6,80
05/30/2020 06:00:00 PM,28,4,24
05/30/2020 07:00:00 PM,10,2,8
05/30/2020 08:00:00 PM,6,2,4
05/30/2020 09:00:00 PM,2,2,0
05/30/2020 10:00:00 PM,6,3,3
05/30/2020 11:00:00 PM,4,2,2
05/31/2020 12:00:00 AM,1,0,1
05/31/2020 01:00:00 AM,1,0,1
05/31/2020 02:00:00 AM,0,0,0
05/31/2020 03:00:00 AM,0,0,0
05/31/2020 04:00:00 AM,0,0,0
05/31/2020 05:00:00 AM,4,1,3
05/31/2020 06:00:00 AM,4,4,0
05/31/2020 07:00:00 AM,12,7,5
05/31/2020 08:00:00 AM,31,15,16
05/31/2020 09:00:00 AM,43,20,23
05/31/2020 10:00:00 AM,62,27,35
05/31/2020 11:00:00 AM,77,41,36
05/31/2020 12:00:00 PM,139,56,83
05/31/2020 01:00:00 PM,149,58,91
05/31/2020 02:00:00 PM,162,74,88
05/31/2020 03:00:00 PM,219,103,116
05/31/2020 04:00:00 PM,246,126,120
05/31/2020 05:00:00 PM,181,87,94
05/31/2020 06:00:00 PM,87,42,45
05/31/2020 07:00:00 PM,56,31,25
05/31/2020 08:00:00 PM,32,17,15
05/31/2020 09:00:00 PM,15,7,8
05/31/2020 10:00:00 PM,16,2,14
05/31/2020 11:00:00 PM,11,3,8
06/01/2020 12:00:00 AM,5,2,3
06/01/2020 01:00:00 AM,0,0,0
06/01/2020 02:00:00 AM,1,0,1
06/01/2020 03:00:00 AM,0,0,0
06/01/2020 04:00:00 AM,3,3,0
06/01/2020 05:00:00 AM,27,11,16
06/01/2020 06:00:00 AM,71,40,31
06/01/2020 07:00:00 AM,118,55,63
06/01/2020 08:00:00 AM,129,47,82
06/01/2020 09:00:00 AM,122,43,79
06/01/2020 10:00:00 AM,87,37,50
06/01/2020 11:00:00 AM,114,52,62
06/01/2020 12:00:00 PM,148,60,88
06/01/2020 01:00:00 PM,159,69,90
06/01/2020 02:00:00 PM,195,84,111
06/01/2020 03:00:00 PM,252,122,130
06/01/2020 04:00:00 PM,308,147,161
06/01/2020 05:00:00 PM,374,165,209
06/01/2020 06:00:00 PM,251,111,140
06/01/2020 07:00:00 PM,150,77,73
06/01/2020 08:00:00 PM,79,35,44
06/01/2020 09:00:00 PM,43,15,28
06/01/2020 10:00:00 PM,18,6,12
06/01/2020 11:00:00 PM,15,5,10
06/02/2020 12:00:00 AM,2,0,2
06/02/2020 01:00:00 AM,0,0,0
06/02/2020 02:00:00 AM,1,1,0
06/02/2020 03:00:00 AM,3,3,0
06/02/2020 04:00:00 AM,4,3,1
06/02/2020 05:00:00 AM,29,13,16
06/02/2020 06:00:00 AM,76,39,37
06/02/2020 07:00:00 AM,145,71,74
06/02/2020 08:00:00 AM,135,61,74
06/02/2020 09:00:00 AM,128,43,85
06/02/2020 10:00:00 AM,96,34,62
06/02/2020 11:00:00 AM,67,29,38
06/02/2020 12:00:00 PM,145,65,80
06/02/2020 01:00:00 PM,120,69,51
06/02/2020 02:00:00 PM,184,98,86
06/02/2020 03:00:00 PM,155,74,81
06/02/2020 04:00:00 PM,170,68,102
06/02/2020 05:00:00 PM,181,65,116
06/02/2020 06:00:00 PM,192,78,114
06/02/2020 07:00:00 PM,138,58,80
06/02/2020 08:00:00 PM,72,31,41
06/02/2020 09:00:00 PM,45,13,32
06/02/2020 10:00:00 PM,22,7,15
06/02/2020 11:00:00 PM,14,6,8
06/03/2020 12:00:00 AM,6,0,6
06/03/2020 01:00:00 AM,2,0,2
06/03/2020 02:00:00 AM,1,0,1
06/03/2020 03:00:00 AM,0,0,0
06/03/2020 04:00:00 AM,3,2,1
06/03/2020 05:00:00 AM,35,18,17
06/03/2020 06:00:00 AM,104,52,52
06/03/2020 07:00:00 AM,147,69,78
06/03/2020 08:00:00 AM,136,54,82
06/03/2020 09:00:00 AM,110,42,68
06/03/2020 10:00:00 AM,84,36,48
06/03/2020 11:00:00 AM,116,46,70
06/03/2020 12:00:00 PM,120,60,60
06/03/2020 01:00:00 PM,159,83,76
06/03/2020 02:00:00 PM,178,87,91
06/03/2020 03:00:00 PM,214,100,114
06/03/2020 04:00:00 PM,291,116,175
06/03/2020 05:00:00 PM,354,142,212
06/03/2020 06:00:00 PM,263,110,153
06/03/2020 07:00:00 PM,181,76,105
06/03/2020 08:00:00 PM,92,36,56
06/03/2020 09:00:00 PM,35,12,23
06/03/2020 10:00:00 PM,16,5,11
06/03/2020 11:00:00 PM,7,2,5
06/04/2020 12:00:00 AM,6,1,5
06/04/2020 01:00:00 AM,2,1,1
06/04/2020 02:00:00 AM,3,1,2
06/04/2020 03:00:00 AM,1,0,1
06/04/2020 04:00:00 AM,4,4,0
06/04/2020 05:00:00 AM,27,14,13
06/04/2020 06:00:00 AM,69,35,34
06/04/2020 07:00:00 AM,127,58,69
06/04/2020 08:00:00 AM,120,52,68
06/04/2020 09:00:00 AM,85,32,53
06/04/2020 10:00:00 AM,79,37,42
06/04/2020 11:00:00 AM,67,27,40
06/04/2020 12:00:00 PM,112,47,65
06/04/2020 01:00:00 PM,128,53,75
06/04/2020 02:00:00 PM,144,66,78
06/04/2020 03:00:00 PM,193,90,103
06/04/2020 04:00:00 PM,274,101,173
06/04/2020 05:00:00 PM,361,166,195
06/04/2020 06:00:00 PM,335,158,177
06/04/2020 07:00:00 PM,253,124,129
06/04/2020 08:00:00 PM,163,67,96
06/04/2020 09:00:00 PM,66,23,43
06/04/2020 10:00:00 PM,37,9,28
06/04/2020 11:00:00 PM,15,7,8
06/05/2020 12:00:00 AM,1,0,1
06/05/2020 01:00:00 AM,3,0,3
06/05/2020 02:00:00 AM,3,0,3
06/05/2020 03:00:00 AM,2,1,1
06/05/2020 04:00:00 AM,5,3,2
06/05/2020 05:00:00 AM,42,18,24
06/05/2020 06:00:00 AM,85,41,44
06/05/2020 07:00:00 AM,153,72,81
06/05/2020 08:00:00 AM,150,57,93
06/05/2020 09:00:00 AM,124,54,70
06/05/2020 10:00:00 AM,105,48,57
06/05/2020 11:00:00 AM,118,42,76
06/05/2020 12:00:00 PM,122,60,62
06/05/2020 01:00:00 PM,149,55,94
06/05/2020 02:00:00 PM,164,64,100
06/05/2020 03:00:00 PM,260,107,153
06/05/2020 04:00:00 PM,309,152,157
06/05/2020 05:00:00 PM,348,160,188
06/05/2020 06:00:00 PM,275,116,159
06/05/2020 07:00:00 PM,175,71,104
06/05/2020 08:00:00 PM,91,36,55
06/05/2020 09:00:00 PM,81,26,55
06/05/2020 10:00:00 PM,24,8,16
06/05/2020 11:00:00 PM,15,4,11
06/06/2020 12:00:00 AM,6,0,6
06/06/2020 01:00:00 AM,7,5,2
06/06/2020 02:00:00 AM,7,5,2
06/06/2020 03:00:00 AM,4,2,2
06/06/2020 04:00:00 AM,4,3,1
06/06/2020 05:00:00 AM,13,4,9
06/06/2020 06:00:00 AM,29,13,16
06/06/2020 07:00:00 AM,60,26,34
06/06/2020 08:00:00 AM,118,54,64
06/06/2020 09:00:00 AM,153,71,82
06/06/2020 10:00:00 AM,176,89,87
06/06/2020 11:00:00 AM,276,114,162
06/06/2020 12:00:00 PM,316,138,178
06/06/2020 01:00:00 PM,349,179,170
06/06/2020 02:00:00 PM,297,148,149
06/06/2020 03:00:00 PM,179,93,86
06/06/2020 04:00:00 PM,140,51,89
06/06/2020 05:00:00 PM,156,69,87
06/06/2020 06:00:00 PM,142,49,93
06/06/2020 07:00:00 PM,101,37,64
06/06/2020 08:00:00 PM,52,35,17
06/06/2020 09:00:00 PM,33,16,17
06/06/2020 10:00:00 PM,15,6,9
06/06/2020 11:00:00 PM,19,9,10
06/07/2020 12:00:00 AM,11,0,11
06/07/2020 01:00:00 AM,4,0,4
06/07/2020 02:00:00 AM,3,0,3
06/07/2020 03:00:00 AM,4,0,4
06/07/2020 04:00:00 AM,1,0,1
06/07/2020 05:00:00 AM,7,1,6
06/07/2020 06:00:00 AM,13,8,5
06/07/2020 07:00:00 AM,37,20,17
06/07/2020 08:00:00 AM,29,16,13
06/07/2020 09:00:00 AM,48,20,28
06/07/2020 10:00:00 AM,68,26,42
06/07/2020 11:00:00 AM,75,44,31
06/07/2020 12:00:00 PM,114,53,61
06/07/2020 01:00:00 PM,178,116,62
06/07/2020 02:00:00 PM,229,96,133
06/07/2020 03:00:00 PM,334,161,173
06/07/2020 04:00:00 PM,274,123,151
06/07/2020 05:00:00 PM,306,124,182
06/07/2020 06:00:00 PM,193,99,94
06/07/2020 07:00:00 PM,120,55,65
06/07/2020 08:00:00 PM,86,34,52
06/07/2020 09:00:00 PM,34,17,17
06/07/2020 10:00:00 PM,16,6,10
06/07/2020 11:00:00 PM,3,1,2
06/08/2020 12:00:00 AM,4,2,2
06/08/2020 01:00:00 AM,4,2,2
06/08/2020 02:00:00 AM,3,1,2
06/08/2020 03:00:00 AM,1,0,1
06/08/2020 04:00:00 AM,3,2,1
06/08/2020 05:00:00 AM,33,16,17
06/08/2020 06:00:00 AM,67,37,30
06/08/2020 07:00:00 AM,120,63,57
06/08/2020 08:00:00 AM,125,52,73
06/08/2020 09:00:00 AM,108,49,59
06/08/2020 10:00:00 AM,74,31,43
06/08/2020 11:00:00 AM,109,63,46
06/08/2020 12:00:00 PM,138,62,76
06/08/2020 01:00:00 PM,117,56,61
06/08/2020 02:00:00 PM,99,29,70
06/08/2020 03:00:00 PM,120,55,65
06/08/2020 04:00:00 PM,201,85,116
06/08/2020 05:00:00 PM,291,118,173
06/08/2020 06:00:00 PM,285,108,177
06/08/2020 07:00:00 PM,165,78,87
06/08/2020 08:00:00 PM,75,31,44
06/08/2020 09:00:00 PM,28,6,22
06/08/2020 10:00:00 PM,19,4,15
06/08/2020 11:00:00 PM,10,3,7
06/09/2020 12:00:00 AM,6,4,2
06/09/2020 01:00:00 AM,1,0,1
06/09/2020 02:00:00 AM,2,0,2
06/09/2020 03:00:00 AM,1,1,0
06/09/2020 04:00:00 AM,4,3,1
06/09/2020 05:00:00 AM,15,9,6
06/09/2020 06:00:00 AM,38,19,19
06/09/2020 07:00:00 AM,73,37,36
06/09/2020 08:00:00 AM,70,28,42
06/09/2020 09:00:00 AM,30,11,19
06/09/2020 10:00:00 AM,28,11,17
06/09/2020 11:00:00 AM,35,17,18
06/09/2020 12:00:00 PM,41,18,23
06/09/2020 01:00:00 PM,45,22,23
06/09/2020 02:00:00 PM,47,22,25
06/09/2020 03:00:00 PM,76,36,40
06/09/2020 04:00:00 PM,123,52,71
06/09/2020 05:00:00 PM,175,85,90
06/09/2020 06:00:00 PM,143,56,87
06/09/2020 07:00:00 PM,69,30,39
06/09/2020 08:00:00 PM,39,11,28
06/09/2020 09:00:00 PM,34,16,18
06/09/2020 10:00:00 PM,21,7,14
06/09/2020 11:00:00 PM,3,3,0
06/10/2020 12:00:00 AM,8,1,7
06/10/2020 01:00:00 AM,2,2,0
06/10/2020 02:00:00 AM,0,0,0
06/10/2020 03:00:00 AM,2,2,0
06/10/2020 04:00:00 AM,13,4,9
06/10/2020 05:00:00 AM,29,16,13
06/10/2020 06:00:00 AM,80,40,40
06/10/2020 07:00:00 AM,134,70,64
06/10/2020 08:00:00 AM,119,47,72
06/10/2020 09:00:00 AM,115,57,58
06/10/2020 10:00:00 AM,110,47,63
06/10/2020 11:00:00 AM,152,64,88
06/10/2020 12:00:00 PM,166,79,87
06/10/2020 01:00:00 PM,161,64,97
06/10/2020 02:00:00 PM,176,76,100
06/10/2020 03:00:00 PM,253,122,131
06/10/2020 04:00:00 PM,358,157,201
06/10/2020 05:00:00 PM,464,216,248
06/10/2020 06:00:00 PM,363,146,217
06/10/2020 07:00:00 PM,268,136,132
06/10/2020 08:00:00 PM,202,73,129
06/10/2020 09:00:00 PM,78,40,38
06/10/2020 10:00:00 PM,43,20,23
06/10/2020 11:00:00 PM,20,10,10
06/11/2020 12:00:00 AM,6,3,3
06/11/2020 01:00:00 AM,3,1,2
06/11/2020 02:00:00 AM,3,0,3
06/11/2020 03:00:00 AM,3,3,0
06/11/2020 04:00:00 AM,7,5,2
06/11/2020 05:00:00 AM,30,16,14
06/11/2020 06:00:00 AM,70,36,34
06/11/2020 07:00:00 AM,119,65,54
06/11/2020 08:00:00 AM,90,37,53
06/11/2020 09:00:00 AM,77,31,46
06/11/2020 10:00:00 AM,37,21,16
06/11/2020 11:00:00 AM,42,18,24
06/11/2020 12:00:00 PM,52,21,31
06/11/2020 01:00:00 PM,87,37,50
06/11/2020 02:00:00 PM,141,57,84
06/11/2020 03:00:00 PM,191,83,108
06/11/2020 04:00:00 PM,263,102,161
06/11/2020 05:00:00 PM,366,162,204
06/11/2020 06:00:00 PM,322,150,172
06/11/2020 07:00:00 PM,225,93,132
06/11/2020 08:00:00 PM,170,72,98
06/11/2020 09:00:00 PM,73,40,33
06/11/2020 10:00:00 PM,28,17,11
06/11/2020 11:00:00 PM,18,9,9
06/12/2020 12:00:00 AM,6,2,4
06/12/2020 01:00:00 AM,5,1,4
06/12/2020 02:00:00 AM,0,0,0
06/12/2020 03:00:00 AM,0,0,0
06/12/2020 04:00:00 AM,5,3,2
06/12/2020 05:00:00 AM,20,10,10
06/12/2020 06:00:00 AM,64,30,34
06/12/2020 07:00:00 AM,81,49,32
06/12/2020 08:00:00 AM,94,33,61
06/12/2020 09:00:00 AM,66,21,45
06/12/2020 10:00:00 AM,55,20,35
06/12/2020 11:00:00 AM,70,28,42
06/12/2020 12:00:00 PM,126,56,70
06/12/2020 01:00:00 PM,114,48,66
06/12/2020 02:00:00 PM,43,10,33
06/12/2020 03:00:00 PM,58,16,42
06/12/2020 04:00:00 PM,103,32,71
06/12/2020 05:00:00 PM,192,52,140
06/12/2020 06:00:00 PM,194,66,128
06/12/2020 07:00:00 PM,116,55,61
06/12/2020 08:00:00 PM,83,35,48
06/12/2020 09:00:00 PM,41,14,27
06/12/2020 10:00:00 PM,16,6,10
06/12/2020 11:00:00 PM,13,5,8
06/13/2020 12:00:00 AM,5,1,4
06/13/2020 01:00:00 AM,2,2,0
06/13/2020 02:00:00 AM,3,0,3
06/13/2020 03:00:00 AM,3,1,2
06/13/2020 04:00:00 AM,1,0,1
06/13/2020 05:00:00 AM,9,5,4
06/13/2020 06:00:00 AM,15,10,5
06/13/2020 07:00:00 AM,28,11,17
06/13/2020 08:00:00 AM,31,14,17
06/13/2020 09:00:00 AM,62,31,31
06/13/2020 10:00:00 AM,78,35,43
06/13/2020 11:00:00 AM,123,54,69
06/13/2020 12:00:00 PM,177,89,88
06/13/2020 01:00:00 PM,167,66,101
06/13/2020 02:00:00 PM,123,77,46
06/13/2020 03:00:00 PM,138,54,84
06/13/2020 04:00:00 PM,137,62,75
06/13/2020 05:00:00 PM,130,51,79
06/13/2020 06:00:00 PM,106,47,59
06/13/2020 07:00:00 PM,96,44,52
06/13/2020 08:00:00 PM,36,15,21
06/13/2020 09:00:00 PM,23,8,15
06/13/2020 10:00:00 PM,15,11,4
06/13/2020 11:00:00 PM,15,5,10
06/14/2020 12:00:00 AM,5,3,2
06/14/2020 01:00:00 AM,5,2,3
06/14/2020 02:00:00 AM,1,1,0
06/14/2020 03:00:00 AM,1,0,1
06/14/2020 04:00:00 AM,0,0,0
06/14/2020 05:00:00 AM,9,4,5
06/14/2020 06:00:00 AM,14,5,9
06/14/2020 07:00:00 AM,34,11,23
06/14/2020 08:00:00 AM,74,39,35
06/14/2020 09:00:00 AM,124,51,73
06/14/2020 10:00:00 AM,175,93,82
06/14/2020 11:00:00 AM,284,120,164
06/14/2020 12:00:00 PM,325,159,166
06/14/2020 01:00:00 PM,424,211,213
06/14/2020 02:00:00 PM,410,186,224
06/14/2020 03:00:00 PM,409,172,237
06/14/2020 04:00:00 PM,312,157,155
06/14/2020 05:00:00 PM,223,89,134
06/14/2020 06:00:00 PM,185,84,101
06/14/2020 07:00:00 PM,112,47,65
06/14/2020 08:00:00 PM,81,44,37
06/14/2020 09:00:00 PM,73,31,42
06/14/2020 10:00:00 PM,29,13,16
06/14/2020 11:00:00 PM,13,6,7
06/15/2020 12:00:00 AM,1,0,1
06/15/2020 01:00:00 AM,1,0,1
06/15/2020 02:00:00 AM,3,1,2
06/15/2020 03:00:00 AM,2,1,1
06/15/2020 04:00:00 AM,3,2,1
06/15/2020 05:00:00 AM,15,8,7
06/15/2020 06:00:00 AM,28,15,13
06/15/2020 07:00:00 AM,68,29,39
06/15/2020 08:00:00 AM,76,22,54
06/15/2020 09:00:00 AM,50,15,35
06/15/2020 10:00:00 AM,37,17,20
06/15/2020 11:00:00 AM,40,12,28
06/15/2020 12:00:00 PM,38,20,18
06/15/2020 01:00:00 PM,51,24,27
06/15/2020 02:00:00 PM,59,37,22
06/15/2020 03:00:00 PM,74,26,48
06/15/2020 04:00:00 PM,123,58,65
06/15/2020 05:00:00 PM,175,57,118
06/15/2020 06:00:00 PM,148,57,91
06/15/2020 07:00:00 PM,130,59,71
06/15/2020 08:00:00 PM,71,29,42
06/15/2020 09:00:00 PM,27,11,16
06/15/2020 10:00:00 PM,13,4,9
06/15/2020 11:00:00 PM,5,0,5
06/16/2020 12:00:00 AM,1,1,0
06/16/2020 01:00:00 AM,2,2,0
06/16/2020 02:00:00 AM,1,1,0
06/16/2020 03:00:00 AM,1,0,1
06/16/2020 04:00:00 AM,2,2,0
06/16/2020 05:00:00 AM,27,17,10
06/16/2020 06:00:00 AM,69,35,34
06/16/2020 07:00:00 AM,135,72,63
06/16/2020 08:00:00 AM,128,44,84
06/16/2020 09:00:00 AM,88,35,53
06/16/2020 10:00:00 AM,74,29,45
06/16/2020 11:00:00 AM,90,47,43
06/16/2020 12:00:00 PM,103,50,53
06/16/2020 01:00:00 PM,115,35,80
06/16/2020 02:00:00 PM,156,74,82
06/16/2020 03:00:00 PM,185,74,111
06/16/2020 04:00:00 PM,323,132,191
06/16/2020 05:00:00 PM,406,168,238
06/16/2020 06:00:00 PM,337,149,188
06/16/2020 07:00:00 PM,255,127,128
06/16/2020 08:00:00 PM,109,42,67
06/16/2020 09:00:00 PM,73,36,37
06/16/2020 10:00:00 PM,25,12,13
06/16/2020 11:00:00 PM,11,3,8
06/17/2020 12:00:00 AM,2,0,2
06/17/2020 01:00:00 AM,1,1,0
06/17/2020 02:00:00 AM,2,2,0
06/17/2020 03:00:00 AM,4,2,2
06/17/2020 04:00:00 AM,8,5,3
06/17/2020 05:00:00 AM,33,17,16
06/17/2020 06:00:00 AM,88,42,46
06/17/2020 07:00:00 AM,158,79,79
06/17/2020 08:00:00 AM,181,74,107
06/17/2020 09:00:00 AM,123,51,72
06/17/2020 10:00:00 AM,125,47,78
06/17/2020 11:00:00 AM,102,45,57
06/17/2020 12:00:00 PM,129,62,67
06/17/2020 01:00:00 PM,175,81,94
06/17/2020 02:00:00 PM,187,82,105
06/17/2020 03:00:00 PM,236,112,124
06/17/2020 04:00:00 PM,301,125,176
06/17/2020 05:00:00 PM,462,175,287
06/17/2020 06:00:00 PM,404,163,241
06/17/2020 07:00:00 PM,285,141,144
06/17/2020 08:00:00 PM,185,84,101
06/17/2020 09:00:00 PM,90,40,50
06/17/2020 10:00:00 PM,37,7,30
06/17/2020 11:00:00 PM,8,4,4
06/18/2020 12:00:00 AM,7,1,6
06/18/2020 01:00:00 AM,2,0,2
06/18/2020 02:00:00 AM,2,1,1
06/18/2020 03:00:00 AM,2,2,0
06/18/2020 04:00:00 AM,5,3,2
06/18/2020 05:00:00 AM,35,19,16
06/18/2020 06:00:00 AM,94,38,56
06/18/2020 07:00:00 AM,175,88,87
06/18/2020 08:00:00 AM,183,86,97
06/18/2020 09:00:00 AM,116,44,72
06/18/2020 10:00:00 AM,109,59,50
06/18/2020 11:00:00 AM,106,53,53
06/18/2020 12:00:00 PM,161,88,73
06/18/2020 01:00:00 PM,165,68,97
06/18/2020 02:00:00 PM,214,74,140
06/18/2020 03:00:00 PM,250,116,134
06/18/2020 04:00:00 PM,331,137,194
06/18/2020 05:00:00 PM,430,172,258
06/18/2020 06:00:00 PM,377,166,211
06/18/2020 07:00:00 PM,257,122,135
06/18/2020 08:00:00 PM,175,73,102
06/18/2020 09:00:00 PM,106,54,52
06/18/2020 10:00:00 PM,43,19,24
06/18/2020 11:00:00 PM,22,9,13
06/19/2020 12:00:00 AM,11,1,10
06/19/2020 01:00:00 AM,1,0,1
06/19/2020 02:00:00 AM,4,2,2
06/19/2020 03:00:00 AM,1,1,0
06/19/2020 04:00:00 AM,7,7,0
06/19/2020 05:00:00 AM,28,13,15
06/19/2020 06:00:00 AM,102,50,52
06/19/2020 07:00:00 AM,164,77,87
06/19/2020 08:00:00 AM,149,53,96
06/19/2020 09:00:00 AM,134,63,71
06/19/2020 10:00:00 AM,140,70,70
06/19/2020 11:00:00 AM,162,78,84
06/19/2020 12:00:00 PM,204,99,105
06/19/2020 01:00:00 PM,225,103,122
06/19/2020 02:00:00 PM,214,100,114
06/19/2020 03:00:00 PM,261,106,155
06/19/2020 04:00:00 PM,301,112,189
06/19/2020 05:00:00 PM,295,122,173
06/19/2020 06:00:00 PM,248,109,139
06/19/2020 07:00:00 PM,165,69,96
06/19/2020 08:00:00 PM,140,55,85
06/19/2020 09:00:00 PM,43,15,28
06/19/2020 10:00:00 PM,28,9,19
06/19/2020 11:00:00 PM,16,3,13
06/20/2020 12:00:00 AM,13,8,5
06/20/2020 01:00:00 AM,7,3,4
06/20/2020 02:00:00 AM,0,0,0
06/20/2020 03:00:00 AM,1,1,0
06/20/2020 04:00:00 AM,3,1,2
06/20/2020 05:00:00 AM,8,5,3
06/20/2020 06:00:00 AM,14,9,5
06/20/2020 07:00:00 AM,23,8,15
06/20/2020 08:00:00 AM,40,22,18
06/20/2020 09:00:00 AM,39,18,21
06/20/2020 10:00:00 AM,77,32,45
06/20/2020 11:00:00 AM,107,47,60
06/20/2020 12:00:00 PM,157,51,106
06/20/2020 01:00:00 PM,166,82,84
06/20/2020 02:00:00 PM,233,95,138
06/20/2020 03:00:00 PM,292,142,150
06/20/2020 04:00:00 PM,253,115,138
06/20/2020 05:00:00 PM,231,128,103
06/20/2020 06:00:00 PM,224,106,118
06/20/2020 07:00:00 PM,135,69,66
06/20/2020 08:00:00 PM,99,47,52
06/20/2020 09:00:00 PM,58,26,32
06/20/2020 10:00:00 PM,32,16,16
06/20/2020 11:00:00 PM,14,3,11
06/21/2020 12:00:00 AM,9,5,4
06/21/2020 01:00:00 AM,4,2,2
06/21/2020 02:00:00 AM,0,0,0
06/21/2020 03:00:00 AM,1,0,1
06/21/2020 04:00:00 AM,0,0,0
06/21/2020 05:00:00 AM,7,3,4
06/21/2020 06:00:00 AM,22,11,11
06/21/2020 07:00:00 AM,42,16,26
06/21/2020 08:00:00 AM,54,30,24
06/21/2020 09:00:00 AM,90,34,56
06/21/2020 10:00:00 AM,181,86,95
06/21/2020 11:00:00 AM,158,64,94
06/21/2020 12:00:00 PM,219,93,126
06/21/2020 01:00:00 PM,283,132,151
06/21/2020 02:00:00 PM,305,113,192
06/21/2020 03:00:00 PM,284,140,144
06/21/2020 04:00:00 PM,285,123,162
06/21/2020 05:00:00 PM,247,108,139
06/21/2020 06:00:00 PM,192,86,106
06/21/2020 07:00:00 PM,152,85,67
06/21/2020 08:00:00 PM,59,21,38
06/21/2020 09:00:00 PM,45,20,25
06/21/2020 10:00:00 PM,26,12,14
06/21/2020 11:00:00 PM,7,4,3
06/22/2020 12:00:00 AM,2,1,1
06/22/2020 01:00:00 AM,3,1,2
06/22/2020 02:00:00 AM,0,0,0
06/22/2020 03:00:00 AM,0,0,0
06/22/2020 04:00:00 AM,7,4,3
06/22/2020 05:00:00 AM,26,14,12
06/22/2020 06:00:00 AM,66,30,36
06/22/2020 07:00:00 AM,150,69,81
06/22/2020 08:00:00 AM,172,57,115
06/22/2020 09:00:00 AM,123,51,72
06/22/2020 10:00:00 AM,110,56,54
06/22/2020 11:00:00 AM,133,65,68
06/22/2020 12:00:00 PM,131,53,78
06/22/2020 01:00:00 PM,148,72,76
06/22/2020 02:00:00 PM,167,86,81
06/22/2020 03:00:00 PM,209,74,135
06/22/2020 04:00:00 PM,338,142,196
06/22/2020 05:00:00 PM,433,179,254
06/22/2020 06:00:00 PM,371,161,210
06/22/2020 07:00:00 PM,309,139,170
06/22/2020 08:00:00 PM,190,84,106
06/22/2020 09:00:00 PM,108,44,64
06/22/2020 10:00:00 PM,26,13,13
06/22/2020 11:00:00 PM,16,3,13
06/23/2020 12:00:00 AM,6,2,4
06/23/2020 01:00:00 AM,6,3,3
06/23/2020 02:00:00 AM,1,1,0
06/23/2020 03:00:00 AM,2,1,1
06/23/2020 04:00:00 AM,6,4,2
06/23/2020 05:00:00 AM,40,19,21
06/23/2020 06:00:00 AM,102,55,47
06/23/2020 07:00:00 AM,177,72,105
06/23/2020 08:00:00 AM,208,95,113
06/23/2020 09:00:00 AM,130,45,85
06/23/2020 10:00:00 AM,112,55,57
06/23/2020 11:00:00 AM,157,70,87
06/23/2020 12:00:00 PM,166,82,84
06/23/2020 01:00:00 PM,134,63,71
06/23/2020 02:00:00 PM,164,72,92
06/23/2020 03:00:00 PM,211,88,123
06/23/2020 04:00:00 PM,302,111,191
06/23/2020 05:00:00 PM,374,115,259
06/23/2020 06:00:00 PM,279,125,154
06/23/2020 07:00:00 PM,244,106,138
06/23/2020 08:00:00 PM,136,58,78
06/23/2020 09:00:00 PM,91,33,58
06/23/2020 10:00:00 PM,28,15,13
06/23/2020 11:00:00 PM,12,1,11
06/24/2020 12:00:00 AM,7,3,4
06/24/2020 01:00:00 AM,2,2,0
06/24/2020 02:00:00 AM,1,0,1
06/24/2020 03:00:00 AM,1,1,0
06/24/2020 04:00:00 AM,11,7,4
06/24/2020 05:00:00 AM,27,16,11
06/24/2020 06:00:00 AM,95,47,48
06/24/2020 07:00:00 AM,170,85,85
06/24/2020 08:00:00 AM,162,61,101
06/24/2020 09:00:00 AM,139,57,82
06/24/2020 10:00:00 AM,100,35,65
06/24/2020 11:00:00 AM,96,46,50
06/24/2020 12:00:00 PM,108,47,61
06/24/2020 01:00:00 PM,121,50,71
06/24/2020 02:00:00 PM,164,61,103
06/24/2020 03:00:00 PM,167,66,101
06/24/2020 04:00:00 PM,232,87,145
06/24/2020 05:00:00 PM,365,139,226
06/24/2020 06:00:00 PM,323,131,192
06/24/2020 07:00:00 PM,263,111,152
06/24/2020 08:00:00 PM,143,66,77
06/24/2020 09:00:00 PM,103,43,60
06/24/2020 10:00:00 PM,35,15,20
06/24/2020 11:00:00 PM,14,5,9
06/25/2020 12:00:00 AM,4,1,3
06/25/2020 01:00:00 AM,2,1,1
06/25/2020 02:00:00 AM,1,0,1
06/25/2020 03:00:00 AM,5,4,1
06/25/2020 04:00:00 AM,4,2,2
06/25/2020 05:00:00 AM,25,15,10
06/25/2020 06:00:00 AM,102,56,46
06/25/2020 07:00:00 AM,164,79,85
06/25/2020 08:00:00 AM,189,64,125
06/25/2020 09:00:00 AM,143,60,83
06/25/2020 10:00:00 AM,120,52,68
06/25/2020 11:00:00 AM,136,68,68
06/25/2020 12:00:00 PM,176,91,85
06/25/2020 01:00:00 PM,143,67,76
06/25/2020 02:00:00 PM,167,60,107
06/25/2020 03:00:00 PM,259,112,147
06/25/2020 04:00:00 PM,372,160,212
06/25/2020 05:00:00 PM,422,173,249
06/25/2020 06:00:00 PM,360,167,193
06/25/2020 07:00:00 PM,273,109,164
06/25/2020 08:00:00 PM,228,89,139
06/25/2020 09:00:00 PM,146,59,87
06/25/2020 10:00:00 PM,50,23,27
06/25/2020 11:00:00 PM,18,6,12
06/26/2020 12:00:00 AM,8,2,6
06/26/2020 01:00:00 AM,1,0,1
06/26/2020 02:00:00 AM,3,2,1
06/26/2020 03:00:00 AM,2,1,1
06/26/2020 04:00:00 AM,8,4,4
06/26/2020 05:00:00 AM,31,17,14
06/26/2020 06:00:00 AM,77,27,50
06/26/2020 07:00:00 AM,162,82,80
06/26/2020 08:00:00 AM,184,66,118
06/26/2020 09:00:00 AM,150,60,90
06/26/2020 10:00:00 AM,113,44,69
06/26/2020 11:00:00 AM,140,60,80
06/26/2020 12:00:00 PM,159,78,81
06/26/2020 01:00:00 PM,199,89,110
06/26/2020 02:00:00 PM,189,95,94
06/26/2020 03:00:00 PM,262,118,144
06/26/2020 04:00:00 PM,359,151,208
06/26/2020 05:00:00 PM,353,142,211
06/26/2020 06:00:00 PM,236,95,141
06/26/2020 07:00:00 PM,144,62,82
06/26/2020 08:00:00 PM,125,38,87
06/26/2020 09:00:00 PM,71,33,38
06/26/2020 10:00:00 PM,34,16,18
06/26/2020 11:00:00 PM,23,12,11
06/27/2020 12:00:00 AM,9,2,7
06/27/2020 01:00:00 AM,2,0,2
06/27/2020 02:00:00 AM,2,1,1
06/27/2020 03:00:00 AM,6,3,3
06/27/2020 04:00:00 AM,7,3,4
06/27/2020 05:00:00 AM,8,3,5
06/27/2020 06:00:00 AM,13,6,7
06/27/2020 07:00:00 AM,31,11,20
06/27/2020 08:00:00 AM,41,19,22
06/27/2020 09:00:00 AM,107,50,57
06/27/2020 10:00:00 AM,110,53,57
06/27/2020 11:00:00 AM,82,31,51
06/27/2020 12:00:00 PM,74,30,44
06/27/2020 01:00:00 PM,46,25,21
06/27/2020 02:00:00 PM,49,30,19
06/27/2020 03:00:00 PM,51,15,36
06/27/2020 04:00:00 PM,67,26,41
06/27/2020 05:00:00 PM,76,36,40
06/27/2020 06:00:00 PM,71,35,36
06/27/2020 07:00:00 PM,53,13,40
06/27/2020 08:00:00 PM,21,6,15
06/27/2020 09:00:00 PM,22,8,14
06/27/2020 10:00:00 PM,17,5,12
06/27/2020 11:00:00 PM,2,1,1
06/28/2020 12:00:00 AM,4,0,4
06/28/2020 01:00:00 AM,0,0,0
06/28/2020 02:00:00 AM,0,0,0
06/28/2020 03:00:00 AM,0,0,0
06/28/2020 04:00:00 AM,0,0,0
06/28/2020 05:00:00 AM,5,0,5
06/28/2020 06:00:00 AM,10,6,4
06/28/2020 07:00:00 AM,11,5,6
06/28/2020 08:00:00 AM,35,11,24
06/28/2020 09:00:00 AM,60,27,33
06/28/2020 10:00:00 AM,64,27,37
06/28/2020 11:00:00 AM,130,61,69
06/28/2020 12:00:00 PM,173,77,96
06/28/2020 01:00:00 PM,272,126,146
06/28/2020 02:00:00 PM,358,158,200
06/28/2020 03:00:00 PM,426,162,264
06/28/2020 04:00:00 PM,347,165,182
06/28/2020 05:00:00 PM,296,126,170
06/28/2020 06:00:00 PM,214,107,107
06/28/2020 07:00:00 PM,190,77,113
06/28/2020 08:00:00 PM,121,64,57
06/28/2020 09:00:00 PM,69,39,30
06/28/2020 10:00:00 PM,32,17,15
06/28/2020 11:00:00 PM,18,5,13
06/29/2020 12:00:00 AM,4,2,2
06/29/2020 01:00:00 AM,2,2,0
06/29/2020 02:00:00 AM,3,2,1
06/29/2020 03:00:00 AM,1,1,0
06/29/2020 04:00:00 AM,9,6,3
06/29/2020 05:00:00 AM,28,13,15
06/29/2020 06:00:00 AM,73,34,39
06/29/2020 07:00:00 AM,142,64,78
06/29/2020 08:00:00 AM,169,66,103
06/29/2020 09:00:00 AM,124,49,75
06/29/2020 10:00:00 AM,98,30,68
06/29/2020 11:00:00 AM,97,49,48
06/29/2020 12:00:00 PM,102,44,58
06/29/2020 01:00:00 PM,134,60,74
06/29/2020 02:00:00 PM,155,59,96
06/29/2020 03:00:00 PM,226,102,124
06/29/2020 04:00:00 PM,290,120,170
06/29/2020 05:00:00 PM,379,162,217
06/29/2020 06:00:00 PM,256,91,165
06/29/2020 07:00:00 PM,230,97,133
06/29/2020 08:00:00 PM,140,70,70
06/29/2020 09:00:00 PM,59,33,26
06/29/2020 10:00:00 PM,18,7,11
06/29/2020 11:00:00 PM,10,4,6
06/30/2020 12:00:00 AM,4,4,0
06/30/2020 01:00:00 AM,3,3,0
06/30/2020 02:00:00 AM,3,1,2
06/30/2020 03:00:00 AM,0,0,0
06/30/2020 04:00:00 AM,5,4,1
06/30/2020 05:00:00 AM,22,12,10
06/30/2020 06:00:00 AM,56,25,31
06/30/2020 07:00:00 AM,109,52,57
06/30/2020 08:00:00 AM,118,51,67
06/30/2020 09:00:00 AM,68,23,45
06/30/2020 10:00:00 AM,51,21,30
06/30/2020 11:00:00 AM,49,19,30
06/30/2020 12:00:00 PM,67,33,34
06/30/2020 01:00:00 PM,80,37,43
06/30/2020 02:00:00 PM,86,32,54
06/30/2020 03:00:00 PM,125,45,80
06/30/2020 04:00:00 PM,158,47,111
06/30/2020 05:00:00 PM,238,86,152
06/30/2020 06:00:00 PM,191,66,125
06/30/2020 07:00:00 PM,110,45,65
06/30/2020 08:00:00 PM,90,37,53
06/30/2020 09:00:00 PM,44,14,30
06/30/2020 10:00:00 PM,12,7,5
06/30/2020 11:00:00 PM,14,6,8
07/01/2020 12:00:00 AM,9,7,2
07/01/2020 01:00:00 AM,1,1,0
07/01/2020 02:00:00 AM,1,0,1
07/01/2020 03:00:00 AM,1,1,0
07/01/2020 04:00:00 AM,6,4,2
07/01/2020 05:00:00 AM,20,12,8
07/01/2020 06:00:00 AM,54,26,28
07/01/2020 07:00:00 AM,104,51,53
07/01/2020 08:00:00 AM,121,55,66
07/01/2020 09:00:00 AM,98,43,55
07/01/2020 10:00:00 AM,57,12,45
07/01/2020 11:00:00 AM,69,39,30
07/01/2020 12:00:00 PM,99,49,50
07/01/2020 01:00:00 PM,110,46,64
07/01/2020 02:00:00 PM,130,56,74
07/01/2020 03:00:00 PM,117,44,73
07/01/2020 04:00:00 PM,259,98,161
07/01/2020 05:00:00 PM,242,79,163
07/01/2020 06:00:00 PM,217,73,144
07/01/2020 07:00:00 PM,148,54,94
07/01/2020 08:00:00 PM,98,34,64
07/01/2020 09:00:00 PM,40,23,17
07/01/2020 10:00:00 PM,30,12,18
07/01/2020 11:00:00 PM,10,5,5
07/02/2020 12:00:00 AM,7,2,5
07/02/2020 01:00:00 AM,3,0,3
07/02/2020 02:00:00 AM,1,1,0
07/02/2020 03:00:00 AM,3,2,1
07/02/2020 04:00:00 AM,2,1,1
07/02/2020 05:00:00 AM,33,18,15
07/02/2020 06:00:00 AM,84,44,40
07/02/2020 07:00:00 AM,133,69,64
07/02/2020 08:00:00 AM,142,66,76
07/02/2020 09:00:00 AM,108,35,73
07/02/2020 10:00:00 AM,105,30,75
07/02/2020 11:00:00 AM,71,33,38
07/02/2020 12:00:00 PM,95,42,53
07/02/2020 01:00:00 PM,95,38,57
07/02/2020 02:00:00 PM,119,55,64
07/02/2020 03:00:00 PM,180,69,111
07/02/2020 04:00:00 PM,237,99,138
07/02/2020 05:00:00 PM,259,99,160
07/02/2020 06:00:00 PM,207,95,112
07/02/2020 07:00:00 PM,154,58,96
07/02/2020 08:00:00 PM,114,50,64
07/02/2020 09:00:00 PM,49,16,33
07/02/2020 10:00:00 PM,31,15,16
07/02/2020 11:00:00 PM,8,1,7
07/03/2020 12:00:00 AM,6,1,5
07/03/2020 01:00:00 AM,6,2,4
07/03/2020 02:00:00 AM,1,1,0
07/03/2020 03:00:00 AM,2,1,1
07/03/2020 04:00:00 AM,3,0,3
07/03/2020 05:00:00 AM,16,6,10
07/03/2020 06:00:00 AM,33,17,16
07/03/2020 07:00:00 AM,57,19,38
07/03/2020 08:00:00 AM,92,38,54
07/03/2020 09:00:00 AM,92,32,60
07/03/2020 10:00:00 AM,106,42,64
07/03/2020 11:00:00 AM,159,81,78
07/03/2020 12:00:00 PM,210,90,120
07/03/2020 01:00:00 PM,254,113,141
07/03/2020 02:00:00 PM,245,110,135
07/03/2020 03:00:00 PM,267,135,132
07/03/2020 04:00:00 PM,231,94,137
07/03/2020 05:00:00 PM,215,73,142
07/03/2020 06:00:00 PM,177,68,109
07/03/2020 07:00:00 PM,139,60,79
07/03/2020 08:00:00 PM,77,37,40
07/03/2020 09:00:00 PM,49,25,24
07/03/2020 10:00:00 PM,25,10,15
07/03/2020 11:00:00 PM,12,8,4
07/04/2020 12:00:00 AM,8,3,5
07/04/2020 01:00:00 AM,4,1,3
07/04/2020 02:00:00 AM,3,1,2
07/04/2020 03:00:00 AM,1,1,0
07/04/2020 04:00:00 AM,1,0,1
07/04/2020 05:00:00 AM,11,1,10
07/04/2020 06:00:00 AM,11,6,5
07/04/2020 07:00:00 AM,41,24,17
07/04/2020 08:00:00 AM,66,33,33
07/04/2020 09:00:00 AM,96,38,58
07/04/2020 10:00:00 AM,106,37,69
07/04/2020 11:00:00 AM,223,108,115
07/04/2020 12:00:00 PM,247,108,139
07/04/2020 01:00:00 PM,273,124,149
07/04/2020 02:00:00 PM,255,102,153
07/04/2020 03:00:00 PM,267,118,149
07/04/2020 04:00:00 PM,251,108,143
07/04/2020 05:00:00 PM,190,91,99
07/04/2020 06:00:00 PM,129,62,67
07/04/2020 07:00:00 PM,126,45,81
07/04/2020 08:00:00 PM,96,43,53
07/04/2020 09:00:00 PM,58,24,34
07/04/2020 10:00:00 PM,47,27,20
07/04/2020 11:00:00 PM,21,12,9
07/05/2020 12:00:00 AM,15,6,9
07/05/2020 01:00:00 AM,8,2,6
07/05/2020 02:00:00 AM,4,2,2
07/05/2020 03:00:00 AM,0,0,0
07/05/2020 04:00:00 AM,0,0,0
07/05/2020 05:00:00 AM,15,3,12
07/05/2020 06:00:00 AM,23,5,18
07/05/2020 07:00:00 AM,38,15,23
07/05/2020 08:00:00 AM,69,33,36
07/05/2020 09:00:00 AM,121,57,64
07/05/2020 10:00:00 AM,144,75,69
07/05/2020 11:00:00 AM,230,111,119
07/05/2020 12:00:00 PM,243,92,151
07/05/2020 01:00:00 PM,276,120,156
07/05/2020 02:00:00 PM,303,128,175
07/05/2020 03:00:00 PM,318,144,174
07/05/2020 04:00:00 PM,260,126,134
07/05/2020 05:00:00 PM,255,115,140
07/05/2020 06:00:00 PM,204,93,111
07/05/2020 07:00:00 PM,154,54,100
07/05/2020 08:00:00 PM,115,55,60
07/05/2020 09:00:00 PM,47,17,30
07/05/2020 10:00:00 PM,16,10,6
07/05/2020 11:00:00 PM,7,5,2
07/06/2020 12:00:00 AM,4,1,3
07/06/2020 01:00:00 AM,2,1,1
07/06/2020 02:00:00 AM,0,0,0
07/06/2020 03:00:00 AM,2,0,2
07/06/2020 04:00:00 AM,8,3,5
07/06/2020 05:00:00 AM,29,17,12
07/06/2020 06:00:00 AM,83,34,49
07/06/2020 07:00:00 AM,153,80,73
07/06/2020 08:00:00 AM,171,50,121
07/06/2020 09:00:00 AM,125,48,77
07/06/2020 10:00:00 AM,105,28,77
07/06/2020 11:00:00 AM,116,52,64
07/06/2020 12:00:00 PM,147,66,81
07/06/2020 01:00:00 PM,123,57,66
07/06/2020 02:00:00 PM,189,83,106
07/06/2020 03:00:00 PM,170,65,105
07/06/2020 04:00:00 PM,301,117,184
07/06/2020 05:00:00 PM,340,126,214
07/06/2020 06:00:00 PM,295,118,177
07/06/2020 07:00:00 PM,178,69,109
07/06/2020 08:00:00 PM,125,48,77
07/06/2020 09:00:00 PM,45,18,27
07/06/2020 10:00:00 PM,20,11,9
07/06/2020 11:00:00 PM,12,4,8
07/07/2020 12:00:00 AM,7,3,4
07/07/2020 01:00:00 AM,4,0,4
07/07/2020 02:00:00 AM,2,1,1
07/07/2020 03:00:00 AM,0,0,0
07/07/2020 04:00:00 AM,6,4,2
07/07/2020 05:00:00 AM,29,18,11
07/07/2020 06:00:00 AM,67,30,37
07/07/2020 07:00:00 AM,138,66,72
07/07/2020 08:00:00 AM,166,73,93
07/07/2020 09:00:00 AM,120,40,80
07/07/2020 10:00:00 AM,83,25,58
07/07/2020 11:00:00 AM,112,54,58
07/07/2020 12:00:00 PM,101,51,50
07/07/2020 01:00:00 PM,108,45,63
07/07/2020 02:00:00 PM,102,33,69
07/07/2020 03:00:00 PM,156,58,98
07/07/2020 04:00:00 PM,228,89,139
07/07/2020 05:00:00 PM,282,116,166
07/07/2020 06:00:00 PM,221,89,132
07/07/2020 07:00:00 PM,157,64,93
07/07/2020 08:00:00 PM,89,45,44
07/07/2020 09:00:00 PM,38,18,20
07/07/2020 10:00:00 PM,16,8,8
07/07/2020 11:00:00 PM,9,3,6
07/08/2020 12:00:00 AM,1,0,1
07/08/2020 01:00:00 AM,4,3,1
07/08/2020 02:00:00 AM,4,2,2
07/08/2020 03:00:00 AM,2,2,0
07/08/2020 04:00:00 AM,5,3,2
07/08/2020 05:00:00 AM,28,13,15
07/08/2020 06:00:00 AM,94,41,53
07/08/2020 07:00:00 AM,172,100,72
07/08/2020 08:00:00 AM,182,77,105
07/08/2020 09:00:00 AM,128,52,76
07/08/2020 10:00:00 AM,102,36,66
07/08/2020 11:00:00 AM,117,62,55
07/08/2020 12:00:00 PM,144,61,83
07/08/2020 01:00:00 PM,138,64,74
07/08/2020 02:00:00 PM,155,72,83
07/08/2020 03:00:00 PM,215,96,119
07/08/2020 04:00:00 PM,335,136,199
07/08/2020 05:00:00 PM,440,159,281
07/08/2020 06:00:00 PM,377,156,221
07/08/2020 07:00:00 PM,325,130,195
07/08/2020 08:00:00 PM,161,76,85
07/08/2020 09:00:00 PM,96,47,49
07/08/2020 10:00:00 PM,32,19,13
07/08/2020 11:00:00 PM,13,6,7
07/09/2020 12:00:00 AM,7,0,7
07/09/2020 01:00:00 AM,3,2,1
07/09/2020 02:00:00 AM,2,2,0
07/09/2020 03:00:00 AM,4,2,2
07/09/2020 04:00:00 AM,6,3,3
07/09/2020 05:00:00 AM,33,13,20
07/09/2020 06:00:00 AM,64,32,32
07/09/2020 07:00:00 AM,119,61,58
07/09/2020 08:00:00 AM,137,54,83
07/09/2020 09:00:00 AM,92,35,57
07/09/2020 10:00:00 AM,82,40,42
07/09/2020 11:00:00 AM,85,31,54
07/09/2020 12:00:00 PM,102,43,59
07/09/2020 01:00:00 PM,96,44,52
07/09/2020 02:00:00 PM,129,60,69
07/09/2020 03:00:00 PM,137,54,83
07/09/2020 04:00:00 PM,205,79,126
07/09/2020 05:00:00 PM,314,108,206
07/09/2020 06:00:00 PM,267,108,159
07/09/2020 07:00:00 PM,213,80,133
07/09/2020 08:00:00 PM,163,72,91
07/09/2020 09:00:00 PM,112,57,55
07/09/2020 10:00:00 PM,25,11,14
07/09/2020 11:00:00 PM,14,3,11
07/10/2020 12:00:00 AM,2,1,1
07/10/2020 01:00:00 AM,4,1,3
07/10/2020 02:00:00 AM,3,1,2
07/10/2020 03:00:00 AM,1,1,0
07/10/2020 04:00:00 AM,4,1,3
07/10/2020 05:00:00 AM,34,20,14
07/10/2020 06:00:00 AM,89,37,52
07/10/2020 07:00:00 AM,149,69,80
07/10/2020 08:00:00 AM,157,58,99
07/10/2020 09:00:00 AM,125,50,75
07/10/2020 10:00:00 AM,87,38,49
07/10/2020 11:00:00 AM,115,55,60
07/10/2020 12:00:00 PM,153,59,94
07/10/2020 01:00:00 PM,150,69,81
07/10/2020 02:00:00 PM,226,115,111
07/10/2020 03:00:00 PM,255,108,147
07/10/2020 04:00:00 PM,321,124,197
07/10/2020 05:00:00 PM,367,128,239
07/10/2020 06:00:00 PM,320,101,219
07/10/2020 07:00:00 PM,265,105,160
07/10/2020 08:00:00 PM,152,55,97
07/10/2020 09:00:00 PM,107,44,63
07/10/2020 10:00:00 PM,40,14,26
07/10/2020 11:00:00 PM,15,7,8
07/11/2020 12:00:00 AM,12,6,6
07/11/2020 01:00:00 AM,4,3,1
07/11/2020 02:00:00 AM,5,1,4
07/11/2020 03:00:00 AM,0,0,0
07/11/2020 04:00:00 AM,4,2,2
07/11/2020 05:00:00 AM,8,3,5
07/11/2020 06:00:00 AM,38,19,19
07/11/2020 07:00:00 AM,55,28,27
07/11/2020 08:00:00 AM,97,48,49
07/11/2020 09:00:00 AM,153,67,86
07/11/2020 10:00:00 AM,234,105,129
07/11/2020 11:00:00 AM,227,120,107
07/11/2020 12:00:00 PM,257,110,147
07/11/2020 01:00:00 PM,291,118,173
07/11/2020 02:00:00 PM,315,135,180
07/11/2020 03:00:00 PM,308,145,163
07/11/2020 04:00:00 PM,242,120,122
07/11/2020 05:00:00 PM,196,92,104
07/11/2020 06:00:00 PM,118,43,75
07/11/2020 07:00:00 PM,84,35,49
07/11/2020 08:00:00 PM,71,30,41
07/11/2020 09:00:00 PM,56,22,34
07/11/2020 10:00:00 PM,25,10,15
07/11/2020 11:00:00 PM,20,13,7
07/12/2020 12:00:00 AM,6,1,5
07/12/2020 01:00:00 AM,3,0,3
07/12/2020 02:00:00 AM,1,1,0
07/12/2020 03:00:00 AM,0,0,0
07/12/2020 04:00:00 AM,3,0,3
07/12/2020 05:00:00 AM,3,1,2
07/12/2020 06:00:00 AM,7,4,3
07/12/2020 07:00:00 AM,25,13,12
07/12/2020 08:00:00 AM,32,12,20
07/12/2020 09:00:00 AM,26,12,14
07/12/2020 10:00:00 AM,43,17,26
07/12/2020 11:00:00 AM,85,36,49
07/12/2020 12:00:00 PM,175,65,110
07/12/2020 01:00:00 PM,201,102,99
07/12/2020 02:00:00 PM,268,120,148
07/12/2020 03:00:00 PM,286,132,154
07/12/2020 04:00:00 PM,278,118,160
07/12/2020 05:00:00 PM,283,138,145
07/12/2020 06:00:00 PM,208,83,125
07/12/2020 07:00:00 PM,156,68,88
07/12/2020 08:00:00 PM,75,36,39
07/12/2020 09:00:00 PM,50,19,31
07/12/2020 10:00:00 PM,20,12,8
07/12/2020 11:00:00 PM,18,3,15
07/13/2020 12:00:00 AM,8,5,3
07/13/2020 01:00:00 AM,2,0,2
07/13/2020 02:00:00 AM,0,0,0
07/13/2020 03:00:00 AM,1,0,1
07/13/2020 04:00:00 AM,4,1,3
07/13/2020 05:00:00 AM,37,20,17
07/13/2020 06:00:00 AM,94,52,42
07/13/2020 07:00:00 AM,161,77,84
07/13/2020 08:00:00 AM,173,61,112
07/13/2020 09:00:00 AM,134,49,85
07/13/2020 10:00:00 AM,114,47,67
07/13/2020 11:00:00 AM,142,80,62
07/13/2020 12:00:00 PM,141,60,81
07/13/2020 01:00:00 PM,120,63,57
07/13/2020 02:00:00 PM,140,51,89
07/13/2020 03:00:00 PM,225,96,129
07/13/2020 04:00:00 PM,323,141,182
07/13/2020 05:00:00 PM,461,175,286
07/13/2020 06:00:00 PM,335,138,197
07/13/2020 07:00:00 PM,236,98,138
07/13/2020 08:00:00 PM,192,89,103
07/13/2020 09:00:00 PM,103,51,52
07/13/2020 10:00:00 PM,20,11,9
07/13/2020 11:00:00 PM,12,3,9
07/14/2020 12:00:00 AM,4,2,2
07/14/2020 01:00:00 AM,6,3,3
07/14/2020 02:00:00 AM,1,1,0
07/14/2020 03:00:00 AM,1,0,1
07/14/2020 04:00:00 AM,5,3,2
07/14/2020 05:00:00 AM,28,13,15
07/14/2020 06:00:00 AM,110,56,54
07/14/2020 07:00:00 AM,196,91,105
07/14/2020 08:00:00 AM,193,93,100
07/14/2020 09:00:00 AM,129,64,65
07/14/2020 10:00:00 AM,156,64,92
07/14/2020 11:00:00 AM,119,60,59
07/14/2020 12:00:00 PM,149,74,75
07/14/2020 01:00:00 PM,158,69,89
07/14/2020 02:00:00 PM,182,82,100
07/14/2020 03:00:00 PM,217,83,134
07/14/2020 04:00:00 PM,315,104,211
07/14/2020 05:00:00 PM,440,158,282
07/14/2020 06:00:00 PM,356,156,200
07/14/2020 07:00:00 PM,250,107,143
07/14/2020 08:00:00 PM,169,81,88
07/14/2020 09:00:00 PM,107,52,55
07/14/2020 10:00:00 PM,41,20,21
07/14/2020 11:00:00 PM,23,7,16
07/15/2020 12:00:00 AM,7,3,4
07/15/2020 01:00:00 AM,4,1,3
07/15/2020 02:00:00 AM,0,0,0
07/15/2020 03:00:00 AM,3,2,1
07/15/2020 04:00:00 AM,7,4,3
07/15/2020 05:00:00 AM,33,14,19
07/15/2020 06:00:00 AM,110,58,52
07/15/2020 07:00:00 AM,178,87,91
07/15/2020 08:00:00 AM,197,80,117
07/15/2020 09:00:00 AM,124,55,69
07/15/2020 10:00:00 AM,120,48,72
07/15/2020 11:00:00 AM,153,56,97
07/15/2020 12:00:00 PM,174,88,86
07/15/2020 01:00:00 PM,170,74,96
07/15/2020 02:00:00 PM,187,100,87
07/15/2020 03:00:00 PM,221,79,142
07/15/2020 04:00:00 PM,323,120,203
07/15/2020 05:00:00 PM,448,187,261
07/15/2020 06:00:00 PM,354,133,221
07/15/2020 07:00:00 PM,291,140,151
07/15/2020 08:00:00 PM,157,57,100
07/15/2020 09:00:00 PM,121,59,62
07/15/2020 10:00:00 PM,36,17,19
07/15/2020 11:00:00 PM,16,8,8
07/16/2020 12:00:00 AM,12,9,3
07/16/2020 01:00:00 AM,5,3,2
07/16/2020 02:00:00 AM,1,1,0
07/16/2020 03:00:00 AM,5,3,2
07/16/2020 04:00:00 AM,7,3,4
07/16/2020 05:00:00 AM,24,11,13
07/16/2020 06:00:00 AM,100,53,47
07/16/2020 07:00:00 AM,186,86,100
07/16/2020 08:00:00 AM,201,74,127
07/16/2020 09:00:00 AM,125,46,79
07/16/2020 10:00:00 AM,133,52,81
07/16/2020 11:00:00 AM,121,58,63
07/16/2020 12:00:00 PM,133,67,66
07/16/2020 01:00:00 PM,133,58,75
07/16/2020 02:00:00 PM,151,66,85
07/16/2020 03:00:00 PM,205,83,122
07/16/2020 04:00:00 PM,274,118,156
07/16/2020 05:00:00 PM,351,144,207
07/16/2020 06:00:00 PM,295,116,179
07/16/2020 07:00:00 PM,204,90,114
07/16/2020 08:00:00 PM,110,36,74
07/16/2020 09:00:00 PM,67,28,39
07/16/2020 10:00:00 PM,32,19,13
07/16/2020 11:00:00 PM,11,4,7
07/17/2020 12:00:00 AM,10,4,6
07/17/2020 01:00:00 AM,2,2,0
07/17/2020 02:00:00 AM,4,3,1
07/17/2020 03:00:00 AM,2,1,1
07/17/2020 04:00:00 AM,3,1,2
07/17/2020 05:00:00 AM,26,12,14
07/17/2020 06:00:00 AM,51,28,23
07/17/2020 07:00:00 AM,113,52,61
07/17/2020 08:00:00 AM,130,46,84
07/17/2020 09:00:00 AM,99,39,60
07/17/2020 10:00:00 AM,64,33,31
07/17/2020 11:00:00 AM,90,48,42
07/17/2020 12:00:00 PM,95,51,44
07/17/2020 01:00:00 PM,98,52,46
07/17/2020 02:00:00 PM,127,52,75
07/17/2020 03:00:00 PM,149,63,86
07/17/2020 04:00:00 PM,220,96,124
07/17/2020 05:00:00 PM,248,89,159
07/17/2020 06:00:00 PM,237,97,140
07/17/2020 07:00:00 PM,177,61,116
07/17/2020 08:00:00 PM,117,61,56
07/17/2020 09:00:00 PM,66,39,27
07/17/2020 10:00:00 PM,41,14,27
07/17/2020 11:00:00 PM,14,5,9
07/18/2020 12:00:00 AM,15,10,5
07/18/2020 01:00:00 AM,5,5,0
07/18/2020 02:00:00 AM,3,2,1
07/18/2020 03:00:00 AM,3,1,2
07/18/2020 04:00:00 AM,3,0,3
07/18/2020 05:00:00 AM,10,4,6
07/18/2020 06:00:00 AM,33,12,21
07/18/2020 07:00:00 AM,79,30,49
07/18/2020 08:00:00 AM,144,60,84
07/18/2020 09:00:00 AM,160,80,80
07/18/2020 10:00:00 AM,211,108,103
07/18/2020 11:00:00 AM,245,110,135
07/18/2020 12:00:00 PM,298,116,182
07/18/2020 01:00:00 PM,338,145,193
07/18/2020 02:00:00 PM,331,161,170
07/18/2020 03:00:00 PM,300,120,180
07/18/2020 04:00:00 PM,297,143,154
07/18/2020 05:00:00 PM,288,121,167
07/18/2020 06:00:00 PM,269,83,186
07/18/2020 07:00:00 PM,182,94,88
07/18/2020 08:00:00 PM,137,57,80
07/18/2020 09:00:00 PM,109,53,56
07/18/2020 10:00:00 PM,57,33,24
07/18/2020 11:00:00 PM,12,8,4
07/19/2020 12:00:00 AM,11,10,1
07/19/2020 01:00:00 AM,16,14,2
07/19/2020 02:00:00 AM,3,2,1
07/19/2020 03:00:00 AM,0,0,0
07/19/2020 04:00:00 AM,1,1,0
07/19/2020 05:00:00 AM,8,2,6
07/19/2020 06:00:00 AM,17,7,10
07/19/2020 07:00:00 AM,62,31,31
07/19/2020 08:00:00 AM,104,48,56
07/19/2020 09:00:00 AM,162,74,88
07/19/2020 10:00:00 AM,216,96,120
07/19/2020 11:00:00 AM,254,132,122
07/19/2020 12:00:00 PM,322,127,195
07/19/2020 01:00:00 PM,278,109,169
07/19/2020 02:00:00 PM,300,141,159
07/19/2020 03:00:00 PM,252,134,118
07/19/2020 04:00:00 PM,227,101,126
07/19/2020 05:00:00 PM,233,111,122
07/19/2020 06:00:00 PM,169,85,84
07/19/2020 07:00:00 PM,133,61,72
07/19/2020 08:00:00 PM,107,58,49
07/19/2020 09:00:00 PM,60,21,39
07/19/2020 10:00:00 PM,23,13,10
07/19/2020 11:00:00 PM,10,7,3
07/20/2020 12:00:00 AM,6,3,3
07/20/2020 01:00:00 AM,0,0,0
07/20/2020 02:00:00 AM,5,4,1
07/20/2020 03:00:00 AM,2,1,1
07/20/2020 04:00:00 AM,8,4,4
07/20/2020 05:00:00 AM,28,11,17
07/20/2020 06:00:00 AM,87,44,43
07/20/2020 07:00:00 AM,187,87,100
07/20/2020 08:00:00 AM,170,61,109
07/20/2020 09:00:00 AM,133,51,82
07/20/2020 10:00:00 AM,106,54,52
07/20/2020 11:00:00 AM,105,46,59
07/20/2020 12:00:00 PM,139,64,75
07/20/2020 01:00:00 PM,115,47,68
07/20/2020 02:00:00 PM,143,62,81
07/20/2020 03:00:00 PM,187,78,109
07/20/2020 04:00:00 PM,257,80,177
07/20/2020 05:00:00 PM,358,124,234
07/20/2020 06:00:00 PM,269,90,179
07/20/2020 07:00:00 PM,253,94,159
07/20/2020 08:00:00 PM,186,77,109
07/20/2020 09:00:00 PM,95,33,62
07/20/2020 10:00:00 PM,25,8,17
07/20/2020 11:00:00 PM,21,12,9
07/21/2020 12:00:00 AM,7,4,3
07/21/2020 01:00:00 AM,4,0,4
07/21/2020 02:00:00 AM,8,1,7
07/21/2020 03:00:00 AM,1,1,0
07/21/2020 04:00:00 AM,7,5,2
07/21/2020 05:00:00 AM,34,16,18
07/21/2020 06:00:00 AM,107,51,56
07/21/2020 07:00:00 AM,187,83,104
07/21/2020 08:00:00 AM,218,109,109
07/21/2020 09:00:00 AM,123,55,68
07/21/2020 10:00:00 AM,128,64,64
07/21/2020 11:00:00 AM,149,62,87
07/21/2020 12:00:00 PM,129,44,85
07/21/2020 01:00:00 PM,144,63,81
07/21/2020 02:00:00 PM,145,68,77
07/21/2020 03:00:00 PM,201,89,112
07/21/2020 04:00:00 PM,253,97,156
07/21/2020 05:00:00 PM,419,140,279
07/21/2020 06:00:00 PM,304,138,166
07/21/2020 07:00:00 PM,270,116,154
07/21/2020 08:00:00 PM,168,79,89
07/21/2020 09:00:00 PM,107,43,64
07/21/2020 10:00:00 PM,26,7,19
07/21/2020 11:00:00 PM,19,10,9
07/22/2020 12:00:00 AM,7,6,1
07/22/2020 01:00:00 AM,3,1,2
07/22/2020 02:00:00 AM,7,5,2
07/22/2020 03:00:00 AM,4,2,2
07/22/2020 04:00:00 AM,10,5,5
07/22/2020 05:00:00 AM,29,15,14
07/22/2020 06:00:00 AM,83,41,42
07/22/2020 07:00:00 AM,167,80,87
07/22/2020 08:00:00 AM,195,79,116
07/22/2020 09:00:00 AM,118,48,70
07/22/2020 10:00:00 AM,97,33,64
07/22/2020 11:00:00 AM,94,42,52
07/22/2020 12:00:00 PM,96,38,58
07/22/2020 01:00:00 PM,111,41,70
07/22/2020 02:00:00 PM,141,64,77
07/22/2020 03:00:00 PM,195,87,108
07/22/2020 04:00:00 PM,228,88,140
07/22/2020 05:00:00 PM,347,121,226
07/22/2020 06:00:00 PM,299,106,193
07/22/2020 07:00:00 PM,199,86,113
07/22/2020 08:00:00 PM,152,67,85
07/22/2020 09:00:00 PM,95,39,56
07/22/2020 10:00:00 PM,33,18,15
07/22/2020 11:00:00 PM,15,5,10
07/23/2020 12:00:00 AM,8,5,3
07/23/2020 01:00:00 AM,5,1,4
07/23/2020 02:00:00 AM,0,0,0
07/23/2020 03:00:00 AM,6,2,4
07/23/2020 04:00:00 AM,6,2,4
07/23/2020 05:00:00 AM,23,14,9
07/23/2020 06:00:00 AM,71,31,40
07/23/2020 07:00:00 AM,169,82,87
07/23/2020 08:00:00 AM,159,61,98
07/23/2020 09:00:00 AM,114,44,70
07/23/2020 10:00:00 AM,115,51,64
07/23/2020 11:00:00 AM,106,62,44
07/23/2020 12:00:00 PM,158,82,76
07/23/2020 01:00:00 PM,137,63,74
07/23/2020 02:00:00 PM,145,80,65
07/23/2020 03:00:00 PM,197,93,104
07/23/2020 04:00:00 PM,270,119,151
07/23/2020 05:00:00 PM,323,115,208
07/23/2020 06:00:00 PM,284,134,150
07/23/2020 07:00:00 PM,285,114,171
07/23/2020 08:00:00 PM,179,88,91
07/23/2020 09:00:00 PM,62,28,34
07/23/2020 10:00:00 PM,27,17,10
07/23/2020 11:00:00 PM,11,6,5
07/24/2020 12:00:00 AM,8,3,5
07/24/2020 01:00:00 AM,3,2,1
07/24/2020 02:00:00 AM,4,2,2
07/24/2020 03:00:00 AM,3,1,2
07/24/2020 04:00:00 AM,4,1,3
07/24/2020 05:00:00 AM,26,9,17
07/24/2020 06:00:00 AM,71,27,44
07/24/2020 07:00:00 AM,137,63,74
07/24/2020 08:00:00 AM,167,64,103
07/24/2020 09:00:00 AM,125,55,70
07/24/2020 10:00:00 AM,120,56,64
07/24/2020 11:00:00 AM,117,50,67
07/24/2020 12:00:00 PM,148,56,92
07/24/2020 01:00:00 PM,151,64,87
07/24/2020 02:00:00 PM,167,87,80
07/24/2020 03:00:00 PM,251,108,143
07/24/2020 04:00:00 PM,249,106,143
07/24/2020 05:00:00 PM,306,107,199
07/24/2020 06:00:00 PM,233,85,148
07/24/2020 07:00:00 PM,144,60,84
07/24/2020 08:00:00 PM,100,45,55
07/24/2020 09:00:00 PM,73,34,39
07/24/2020 10:00:00 PM,31,11,20
07/24/2020 11:00:00 PM,20,11,9
07/25/2020 12:00:00 AM,15,5,10
07/25/2020 01:00:00 AM,2,0,2
07/25/2020 02:00:00 AM,0,0,0
07/25/2020 03:00:00 AM,2,2,0
07/25/2020 04:00:00 AM,1,0,1
07/25/2020 05:00:00 AM,13,5,8
07/25/2020 06:00:00 AM,35,13,22
07/25/2020 07:00:00 AM,60,22,38
07/25/2020 08:00:00 AM,135,66,69
07/25/2020 09:00:00 AM,177,91,86
07/25/2020 10:00:00 AM,221,93,128
07/25/2020 11:00:00 AM,268,116,152
07/25/2020 12:00:00 PM,270,115,155
07/25/2020 01:00:00 PM,345,169,176
07/25/2020 02:00:00 PM,329,134,195
07/25/2020 03:00:00 PM,328,165,163
07/25/2020 04:00:00 PM,262,116,146
07/25/2020 05:00:00 PM,315,161,154
07/25/2020 06:00:00 PM,236,106,130
07/25/2020 07:00:00 PM,147,75,72
07/25/2020 08:00:00 PM,150,71,79
07/25/2020 09:00:00 PM,88,39,49
07/25/2020 10:00:00 PM,29,14,15
07/25/2020 11:00:00 PM,27,8,19
07/26/2020 12:00:00 AM,16,2,14
07/26/2020 01:00:00 AM,3,2,1
07/26/2020 02:00:00 AM,3,0,3
07/26/2020 03:00:00 AM,3,1,2
07/26/2020 04:00:00 AM,1,0,1
07/26/2020 05:00:00 AM,9,5,4
07/26/2020 06:00:00 AM,28,19,9
07/26/2020 07:00:00 AM,63,33,30
07/26/2020 08:00:00 AM,92,39,53
07/26/2020 09:00:00 AM,179,90,89
07/26/2020 10:00:00 AM,218,103,115
07/26/2020 11:00:00 AM,269,122,147
07/26/2020 12:00:00 PM,306,138,168
07/26/2020 01:00:00 PM,306,147,159
07/26/2020 02:00:00 PM,298,144,154
07/26/2020 03:00:00 PM,307,145,162
07/26/2020 04:00:00 PM,227,100,127
07/26/2020 05:00:00 PM,240,89,151
07/26/2020 06:00:00 PM,197,79,118
07/26/2020 07:00:00 PM,157,68,89
07/26/2020 08:00:00 PM,107,57,50
07/26/2020 09:00:00 PM,78,45,33
07/26/2020 10:00:00 PM,17,9,8
07/26/2020 11:00:00 PM,16,7,9
07/27/2020 12:00:00 AM,2,1,1
07/27/2020 01:00:00 AM,1,0,1
07/27/2020 02:00:00 AM,1,1,0
07/27/2020 03:00:00 AM,2,1,1
07/27/2020 04:00:00 AM,9,6,3
07/27/2020 05:00:00 AM,23,11,12
07/27/2020 06:00:00 AM,65,25,40
07/27/2020 07:00:00 AM,158,76,82
07/27/2020 08:00:00 AM,175,66,109
07/27/2020 09:00:00 AM,153,55,98
07/27/2020 10:00:00 AM,116,48,68
07/27/2020 11:00:00 AM,90,36,54
07/27/2020 12:00:00 PM,115,55,60
07/27/2020 01:00:00 PM,113,49,64
07/27/2020 02:00:00 PM,133,41,92
07/27/2020 03:00:00 PM,142,54,88
07/27/2020 04:00:00 PM,211,83,128
07/27/2020 05:00:00 PM,297,81,216
07/27/2020 06:00:00 PM,240,79,161
07/27/2020 07:00:00 PM,200,86,114
07/27/2020 08:00:00 PM,128,72,56
07/27/2020 09:00:00 PM,88,40,48
07/27/2020 10:00:00 PM,30,11,19
07/27/2020 11:00:00 PM,9,5,4
07/28/2020 12:00:00 AM,2,0,2
07/28/2020 01:00:00 AM,2,1,1
07/28/2020 02:00:00 AM,2,1,1
07/28/2020 03:00:00 AM,2,0,2
07/28/2020 04:00:00 AM,10,4,6
07/28/2020 05:00:00 AM,25,15,10
07/28/2020 06:00:00 AM,103,51,52
07/28/2020 07:00:00 AM,194,91,103
07/28/2020 08:00:00 AM,229,88,141
07/28/2020 09:00:00 AM,134,46,88
07/28/2020 10:00:00 AM,104,47,57
07/28/2020 11:00:00 AM,113,47,66
07/28/2020 12:00:00 PM,136,50,86
07/28/2020 01:00:00 PM,125,69,56
07/28/2020 02:00:00 PM,149,71,78
07/28/2020 03:00:00 PM,164,75,89
07/28/2020 04:00:00 PM,288,128,160
07/28/2020 05:00:00 PM,401,142,259
07/28/2020 06:00:00 PM,324,143,181
07/28/2020 07:00:00 PM,246,107,139
07/28/2020 08:00:00 PM,186,68,118
07/28/2020 09:00:00 PM,95,35,60
07/28/2020 10:00:00 PM,34,13,21
07/28/2020 11:00:00 PM,17,6,11
07/29/2020 12:00:00 AM,6,1,5
07/29/2020 01:00:00 AM,4,2,2
07/29/2020 02:00:00 AM,1,1,0
07/29/2020 03:00:00 AM,1,1,0
07/29/2020 04:00:00 AM,6,4,2
07/29/2020 05:00:00 AM,32,17,15
07/29/2020 06:00:00 AM,98,51,47
07/29/2020 07:00:00 AM,206,102,104
07/29/2020 08:00:00 AM,228,92,136
07/29/2020 09:00:00 AM,147,65,82
07/29/2020 10:00:00 AM,116,47,69
07/29/2020 11:00:00 AM,103,50,53
07/29/2020 12:00:00 PM,120,61,59
07/29/2020 01:00:00 PM,106,45,61
07/29/2020 02:00:00 PM,160,73,87
07/29/2020 03:00:00 PM,224,90,134
07/29/2020 04:00:00 PM,273,113,160
07/29/2020 05:00:00 PM,355,153,202
07/29/2020 06:00:00 PM,373,140,233
07/29/2020 07:00:00 PM,257,96,161
07/29/2020 08:00:00 PM,197,92,105
07/29/2020 09:00:00 PM,117,53,64
07/29/2020 10:00:00 PM,35,13,22
07/29/2020 11:00:00 PM,24,11,13
07/30/2020 12:00:00 AM,4,0,4
07/30/2020 01:00:00 AM,4,2,2
07/30/2020 02:00:00 AM,1,0,1
07/30/2020 03:00:00 AM,2,1,1
07/30/2020 04:00:00 AM,6,1,5
07/30/2020 05:00:00 AM,34,21,13
07/30/2020 06:00:00 AM,93,42,51
07/30/2020 07:00:00 AM,200,102,98
07/30/2020 08:00:00 AM,213,91,122
07/30/2020 09:00:00 AM,157,67,90
07/30/2020 10:00:00 AM,104,29,75
07/30/2020 11:00:00 AM,130,57,73
07/30/2020 12:00:00 PM,123,49,74
07/30/2020 01:00:00 PM,116,46,70
07/30/2020 02:00:00 PM,131,64,67
07/30/2020 03:00:00 PM,178,75,103
07/30/2020 04:00:00 PM,268,103,165
07/30/2020 05:00:00 PM,324,113,211
07/30/2020 06:00:00 PM,343,149,194
07/30/2020 07:00:00 PM,251,111,140
07/30/2020 08:00:00 PM,166,63,103
07/30/2020 09:00:00 PM,84,41,43
07/30/2020 10:00:00 PM,49,20,29
07/30/2020 11:00:00 PM,14,6,8
07/31/2020 12:00:00 AM,10,8,2
07/31/2020 01:00:00 AM,1,0,1
07/31/2020 02:00:00 AM,2,2,0
07/31/2020 03:00:00 AM,2,2,0
07/31/2020 04:00:00 AM,6,2,4
07/31/2020 05:00:00 AM,30,16,14
07/31/2020 06:00:00 AM,83,36,47
07/31/2020 07:00:00 AM,173,86,87
07/31/2020 08:00:00 AM,191,68,123
07/31/2020 09:00:00 AM,172,70,102
07/31/2020 10:00:00 AM,110,52,58
07/31/2020 11:00:00 AM,162,69,93
07/31/2020 12:00:00 PM,141,62,79
07/31/2020 01:00:00 PM,160,73,87
07/31/2020 02:00:00 PM,165,74,91
07/31/2020 03:00:00 PM,206,89,117
07/31/2020 04:00:00 PM,254,106,148
07/31/2020 05:00:00 PM,358,145,213
07/31/2020 06:00:00 PM,285,125,160
07/31/2020 07:00:00 PM,191,87,104
07/31/2020 08:00:00 PM,141,54,87
07/31/2020 09:00:00 PM,75,29,46
07/31/2020 10:00:00 PM,34,18,16
07/31/2020 11:00:00 PM,12,7,5
08/01/2020 12:00:00 AM,10,4,6
08/01/2020 01:00:00 AM,6,2,4
08/01/2020 02:00:00 AM,1,1,0
08/01/2020 03:00:00 AM,4,2,2
08/01/2020 04:00:00 AM,4,1,3
08/01/2020 05:00:00 AM,11,5,6
08/01/2020 06:00:00 AM,22,9,13
08/01/2020 07:00:00 AM,64,27,37
08/01/2020 08:00:00 AM,109,48,61
08/01/2020 09:00:00 AM,171,84,87
08/01/2020 10:00:00 AM,216,96,120
08/01/2020 11:00:00 AM,219,90,129
08/01/2020 12:00:00 PM,197,113,84
08/01/2020 01:00:00 PM,276,134,142
08/01/2020 02:00:00 PM,309,154,155
08/01/2020 03:00:00 PM,273,134,139
08/01/2020 04:00:00 PM,305,130,175
08/01/2020 05:00:00 PM,256,115,141
08/01/2020 06:00:00 PM,204,103,101
08/01/2020 07:00:00 PM,192,95,97
08/01/2020 08:00:00 PM,116,64,52
08/01/2020 09:00:00 PM,88,38,50
08/01/2020 10:00:00 PM,39,21,18
08/01/2020 11:00:00 PM,18,11,7
08/02/2020 12:00:00 AM,16,2,14
08/02/2020 01:00:00 AM,2,1,1
08/02/2020 02:00:00 AM,7,0,7
08/02/2020 03:00:00 AM,4,0,4
08/02/2020 04:00:00 AM,2,2,0
08/02/2020 05:00:00 AM,11,4,7
08/02/2020 06:00:00 AM,32,17,15
08/02/2020 07:00:00 AM,60,24,36
08/02/2020 08:00:00 AM,111,44,67
08/02/2020 09:00:00 AM,202,95,107
08/02/2020 10:00:00 AM,235,114,121
08/02/2020 11:00:00 AM,279,128,151
08/02/2020 12:00:00 PM,336,161,175
08/02/2020 01:00:00 PM,318,143,175
08/02/2020 02:00:00 PM,342,154,188
08/02/2020 03:00:00 PM,326,157,169
08/02/2020 04:00:00 PM,255,102,153
08/02/2020 05:00:00 PM,220,104,116
08/02/2020 06:00:00 PM,206,87,119
08/02/2020 07:00:00 PM,126,48,78
08/02/2020 08:00:00 PM,118,45,73
08/02/2020 09:00:00 PM,55,23,32
08/02/2020 10:00:00 PM,17,10,7
08/02/2020 11:00:00 PM,8,5,3
08/03/2020 12:00:00 AM,4,2,2
08/03/2020 01:00:00 AM,3,2,1
08/03/2020 02:00:00 AM,1,1,0
08/03/2020 03:00:00 AM,1,0,1
08/03/2020 04:00:00 AM,5,3,2
08/03/2020 05:00:00 AM,31,14,17
08/03/2020 06:00:00 AM,73,29,44
08/03/2020 07:00:00 AM,182,79,103
08/03/2020 08:00:00 AM,209,78,131
08/03/2020 09:00:00 AM,156,59,97
08/03/2020 10:00:00 AM,76,33,43
08/03/2020 11:00:00 AM,100,36,64
08/03/2020 12:00:00 PM,122,69,53
08/03/2020 01:00:00 PM,121,47,74
08/03/2020 02:00:00 PM,188,84,104
08/03/2020 03:00:00 PM,164,63,101
08/03/2020 04:00:00 PM,251,99,152
08/03/2020 05:00:00 PM,327,101,226
08/03/2020 06:00:00 PM,310,115,195
08/03/2020 07:00:00 PM,222,85,137
08/03/2020 08:00:00 PM,136,63,73
08/03/2020 09:00:00 PM,76,34,42
08/03/2020 10:00:00 PM,27,15,12
08/03/2020 11:00:00 PM,19,7,12
08/04/2020 12:00:00 AM,5,1,4
08/04/2020 01:00:00 AM,5,1,4
08/04/2020 02:00:00 AM,1,1,0
08/04/2020 03:00:00 AM,2,1,1
08/04/2020 04:00:00 AM,7,4,3
08/04/2020 05:00:00 AM,32,15,17
08/04/2020 06:00:00 AM,87,46,41
08/04/2020 07:00:00 AM,185,89,96
08/04/2020 08:00:00 AM,223,84,139
08/04/2020 09:00:00 AM,167,60,107
08/04/2020 10:00:00 AM,127,42,85
08/04/2020 11:00:00 AM,128,50,78
08/04/2020 12:00:00 PM,152,64,88
08/04/2020 01:00:00 PM,170,81,89
08/04/2020 02:00:00 PM,172,69,103
08/04/2020 03:00:00 PM,211,74,137
08/04/2020 04:00:00 PM,289,110,179
08/04/2020 05:00:00 PM,414,154,260
08/04/2020 06:00:00 PM,386,163,223
08/04/2020 07:00:00 PM,229,97,132
08/04/2020 08:00:00 PM,154,57,97
08/04/2020 09:00:00 PM,81,35,46
08/04/2020 10:00:00 PM,25,9,16
08/04/2020 11:00:00 PM,9,2,7
08/05/2020 12:00:00 AM,6,3,3
08/05/2020 01:00:00 AM,5,1,4
08/05/2020 02:00:00 AM,2,1,1
08/05/2020 03:00:00 AM,3,1,2
08/05/2020 04:00:00 AM,6,3,3
08/05/2020 05:00:00 AM,30,17,13
08/05/2020 06:00:00 AM,100,48,52
08/05/2020 07:00:00 AM,189,91,98
08/05/2020 08:00:00 AM,225,93,132
08/05/2020 09:00:00 AM,154,68,86
08/05/2020 10:00:00 AM,145,72,73
08/05/2020 11:00:00 AM,135,57,78
08/05/2020 12:00:00 PM,156,70,86
08/05/2020 01:00:00 PM,153,62,91
08/05/2020 02:00:00 PM,164,69,95
08/05/2020 03:00:00 PM,230,86,144
08/05/2020 04:00:00 PM,338,126,212
08/05/2020 05:00:00 PM,414,140,274
08/05/2020 06:00:00 PM,342,134,208
08/05/2020 07:00:00 PM,256,110,146
08/05/2020 08:00:00 PM,165,82,83
08/05/2020 09:00:00 PM,78,25,53
08/05/2020 10:00:00 PM,28,8,20
08/05/2020 11:00:00 PM,19,3,16
08/06/2020 12:00:00 AM,9,3,6
08/06/2020 01:00:00 AM,5,2,3
08/06/2020 02:00:00 AM,1,0,1
08/06/2020 03:00:00 AM,1,1,0
08/06/2020 04:00:00 AM,6,3,3
08/06/2020 05:00:00 AM,18,9,9
08/06/2020 06:00:00 AM,68,36,32
08/06/2020 07:00:00 AM,102,47,55
08/06/2020 08:00:00 AM,86,39,47
08/06/2020 09:00:00 AM,39,15,24
08/06/2020 10:00:00 AM,27,9,18
08/06/2020 11:00:00 AM,19,6,13
08/06/2020 12:00:00 PM,44,21,23
08/06/2020 01:00:00 PM,58,30,28
08/06/2020 02:00:00 PM,64,23,41
08/06/2020 03:00:00 PM,82,28,54
08/06/2020 04:00:00 PM,104,44,60
08/06/2020 05:00:00 PM,152,41,111
08/06/2020 06:00:00 PM,138,61,77
08/06/2020 07:00:00 PM,92,28,64
08/06/2020 08:00:00 PM,49,18,31
08/06/2020 09:00:00 PM,39,20,19
08/06/2020 10:00:00 PM,17,9,8
08/06/2020 11:00:00 PM,4,2,2
08/07/2020 12:00:00 AM,2,2,0
08/07/2020 01:00:00 AM,3,2,1
08/07/2020 02:00:00 AM,1,1,0
08/07/2020 03:00:00 AM,2,1,1
08/07/2020 04:00:00 AM,3,1,2
08/07/2020 05:00:00 AM,25,9,16
08/07/2020 06:00:00 AM,81,37,44
08/07/2020 07:00:00 AM,134,65,69
08/07/2020 08:00:00 AM,201,87,114
08/07/2020 09:00:00 AM,151,53,98
08/07/2020 10:00:00 AM,132,55,77
08/07/2020 11:00:00 AM,146,53,93
08/07/2020 12:00:00 PM,174,80,94
08/07/2020 01:00:00 PM,202,71,131
08/07/2020 02:00:00 PM,209,81,128
08/07/2020 03:00:00 PM,219,87,132
08/07/2020 04:00:00 PM,296,113,183
08/07/2020 05:00:00 PM,310,117,193
08/07/2020 06:00:00 PM,322,126,196
08/07/2020 07:00:00 PM,164,72,92
08/07/2020 08:00:00 PM,102,42,60
08/07/2020 09:00:00 PM,47,18,29
08/07/2020 10:00:00 PM,28,15,13
08/07/2020 11:00:00 PM,5,3,2
08/08/2020 12:00:00 AM,15,0,15
08/08/2020 01:00:00 AM,3,2,1
08/08/2020 02:00:00 AM,1,0,1
08/08/2020 03:00:00 AM,3,1,2
08/08/2020 04:00:00 AM,3,1,2
08/08/2020 05:00:00 AM,11,4,7
08/08/2020 06:00:00 AM,18,11,7
08/08/2020 07:00:00 AM,46,21,25
08/08/2020 08:00:00 AM,47,18,29
08/08/2020 09:00:00 AM,87,42,45
08/08/2020 10:00:00 AM,115,54,61
08/08/2020 11:00:00 AM,157,64,93
08/08/2020 12:00:00 PM,160,60,100
08/08/2020 01:00:00 PM,212,101,111
08/08/2020 02:00:00 PM,248,116,132
08/08/2020 03:00:00 PM,229,114,115
08/08/2020 04:00:00 PM,232,124,108
08/08/2020 05:00:00 PM,219,100,119
08/08/2020 06:00:00 PM,168,61,107
08/08/2020 07:00:00 PM,147,63,84
08/08/2020 08:00:00 PM,96,57,39
08/08/2020 09:00:00 PM,51,24,27
08/08/2020 10:00:00 PM,29,9,20
08/08/2020 11:00:00 PM,21,5,16
08/09/2020 12:00:00 AM,15,8,7
08/09/2020 01:00:00 AM,6,3,3
08/09/2020 02:00:00 AM,6,4,2
08/09/2020 03:00:00 AM,4,1,3
08/09/2020 04:00:00 AM,2,2,0
08/09/2020 05:00:00 AM,11,3,8
08/09/2020 06:00:00 AM,18,5,13
08/09/2020 07:00:00 AM,58,22,36
08/09/2020 08:00:00 AM,85,35,50
08/09/2020 09:00:00 AM,165,69,96
08/09/2020 10:00:00 AM,246,118,128
08/09/2020 11:00:00 AM,265,133,132
08/09/2020 12:00:00 PM,364,176,188
08/09/2020 01:00:00 PM,355,175,180
08/09/2020 02:00:00 PM,358,152,206
08/09/2020 03:00:00 PM,332,164,168
08/09/2020 04:00:00 PM,286,146,140
08/09/2020 05:00:00 PM,254,111,143
08/09/2020 06:00:00 PM,238,115,123
08/09/2020 07:00:00 PM,212,76,136
08/09/2020 08:00:00 PM,120,60,60
08/09/2020 09:00:00 PM,54,17,37
08/09/2020 10:00:00 PM,26,16,10
08/09/2020 11:00:00 PM,10,4,6
08/10/2020 12:00:00 AM,4,2,2
08/10/2020 01:00:00 AM,1,1,0
08/10/2020 02:00:00 AM,3,2,1
08/10/2020 03:00:00 AM,3,1,2
08/10/2020 04:00:00 AM,6,2,4
08/10/2020 05:00:00 AM,29,10,19
08/10/2020 06:00:00 AM,87,44,43
08/10/2020 07:00:00 AM,157,75,82
08/10/2020 08:00:00 AM,189,76,113
08/10/2020 09:00:00 AM,139,63,76
08/10/2020 10:00:00 AM,97,37,60
08/10/2020 11:00:00 AM,126,56,70
08/10/2020 12:00:00 PM,153,69,84
08/10/2020 01:00:00 PM,165,79,86
08/10/2020 02:00:00 PM,143,77,66
08/10/2020 03:00:00 PM,187,73,114
08/10/2020 04:00:00 PM,108,39,69
08/10/2020 05:00:00 PM,95,31,64
08/10/2020 06:00:00 PM,337,127,210
08/10/2020 07:00:00 PM,204,97,107
08/10/2020 08:00:00 PM,122,52,70
08/10/2020 09:00:00 PM,64,34,30
08/10/2020 10:00:00 PM,16,8,8
08/10/2020 11:00:00 PM,10,3,7
08/11/2020 12:00:00 AM,3,1,2
08/11/2020 01:00:00 AM,3,1,2
08/11/2020 02:00:00 AM,1,1,0
08/11/2020 03:00:00 AM,1,0,1
08/11/2020 04:00:00 AM,9,5,4
08/11/2020 05:00:00 AM,23,12,11
08/11/2020 06:00:00 AM,70,31,39
08/11/2020 07:00:00 AM,183,70,113
08/11/2020 08:00:00 AM,214,89,125
08/11/2020 09:00:00 AM,122,48,74
08/11/2020 10:00:00 AM,100,41,59
08/11/2020 11:00:00 AM,112,44,68
08/11/2020 12:00:00 PM,142,60,82
08/11/2020 01:00:00 PM,155,66,89
08/11/2020 02:00:00 PM,156,62,94
08/11/2020 03:00:00 PM,196,75,121
08/11/2020 04:00:00 PM,272,114,158
08/11/2020 05:00:00 PM,378,135,243
08/11/2020 06:00:00 PM,327,135,192
08/11/2020 07:00:00 PM,259,97,162
08/11/2020 08:00:00 PM,149,61,88
08/11/2020 09:00:00 PM,81,30,51
08/11/2020 10:00:00 PM,26,13,13
08/11/2020 11:00:00 PM,17,6,11
08/12/2020 12:00:00 AM,4,1,3
08/12/2020 01:00:00 AM,2,0,2
08/12/2020 02:00:00 AM,2,2,0
08/12/2020 03:00:00 AM,0,0,0
08/12/2020 04:00:00 AM,3,1,2
08/12/2020 05:00:00 AM,26,9,17
08/12/2020 06:00:00 AM,90,41,49
08/12/2020 07:00:00 AM,177,87,90
08/12/2020 08:00:00 AM,202,87,115
08/12/2020 09:00:00 AM,138,48,90
08/12/2020 10:00:00 AM,111,48,63
08/12/2020 11:00:00 AM,93,48,45
08/12/2020 12:00:00 PM,126,67,59
08/12/2020 01:00:00 PM,119,55,64
08/12/2020 02:00:00 PM,141,69,72
08/12/2020 03:00:00 PM,199,88,111
08/12/2020 04:00:00 PM,272,109,163
08/12/2020 05:00:00 PM,393,148,245
08/12/2020 06:00:00 PM,300,119,181
08/12/2020 07:00:00 PM,200,74,126
08/12/2020 08:00:00 PM,123,44,79
08/12/2020 09:00:00 PM,80,40,40
08/12/2020 10:00:00 PM,23,8,15
08/12/2020 11:00:00 PM,27,6,21
08/13/2020 12:00:00 AM,2,0,2
08/13/2020 01:00:00 AM,1,0,1
08/13/2020 02:00:00 AM,0,0,0
08/13/2020 03:00:00 AM,1,1,0
08/13/2020 04:00:00 AM,7,5,2
08/13/2020 05:00:00 AM,28,12,16
08/13/2020 06:00:00 AM,93,45,48
08/13/2020 07:00:00 AM,170,66,104
08/13/2020 08:00:00 AM,177,64,113
08/13/2020 09:00:00 AM,153,76,77
08/13/2020 10:00:00 AM,103,40,63
08/13/2020 11:00:00 AM,117,68,49
08/13/2020 12:00:00 PM,157,65,92
08/13/2020 01:00:00 PM,139,64,75
08/13/2020 02:00:00 PM,181,76,105
08/13/2020 03:00:00 PM,245,119,126
08/13/2020 04:00:00 PM,268,93,175
08/13/2020 05:00:00 PM,378,131,247
08/13/2020 06:00:00 PM,312,138,174
08/13/2020 07:00:00 PM,259,90,169
08/13/2020 08:00:00 PM,156,67,89
08/13/2020 09:00:00 PM,86,41,45
08/13/2020 10:00:00 PM,34,15,19
08/13/2020 11:00:00 PM,12,4,8
08/14/2020 12:00:00 AM,20,16,4
08/14/2020 01:00:00 AM,2,1,1
08/14/2020 02:00:00 AM,0,0,0
08/14/2020 03:00:00 AM,0,0,0
08/14/2020 04:00:00 AM,1,0,1
08/14/2020 05:00:00 AM,40,25,15
08/14/2020 06:00:00 AM,94,55,39
08/14/2020 07:00:00 AM,201,115,86
08/14/2020 08:00:00 AM,282,173,109
08/14/2020 09:00:00 AM,188,106,82
08/14/2020 10:00:00 AM,470,381,89
08/14/2020 11:00:00 AM,134,68,66
08/14/2020 12:00:00 PM,150,71,79
08/14/2020 01:00:00 PM,149,70,79
08/14/2020 02:00:00 PM,197,76,121
08/14/2020 03:00:00 PM,193,65,128
08/14/2020 04:00:00 PM,293,109,184
08/14/2020 05:00:00 PM,318,115,203
08/14/2020 06:00:00 PM,279,109,170
08/14/2020 07:00:00 PM,227,88,139
08/14/2020 08:00:00 PM,150,70,80
08/14/2020 09:00:00 PM,88,37,51
08/14/2020 10:00:00 PM,37,16,21
08/14/2020 11:00:00 PM,23,8,15
08/15/2020 12:00:00 AM,17,4,13
08/15/2020 01:00:00 AM,5,0,5
08/15/2020 02:00:00 AM,2,0,2
08/15/2020 03:00:00 AM,3,1,2
08/15/2020 04:00:00 AM,1,1,0
08/15/2020 05:00:00 AM,11,5,6
08/15/2020 06:00:00 AM,31,15,16
08/15/2020 07:00:00 AM,63,22,41
08/15/2020 08:00:00 AM,122,47,75
08/15/2020 09:00:00 AM,168,75,93
08/15/2020 10:00:00 AM,225,90,135
08/15/2020 11:00:00 AM,283,126,157
08/15/2020 12:00:00 PM,289,154,135
08/15/2020 01:00:00 PM,271,133,138
08/15/2020 02:00:00 PM,267,119,148
08/15/2020 03:00:00 PM,270,146,124
08/15/2020 04:00:00 PM,260,128,132
08/15/2020 05:00:00 PM,204,85,119
08/15/2020 06:00:00 PM,181,84,97
08/15/2020 07:00:00 PM,151,63,88
08/15/2020 08:00:00 PM,119,58,61
08/15/2020 09:00:00 PM,71,37,34
08/15/2020 10:00:00 PM,30,9,21
08/15/2020 11:00:00 PM,25,4,21
08/16/2020 12:00:00 AM,9,2,7
08/16/2020 01:00:00 AM,13,7,6
08/16/2020 02:00:00 AM,5,3,2
08/16/2020 03:00:00 AM,1,1,0
08/16/2020 04:00:00 AM,0,0,0
08/16/2020 05:00:00 AM,14,5,9
08/16/2020 06:00:00 AM,26,13,13
08/16/2020 07:00:00 AM,80,23,57
08/16/2020 08:00:00 AM,134,66,68
08/16/2020 09:00:00 AM,198,98,100
08/16/2020 10:00:00 AM,259,112,147
08/16/2020 11:00:00 AM,213,81,132
08/16/2020 12:00:00 PM,231,93,138
08/16/2020 01:00:00 PM,211,93,118
08/16/2020 02:00:00 PM,161,82,79
08/16/2020 03:00:00 PM,177,71,106
08/16/2020 04:00:00 PM,123,55,68
08/16/2020 05:00:00 PM,165,68,97
08/16/2020 06:00:00 PM,133,59,74
08/16/2020 07:00:00 PM,82,33,49
08/16/2020 08:00:00 PM,82,32,50
08/16/2020 09:00:00 PM,36,15,21
08/16/2020 10:00:00 PM,17,5,12
08/16/2020 11:00:00 PM,5,2,3
08/17/2020 12:00:00 AM,4,0,4
08/17/2020 01:00:00 AM,3,1,2
08/17/2020 02:00:00 AM,1,0,1
08/17/2020 03:00:00 AM,2,1,1
08/17/2020 04:00:00 AM,7,4,3
08/17/2020 05:00:00 AM,35,13,22
08/17/2020 06:00:00 AM,74,37,37
08/17/2020 07:00:00 AM,147,67,80
08/17/2020 08:00:00 AM,168,66,102
08/17/2020 09:00:00 AM,127,51,76
08/17/2020 10:00:00 AM,91,48,43
08/17/2020 11:00:00 AM,114,38,76
08/17/2020 12:00:00 PM,117,68,49
08/17/2020 01:00:00 PM,118,55,63
08/17/2020 02:00:00 PM,130,59,71
08/17/2020 03:00:00 PM,143,46,97
08/17/2020 04:00:00 PM,215,75,140
08/17/2020 05:00:00 PM,252,81,171
08/17/2020 06:00:00 PM,240,104,136
08/17/2020 07:00:00 PM,207,76,131
08/17/2020 08:00:00 PM,155,51,104
08/17/2020 09:00:00 PM,70,36,34
08/17/2020 10:00:00 PM,22,10,12
08/17/2020 11:00:00 PM,17,5,12
08/18/2020 12:00:00 AM,7,0,7
08/18/2020 01:00:00 AM,2,0,2
08/18/2020 02:00:00 AM,1,1,0
08/18/2020 03:00:00 AM,3,1,2
08/18/2020 04:00:00 AM,3,1,2
08/18/2020 05:00:00 AM,35,16,19
08/18/2020 06:00:00 AM,102,57,45
08/18/2020 07:00:00 AM,203,89,114
08/18/2020 08:00:00 AM,199,87,112
08/18/2020 09:00:00 AM,130,58,72
08/18/2020 10:00:00 AM,106,45,61
08/18/2020 11:00:00 AM,120,45,75
08/18/2020 12:00:00 PM,136,75,61
08/18/2020 01:00:00 PM,130,52,78
08/18/2020 02:00:00 PM,121,53,68
08/18/2020 03:00:00 PM,181,69,112
08/18/2020 04:00:00 PM,257,88,169
08/18/2020 05:00:00 PM,386,112,274
08/18/2020 06:00:00 PM,293,129,164
08/18/2020 07:00:00 PM,218,88,130
08/18/2020 08:00:00 PM,160,66,94
08/18/2020 09:00:00 PM,60,29,31
08/18/2020 10:00:00 PM,31,10,21
08/18/2020 11:00:00 PM,7,1,6
08/19/2020 12:00:00 AM,4,1,3
08/19/2020 01:00:00 AM,3,1,2
08/19/2020 02:00:00 AM,3,3,0
08/19/2020 03:00:00 AM,1,1,0
08/19/2020 04:00:00 AM,7,5,2
08/19/2020 05:00:00 AM,33,14,19
08/19/2020 06:00:00 AM,116,46,70
08/19/2020 07:00:00 AM,191,86,105
08/19/2020 08:00:00 AM,214,87,127
08/19/2020 09:00:00 AM,159,61,98
08/19/2020 10:00:00 AM,108,48,60
08/19/2020 11:00:00 AM,108,54,54
08/19/2020 12:00:00 PM,125,60,65
08/19/2020 01:00:00 PM,142,64,78
08/19/2020 02:00:00 PM,168,75,93
08/19/2020 03:00:00 PM,191,91,100
08/19/2020 04:00:00 PM,313,120,193
08/19/2020 05:00:00 PM,409,158,251
08/19/2020 06:00:00 PM,318,111,207
08/19/2020 07:00:00 PM,259,115,144
08/19/2020 08:00:00 PM,141,49,92
08/19/2020 09:00:00 PM,67,23,44
08/19/2020 10:00:00 PM,34,13,21
08/19/2020 11:00:00 PM,9,2,7
08/20/2020 12:00:00 AM,10,5,5
08/20/2020 01:00:00 AM,5,1,4
08/20/2020 02:00:00 AM,4,2,2
08/20/2020 03:00:00 AM,1,1,0
08/20/2020 04:00:00 AM,1,1,0
08/20/2020 05:00:00 AM,22,8,14
08/20/2020 06:00:00 AM,40,20,20
08/20/2020 07:00:00 AM,121,56,65
08/20/2020 08:00:00 AM,157,56,101
08/20/2020 09:00:00 AM,120,52,68
08/20/2020 10:00:00 AM,79,32,47
08/20/2020 11:00:00 AM,98,46,52
08/20/2020 12:00:00 PM,116,55,61
08/20/2020 01:00:00 PM,139,64,75
08/20/2020 02:00:00 PM,151,60,91
08/20/2020 03:00:00 PM,145,54,91
08/20/2020 04:00:00 PM,229,93,136
08/20/2020 05:00:00 PM,315,125,190
08/20/2020 06:00:00 PM,278,132,146
08/20/2020 07:00:00 PM,173,65,108
08/20/2020 08:00:00 PM,111,62,49
08/20/2020 09:00:00 PM,47,20,27
08/20/2020 10:00:00 PM,23,5,18
08/20/2020 11:00:00 PM,15,3,12
08/21/2020 12:00:00 AM,3,1,2
08/21/2020 01:00:00 AM,6,3,3
08/21/2020 02:00:00 AM,1,1,0
08/21/2020 03:00:00 AM,1,1,0
08/21/2020 04:00:00 AM,8,4,4
08/21/2020 05:00:00 AM,16,6,10
08/21/2020 06:00:00 AM,43,13,30
08/21/2020 07:00:00 AM,101,43,58
08/21/2020 08:00:00 AM,129,45,84
08/21/2020 09:00:00 AM,106,48,58
08/21/2020 10:00:00 AM,76,23,53
08/21/2020 11:00:00 AM,77,29,48
08/21/2020 12:00:00 PM,78,36,42
08/21/2020 01:00:00 PM,88,33,55
08/21/2020 02:00:00 PM,100,41,59
08/21/2020 03:00:00 PM,127,44,83
08/21/2020 04:00:00 PM,178,74,104
08/21/2020 05:00:00 PM,157,71,86
08/21/2020 06:00:00 PM,167,69,98
08/21/2020 07:00:00 PM,120,53,67
08/21/2020 08:00:00 PM,101,46,55
08/21/2020 09:00:00 PM,49,19,30
08/21/2020 10:00:00 PM,33,13,20
08/21/2020 11:00:00 PM,15,4,11
08/22/2020 12:00:00 AM,10,3,7
08/22/2020 01:00:00 AM,5,3,2
08/22/2020 02:00:00 AM,3,2,1
08/22/2020 03:00:00 AM,7,5,2
08/22/2020 04:00:00 AM,3,2,1
08/22/2020 05:00:00 AM,7,2,5
08/22/2020 06:00:00 AM,25,6,19
08/22/2020 07:00:00 AM,40,10,30
08/22/2020 08:00:00 AM,81,35,46
08/22/2020 09:00:00 AM,130,56,74
08/22/2020 10:00:00 AM,185,80,105
08/22/2020 11:00:00 AM,244,99,145
08/22/2020 12:00:00 PM,293,129,164
08/22/2020 01:00:00 PM,301,149,152
08/22/2020 02:00:00 PM,333,146,187
08/22/2020 03:00:00 PM,409,191,218
08/22/2020 04:00:00 PM,274,114,160
08/22/2020 05:00:00 PM,298,145,153
08/22/2020 06:00:00 PM,271,139,132
08/22/2020 07:00:00 PM,213,104,109
08/22/2020 08:00:00 PM,105,46,59
08/22/2020 09:00:00 PM,40,18,22
08/22/2020 10:00:00 PM,28,10,18
08/22/2020 11:00:00 PM,20,9,11
08/23/2020 12:00:00 AM,9,1,8
08/23/2020 01:00:00 AM,4,2,2
08/23/2020 02:00:00 AM,1,0,1
08/23/2020 03:00:00 AM,6,5,1
08/23/2020 04:00:00 AM,3,1,2
08/23/2020 05:00:00 AM,13,6,7
08/23/2020 06:00:00 AM,21,11,10
08/23/2020 07:00:00 AM,52,16,36
08/23/2020 08:00:00 AM,121,51,70
08/23/2020 09:00:00 AM,157,76,81
08/23/2020 10:00:00 AM,183,72,111
08/23/2020 11:00:00 AM,268,122,146
08/23/2020 12:00:00 PM,286,128,158
08/23/2020 01:00:00 PM,324,150,174
08/23/2020 02:00:00 PM,305,146,159
08/23/2020 03:00:00 PM,356,168,188
08/23/2020 04:00:00 PM,326,156,170
08/23/2020 05:00:00 PM,256,125,131
08/23/2020 06:00:00 PM,223,93,130
08/23/2020 07:00:00 PM,146,59,87
08/23/2020 08:00:00 PM,89,41,48
08/23/2020 09:00:00 PM,33,10,23
08/23/2020 10:00:00 PM,24,10,14
08/23/2020 11:00:00 PM,15,9,6
08/24/2020 12:00:00 AM,5,1,4
08/24/2020 01:00:00 AM,1,0,1
08/24/2020 02:00:00 AM,2,2,0
08/24/2020 03:00:00 AM,1,1,0
08/24/2020 04:00:00 AM,8,5,3
08/24/2020 05:00:00 AM,29,15,14
08/24/2020 06:00:00 AM,83,38,45
08/24/2020 07:00:00 AM,152,76,76
08/24/2020 08:00:00 AM,181,71,110
08/24/2020 09:00:00 AM,111,40,71
08/24/2020 10:00:00 AM,111,52,59
08/24/2020 11:00:00 AM,108,42,66
08/24/2020 12:00:00 PM,130,58,72
08/24/2020 01:00:00 PM,155,69,86
08/24/2020 02:00:00 PM,152,75,77
08/24/2020 03:00:00 PM,191,83,108
08/24/2020 04:00:00 PM,238,91,147
08/24/2020 05:00:00 PM,357,128,229
08/24/2020 06:00:00 PM,308,124,184
08/24/2020 07:00:00 PM,205,93,112
08/24/2020 08:00:00 PM,105,60,45
08/24/2020 09:00:00 PM,44,15,29
08/24/2020 10:00:00 PM,15,8,7
08/24/2020 11:00:00 PM,15,9,6
08/25/2020 12:00:00 AM,3,1,2
08/25/2020 01:00:00 AM,1,0,1
08/25/2020 02:00:00 AM,2,1,1
08/25/2020 03:00:00 AM,2,1,1
08/25/2020 04:00:00 AM,6,3,3
08/25/2020 05:00:00 AM,34,16,18
08/25/2020 06:00:00 AM,92,38,54
08/25/2020 07:00:00 AM,180,85,95
08/25/2020 08:00:00 AM,191,76,115
08/25/2020 09:00:00 AM,159,57,102
08/25/2020 10:00:00 AM,131,68,63
08/25/2020 11:00:00 AM,146,58,88
08/25/2020 12:00:00 PM,148,70,78
08/25/2020 01:00:00 PM,155,68,87
08/25/2020 02:00:00 PM,184,80,104
08/25/2020 03:00:00 PM,208,90,118
08/25/2020 04:00:00 PM,284,111,173
08/25/2020 05:00:00 PM,410,169,241
08/25/2020 06:00:00 PM,299,105,194
08/25/2020 07:00:00 PM,216,95,121
08/25/2020 08:00:00 PM,147,53,94
08/25/2020 09:00:00 PM,68,22,46
08/25/2020 10:00:00 PM,21,7,14
08/25/2020 11:00:00 PM,10,2,8
08/26/2020 12:00:00 AM,7,2,5
08/26/2020 01:00:00 AM,1,1,0
08/26/2020 02:00:00 AM,2,1,1
08/26/2020 03:00:00 AM,3,2,1
08/26/2020 04:00:00 AM,5,4,1
08/26/2020 05:00:00 AM,31,13,18
08/26/2020 06:00:00 AM,82,33,49
08/26/2020 07:00:00 AM,175,80,95
08/26/2020 08:00:00 AM,195,92,103
08/26/2020 09:00:00 AM,155,65,90
08/26/2020 10:00:00 AM,136,66,70
08/26/2020 11:00:00 AM,126,55,71
08/26/2020 12:00:00 PM,159,70,89
08/26/2020 01:00:00 PM,150,72,78
08/26/2020 02:00:00 PM,160,64,96
08/26/2020 03:00:00 PM,182,73,109
08/26/2020 04:00:00 PM,286,118,168
08/26/2020 05:00:00 PM,368,144,224
08/26/2020 06:00:00 PM,308,131,177
08/26/2020 07:00:00 PM,232,95,137
08/26/2020 08:00:00 PM,148,60,88
08/26/2020 09:00:00 PM,61,27,34
08/26/2020 10:00:00 PM,32,11,21
08/26/2020 11:00:00 PM,14,3,11
08/27/2020 12:00:00 AM,5,3,2
08/27/2020 01:00:00 AM,1,1,0
08/27/2020 02:00:00 AM,3,2,1
08/27/2020 03:00:00 AM,1,1,0
08/27/2020 04:00:00 AM,6,3,3
08/27/2020 05:00:00 AM,25,12,13
08/27/2020 06:00:00 AM,93,40,53
08/27/2020 07:00:00 AM,188,86,102
08/27/2020 08:00:00 AM,197,85,112
08/27/2020 09:00:00 AM,146,65,81
08/27/2020 10:00:00 AM,104,42,62
08/27/2020 11:00:00 AM,128,63,65
08/27/2020 12:00:00 PM,115,58,57
08/27/2020 01:00:00 PM,149,68,81
08/27/2020 02:00:00 PM,158,64,94
08/27/2020 03:00:00 PM,229,94,135
08/27/2020 04:00:00 PM,282,103,179
08/27/2020 05:00:00 PM,380,154,226
08/27/2020 06:00:00 PM,318,134,184
08/27/2020 07:00:00 PM,253,110,143
08/27/2020 08:00:00 PM,152,77,75
08/27/2020 09:00:00 PM,63,30,33
08/27/2020 10:00:00 PM,27,9,18
08/27/2020 11:00:00 PM,8,3,5
08/28/2020 12:00:00 AM,5,1,4
08/28/2020 01:00:00 AM,2,2,0
08/28/2020 02:00:00 AM,1,0,1
08/28/2020 03:00:00 AM,1,1,0
08/28/2020 04:00:00 AM,6,4,2
08/28/2020 05:00:00 AM,23,10,13
08/28/2020 06:00:00 AM,89,41,48
08/28/2020 07:00:00 AM,126,56,70
08/28/2020 08:00:00 AM,180,72,108
08/28/2020 09:00:00 AM,148,44,104
08/28/2020 10:00:00 AM,126,59,67
08/28/2020 11:00:00 AM,161,65,96
08/28/2020 12:00:00 PM,193,81,112
08/28/2020 01:00:00 PM,176,80,96
08/28/2020 02:00:00 PM,174,74,100
08/28/2020 03:00:00 PM,221,82,139
08/28/2020 04:00:00 PM,267,112,155
08/28/2020 05:00:00 PM,320,136,184
08/28/2020 06:00:00 PM,234,69,165
08/28/2020 07:00:00 PM,222,94,128
08/28/2020 08:00:00 PM,114,47,67
08/28/2020 09:00:00 PM,80,33,47
08/28/2020 10:00:00 PM,54,17,37
08/28/2020 11:00:00 PM,26,3,23
08/29/2020 12:00:00 AM,12,4,8
08/29/2020 01:00:00 AM,5,4,1
08/29/2020 02:00:00 AM,3,0,3
08/29/2020 03:00:00 AM,4,3,1
08/29/2020 04:00:00 AM,2,0,2
08/29/2020 05:00:00 AM,9,5,4
08/29/2020 06:00:00 AM,26,14,12
08/29/2020 07:00:00 AM,59,22,37
08/29/2020 08:00:00 AM,74,33,41
08/29/2020 09:00:00 AM,145,59,86
08/29/2020 10:00:00 AM,188,75,113
08/29/2020 11:00:00 AM,245,126,119
08/29/2020 12:00:00 PM,244,96,148
08/29/2020 01:00:00 PM,231,103,128
08/29/2020 02:00:00 PM,266,123,143
08/29/2020 03:00:00 PM,307,148,159
08/29/2020 04:00:00 PM,244,104,140
08/29/2020 05:00:00 PM,207,96,111
08/29/2020 06:00:00 PM,176,86,90
08/29/2020 07:00:00 PM,137,61,76
08/29/2020 08:00:00 PM,106,34,72
08/29/2020 09:00:00 PM,50,24,26
08/29/2020 10:00:00 PM,26,14,12
08/29/2020 11:00:00 PM,18,8,10
08/30/2020 12:00:00 AM,7,3,4
08/30/2020 01:00:00 AM,2,0,2
08/30/2020 02:00:00 AM,2,0,2
08/30/2020 03:00:00 AM,1,0,1
08/30/2020 04:00:00 AM,1,0,1
08/30/2020 05:00:00 AM,8,3,5
08/30/2020 06:00:00 AM,24,7,17
08/30/2020 07:00:00 AM,47,21,26
08/30/2020 08:00:00 AM,103,51,52
08/30/2020 09:00:00 AM,161,74,87
08/30/2020 10:00:00 AM,219,91,128
08/30/2020 11:00:00 AM,277,107,170
08/30/2020 12:00:00 PM,283,127,156
08/30/2020 01:00:00 PM,296,128,168
08/30/2020 02:00:00 PM,354,170,184
08/30/2020 03:00:00 PM,321,116,205
08/30/2020 04:00:00 PM,293,121,172
08/30/2020 05:00:00 PM,227,107,120
08/30/2020 06:00:00 PM,182,64,118
08/30/2020 07:00:00 PM,128,67,61
08/30/2020 08:00:00 PM,39,10,29
08/30/2020 09:00:00 PM,10,2,8
08/30/2020 10:00:00 PM,13,4,9
08/30/2020 11:00:00 PM,5,2,3
08/31/2020 12:00:00 AM,4,0,4
08/31/2020 01:00:00 AM,1,1,0
08/31/2020 02:00:00 AM,9,0,9
08/31/2020 03:00:00 AM,0,0,0
08/31/2020 04:00:00 AM,9,5,4
08/31/2020 05:00:00 AM,25,9,16
08/31/2020 06:00:00 AM,61,29,32
08/31/2020 07:00:00 AM,150,71,79
08/31/2020 08:00:00 AM,159,52,107
08/31/2020 09:00:00 AM,94,38,56
08/31/2020 10:00:00 AM,94,34,60
08/31/2020 11:00:00 AM,83,43,40
08/31/2020 12:00:00 PM,105,43,62
08/31/2020 01:00:00 PM,141,70,71
08/31/2020 02:00:00 PM,124,51,73
08/31/2020 03:00:00 PM,138,62,76
08/31/2020 04:00:00 PM,228,93,135
08/31/2020 05:00:00 PM,306,114,192
08/31/2020 06:00:00 PM,306,134,172
08/31/2020 07:00:00 PM,190,79,111
08/31/2020 08:00:00 PM,108,58,50
08/31/2020 09:00:00 PM,33,11,22
08/31/2020 10:00:00 PM,36,14,22
08/31/2020 11:00:00 PM,8,2,6
09/01/2020 12:00:00 AM,2,1,1
09/01/2020 01:00:00 AM,6,5,1
09/01/2020 02:00:00 AM,7,2,5
09/01/2020 03:00:00 AM,1,0,1
09/01/2020 04:00:00 AM,6,5,1
09/01/2020 05:00:00 AM,35,16,19
09/01/2020 06:00:00 AM,102,43,59
09/01/2020 07:00:00 AM,192,83,109
09/01/2020 08:00:00 AM,215,86,129
09/01/2020 09:00:00 AM,124,43,81
09/01/2020 10:00:00 AM,100,34,66
09/01/2020 11:00:00 AM,120,48,72
09/01/2020 12:00:00 PM,138,54,84
09/01/2020 01:00:00 PM,138,67,71
09/01/2020 02:00:00 PM,151,67,84
09/01/2020 03:00:00 PM,216,97,119
09/01/2020 04:00:00 PM,263,91,172
09/01/2020 05:00:00 PM,427,149,278
09/01/2020 06:00:00 PM,372,148,224
09/01/2020 07:00:00 PM,257,106,151
09/01/2020 08:00:00 PM,122,58,64
09/01/2020 09:00:00 PM,49,18,31
09/01/2020 10:00:00 PM,23,10,13
09/01/2020 11:00:00 PM,18,6,12
09/02/2020 12:00:00 AM,5,0,5
09/02/2020 01:00:00 AM,1,1,0
09/02/2020 02:00:00 AM,4,2,2
09/02/2020 03:00:00 AM,3,1,2
09/02/2020 04:00:00 AM,7,4,3
09/02/2020 05:00:00 AM,37,14,23
09/02/2020 06:00:00 AM,104,43,61
09/02/2020 07:00:00 AM,186,82,104
09/02/2020 08:00:00 AM,201,79,122
09/02/2020 09:00:00 AM,136,49,87
09/02/2020 10:00:00 AM,129,59,70
09/02/2020 11:00:00 AM,135,52,83
09/02/2020 12:00:00 PM,154,63,91
09/02/2020 01:00:00 PM,164,72,92
09/02/2020 02:00:00 PM,183,89,94
09/02/2020 03:00:00 PM,193,84,109
09/02/2020 04:00:00 PM,315,117,198
09/02/2020 05:00:00 PM,409,146,263
09/02/2020 06:00:00 PM,317,125,192
09/02/2020 07:00:00 PM,227,92,135
09/02/2020 08:00:00 PM,93,44,49
09/02/2020 09:00:00 PM,62,28,34
09/02/2020 10:00:00 PM,47,13,34
09/02/2020 11:00:00 PM,25,12,13
09/03/2020 12:00:00 AM,3,0,3
09/03/2020 01:00:00 AM,2,1,1
09/03/2020 02:00:00 AM,1,0,1
09/03/2020 03:00:00 AM,2,1,1
09/03/2020 04:00:00 AM,6,3,3
09/03/2020 05:00:00 AM,33,16,17
09/03/2020 06:00:00 AM,94,47,47
09/03/2020 07:00:00 AM,200,89,111
09/03/2020 08:00:00 AM,216,79,137
09/03/2020 09:00:00 AM,121,50,71
09/03/2020 10:00:00 AM,116,52,64
09/03/2020 11:00:00 AM,117,49,68
09/03/2020 12:00:00 PM,129,55,74
09/03/2020 01:00:00 PM,143,49,94
09/03/2020 02:00:00 PM,135,51,84
09/03/2020 03:00:00 PM,217,91,126
09/03/2020 04:00:00 PM,253,109,144
09/03/2020 05:00:00 PM,407,148,259
09/03/2020 06:00:00 PM,351,144,207
09/03/2020 07:00:00 PM,260,119,141
09/03/2020 08:00:00 PM,116,44,72
09/03/2020 09:00:00 PM,41,21,20
09/03/2020 10:00:00 PM,41,17,24
09/03/2020 11:00:00 PM,21,8,13
09/04/2020 12:00:00 AM,8,4,4
09/04/2020 01:00:00 AM,3,1,2
09/04/2020 02:00:00 AM,2,2,0
09/04/2020 03:00:00 AM,3,1,2
09/04/2020 04:00:00 AM,5,3,2
09/04/2020 05:00:00 AM,27,9,18
09/04/2020 06:00:00 AM,68,35,33
09/04/2020 07:00:00 AM,147,63,84
09/04/2020 08:00:00 AM,178,69,109
09/04/2020 09:00:00 AM,133,52,81
09/04/2020 10:00:00 AM,118,46,72
09/04/2020 11:00:00 AM,152,79,73
09/04/2020 12:00:00 PM,161,77,84
09/04/2020 01:00:00 PM,187,73,114
09/04/2020 02:00:00 PM,189,95,94
09/04/2020 03:00:00 PM,238,110,128
09/04/2020 04:00:00 PM,258,99,159
09/04/2020 05:00:00 PM,290,89,201
09/04/2020 06:00:00 PM,231,102,129
09/04/2020 07:00:00 PM,175,67,108
09/04/2020 08:00:00 PM,104,48,56
09/04/2020 09:00:00 PM,36,18,18
09/04/2020 10:00:00 PM,31,14,17
09/04/2020 11:00:00 PM,27,9,18
09/05/2020 12:00:00 AM,16,9,7
09/05/2020 01:00:00 AM,8,6,2
09/05/2020 02:00:00 AM,6,1,5
09/05/2020 03:00:00 AM,4,3,1
09/05/2020 04:00:00 AM,4,2,2
09/05/2020 05:00:00 AM,10,3,7
09/05/2020 06:00:00 AM,20,11,9
09/05/2020 07:00:00 AM,50,23,27
09/05/2020 08:00:00 AM,105,52,53
09/05/2020 09:00:00 AM,148,64,84
09/05/2020 10:00:00 AM,191,80,111
09/05/2020 11:00:00 AM,201,89,112
09/05/2020 12:00:00 PM,208,100,108
09/05/2020 01:00:00 PM,234,91,143
09/05/2020 02:00:00 PM,269,104,165
09/05/2020 03:00:00 PM,291,145,146
09/05/2020 04:00:00 PM,255,132,123
09/05/2020 05:00:00 PM,229,118,111
09/05/2020 06:00:00 PM,216,78,138
09/05/2020 07:00:00 PM,403,312,91
09/05/2020 08:00:00 PM,124,54,70
09/05/2020 09:00:00 PM,38,13,25
09/05/2020 10:00:00 PM,39,12,27
09/05/2020 11:00:00 PM,42,9,33
09/06/2020 12:00:00 AM,9,4,5
09/06/2020 01:00:00 AM,2,1,1
09/06/2020 02:00:00 AM,1,1,0
09/06/2020 03:00:00 AM,1,0,1
09/06/2020 04:00:00 AM,1,1,0
09/06/2020 05:00:00 AM,9,4,5
09/06/2020 06:00:00 AM,19,8,11
09/06/2020 07:00:00 AM,43,18,25
09/06/2020 08:00:00 AM,91,56,35
09/06/2020 09:00:00 AM,173,74,99
09/06/2020 10:00:00 AM,238,113,125
09/06/2020 11:00:00 AM,245,122,123
09/06/2020 12:00:00 PM,257,130,127
09/06/2020 01:00:00 PM,320,163,157
09/06/2020 02:00:00 PM,297,129,168
09/06/2020 03:00:00 PM,278,123,155
09/06/2020 04:00:00 PM,317,121,196
09/06/2020 05:00:00 PM,236,103,133
09/06/2020 06:00:00 PM,168,79,89
09/06/2020 07:00:00 PM,145,68,77
09/06/2020 08:00:00 PM,85,35,50
09/06/2020 09:00:00 PM,41,13,28
09/06/2020 10:00:00 PM,38,13,25
09/06/2020 11:00:00 PM,7,3,4
09/07/2020 12:00:00 AM,6,2,4
09/07/2020 01:00:00 AM,1,0,1
09/07/2020 02:00:00 AM,0,0,0
09/07/2020 03:00:00 AM,0,0,0
09/07/2020 04:00:00 AM,7,4,3
09/07/2020 05:00:00 AM,7,2,5
09/07/2020 06:00:00 AM,24,14,10
09/07/2020 07:00:00 AM,54,17,37
09/07/2020 08:00:00 AM,79,34,45
09/07/2020 09:00:00 AM,169,72,97
09/07/2020 10:00:00 AM,157,75,82
09/07/2020 11:00:00 AM,183,84,99
09/07/2020 12:00:00 PM,275,132,143
09/07/2020 01:00:00 PM,251,104,147
09/07/2020 02:00:00 PM,294,139,155
09/07/2020 03:00:00 PM,261,129,132
09/07/2020 04:00:00 PM,266,112,154
09/07/2020 05:00:00 PM,189,84,105
09/07/2020 06:00:00 PM,159,64,95
09/07/2020 07:00:00 PM,102,43,59
09/07/2020 08:00:00 PM,55,27,28
09/07/2020 09:00:00 PM,48,18,30
09/07/2020 10:00:00 PM,29,11,18
09/07/2020 11:00:00 PM,5,1,4
09/08/2020 12:00:00 AM,1,1,0
09/08/2020 01:00:00 AM,1,0,1
09/08/2020 02:00:00 AM,2,0,2
09/08/2020 03:00:00 AM,1,0,1
09/08/2020 04:00:00 AM,6,4,2
09/08/2020 05:00:00 AM,25,12,13
09/08/2020 06:00:00 AM,52,23,29
09/08/2020 07:00:00 AM,120,62,58
09/08/2020 08:00:00 AM,117,45,72
09/08/2020 09:00:00 AM,82,31,51
09/08/2020 10:00:00 AM,53,23,30
09/08/2020 11:00:00 AM,59,24,35
09/08/2020 12:00:00 PM,49,15,34
09/08/2020 01:00:00 PM,76,36,40
09/08/2020 02:00:00 PM,82,32,50
09/08/2020 03:00:00 PM,108,45,63
09/08/2020 04:00:00 PM,137,58,79
09/08/2020 05:00:00 PM,203,70,133
09/08/2020 06:00:00 PM,181,53,128
09/08/2020 07:00:00 PM,131,60,71
09/08/2020 08:00:00 PM,56,19,37
09/08/2020 09:00:00 PM,29,15,14
09/08/2020 10:00:00 PM,12,2,10
09/08/2020 11:00:00 PM,5,2,3
09/09/2020 12:00:00 AM,3,0,3
09/09/2020 01:00:00 AM,2,1,1
09/09/2020 02:00:00 AM,1,0,1
09/09/2020 03:00:00 AM,2,0,2
09/09/2020 04:00:00 AM,2,1,1
09/09/2020 05:00:00 AM,31,17,14
09/09/2020 06:00:00 AM,70,33,37
09/09/2020 07:00:00 AM,114,47,67
09/09/2020 08:00:00 AM,153,64,89
09/09/2020 09:00:00 AM,84,34,50
09/09/2020 10:00:00 AM,68,35,33
09/09/2020 11:00:00 AM,83,40,43
09/09/2020 12:00:00 PM,76,42,34
09/09/2020 01:00:00 PM,89,42,47
09/09/2020 02:00:00 PM,93,40,53
09/09/2020 03:00:00 PM,135,60,75
09/09/2020 04:00:00 PM,194,74,120
09/09/2020 05:00:00 PM,286,105,181
09/09/2020 06:00:00 PM,231,84,147
09/09/2020 07:00:00 PM,166,63,103
09/09/2020 08:00:00 PM,91,45,46
09/09/2020 09:00:00 PM,38,13,25
09/09/2020 10:00:00 PM,17,5,12
09/09/2020 11:00:00 PM,17,6,11
09/10/2020 12:00:00 AM,3,1,2
09/10/2020 01:00:00 AM,3,2,1
09/10/2020 02:00:00 AM,1,0,1
09/10/2020 03:00:00 AM,3,3,0
09/10/2020 04:00:00 AM,8,3,5
09/10/2020 05:00:00 AM,26,12,14
09/10/2020 06:00:00 AM,72,34,38
09/10/2020 07:00:00 AM,132,52,80
09/10/2020 08:00:00 AM,148,61,87
09/10/2020 09:00:00 AM,160,38,122
09/10/2020 10:00:00 AM,89,41,48
09/10/2020 11:00:00 AM,99,42,57
09/10/2020 12:00:00 PM,89,44,45
09/10/2020 01:00:00 PM,107,50,57
09/10/2020 02:00:00 PM,100,40,60
09/10/2020 03:00:00 PM,130,50,80
09/10/2020 04:00:00 PM,183,63,120
09/10/2020 05:00:00 PM,258,85,173
09/10/2020 06:00:00 PM,214,81,133
09/10/2020 07:00:00 PM,139,51,88
09/10/2020 08:00:00 PM,79,40,39
09/10/2020 09:00:00 PM,53,23,30
09/10/2020 10:00:00 PM,30,13,17
09/10/2020 11:00:00 PM,13,1,12
09/11/2020 12:00:00 AM,6,2,4
09/11/2020 01:00:00 AM,2,2,0
09/11/2020 02:00:00 AM,1,1,0
09/11/2020 03:00:00 AM,1,1,0
09/11/2020 04:00:00 AM,5,3,2
09/11/2020 05:00:00 AM,11,5,6
09/11/2020 06:00:00 AM,35,14,21
09/11/2020 07:00:00 AM,64,30,34
09/11/2020 08:00:00 AM,82,28,54
09/11/2020 09:00:00 AM,76,27,49
09/11/2020 10:00:00 AM,42,15,27
09/11/2020 11:00:00 AM,38,22,16
09/11/2020 12:00:00 PM,50,22,28
09/11/2020 01:00:00 PM,35,9,26
09/11/2020 02:00:00 PM,53,27,26
09/11/2020 03:00:00 PM,68,28,40
09/11/2020 04:00:00 PM,81,30,51
09/11/2020 05:00:00 PM,92,35,57
09/11/2020 06:00:00 PM,71,27,44
09/11/2020 07:00:00 PM,29,10,19
09/11/2020 08:00:00 PM,30,12,18
09/11/2020 09:00:00 PM,13,5,8
09/11/2020 10:00:00 PM,9,3,6
09/11/2020 11:00:00 PM,3,0,3
09/12/2020 12:00:00 AM,4,1,3
09/12/2020 01:00:00 AM,6,5,1
09/12/2020 02:00:00 AM,1,1,0
09/12/2020 03:00:00 AM,3,1,2
09/12/2020 04:00:00 AM,3,3,0
09/12/2020 05:00:00 AM,5,1,4
09/12/2020 06:00:00 AM,8,3,5
09/12/2020 07:00:00 AM,12,8,4
09/12/2020 08:00:00 AM,19,8,11
09/12/2020 09:00:00 AM,16,6,10
09/12/2020 10:00:00 AM,19,9,10
09/12/2020 11:00:00 AM,19,13,6
09/12/2020 12:00:00 PM,25,14,11
09/12/2020 01:00:00 PM,24,12,12
09/12/2020 02:00:00 PM,31,9,22
09/12/2020 03:00:00 PM,19,6,13
09/12/2020 04:00:00 PM,15,10,5
09/12/2020 05:00:00 PM,22,11,11
09/12/2020 06:00:00 PM,39,20,19
09/12/2020 07:00:00 PM,22,11,11
09/12/2020 08:00:00 PM,17,7,10
09/12/2020 09:00:00 PM,8,4,4
09/12/2020 10:00:00 PM,6,1,5
09/12/2020 11:00:00 PM,0,0,0
09/13/2020 12:00:00 AM,5,5,0
09/13/2020 01:00:00 AM,1,0,1
09/13/2020 02:00:00 AM,2,2,0
09/13/2020 03:00:00 AM,1,1,0
09/13/2020 04:00:00 AM,2,2,0
09/13/2020 05:00:00 AM,7,3,4
09/13/2020 06:00:00 AM,2,1,1
09/13/2020 07:00:00 AM,9,4,5
09/13/2020 08:00:00 AM,12,4,8
09/13/2020 09:00:00 AM,17,3,14
09/13/2020 10:00:00 AM,17,8,9
09/13/2020 11:00:00 AM,24,12,12
09/13/2020 12:00:00 PM,30,8,22
09/13/2020 01:00:00 PM,35,15,20
09/13/2020 02:00:00 PM,34,13,21
09/13/2020 03:00:00 PM,35,21,14
09/13/2020 04:00:00 PM,34,19,15
09/13/2020 05:00:00 PM,29,14,15
09/13/2020 06:00:00 PM,30,15,15
09/13/2020 07:00:00 PM,20,10,10
09/13/2020 08:00:00 PM,9,5,4
09/13/2020 09:00:00 PM,9,6,3
09/13/2020 10:00:00 PM,7,4,3
09/13/2020 11:00:00 PM,3,1,2
09/14/2020 12:00:00 AM,1,1,0
09/14/2020 01:00:00 AM,1,0,1
09/14/2020 02:00:00 AM,1,0,1
09/14/2020 03:00:00 AM,0,0,0
09/14/2020 04:00:00 AM,3,2,1
09/14/2020 05:00:00 AM,16,7,9
09/14/2020 06:00:00 AM,26,12,14
09/14/2020 07:00:00 AM,48,17,31
09/14/2020 08:00:00 AM,55,20,35
09/14/2020 09:00:00 AM,24,7,17
09/14/2020 10:00:00 AM,23,5,18
09/14/2020 11:00:00 AM,28,14,14
09/14/2020 12:00:00 PM,13,7,6
09/14/2020 01:00:00 PM,18,6,12
09/14/2020 02:00:00 PM,25,11,14
09/14/2020 03:00:00 PM,41,7,34
09/14/2020 04:00:00 PM,45,14,31
09/14/2020 05:00:00 PM,71,22,49
09/14/2020 06:00:00 PM,65,24,41
09/14/2020 07:00:00 PM,23,13,10
09/14/2020 08:00:00 PM,18,4,14
09/14/2020 09:00:00 PM,12,6,6
09/14/2020 10:00:00 PM,4,3,1
09/14/2020 11:00:00 PM,3,2,1
09/15/2020 12:00:00 AM,1,0,1
09/15/2020 01:00:00 AM,1,0,1
09/15/2020 02:00:00 AM,0,0,0
09/15/2020 03:00:00 AM,3,0,3
09/15/2020 04:00:00 AM,3,2,1
09/15/2020 05:00:00 AM,10,4,6
09/15/2020 06:00:00 AM,14,6,8
09/15/2020 07:00:00 AM,45,18,27
09/15/2020 08:00:00 AM,44,21,23
09/15/2020 09:00:00 AM,32,14,18
09/15/2020 10:00:00 AM,28,9,19
09/15/2020 11:00:00 AM,32,11,21
09/15/2020 12:00:00 PM,36,14,22
09/15/2020 01:00:00 PM,18,4,14
09/15/2020 02:00:00 PM,34,17,17
09/15/2020 03:00:00 PM,52,17,35
09/15/2020 04:00:00 PM,44,16,28
09/15/2020 05:00:00 PM,89,36,53
09/15/2020 06:00:00 PM,89,28,61
09/15/2020 07:00:00 PM,39,17,22
09/15/2020 08:00:00 PM,15,4,11
09/15/2020 09:00:00 PM,7,0,7
09/15/2020 10:00:00 PM,7,2,5
09/15/2020 11:00:00 PM,3,0,3
09/16/2020 12:00:00 AM,1,0,1
09/16/2020 01:00:00 AM,3,0,3
09/16/2020 02:00:00 AM,0,0,0
09/16/2020 03:00:00 AM,4,1,3
09/16/2020 04:00:00 AM,2,2,0
09/16/2020 05:00:00 AM,16,7,9
09/16/2020 06:00:00 AM,21,7,14
09/16/2020 07:00:00 AM,52,18,34
09/16/2020 08:00:00 AM,45,17,28
09/16/2020 09:00:00 AM,39,15,24
09/16/2020 10:00:00 AM,22,6,16
09/16/2020 11:00:00 AM,28,15,13
09/16/2020 12:00:00 PM,22,11,11
09/16/2020 01:00:00 PM,29,10,19
09/16/2020 02:00:00 PM,39,20,19
09/16/2020 03:00:00 PM,55,24,31
09/16/2020 04:00:00 PM,78,27,51
09/16/2020 05:00:00 PM,97,39,58
09/16/2020 06:00:00 PM,66,33,33
09/16/2020 07:00:00 PM,40,20,20
09/16/2020 08:00:00 PM,40,16,24
09/16/2020 09:00:00 PM,12,5,7
09/16/2020 10:00:00 PM,10,2,8
09/16/2020 11:00:00 PM,5,4,1
09/17/2020 12:00:00 AM,3,2,1
09/17/2020 01:00:00 AM,4,4,0
09/17/2020 02:00:00 AM,1,1,0
09/17/2020 03:00:00 AM,1,0,1
09/17/2020 04:00:00 AM,6,3,3
09/17/2020 05:00:00 AM,21,8,13
09/17/2020 06:00:00 AM,21,4,17
09/17/2020 07:00:00 AM,62,26,36
09/17/2020 08:00:00 AM,51,19,32
09/17/2020 09:00:00 AM,36,11,25
09/17/2020 10:00:00 AM,31,9,22
09/17/2020 11:00:00 AM,44,24,20
09/17/2020 12:00:00 PM,31,14,17
09/17/2020 01:00:00 PM,47,21,26
09/17/2020 02:00:00 PM,53,26,27
09/17/2020 03:00:00 PM,70,36,34
09/17/2020 04:00:00 PM,98,39,59
09/17/2020 05:00:00 PM,119,48,71
09/17/2020 06:00:00 PM,112,37,75
09/17/2020 07:00:00 PM,49,21,28
09/17/2020 08:00:00 PM,38,16,22
09/17/2020 09:00:00 PM,20,9,11
09/17/2020 10:00:00 PM,13,5,8
09/17/2020 11:00:00 PM,6,3,3
09/18/2020 12:00:00 AM,3,1,2
09/18/2020 01:00:00 AM,1,0,1
09/18/2020 02:00:00 AM,1,0,1
09/18/2020 03:00:00 AM,1,1,0
09/18/2020 04:00:00 AM,3,1,2
09/18/2020 05:00:00 AM,16,9,7
09/18/2020 06:00:00 AM,32,14,18
09/18/2020 07:00:00 AM,58,31,27
09/18/2020 08:00:00 AM,53,18,35
09/18/2020 09:00:00 AM,57,20,37
09/18/2020 10:00:00 AM,32,10,22
09/18/2020 11:00:00 AM,41,20,21
09/18/2020 12:00:00 PM,34,22,12
09/18/2020 01:00:00 PM,37,10,27
09/18/2020 02:00:00 PM,30,11,19
09/18/2020 03:00:00 PM,25,10,15
09/18/2020 04:00:00 PM,54,23,31
09/18/2020 05:00:00 PM,73,39,34
09/18/2020 06:00:00 PM,89,30,59
09/18/2020 07:00:00 PM,37,19,18
09/18/2020 08:00:00 PM,30,15,15
09/18/2020 09:00:00 PM,17,6,11
09/18/2020 10:00:00 PM,13,6,7
09/18/2020 11:00:00 PM,12,0,12
09/19/2020 12:00:00 AM,8,3,5
09/19/2020 01:00:00 AM,5,2,3
09/19/2020 02:00:00 AM,1,1,0
09/19/2020 03:00:00 AM,2,1,1
09/19/2020 04:00:00 AM,1,1,0
09/19/2020 05:00:00 AM,6,1,5
09/19/2020 06:00:00 AM,10,6,4
09/19/2020 07:00:00 AM,29,11,18
09/19/2020 08:00:00 AM,42,18,24
09/19/2020 09:00:00 AM,87,36,51
09/19/2020 10:00:00 AM,114,56,58
09/19/2020 11:00:00 AM,163,65,98
09/19/2020 12:00:00 PM,144,64,80
09/19/2020 01:00:00 PM,167,80,87
09/19/2020 02:00:00 PM,214,104,110
09/19/2020 03:00:00 PM,191,86,105
09/19/2020 04:00:00 PM,190,75,115
09/19/2020 05:00:00 PM,127,50,77
09/19/2020 06:00:00 PM,86,44,42
09/19/2020 07:00:00 PM,48,26,22
09/19/2020 08:00:00 PM,34,14,20
09/19/2020 09:00:00 PM,21,9,12
09/19/2020 10:00:00 PM,21,8,13
09/19/2020 11:00:00 PM,11,2,9
09/20/2020 12:00:00 AM,3,0,3
09/20/2020 01:00:00 AM,6,6,0
09/20/2020 02:00:00 AM,3,0,3
09/20/2020 03:00:00 AM,5,1,4
09/20/2020 04:00:00 AM,1,1,0
09/20/2020 05:00:00 AM,12,7,5
09/20/2020 06:00:00 AM,15,9,6
09/20/2020 07:00:00 AM,47,16,31
09/20/2020 08:00:00 AM,70,38,32
09/20/2020 09:00:00 AM,117,58,59
09/20/2020 10:00:00 AM,151,80,71
09/20/2020 11:00:00 AM,189,79,110
09/20/2020 12:00:00 PM,237,94,143
09/20/2020 01:00:00 PM,272,121,151
09/20/2020 02:00:00 PM,348,170,178
09/20/2020 03:00:00 PM,395,186,209
09/20/2020 04:00:00 PM,323,137,186
09/20/2020 05:00:00 PM,244,107,137
09/20/2020 06:00:00 PM,170,67,103
09/20/2020 07:00:00 PM,97,40,57
09/20/2020 08:00:00 PM,55,29,26
09/20/2020 09:00:00 PM,34,12,22
09/20/2020 10:00:00 PM,14,3,11
09/20/2020 11:00:00 PM,6,1,5
09/21/2020 12:00:00 AM,1,1,0
09/21/2020 01:00:00 AM,0,0,0
09/21/2020 02:00:00 AM,5,3,2
09/21/2020 03:00:00 AM,3,3,0
09/21/2020 04:00:00 AM,8,4,4
09/21/2020 05:00:00 AM,24,10,14
09/21/2020 06:00:00 AM,59,26,33
09/21/2020 07:00:00 AM,147,70,77
09/21/2020 08:00:00 AM,186,80,106
09/21/2020 09:00:00 AM,121,46,75
09/21/2020 10:00:00 AM,83,39,44
09/21/2020 11:00:00 AM,67,31,36
09/21/2020 12:00:00 PM,110,54,56
09/21/2020 01:00:00 PM,112,58,54
09/21/2020 02:00:00 PM,132,60,72
09/21/2020 03:00:00 PM,170,71,99
09/21/2020 04:00:00 PM,235,93,142
09/21/2020 05:00:00 PM,342,113,229
09/21/2020 06:00:00 PM,286,107,179
09/21/2020 07:00:00 PM,148,57,91
09/21/2020 08:00:00 PM,45,16,29
09/21/2020 09:00:00 PM,37,16,21
09/21/2020 10:00:00 PM,41,18,23
09/21/2020 11:00:00 PM,11,6,5
09/22/2020 12:00:00 AM,14,9,5
09/22/2020 01:00:00 AM,6,3,3
09/22/2020 02:00:00 AM,2,1,1
09/22/2020 03:00:00 AM,1,0,1
09/22/2020 04:00:00 AM,4,2,2
09/22/2020 05:00:00 AM,32,13,19
09/22/2020 06:00:00 AM,66,34,32
09/22/2020 07:00:00 AM,177,76,101
09/22/2020 08:00:00 AM,183,81,102
09/22/2020 09:00:00 AM,125,46,79
09/22/2020 10:00:00 AM,75,30,45
09/22/2020 11:00:00 AM,120,54,66
09/22/2020 12:00:00 PM,140,67,73
09/22/2020 01:00:00 PM,162,76,86
09/22/2020 02:00:00 PM,166,74,92
09/22/2020 03:00:00 PM,252,121,131
09/22/2020 04:00:00 PM,330,139,191
09/22/2020 05:00:00 PM,454,177,277
09/22/2020 06:00:00 PM,376,141,235
09/22/2020 07:00:00 PM,150,65,85
09/22/2020 08:00:00 PM,80,29,51
09/22/2020 09:00:00 PM,48,18,30
09/22/2020 10:00:00 PM,16,6,10
09/22/2020 11:00:00 PM,22,7,15
09/23/2020 12:00:00 AM,5,1,4
09/23/2020 01:00:00 AM,2,0,2
09/23/2020 02:00:00 AM,2,1,1
09/23/2020 03:00:00 AM,2,0,2
09/23/2020 04:00:00 AM,6,3,3
09/23/2020 05:00:00 AM,17,6,11
09/23/2020 06:00:00 AM,46,17,29
09/23/2020 07:00:00 AM,91,40,51
09/23/2020 08:00:00 AM,118,43,75
09/23/2020 09:00:00 AM,53,21,32
09/23/2020 10:00:00 AM,37,8,29
09/23/2020 11:00:00 AM,33,17,16
09/23/2020 12:00:00 PM,17,5,12
09/23/2020 01:00:00 PM,30,12,18
09/23/2020 02:00:00 PM,40,20,20
09/23/2020 03:00:00 PM,74,54,20
09/23/2020 04:00:00 PM,68,19,49
09/23/2020 05:00:00 PM,89,25,64
09/23/2020 06:00:00 PM,58,13,45
09/23/2020 07:00:00 PM,39,17,22
09/23/2020 08:00:00 PM,20,7,13
09/23/2020 09:00:00 PM,19,10,9
09/23/2020 10:00:00 PM,12,2,10
09/23/2020 11:00:00 PM,6,5,1
09/24/2020 12:00:00 AM,9,5,4
09/24/2020 01:00:00 AM,0,0,0
09/24/2020 02:00:00 AM,0,0,0
09/24/2020 03:00:00 AM,1,1,0
09/24/2020 04:00:00 AM,2,1,1
09/24/2020 05:00:00 AM,15,7,8
09/24/2020 06:00:00 AM,38,17,21
09/24/2020 07:00:00 AM,76,33,43
09/24/2020 08:00:00 AM,100,45,55
09/24/2020 09:00:00 AM,51,19,32
09/24/2020 10:00:00 AM,24,9,15
09/24/2020 11:00:00 AM,23,9,14
09/24/2020 12:00:00 PM,28,13,15
09/24/2020 01:00:00 PM,41,14,27
09/24/2020 02:00:00 PM,64,36,28
09/24/2020 03:00:00 PM,107,54,53
09/24/2020 04:00:00 PM,123,44,79
09/24/2020 05:00:00 PM,223,74,149
09/24/2020 06:00:00 PM,179,71,108
09/24/2020 07:00:00 PM,87,35,52
09/24/2020 08:00:00 PM,44,13,31
09/24/2020 09:00:00 PM,18,7,11
09/24/2020 10:00:00 PM,24,12,12
09/24/2020 11:00:00 PM,6,2,4
09/25/2020 12:00:00 AM,11,2,9
09/25/2020 01:00:00 AM,2,1,1
09/25/2020 02:00:00 AM,0,0,0
09/25/2020 03:00:00 AM,2,2,0
09/25/2020 04:00:00 AM,5,1,4
09/25/2020 05:00:00 AM,14,5,9
09/25/2020 06:00:00 AM,27,14,13
09/25/2020 07:00:00 AM,45,26,19
09/25/2020 08:00:00 AM,57,25,32
09/25/2020 09:00:00 AM,34,16,18
09/25/2020 10:00:00 AM,23,7,16
09/25/2020 11:00:00 AM,24,10,14
09/25/2020 12:00:00 PM,27,11,16
09/25/2020 01:00:00 PM,27,9,18
09/25/2020 02:00:00 PM,46,24,22
09/25/2020 03:00:00 PM,51,22,29
09/25/2020 04:00:00 PM,140,53,87
09/25/2020 05:00:00 PM,187,67,120
09/25/2020 06:00:00 PM,160,67,93
09/25/2020 07:00:00 PM,102,51,51
09/25/2020 08:00:00 PM,35,14,21
09/25/2020 09:00:00 PM,34,14,20
09/25/2020 10:00:00 PM,27,7,20
09/25/2020 11:00:00 PM,15,6,9
09/26/2020 12:00:00 AM,4,2,2
09/26/2020 01:00:00 AM,6,2,4
09/26/2020 02:00:00 AM,1,1,0
09/26/2020 03:00:00 AM,1,1,0
09/26/2020 04:00:00 AM,2,1,1
09/26/2020 05:00:00 AM,6,2,4
09/26/2020 06:00:00 AM,24,11,13
09/26/2020 07:00:00 AM,36,11,25
09/26/2020 08:00:00 AM,86,32,54
09/26/2020 09:00:00 AM,110,46,64
09/26/2020 10:00:00 AM,144,79,65
09/26/2020 11:00:00 AM,233,120,113
09/26/2020 12:00:00 PM,211,92,119
09/26/2020 01:00:00 PM,237,123,114
09/26/2020 02:00:00 PM,204,91,113
09/26/2020 03:00:00 PM,189,78,111
09/26/2020 04:00:00 PM,185,91,94
09/26/2020 05:00:00 PM,163,71,92
09/26/2020 06:00:00 PM,104,49,55
09/26/2020 07:00:00 PM,65,36,29
09/26/2020 08:00:00 PM,55,28,27
09/26/2020 09:00:00 PM,32,6,26
09/26/2020 10:00:00 PM,20,7,13
09/26/2020 11:00:00 PM,15,7,8
09/27/2020 12:00:00 AM,7,0,7
09/27/2020 01:00:00 AM,4,0,4
09/27/2020 02:00:00 AM,6,3,3
09/27/2020 03:00:00 AM,2,0,2
09/27/2020 04:00:00 AM,0,0,0
09/27/2020 05:00:00 AM,14,6,8
09/27/2020 06:00:00 AM,18,6,12
09/27/2020 07:00:00 AM,45,15,30
09/27/2020 08:00:00 AM,92,45,47
09/27/2020 09:00:00 AM,145,62,83
09/27/2020 10:00:00 AM,190,90,100
09/27/2020 11:00:00 AM,261,131,130
09/27/2020 12:00:00 PM,287,135,152
09/27/2020 01:00:00 PM,305,135,170
09/27/2020 02:00:00 PM,297,138,159
09/27/2020 03:00:00 PM,329,145,184
09/27/2020 04:00:00 PM,307,124,183
09/27/2020 05:00:00 PM,250,101,149
09/27/2020 06:00:00 PM,193,90,103
09/27/2020 07:00:00 PM,88,42,46
09/27/2020 08:00:00 PM,0,0,0
09/27/2020 09:00:00 PM,36,15,21
09/27/2020 10:00:00 PM,11,3,8
09/27/2020 11:00:00 PM,11,7,4
09/28/2020 12:00:00 AM,4,2,2
09/28/2020 01:00:00 AM,0,0,0
09/28/2020 02:00:00 AM,2,1,1
09/28/2020 03:00:00 AM,0,0,0
09/28/2020 04:00:00 AM,3,2,1
09/28/2020 05:00:00 AM,27,8,19
09/28/2020 06:00:00 AM,57,22,35
09/28/2020 07:00:00 AM,165,73,92
09/28/2020 08:00:00 AM,175,70,105
09/28/2020 09:00:00 AM,137,45,92
09/28/2020 10:00:00 AM,83,34,49
09/28/2020 11:00:00 AM,97,48,49
09/28/2020 12:00:00 PM,140,70,70
09/28/2020 01:00:00 PM,130,76,54
09/28/2020 02:00:00 PM,175,80,95
09/28/2020 03:00:00 PM,205,82,123
09/28/2020 04:00:00 PM,284,97,187
09/28/2020 05:00:00 PM,405,150,255
09/28/2020 06:00:00 PM,324,133,191
09/28/2020 07:00:00 PM,155,54,101
09/28/2020 08:00:00 PM,57,26,31
09/28/2020 09:00:00 PM,40,16,24
09/28/2020 10:00:00 PM,21,10,11
09/28/2020 11:00:00 PM,6,2,4
09/29/2020 12:00:00 AM,5,2,3
09/29/2020 01:00:00 AM,0,0,0
09/29/2020 02:00:00 AM,1,1,0
09/29/2020 03:00:00 AM,1,0,1
09/29/2020 04:00:00 AM,5,2,3
09/29/2020 05:00:00 AM,20,8,12
09/29/2020 06:00:00 AM,71,29,42
09/29/2020 07:00:00 AM,188,88,100
09/29/2020 08:00:00 AM,215,96,119
09/29/2020 09:00:00 AM,145,51,94
09/29/2020 10:00:00 AM,86,34,52
09/29/2020 11:00:00 AM,129,67,62
09/29/2020 12:00:00 PM,175,89,86
09/29/2020 01:00:00 PM,161,72,89
09/29/2020 02:00:00 PM,150,75,75
09/29/2020 03:00:00 PM,197,88,109
09/29/2020 04:00:00 PM,339,134,205
09/29/2020 05:00:00 PM,482,179,303
09/29/2020 06:00:00 PM,268,110,158
09/29/2020 07:00:00 PM,154,52,102
09/29/2020 08:00:00 PM,71,34,37
09/29/2020 09:00:00 PM,40,20,20
09/29/2020 10:00:00 PM,22,3,19
09/29/2020 11:00:00 PM,14,5,9
09/30/2020 12:00:00 AM,6,2,4
09/30/2020 01:00:00 AM,5,3,2
09/30/2020 02:00:00 AM,1,0,1
09/30/2020 03:00:00 AM,0,0,0
09/30/2020 04:00:00 AM,6,5,1
09/30/2020 05:00:00 AM,22,13,9
09/30/2020 06:00:00 AM,69,35,34
09/30/2020 07:00:00 AM,196,84,112
09/30/2020 08:00:00 AM,193,88,105
09/30/2020 09:00:00 AM,137,69,68
09/30/2020 10:00:00 AM,89,45,44
09/30/2020 11:00:00 AM,89,50,39
09/30/2020 12:00:00 PM,107,45,62
09/30/2020 01:00:00 PM,127,58,69
09/30/2020 02:00:00 PM,146,67,79
09/30/2020 03:00:00 PM,169,63,106
09/30/2020 04:00:00 PM,248,89,159
09/30/2020 05:00:00 PM,348,129,219
09/30/2020 06:00:00 PM,266,99,167
09/30/2020 07:00:00 PM,156,51,105
09/30/2020 08:00:00 PM,70,27,43
09/30/2020 09:00:00 PM,40,17,23
09/30/2020 10:00:00 PM,23,10,13
09/30/2020 11:00:00 PM,17,4,13
10/01/2020 12:00:00 AM,8,4,4
10/01/2020 01:00:00 AM,4,1,3
10/01/2020 02:00:00 AM,2,1,1
10/01/2020 03:00:00 AM,1,0,1
10/01/2020 04:00:00 AM,5,1,4
10/01/2020 05:00:00 AM,30,10,20
10/01/2020 06:00:00 AM,67,27,40
10/01/2020 07:00:00 AM,147,62,85
10/01/2020 08:00:00 AM,153,53,100
10/01/2020 09:00:00 AM,114,56,58
10/01/2020 10:00:00 AM,66,25,41
10/01/2020 11:00:00 AM,72,35,37
10/01/2020 12:00:00 PM,89,36,53
10/01/2020 01:00:00 PM,110,50,60
10/01/2020 02:00:00 PM,129,50,79
10/01/2020 03:00:00 PM,152,54,98
10/01/2020 04:00:00 PM,227,84,143
10/01/2020 05:00:00 PM,340,127,213
10/01/2020 06:00:00 PM,257,112,145
10/01/2020 07:00:00 PM,143,62,81
10/01/2020 08:00:00 PM,61,30,31
10/01/2020 09:00:00 PM,38,10,28
10/01/2020 10:00:00 PM,31,11,20
10/01/2020 11:00:00 PM,11,2,9
10/02/2020 12:00:00 AM,8,1,7
10/02/2020 01:00:00 AM,2,0,2
10/02/2020 02:00:00 AM,4,1,3
10/02/2020 03:00:00 AM,1,1,0
10/02/2020 04:00:00 AM,3,1,2
10/02/2020 05:00:00 AM,22,12,10
10/02/2020 06:00:00 AM,56,19,37
10/02/2020 07:00:00 AM,123,55,68
10/02/2020 08:00:00 AM,150,60,90
10/02/2020 09:00:00 AM,105,36,69
10/02/2020 10:00:00 AM,88,36,52
10/02/2020 11:00:00 AM,73,30,43
10/02/2020 12:00:00 PM,110,43,67
10/02/2020 01:00:00 PM,141,68,73
10/02/2020 02:00:00 PM,181,78,103
10/02/2020 03:00:00 PM,195,82,113
10/02/2020 04:00:00 PM,287,118,169
10/02/2020 05:00:00 PM,366,147,219
10/02/2020 06:00:00 PM,258,100,158
10/02/2020 07:00:00 PM,155,82,73
10/02/2020 08:00:00 PM,68,39,29
10/02/2020 09:00:00 PM,35,10,25
10/02/2020 10:00:00 PM,37,18,19
10/02/2020 11:00:00 PM,18,2,16
10/03/2020 12:00:00 AM,7,3,4
10/03/2020 01:00:00 AM,8,3,5
10/03/2020 02:00:00 AM,0,0,0
10/03/2020 03:00:00 AM,2,1,1
10/03/2020 04:00:00 AM,2,1,1
10/03/2020 05:00:00 AM,11,6,5
10/03/2020 06:00:00 AM,10,7,3
10/03/2020 07:00:00 AM,41,25,16
10/03/2020 08:00:00 AM,81,40,41
10/03/2020 09:00:00 AM,107,40,67
10/03/2020 10:00:00 AM,148,66,82
10/03/2020 11:00:00 AM,218,94,124
10/03/2020 12:00:00 PM,161,66,95
10/03/2020 01:00:00 PM,142,68,74
10/03/2020 02:00:00 PM,217,87,130
10/03/2020 03:00:00 PM,227,113,114
10/03/2020 04:00:00 PM,193,76,117
10/03/2020 05:00:00 PM,158,68,90
10/03/2020 06:00:00 PM,123,59,64
10/03/2020 07:00:00 PM,76,42,34
10/03/2020 08:00:00 PM,31,11,20
10/03/2020 09:00:00 PM,31,9,22
10/03/2020 10:00:00 PM,19,11,8
10/03/2020 11:00:00 PM,7,2,5
10/04/2020 12:00:00 AM,15,4,11
10/04/2020 01:00:00 AM,6,5,1
10/04/2020 02:00:00 AM,2,0,2
10/04/2020 03:00:00 AM,0,0,0
10/04/2020 04:00:00 AM,1,1,0
10/04/2020 05:00:00 AM,8,4,4
10/04/2020 06:00:00 AM,15,5,10
10/04/2020 07:00:00 AM,27,9,18
10/04/2020 08:00:00 AM,45,19,26
10/04/2020 09:00:00 AM,59,28,31
10/04/2020 10:00:00 AM,88,41,47
10/04/2020 11:00:00 AM,98,38,60
10/04/2020 12:00:00 PM,105,41,64
10/04/2020 01:00:00 PM,128,49,79
10/04/2020 02:00:00 PM,183,81,102
10/04/2020 03:00:00 PM,204,103,101
10/04/2020 04:00:00 PM,178,78,100
10/04/2020 05:00:00 PM,146,54,92
10/04/2020 06:00:00 PM,114,44,70
10/04/2020 07:00:00 PM,36,11,25
10/04/2020 08:00:00 PM,37,11,26
10/04/2020 09:00:00 PM,14,5,9
10/04/2020 10:00:00 PM,12,6,6
10/04/2020 11:00:00 PM,7,3,4
10/05/2020 12:00:00 AM,5,3,2
10/05/2020 01:00:00 AM,1,1,0
10/05/2020 02:00:00 AM,3,0,3
10/05/2020 03:00:00 AM,0,0,0
10/05/2020 04:00:00 AM,10,4,6
10/05/2020 05:00:00 AM,21,8,13
10/05/2020 06:00:00 AM,64,25,39
10/05/2020 07:00:00 AM,135,57,78
10/05/2020 08:00:00 AM,188,65,123
10/05/2020 09:00:00 AM,113,45,68
10/05/2020 10:00:00 AM,66,25,41
10/05/2020 11:00:00 AM,77,34,43
10/05/2020 12:00:00 PM,96,42,54
10/05/2020 01:00:00 PM,124,62,62
10/05/2020 02:00:00 PM,134,62,72
10/05/2020 03:00:00 PM,187,79,108
10/05/2020 04:00:00 PM,266,110,156
10/05/2020 05:00:00 PM,402,152,250
10/05/2020 06:00:00 PM,264,117,147
10/05/2020 07:00:00 PM,137,60,77
10/05/2020 08:00:00 PM,48,21,27
10/05/2020 09:00:00 PM,37,15,22
10/05/2020 10:00:00 PM,19,6,13
10/05/2020 11:00:00 PM,8,1,7
10/06/2020 12:00:00 AM,10,7,3
10/06/2020 01:00:00 AM,1,0,1
10/06/2020 02:00:00 AM,2,1,1
10/06/2020 03:00:00 AM,2,1,1
10/06/2020 04:00:00 AM,8,5,3
10/06/2020 05:00:00 AM,23,11,12
10/06/2020 06:00:00 AM,78,32,46
10/06/2020 07:00:00 AM,187,83,104
10/06/2020 08:00:00 AM,179,78,101
10/06/2020 09:00:00 AM,100,37,63
10/06/2020 10:00:00 AM,76,35,41
10/06/2020 11:00:00 AM,87,30,57
10/06/2020 12:00:00 PM,138,62,76
10/06/2020 01:00:00 PM,127,65,62
10/06/2020 02:00:00 PM,151,70,81
10/06/2020 03:00:00 PM,190,74,116
10/06/2020 04:00:00 PM,333,110,223
10/06/2020 05:00:00 PM,447,169,278
10/06/2020 06:00:00 PM,303,118,185
10/06/2020 07:00:00 PM,150,61,89
10/06/2020 08:00:00 PM,82,25,57
10/06/2020 09:00:00 PM,48,23,25
10/06/2020 10:00:00 PM,21,9,12
10/06/2020 11:00:00 PM,19,10,9
10/07/2020 12:00:00 AM,1,0,1
10/07/2020 01:00:00 AM,1,0,1
10/07/2020 02:00:00 AM,0,0,0
10/07/2020 03:00:00 AM,2,0,2
10/07/2020 04:00:00 AM,2,1,1
10/07/2020 05:00:00 AM,29,12,17
10/07/2020 06:00:00 AM,62,26,36
10/07/2020 07:00:00 AM,174,88,86
10/07/2020 08:00:00 AM,193,74,119
10/07/2020 09:00:00 AM,123,41,82
10/07/2020 10:00:00 AM,72,30,42
10/07/2020 11:00:00 AM,85,46,39
10/07/2020 12:00:00 PM,99,46,53
10/07/2020 01:00:00 PM,120,49,71
10/07/2020 02:00:00 PM,94,31,63
10/07/2020 03:00:00 PM,173,80,93
10/07/2020 04:00:00 PM,235,101,134
10/07/2020 05:00:00 PM,342,115,227
10/07/2020 06:00:00 PM,253,78,175
10/07/2020 07:00:00 PM,97,26,71
10/07/2020 08:00:00 PM,57,20,37
10/07/2020 09:00:00 PM,36,19,17
10/07/2020 10:00:00 PM,26,4,22
10/07/2020 11:00:00 PM,10,0,10
10/08/2020 12:00:00 AM,6,0,6
10/08/2020 01:00:00 AM,1,0,1
10/08/2020 02:00:00 AM,3,1,2
10/08/2020 03:00:00 AM,1,0,1
10/08/2020 04:00:00 AM,8,4,4
10/08/2020 05:00:00 AM,27,7,20
10/08/2020 06:00:00 AM,68,22,46
10/08/2020 07:00:00 AM,141,61,80
10/08/2020 08:00:00 AM,184,66,118
10/08/2020 09:00:00 AM,113,31,82
10/08/2020 10:00:00 AM,103,40,63
10/08/2020 11:00:00 AM,70,36,34
10/08/2020 12:00:00 PM,116,47,69
10/08/2020 01:00:00 PM,122,58,64
10/08/2020 02:00:00 PM,120,50,70
10/08/2020 03:00:00 PM,183,75,108
10/08/2020 04:00:00 PM,238,99,139
10/08/2020 05:00:00 PM,376,142,234
10/08/2020 06:00:00 PM,264,115,149
10/08/2020 07:00:00 PM,96,32,64
10/08/2020 08:00:00 PM,54,19,35
10/08/2020 09:00:00 PM,27,12,15
10/08/2020 10:00:00 PM,28,20,8
10/08/2020 11:00:00 PM,12,5,7
10/09/2020 12:00:00 AM,6,1,5
10/09/2020 01:00:00 AM,5,2,3
10/09/2020 02:00:00 AM,2,0,2
10/09/2020 03:00:00 AM,4,0,4
10/09/2020 04:00:00 AM,7,4,3
10/09/2020 05:00:00 AM,22,9,13
10/09/2020 06:00:00 AM,60,24,36
10/09/2020 07:00:00 AM,140,59,81
10/09/2020 08:00:00 AM,182,72,110
10/09/2020 09:00:00 AM,115,39,76
10/09/2020 10:00:00 AM,88,30,58
10/09/2020 11:00:00 AM,86,39,47
10/09/2020 12:00:00 PM,129,49,80
10/09/2020 01:00:00 PM,136,61,75
10/09/2020 02:00:00 PM,145,66,79
10/09/2020 03:00:00 PM,196,76,120
10/09/2020 04:00:00 PM,233,86,147
10/09/2020 05:00:00 PM,303,122,181
10/09/2020 06:00:00 PM,194,75,119
10/09/2020 07:00:00 PM,87,37,50
10/09/2020 08:00:00 PM,50,20,30
10/09/2020 09:00:00 PM,25,10,15
10/09/2020 10:00:00 PM,11,1,10
10/09/2020 11:00:00 PM,12,9,3
10/10/2020 12:00:00 AM,4,0,4
10/10/2020 01:00:00 AM,3,2,1
10/10/2020 02:00:00 AM,2,2,0
10/10/2020 03:00:00 AM,0,0,0
10/10/2020 04:00:00 AM,1,0,1
10/10/2020 05:00:00 AM,6,2,4
10/10/2020 06:00:00 AM,6,0,6
10/10/2020 07:00:00 AM,11,5,6
10/10/2020 08:00:00 AM,28,13,15
10/10/2020 09:00:00 AM,53,16,37
10/10/2020 10:00:00 AM,49,24,25
10/10/2020 11:00:00 AM,75,27,48
10/10/2020 12:00:00 PM,107,58,49
10/10/2020 01:00:00 PM,117,66,51
10/10/2020 02:00:00 PM,173,81,92
10/10/2020 03:00:00 PM,267,164,103
10/10/2020 04:00:00 PM,192,68,124
10/10/2020 05:00:00 PM,156,69,87
10/10/2020 06:00:00 PM,101,48,53
10/10/2020 07:00:00 PM,60,22,38
10/10/2020 08:00:00 PM,26,9,17
10/10/2020 09:00:00 PM,22,6,16
10/10/2020 10:00:00 PM,10,6,4
10/10/2020 11:00:00 PM,15,8,7
10/11/2020 12:00:00 AM,10,2,8
10/11/2020 01:00:00 AM,4,1,3
10/11/2020 02:00:00 AM,3,2,1
10/11/2020 03:00:00 AM,4,3,1
10/11/2020 04:00:00 AM,1,1,0
10/11/2020 05:00:00 AM,10,4,6
10/11/2020 06:00:00 AM,18,8,10
10/11/2020 07:00:00 AM,29,14,15
10/11/2020 08:00:00 AM,48,29,19
10/11/2020 09:00:00 AM,86,33,53
10/11/2020 10:00:00 AM,87,45,42
10/11/2020 11:00:00 AM,81,43,38
10/11/2020 12:00:00 PM,55,28,27
10/11/2020 01:00:00 PM,43,23,20
10/11/2020 02:00:00 PM,31,18,13
10/11/2020 03:00:00 PM,38,15,23
10/11/2020 04:00:00 PM,27,16,11
10/11/2020 05:00:00 PM,34,10,24
10/11/2020 06:00:00 PM,21,7,14
10/11/2020 07:00:00 PM,10,3,7
10/11/2020 08:00:00 PM,10,5,5
10/11/2020 09:00:00 PM,11,4,7
10/11/2020 10:00:00 PM,13,5,8
10/11/2020 11:00:00 PM,6,2,4
10/12/2020 12:00:00 AM,1,0,1
10/12/2020 01:00:00 AM,3,1,2
10/12/2020 02:00:00 AM,0,0,0
10/12/2020 03:00:00 AM,1,0,1
10/12/2020 04:00:00 AM,4,3,1
10/12/2020 05:00:00 AM,17,5,12
10/12/2020 06:00:00 AM,41,19,22
10/12/2020 07:00:00 AM,95,46,49
10/12/2020 08:00:00 AM,144,53,91
10/12/2020 09:00:00 AM,80,29,51
10/12/2020 10:00:00 AM,56,23,33
10/12/2020 11:00:00 AM,55,26,29
10/12/2020 12:00:00 PM,76,41,35
10/12/2020 01:00:00 PM,96,44,52
10/12/2020 02:00:00 PM,114,39,75
10/12/2020 03:00:00 PM,183,82,101
10/12/2020 04:00:00 PM,232,107,125
10/12/2020 05:00:00 PM,326,120,206
10/12/2020 06:00:00 PM,244,87,157
10/12/2020 07:00:00 PM,106,45,61
10/12/2020 08:00:00 PM,43,15,28
10/12/2020 09:00:00 PM,29,16,13
10/12/2020 10:00:00 PM,18,5,13
10/12/2020 11:00:00 PM,6,3,3
10/13/2020 12:00:00 AM,0,0,0
10/13/2020 01:00:00 AM,1,0,1
10/13/2020 02:00:00 AM,6,3,3
10/13/2020 03:00:00 AM,2,2,0
10/13/2020 04:00:00 AM,5,1,4
10/13/2020 05:00:00 AM,14,6,8
10/13/2020 06:00:00 AM,27,15,12
10/13/2020 07:00:00 AM,79,34,45
10/13/2020 08:00:00 AM,79,34,45
10/13/2020 09:00:00 AM,62,20,42
10/13/2020 10:00:00 AM,34,9,25
10/13/2020 11:00:00 AM,39,23,16
10/13/2020 12:00:00 PM,45,21,24
10/13/2020 01:00:00 PM,46,24,22
10/13/2020 02:00:00 PM,68,32,36
10/13/2020 03:00:00 PM,113,43,70
10/13/2020 04:00:00 PM,143,59,84
10/13/2020 05:00:00 PM,225,81,144
10/13/2020 06:00:00 PM,183,65,118
10/13/2020 07:00:00 PM,66,22,44
10/13/2020 08:00:00 PM,31,10,21
10/13/2020 09:00:00 PM,15,8,7
10/13/2020 10:00:00 PM,21,4,17
10/13/2020 11:00:00 PM,6,2,4
10/14/2020 12:00:00 AM,4,0,4
10/14/2020 01:00:00 AM,4,1,3
10/14/2020 02:00:00 AM,2,2,0
10/14/2020 03:00:00 AM,2,2,0
10/14/2020 04:00:00 AM,9,2,7
10/14/2020 05:00:00 AM,22,11,11
10/14/2020 06:00:00 AM,76,34,42
10/14/2020 07:00:00 AM,164,81,83
10/14/2020 08:00:00 AM,165,61,104
10/14/2020 09:00:00 AM,129,40,89
10/14/2020 10:00:00 AM,93,33,60
10/14/2020 11:00:00 AM,130,55,75
10/14/2020 12:00:00 PM,124,60,64
10/14/2020 01:00:00 PM,136,56,80
10/14/2020 02:00:00 PM,153,65,88
10/14/2020 03:00:00 PM,209,89,120
10/14/2020 04:00:00 PM,296,118,178
10/14/2020 05:00:00 PM,344,147,197
10/14/2020 06:00:00 PM,250,99,151
10/14/2020 07:00:00 PM,117,53,64
10/14/2020 08:00:00 PM,52,19,33
10/14/2020 09:00:00 PM,23,10,13
10/14/2020 10:00:00 PM,21,11,10
10/14/2020 11:00:00 PM,10,3,7
10/15/2020 12:00:00 AM,3,0,3
10/15/2020 01:00:00 AM,3,1,2
10/15/2020 02:00:00 AM,0,0,0
10/15/2020 03:00:00 AM,1,1,0
10/15/2020 04:00:00 AM,7,3,4
10/15/2020 05:00:00 AM,23,10,13
10/15/2020 06:00:00 AM,66,26,40
10/15/2020 07:00:00 AM,148,70,78
10/15/2020 08:00:00 AM,188,66,122
10/15/2020 09:00:00 AM,137,56,81
10/15/2020 10:00:00 AM,87,32,55
10/15/2020 11:00:00 AM,95,37,58
10/15/2020 12:00:00 PM,107,54,53
10/15/2020 01:00:00 PM,132,60,72
10/15/2020 02:00:00 PM,154,73,81
10/15/2020 03:00:00 PM,181,60,121
10/15/2020 04:00:00 PM,258,115,143
10/15/2020 05:00:00 PM,367,117,250
10/15/2020 06:00:00 PM,281,123,158
10/15/2020 07:00:00 PM,100,37,63
10/15/2020 08:00:00 PM,52,20,32
10/15/2020 09:00:00 PM,31,16,15
10/15/2020 10:00:00 PM,27,13,14
10/15/2020 11:00:00 PM,11,1,10
10/16/2020 12:00:00 AM,8,3,5
10/16/2020 01:00:00 AM,1,1,0
10/16/2020 02:00:00 AM,4,3,1
10/16/2020 03:00:00 AM,2,2,0
10/16/2020 04:00:00 AM,8,5,3
10/16/2020 05:00:00 AM,24,8,16
10/16/2020 06:00:00 AM,46,17,29
10/16/2020 07:00:00 AM,120,51,69
10/16/2020 08:00:00 AM,143,62,81
10/16/2020 09:00:00 AM,108,37,71
10/16/2020 10:00:00 AM,64,27,37
10/16/2020 11:00:00 AM,83,36,47
10/16/2020 12:00:00 PM,93,54,39
10/16/2020 01:00:00 PM,87,35,52
10/16/2020 02:00:00 PM,111,48,63
10/16/2020 03:00:00 PM,113,51,62
10/16/2020 04:00:00 PM,154,63,91
10/16/2020 05:00:00 PM,151,52,99
10/16/2020 06:00:00 PM,132,53,79
10/16/2020 07:00:00 PM,70,32,38
10/16/2020 08:00:00 PM,35,18,17
10/16/2020 09:00:00 PM,26,11,15
10/16/2020 10:00:00 PM,15,5,10
10/16/2020 11:00:00 PM,23,6,17
10/17/2020 12:00:00 AM,6,2,4
10/17/2020 01:00:00 AM,4,1,3
10/17/2020 02:00:00 AM,1,0,1
10/17/2020 03:00:00 AM,3,1,2
10/17/2020 04:00:00 AM,2,1,1
10/17/2020 05:00:00 AM,8,3,5
10/17/2020 06:00:00 AM,13,5,8
10/17/2020 07:00:00 AM,38,10,28
10/17/2020 08:00:00 AM,65,30,35
10/17/2020 09:00:00 AM,88,37,51
10/17/2020 10:00:00 AM,120,54,66
10/17/2020 11:00:00 AM,131,66,65
10/17/2020 12:00:00 PM,176,81,95
10/17/2020 01:00:00 PM,182,85,97
10/17/2020 02:00:00 PM,172,92,80
10/17/2020 03:00:00 PM,186,80,106
10/17/2020 04:00:00 PM,177,69,108
10/17/2020 05:00:00 PM,167,79,88
10/17/2020 06:00:00 PM,114,41,73
10/17/2020 07:00:00 PM,49,20,29
10/17/2020 08:00:00 PM,42,17,25
10/17/2020 09:00:00 PM,27,14,13
10/17/2020 10:00:00 PM,11,2,9
10/17/2020 11:00:00 PM,5,3,2
10/18/2020 12:00:00 AM,3,0,3
10/18/2020 01:00:00 AM,3,1,2
10/18/2020 02:00:00 AM,4,3,1
10/18/2020 03:00:00 AM,4,3,1
10/18/2020 04:00:00 AM,1,1,0
10/18/2020 05:00:00 AM,8,3,5
10/18/2020 06:00:00 AM,11,4,7
10/18/2020 07:00:00 AM,24,11,13
10/18/2020 08:00:00 AM,43,18,25
10/18/2020 09:00:00 AM,52,16,36
10/18/2020 10:00:00 AM,61,31,30
10/18/2020 11:00:00 AM,63,38,25
10/18/2020 12:00:00 PM,60,29,31
10/18/2020 01:00:00 PM,49,21,28
10/18/2020 02:00:00 PM,54,27,27
10/18/2020 03:00:00 PM,69,35,34
10/18/2020 04:00:00 PM,90,28,62
10/18/2020 05:00:00 PM,97,41,56
10/18/2020 06:00:00 PM,48,14,34
10/18/2020 07:00:00 PM,31,17,14
10/18/2020 08:00:00 PM,16,7,9
10/18/2020 09:00:00 PM,15,7,8
10/18/2020 10:00:00 PM,9,1,8
10/18/2020 11:00:00 PM,5,2,3
10/19/2020 12:00:00 AM,0,0,0
10/19/2020 01:00:00 AM,1,0,1
10/19/2020 02:00:00 AM,3,2,1
10/19/2020 03:00:00 AM,0,0,0
10/19/2020 04:00:00 AM,8,5,3
10/19/2020 05:00:00 AM,19,10,9
10/19/2020 06:00:00 AM,56,18,38
10/19/2020 07:00:00 AM,124,48,76
10/19/2020 08:00:00 AM,149,56,93
10/19/2020 09:00:00 AM,111,38,73
10/19/2020 10:00:00 AM,90,29,61
10/19/2020 11:00:00 AM,79,34,45
10/19/2020 12:00:00 PM,73,31,42
10/19/2020 01:00:00 PM,83,34,49
10/19/2020 02:00:00 PM,65,24,41
10/19/2020 03:00:00 PM,95,37,58
10/19/2020 04:00:00 PM,132,38,94
10/19/2020 05:00:00 PM,158,42,116
10/19/2020 06:00:00 PM,93,28,65
10/19/2020 07:00:00 PM,45,17,28
10/19/2020 08:00:00 PM,27,13,14
10/19/2020 09:00:00 PM,12,4,8
10/19/2020 10:00:00 PM,13,7,6
10/19/2020 11:00:00 PM,7,4,3
10/20/2020 12:00:00 AM,6,4,2
10/20/2020 01:00:00 AM,2,1,1
10/20/2020 02:00:00 AM,0,0,0
10/20/2020 03:00:00 AM,1,0,1
10/20/2020 04:00:00 AM,6,3,3
10/20/2020 05:00:00 AM,19,12,7
10/20/2020 06:00:00 AM,55,18,37
10/20/2020 07:00:00 AM,142,64,78
10/20/2020 08:00:00 AM,157,47,110
10/20/2020 09:00:00 AM,98,38,60
10/20/2020 10:00:00 AM,75,28,47
10/20/2020 11:00:00 AM,76,46,30
10/20/2020 12:00:00 PM,89,49,40
10/20/2020 01:00:00 PM,98,42,56
10/20/2020 02:00:00 PM,130,57,73
10/20/2020 03:00:00 PM,221,90,131
10/20/2020 04:00:00 PM,284,120,164
10/20/2020 05:00:00 PM,385,133,252
10/20/2020 06:00:00 PM,231,81,150
10/20/2020 07:00:00 PM,61,25,36
10/20/2020 08:00:00 PM,54,18,36
10/20/2020 09:00:00 PM,31,12,19
10/20/2020 10:00:00 PM,13,3,10
10/20/2020 11:00:00 PM,11,4,7
10/21/2020 12:00:00 AM,7,1,6
10/21/2020 01:00:00 AM,0,0,0
10/21/2020 02:00:00 AM,0,0,0
10/21/2020 03:00:00 AM,0,0,0
10/21/2020 04:00:00 AM,5,2,3
10/21/2020 05:00:00 AM,19,9,10
10/21/2020 06:00:00 AM,37,18,19
10/21/2020 07:00:00 AM,136,45,91
10/21/2020 08:00:00 AM,134,59,75
10/21/2020 09:00:00 AM,73,25,48
10/21/2020 10:00:00 AM,41,15,26
10/21/2020 11:00:00 AM,33,16,17
10/21/2020 12:00:00 PM,51,20,31
10/21/2020 01:00:00 PM,66,33,33
10/21/2020 02:00:00 PM,72,29,43
10/21/2020 03:00:00 PM,120,52,68
10/21/2020 04:00:00 PM,155,54,101
10/21/2020 05:00:00 PM,265,84,181
10/21/2020 06:00:00 PM,167,68,99
10/21/2020 07:00:00 PM,78,30,48
10/21/2020 08:00:00 PM,29,9,20
10/21/2020 09:00:00 PM,20,8,12
10/21/2020 10:00:00 PM,12,6,6
10/21/2020 11:00:00 PM,10,3,7
10/22/2020 12:00:00 AM,7,1,6
10/22/2020 01:00:00 AM,3,2,1
10/22/2020 02:00:00 AM,0,0,0
10/22/2020 03:00:00 AM,4,4,0
10/22/2020 04:00:00 AM,8,3,5
10/22/2020 05:00:00 AM,25,12,13
10/22/2020 06:00:00 AM,49,24,25
10/22/2020 07:00:00 AM,127,46,81
10/22/2020 08:00:00 AM,162,59,103
10/22/2020 09:00:00 AM,100,37,63
10/22/2020 10:00:00 AM,68,29,39
10/22/2020 11:00:00 AM,71,26,45
10/22/2020 12:00:00 PM,102,44,58
10/22/2020 01:00:00 PM,107,54,53
10/22/2020 02:00:00 PM,129,48,81
10/22/2020 03:00:00 PM,198,78,120
10/22/2020 04:00:00 PM,269,101,168
10/22/2020 05:00:00 PM,288,98,190
10/22/2020 06:00:00 PM,170,73,97
10/22/2020 07:00:00 PM,69,23,46
10/22/2020 08:00:00 PM,36,16,20
10/22/2020 09:00:00 PM,31,5,26
10/22/2020 10:00:00 PM,30,11,19
10/22/2020 11:00:00 PM,8,2,6
10/23/2020 12:00:00 AM,3,1,2
10/23/2020 01:00:00 AM,0,0,0
10/23/2020 02:00:00 AM,0,0,0
10/23/2020 03:00:00 AM,1,0,1
10/23/2020 04:00:00 AM,4,1,3
10/23/2020 05:00:00 AM,19,7,12
10/23/2020 06:00:00 AM,37,18,19
10/23/2020 07:00:00 AM,74,27,47
10/23/2020 08:00:00 AM,78,31,47
10/23/2020 09:00:00 AM,48,14,34
10/23/2020 10:00:00 AM,33,14,19
10/23/2020 11:00:00 AM,46,24,22
10/23/2020 12:00:00 PM,37,17,20
10/23/2020 01:00:00 PM,70,35,35
10/23/2020 02:00:00 PM,67,27,40
10/23/2020 03:00:00 PM,71,28,43
10/23/2020 04:00:00 PM,107,47,60
10/23/2020 05:00:00 PM,106,43,63
10/23/2020 06:00:00 PM,80,27,53
10/23/2020 07:00:00 PM,37,13,24
10/23/2020 08:00:00 PM,18,9,9
10/23/2020 09:00:00 PM,14,7,7
10/23/2020 10:00:00 PM,17,6,11
10/23/2020 11:00:00 PM,5,0,5
10/24/2020 12:00:00 AM,7,3,4
10/24/2020 01:00:00 AM,3,1,2
10/24/2020 02:00:00 AM,1,0,1
10/24/2020 03:00:00 AM,1,0,1
10/24/2020 04:00:00 AM,0,0,0
10/24/2020 05:00:00 AM,9,4,5
10/24/2020 06:00:00 AM,8,2,6
10/24/2020 07:00:00 AM,30,12,18
10/24/2020 08:00:00 AM,67,26,41
10/24/2020 09:00:00 AM,95,42,53
10/24/2020 10:00:00 AM,108,39,69
10/24/2020 11:00:00 AM,136,63,73
10/24/2020 12:00:00 PM,147,60,87
10/24/2020 01:00:00 PM,192,72,120
10/24/2020 02:00:00 PM,185,74,111
10/24/2020 03:00:00 PM,178,80,98
10/24/2020 04:00:00 PM,164,69,95
10/24/2020 05:00:00 PM,144,57,87
10/24/2020 06:00:00 PM,93,45,48
10/24/2020 07:00:00 PM,36,11,25
10/24/2020 08:00:00 PM,31,7,24
10/24/2020 09:00:00 PM,9,2,7
10/24/2020 10:00:00 PM,7,5,2
10/24/2020 11:00:00 PM,12,3,9
10/25/2020 12:00:00 AM,4,1,3
10/25/2020 01:00:00 AM,3,2,1
10/25/2020 02:00:00 AM,2,0,2
10/25/2020 03:00:00 AM,1,0,1
10/25/2020 04:00:00 AM,3,2,1
10/25/2020 05:00:00 AM,5,4,1
10/25/2020 06:00:00 AM,8,4,4
10/25/2020 07:00:00 AM,22,14,8
10/25/2020 08:00:00 AM,38,16,22
10/25/2020 09:00:00 AM,59,25,34
10/25/2020 10:00:00 AM,112,51,61
10/25/2020 11:00:00 AM,122,63,59
10/25/2020 12:00:00 PM,204,95,109
10/25/2020 01:00:00 PM,174,68,106
10/25/2020 02:00:00 PM,254,101,153
10/25/2020 03:00:00 PM,200,87,113
10/25/2020 04:00:00 PM,198,108,90
10/25/2020 05:00:00 PM,131,57,74
10/25/2020 06:00:00 PM,63,25,38
10/25/2020 07:00:00 PM,37,18,19
10/25/2020 08:00:00 PM,19,8,11
10/25/2020 09:00:00 PM,12,6,6
10/25/2020 10:00:00 PM,19,11,8
10/25/2020 11:00:00 PM,4,2,2
10/26/2020 12:00:00 AM,2,2,0
10/26/2020 01:00:00 AM,1,0,1
10/26/2020 02:00:00 AM,0,0,0
10/26/2020 03:00:00 AM,1,1,0
10/26/2020 04:00:00 AM,6,3,3
10/26/2020 05:00:00 AM,18,8,10
10/26/2020 06:00:00 AM,43,22,21
10/26/2020 07:00:00 AM,100,51,49
10/26/2020 08:00:00 AM,124,45,79
10/26/2020 09:00:00 AM,71,33,38
10/26/2020 10:00:00 AM,58,25,33
10/26/2020 11:00:00 AM,58,26,32
10/26/2020 12:00:00 PM,89,40,49
10/26/2020 01:00:00 PM,71,32,39
10/26/2020 02:00:00 PM,74,27,47
10/26/2020 03:00:00 PM,121,44,77
10/26/2020 04:00:00 PM,172,56,116
10/26/2020 05:00:00 PM,226,68,158
10/26/2020 06:00:00 PM,126,42,84
10/26/2020 07:00:00 PM,49,17,32
10/26/2020 08:00:00 PM,34,12,22
10/26/2020 09:00:00 PM,17,4,13
10/26/2020 10:00:00 PM,9,3,6
10/26/2020 11:00:00 PM,7,3,4
10/27/2020 12:00:00 AM,4,4,0
10/27/2020 01:00:00 AM,2,0,2
10/27/2020 02:00:00 AM,0,0,0
10/27/2020 03:00:00 AM,0,0,0
10/27/2020 04:00:00 AM,8,1,7
10/27/2020 05:00:00 AM,18,9,9
10/27/2020 06:00:00 AM,63,25,38
10/27/2020 07:00:00 AM,124,49,75
10/27/2020 08:00:00 AM,149,54,95
10/27/2020 09:00:00 AM,97,35,62
10/27/2020 10:00:00 AM,62,30,32
10/27/2020 11:00:00 AM,83,53,30
10/27/2020 12:00:00 PM,94,44,50
10/27/2020 01:00:00 PM,109,46,63
10/27/2020 02:00:00 PM,124,68,56
10/27/2020 03:00:00 PM,211,74,137
10/27/2020 04:00:00 PM,250,104,146
10/27/2020 05:00:00 PM,319,109,210
10/27/2020 06:00:00 PM,160,61,99
10/27/2020 07:00:00 PM,80,29,51
10/27/2020 08:00:00 PM,32,16,16
10/27/2020 09:00:00 PM,26,12,14
10/27/2020 10:00:00 PM,19,9,10
10/27/2020 11:00:00 PM,11,8,3
10/28/2020 12:00:00 AM,5,0,5
10/28/2020 01:00:00 AM,5,1,4
10/28/2020 02:00:00 AM,2,0,2
10/28/2020 03:00:00 AM,1,0,1
10/28/2020 04:00:00 AM,6,1,5
10/28/2020 05:00:00 AM,18,9,9
10/28/2020 06:00:00 AM,73,30,43
10/28/2020 07:00:00 AM,134,57,77
10/28/2020 08:00:00 AM,153,69,84
10/28/2020 09:00:00 AM,115,41,74
10/28/2020 10:00:00 AM,75,35,40
10/28/2020 11:00:00 AM,86,38,48
10/28/2020 12:00:00 PM,90,44,46
10/28/2020 01:00:00 PM,95,38,57
10/28/2020 02:00:00 PM,120,48,72
10/28/2020 03:00:00 PM,134,56,78
10/28/2020 04:00:00 PM,183,67,116
10/28/2020 05:00:00 PM,249,91,158
10/28/2020 06:00:00 PM,188,65,123
10/28/2020 07:00:00 PM,72,21,51
10/28/2020 08:00:00 PM,50,15,35
10/28/2020 09:00:00 PM,32,16,16
10/28/2020 10:00:00 PM,26,9,17
10/28/2020 11:00:00 PM,12,4,8
10/29/2020 12:00:00 AM,6,1,5
10/29/2020 01:00:00 AM,6,2,4
10/29/2020 02:00:00 AM,2,1,1
10/29/2020 03:00:00 AM,2,1,1
10/29/2020 04:00:00 AM,5,1,4
10/29/2020 05:00:00 AM,19,7,12
10/29/2020 06:00:00 AM,58,24,34
10/29/2020 07:00:00 AM,129,59,70
10/29/2020 08:00:00 AM,150,49,101
10/29/2020 09:00:00 AM,95,35,60
10/29/2020 10:00:00 AM,66,33,33
10/29/2020 11:00:00 AM,85,36,49
10/29/2020 12:00:00 PM,76,37,39
10/29/2020 01:00:00 PM,95,38,57
10/29/2020 02:00:00 PM,114,49,65
10/29/2020 03:00:00 PM,173,78,95
10/29/2020 04:00:00 PM,276,111,165
10/29/2020 05:00:00 PM,358,125,233
10/29/2020 06:00:00 PM,226,84,142
10/29/2020 07:00:00 PM,83,26,57
10/29/2020 08:00:00 PM,51,21,30
10/29/2020 09:00:00 PM,47,16,31
10/29/2020 10:00:00 PM,21,12,9
10/29/2020 11:00:00 PM,11,1,10
10/30/2020 12:00:00 AM,1,0,1
10/30/2020 01:00:00 AM,1,0,1
10/30/2020 02:00:00 AM,2,1,1
10/30/2020 03:00:00 AM,1,0,1
10/30/2020 04:00:00 AM,4,1,3
10/30/2020 05:00:00 AM,13,3,10
10/30/2020 06:00:00 AM,41,18,23
10/30/2020 07:00:00 AM,86,37,49
10/30/2020 08:00:00 AM,105,37,68
10/30/2020 09:00:00 AM,84,29,55
10/30/2020 10:00:00 AM,69,23,46
10/30/2020 11:00:00 AM,91,43,48
10/30/2020 12:00:00 PM,106,54,52
10/30/2020 01:00:00 PM,125,69,56
10/30/2020 02:00:00 PM,159,74,85
10/30/2020 03:00:00 PM,190,79,111
10/30/2020 04:00:00 PM,214,103,111
10/30/2020 05:00:00 PM,236,133,103
10/30/2020 06:00:00 PM,141,46,95
10/30/2020 07:00:00 PM,69,21,48
10/30/2020 08:00:00 PM,37,15,22
10/30/2020 09:00:00 PM,36,11,25
10/30/2020 10:00:00 PM,17,6,11
10/30/2020 11:00:00 PM,16,7,9
10/31/2020 12:00:00 AM,12,1,11
10/31/2020 01:00:00 AM,6,1,5
10/31/2020 02:00:00 AM,3,2,1
10/31/2020 03:00:00 AM,1,0,1
10/31/2020 04:00:00 AM,3,2,1
10/31/2020 05:00:00 AM,7,2,5
10/31/2020 06:00:00 AM,7,3,4
10/31/2020 07:00:00 AM,27,10,17
10/31/2020 08:00:00 AM,57,23,34
10/31/2020 09:00:00 AM,106,55,51
10/31/2020 10:00:00 AM,153,72,81
10/31/2020 11:00:00 AM,229,114,115
10/31/2020 12:00:00 PM,251,127,124
10/31/2020 01:00:00 PM,309,128,181
10/31/2020 02:00:00 PM,381,196,185
10/31/2020 03:00:00 PM,305,148,157
10/31/2020 04:00:00 PM,439,151,288
10/31/2020 05:00:00 PM,167,93,74
10/31/2020 06:00:00 PM,81,45,36
10/31/2020 07:00:00 PM,54,20,34
10/31/2020 08:00:00 PM,36,14,22
10/31/2020 09:00:00 PM,18,5,13
10/31/2020 10:00:00 PM,23,7,16
10/31/2020 11:00:00 PM,15,10,5
11/01/2020 12:00:00 AM,14,4,10
11/01/2020 01:00:00 AM,15,8,7
11/01/2020 02:00:00 AM,0,0,0
11/01/2020 03:00:00 AM,1,1,0
11/01/2020 04:00:00 AM,0,0,0
11/01/2020 05:00:00 AM,9,4,5
11/01/2020 06:00:00 AM,12,8,4
11/01/2020 07:00:00 AM,44,17,27
11/01/2020 08:00:00 AM,59,36,23
11/01/2020 09:00:00 AM,110,38,72
11/01/2020 10:00:00 AM,161,72,89
11/01/2020 11:00:00 AM,272,120,152
11/01/2020 12:00:00 PM,287,162,125
11/01/2020 01:00:00 PM,334,159,175
11/01/2020 02:00:00 PM,316,165,151
11/01/2020 03:00:00 PM,260,104,156
11/01/2020 04:00:00 PM,217,106,111
11/01/2020 05:00:00 PM,105,50,55
11/01/2020 06:00:00 PM,41,13,28
11/01/2020 07:00:00 PM,42,23,19
11/01/2020 08:00:00 PM,13,5,8
11/01/2020 09:00:00 PM,12,2,10
11/01/2020 10:00:00 PM,9,3,6
11/01/2020 11:00:00 PM,4,2,2
11/02/2020 12:00:00 AM,3,1,2
11/02/2020 01:00:00 AM,1,0,1
11/02/2020 02:00:00 AM,1,1,0
11/02/2020 03:00:00 AM,0,0,0
11/02/2020 04:00:00 AM,0,0,0
11/02/2020 05:00:00 AM,23,10,13
11/02/2020 06:00:00 AM,62,20,42
11/02/2020 07:00:00 AM,158,69,89
11/02/2020 08:00:00 AM,167,58,109
11/02/2020 09:00:00 AM,97,38,59
11/02/2020 10:00:00 AM,79,32,47
11/02/2020 11:00:00 AM,92,39,53
11/02/2020 12:00:00 PM,132,66,66
11/02/2020 01:00:00 PM,135,69,66
11/02/2020 02:00:00 PM,162,68,94
11/02/2020 03:00:00 PM,244,113,131
11/02/2020 04:00:00 PM,269,119,150
11/02/2020 05:00:00 PM,279,93,186
11/02/2020 06:00:00 PM,116,46,70
11/02/2020 07:00:00 PM,66,17,49
11/02/2020 08:00:00 PM,47,17,30
11/02/2020 09:00:00 PM,16,4,12
11/02/2020 10:00:00 PM,19,10,9
11/02/2020 11:00:00 PM,4,3,1
11/03/2020 12:00:00 AM,4,2,2
11/03/2020 01:00:00 AM,4,0,4
11/03/2020 02:00:00 AM,2,2,0
11/03/2020 03:00:00 AM,0,0,0
11/03/2020 04:00:00 AM,5,2,3
11/03/2020 05:00:00 AM,21,8,13
11/03/2020 06:00:00 AM,54,23,31
11/03/2020 07:00:00 AM,84,37,47
11/03/2020 08:00:00 AM,77,30,47
11/03/2020 09:00:00 AM,40,15,25
11/03/2020 10:00:00 AM,25,13,12
11/03/2020 11:00:00 AM,14,6,8
11/03/2020 12:00:00 PM,35,18,17
11/03/2020 01:00:00 PM,21,10,11
11/03/2020 02:00:00 PM,33,17,16
11/03/2020 03:00:00 PM,67,25,42
11/03/2020 04:00:00 PM,114,36,78
11/03/2020 05:00:00 PM,117,41,76
11/03/2020 06:00:00 PM,49,17,32
11/03/2020 07:00:00 PM,23,5,18
11/03/2020 08:00:00 PM,17,7,10
11/03/2020 09:00:00 PM,10,3,7
11/03/2020 10:00:00 PM,6,3,3
11/03/2020 11:00:00 PM,3,1,2
11/04/2020 12:00:00 AM,4,1,3
11/04/2020 01:00:00 AM,1,1,0
11/04/2020 02:00:00 AM,1,0,1
11/04/2020 03:00:00 AM,1,0,1
11/04/2020 04:00:00 AM,5,2,3
11/04/2020 05:00:00 AM,15,6,9
11/04/2020 06:00:00 AM,43,16,27
11/04/2020 07:00:00 AM,80,35,45
11/04/2020 08:00:00 AM,93,39,54
11/04/2020 09:00:00 AM,68,21,47
11/04/2020 10:00:00 AM,45,22,23
11/04/2020 11:00:00 AM,57,35,22
11/04/2020 12:00:00 PM,79,33,46
11/04/2020 01:00:00 PM,69,21,48
11/04/2020 02:00:00 PM,70,20,50
11/04/2020 03:00:00 PM,87,36,51
11/04/2020 04:00:00 PM,123,48,75
11/04/2020 05:00:00 PM,87,31,56
11/04/2020 06:00:00 PM,83,31,52
11/04/2020 07:00:00 PM,33,10,23
11/04/2020 08:00:00 PM,31,3,28
11/04/2020 09:00:00 PM,19,11,8
11/04/2020 10:00:00 PM,10,2,8
11/04/2020 11:00:00 PM,4,2,2
11/05/2020 12:00:00 AM,3,1,2
11/05/2020 01:00:00 AM,3,0,3
11/05/2020 02:00:00 AM,0,0,0
11/05/2020 03:00:00 AM,3,3,0
11/05/2020 04:00:00 AM,6,3,3
11/05/2020 05:00:00 AM,17,6,11
11/05/2020 06:00:00 AM,51,22,29
11/05/2020 07:00:00 AM,90,39,51
11/05/2020 08:00:00 AM,121,49,72
11/05/2020 09:00:00 AM,54,16,38
11/05/2020 10:00:00 AM,50,15,35
11/05/2020 11:00:00 AM,40,17,23
11/05/2020 12:00:00 PM,39,24,15
11/05/2020 01:00:00 PM,39,19,20
11/05/2020 02:00:00 PM,35,12,23
11/05/2020 03:00:00 PM,68,26,42
11/05/2020 04:00:00 PM,85,28,57
11/05/2020 05:00:00 PM,135,47,88
11/05/2020 06:00:00 PM,77,32,45
11/05/2020 07:00:00 PM,52,20,32
11/05/2020 08:00:00 PM,29,12,17
11/05/2020 09:00:00 PM,27,11,16
11/05/2020 10:00:00 PM,11,7,4
11/05/2020 11:00:00 PM,8,3,5
11/06/2020 12:00:00 AM,5,2,3
11/06/2020 01:00:00 AM,1,0,1
11/06/2020 02:00:00 AM,0,0,0
11/06/2020 03:00:00 AM,0,0,0
11/06/2020 04:00:00 AM,5,2,3
11/06/2020 05:00:00 AM,11,4,7
11/06/2020 06:00:00 AM,44,16,28
11/06/2020 07:00:00 AM,111,51,60
11/06/2020 08:00:00 AM,100,37,63
11/06/2020 09:00:00 AM,92,32,60
11/06/2020 10:00:00 AM,75,25,50
11/06/2020 11:00:00 AM,79,39,40
11/06/2020 12:00:00 PM,78,40,38
11/06/2020 01:00:00 PM,121,51,70
11/06/2020 02:00:00 PM,106,55,51
11/06/2020 03:00:00 PM,179,76,103
11/06/2020 04:00:00 PM,201,85,116
11/06/2020 05:00:00 PM,169,55,114
11/06/2020 06:00:00 PM,95,38,57
11/06/2020 07:00:00 PM,50,17,33
11/06/2020 08:00:00 PM,31,18,13
11/06/2020 09:00:00 PM,23,9,14
11/06/2020 10:00:00 PM,16,7,9
11/06/2020 11:00:00 PM,22,13,9
11/07/2020 12:00:00 AM,11,5,6
11/07/2020 01:00:00 AM,2,0,2
11/07/2020 02:00:00 AM,0,0,0
11/07/2020 03:00:00 AM,2,0,2
11/07/2020 04:00:00 AM,0,0,0
11/07/2020 05:00:00 AM,12,4,8
11/07/2020 06:00:00 AM,20,7,13
11/07/2020 07:00:00 AM,31,11,20
11/07/2020 08:00:00 AM,57,19,38
11/07/2020 09:00:00 AM,100,36,64
11/07/2020 10:00:00 AM,139,63,76
11/07/2020 11:00:00 AM,180,99,81
11/07/2020 12:00:00 PM,138,42,96
11/07/2020 01:00:00 PM,132,63,69
11/07/2020 02:00:00 PM,192,82,110
11/07/2020 03:00:00 PM,168,73,95
11/07/2020 04:00:00 PM,143,57,86
11/07/2020 05:00:00 PM,66,33,33
11/07/2020 06:00:00 PM,51,13,38
11/07/2020 07:00:00 PM,20,9,11
11/07/2020 08:00:00 PM,28,8,20
11/07/2020 09:00:00 PM,12,7,5
11/07/2020 10:00:00 PM,10,3,7
11/07/2020 11:00:00 PM,7,3,4
11/08/2020 12:00:00 AM,10,5,5
11/08/2020 01:00:00 AM,4,2,2
11/08/2020 02:00:00 AM,4,4,0
11/08/2020 03:00:00 AM,1,0,1
11/08/2020 04:00:00 AM,0,0,0
11/08/2020 05:00:00 AM,10,4,6
11/08/2020 06:00:00 AM,13,6,7
11/08/2020 07:00:00 AM,34,11,23
11/08/2020 08:00:00 AM,30,13,17
11/08/2020 09:00:00 AM,81,29,52
11/08/2020 10:00:00 AM,113,49,64
11/08/2020 11:00:00 AM,151,69,82
11/08/2020 12:00:00 PM,203,82,121
11/08/2020 01:00:00 PM,241,127,114
11/08/2020 02:00:00 PM,315,170,145
11/08/2020 03:00:00 PM,279,127,152
11/08/2020 04:00:00 PM,187,104,83
11/08/2020 05:00:00 PM,85,37,48
11/08/2020 06:00:00 PM,35,12,23
11/08/2020 07:00:00 PM,21,10,11
11/08/2020 08:00:00 PM,17,9,8
11/08/2020 09:00:00 PM,7,3,4
11/08/2020 10:00:00 PM,11,4,7
11/08/2020 11:00:00 PM,4,2,2
11/09/2020 12:00:00 AM,0,0,0
11/09/2020 01:00:00 AM,1,0,1
11/09/2020 02:00:00 AM,0,0,0
11/09/2020 03:00:00 AM,1,1,0
11/09/2020 04:00:00 AM,5,1,4
11/09/2020 05:00:00 AM,22,9,13
11/09/2020 06:00:00 AM,46,14,32
11/09/2020 07:00:00 AM,100,44,56
11/09/2020 08:00:00 AM,149,60,89
11/09/2020 09:00:00 AM,85,28,57
11/09/2020 10:00:00 AM,43,23,20
11/09/2020 11:00:00 AM,57,29,28
11/09/2020 12:00:00 PM,61,27,34
11/09/2020 01:00:00 PM,79,35,44
11/09/2020 02:00:00 PM,68,24,44
11/09/2020 03:00:00 PM,108,35,73
11/09/2020 04:00:00 PM,124,30,94
11/09/2020 05:00:00 PM,121,30,91
11/09/2020 06:00:00 PM,64,26,38
11/09/2020 07:00:00 PM,31,8,23
11/09/2020 08:00:00 PM,24,11,13
11/09/2020 09:00:00 PM,11,4,7
11/09/2020 10:00:00 PM,7,2,5
11/09/2020 11:00:00 PM,2,0,2
11/10/2020 12:00:00 AM,1,1,0
11/10/2020 01:00:00 AM,1,1,0
11/10/2020 02:00:00 AM,0,0,0
11/10/2020 03:00:00 AM,1,0,1
11/10/2020 04:00:00 AM,5,1,4
11/10/2020 05:00:00 AM,20,9,11
11/10/2020 06:00:00 AM,48,15,33
11/10/2020 07:00:00 AM,111,49,62
11/10/2020 08:00:00 AM,120,45,75
11/10/2020 09:00:00 AM,80,29,51
11/10/2020 10:00:00 AM,50,25,25
11/10/2020 11:00:00 AM,81,36,45
11/10/2020 12:00:00 PM,72,39,33
11/10/2020 01:00:00 PM,56,27,29
11/10/2020 02:00:00 PM,66,33,33
11/10/2020 03:00:00 PM,81,31,50
11/10/2020 04:00:00 PM,114,38,76
11/10/2020 05:00:00 PM,148,40,108
11/10/2020 06:00:00 PM,92,45,47
11/10/2020 07:00:00 PM,61,27,34
11/10/2020 08:00:00 PM,23,6,17
11/10/2020 09:00:00 PM,25,9,16
11/10/2020 10:00:00 PM,8,3,5
11/10/2020 11:00:00 PM,9,1,8
11/11/2020 12:00:00 AM,3,0,3
11/11/2020 01:00:00 AM,1,0,1
11/11/2020 02:00:00 AM,2,2,0
11/11/2020 03:00:00 AM,0,0,0
11/11/2020 04:00:00 AM,2,1,1
11/11/2020 05:00:00 AM,22,13,9
11/11/2020 06:00:00 AM,44,15,29
11/11/2020 07:00:00 AM,94,41,53
11/11/2020 08:00:00 AM,128,55,73
11/11/2020 09:00:00 AM,90,45,45
11/11/2020 10:00:00 AM,79,32,47
11/11/2020 11:00:00 AM,92,51,41
11/11/2020 12:00:00 PM,115,59,56
11/11/2020 01:00:00 PM,139,52,87
11/11/2020 02:00:00 PM,157,80,77
11/11/2020 03:00:00 PM,188,88,100
11/11/2020 04:00:00 PM,186,73,113
11/11/2020 05:00:00 PM,137,44,93
11/11/2020 06:00:00 PM,84,37,47
11/11/2020 07:00:00 PM,63,15,48
11/11/2020 08:00:00 PM,44,19,25
11/11/2020 09:00:00 PM,13,3,10
11/11/2020 10:00:00 PM,15,6,9
11/11/2020 11:00:00 PM,9,1,8
11/12/2020 12:00:00 AM,4,1,3
11/12/2020 01:00:00 AM,2,1,1
11/12/2020 02:00:00 AM,2,1,1
11/12/2020 03:00:00 AM,0,0,0
11/12/2020 04:00:00 AM,4,2,2
11/12/2020 05:00:00 AM,12,6,6
11/12/2020 06:00:00 AM,56,22,34
11/12/2020 07:00:00 AM,104,42,62
11/12/2020 08:00:00 AM,137,58,79
11/12/2020 09:00:00 AM,69,27,42
11/12/2020 10:00:00 AM,56,24,32
11/12/2020 11:00:00 AM,65,28,37
11/12/2020 12:00:00 PM,71,37,34
11/12/2020 01:00:00 PM,77,34,43
11/12/2020 02:00:00 PM,84,31,53
11/12/2020 03:00:00 PM,78,32,46
11/12/2020 04:00:00 PM,96,31,65
11/12/2020 05:00:00 PM,116,26,90
11/12/2020 06:00:00 PM,87,38,49
11/12/2020 07:00:00 PM,47,13,34
11/12/2020 08:00:00 PM,19,7,12
11/12/2020 09:00:00 PM,15,4,11
11/12/2020 10:00:00 PM,11,5,6
11/12/2020 11:00:00 PM,7,3,4
11/13/2020 12:00:00 AM,2,0,2
11/13/2020 01:00:00 AM,0,0,0
11/13/2020 02:00:00 AM,0,0,0
11/13/2020 03:00:00 AM,1,0,1
11/13/2020 04:00:00 AM,3,1,2
11/13/2020 05:00:00 AM,7,2,5
11/13/2020 06:00:00 AM,29,9,20
11/13/2020 07:00:00 AM,68,24,44
11/13/2020 08:00:00 AM,74,32,42
11/13/2020 09:00:00 AM,70,26,44
11/13/2020 10:00:00 AM,39,16,23
11/13/2020 11:00:00 AM,63,31,32
11/13/2020 12:00:00 PM,89,46,43
11/13/2020 01:00:00 PM,106,59,47
11/13/2020 02:00:00 PM,114,43,71
11/13/2020 03:00:00 PM,141,64,77
11/13/2020 04:00:00 PM,179,83,96
11/13/2020 05:00:00 PM,142,36,106
11/13/2020 06:00:00 PM,95,37,58
11/13/2020 07:00:00 PM,48,24,24
11/13/2020 08:00:00 PM,18,10,8
11/13/2020 09:00:00 PM,25,9,16
11/13/2020 10:00:00 PM,26,2,24
11/13/2020 11:00:00 PM,9,4,5
11/14/2020 12:00:00 AM,4,1,3
11/14/2020 01:00:00 AM,13,8,5
11/14/2020 02:00:00 AM,1,0,1
11/14/2020 03:00:00 AM,2,1,1
11/14/2020 04:00:00 AM,0,0,0
11/14/2020 05:00:00 AM,6,2,4
11/14/2020 06:00:00 AM,8,1,7
11/14/2020 07:00:00 AM,38,16,22
11/14/2020 08:00:00 AM,70,37,33
11/14/2020 09:00:00 AM,96,37,59
11/14/2020 10:00:00 AM,132,65,67
11/14/2020 11:00:00 AM,207,105,102
11/14/2020 12:00:00 PM,177,86,91
11/14/2020 01:00:00 PM,123,72,51
11/14/2020 02:00:00 PM,100,41,59
11/14/2020 03:00:00 PM,55,30,25
11/14/2020 04:00:00 PM,40,12,28
11/14/2020 05:00:00 PM,25,14,11
11/14/2020 06:00:00 PM,20,8,12
11/14/2020 07:00:00 PM,7,3,4
11/14/2020 08:00:00 PM,3,1,2
11/14/2020 09:00:00 PM,3,2,1
11/14/2020 10:00:00 PM,4,4,0
11/14/2020 11:00:00 PM,4,0,4
11/15/2020 12:00:00 AM,5,3,2
11/15/2020 01:00:00 AM,0,0,0
11/15/2020 02:00:00 AM,1,1,0
11/15/2020 03:00:00 AM,2,1,1
11/15/2020 04:00:00 AM,1,0,1
11/15/2020 05:00:00 AM,3,2,1
11/15/2020 06:00:00 AM,8,8,0
11/15/2020 07:00:00 AM,17,5,12
11/15/2020 08:00:00 AM,23,13,10
11/15/2020 09:00:00 AM,76,39,37
11/15/2020 10:00:00 AM,101,52,49
11/15/2020 11:00:00 AM,157,74,83
11/15/2020 12:00:00 PM,131,66,65
11/15/2020 01:00:00 PM,152,81,71
11/15/2020 02:00:00 PM,197,85,112
11/15/2020 03:00:00 PM,204,108,96
11/15/2020 04:00:00 PM,149,74,75
11/15/2020 05:00:00 PM,52,24,28
11/15/2020 06:00:00 PM,32,20,12
11/15/2020 07:00:00 PM,25,6,19
11/15/2020 08:00:00 PM,13,8,5
11/15/2020 09:00:00 PM,13,8,5
11/15/2020 10:00:00 PM,11,6,5
11/15/2020 11:00:00 PM,3,0,3
11/16/2020 12:00:00 AM,6,3,3
11/16/2020 01:00:00 AM,1,0,1
11/16/2020 02:00:00 AM,3,3,0
11/16/2020 03:00:00 AM,2,2,0
11/16/2020 04:00:00 AM,6,2,4
11/16/2020 05:00:00 AM,15,7,8
11/16/2020 06:00:00 AM,47,15,32
11/16/2020 07:00:00 AM,78,30,48
11/16/2020 08:00:00 AM,103,44,59
11/16/2020 09:00:00 AM,58,20,38
11/16/2020 10:00:00 AM,17,6,11
11/16/2020 11:00:00 AM,23,10,13
11/16/2020 12:00:00 PM,28,11,17
11/16/2020 01:00:00 PM,24,13,11
11/16/2020 02:00:00 PM,14,4,10
11/16/2020 03:00:00 PM,42,14,28
11/16/2020 04:00:00 PM,67,21,46
11/16/2020 05:00:00 PM,84,28,56
11/16/2020 06:00:00 PM,59,19,40
11/16/2020 07:00:00 PM,24,5,19
11/16/2020 08:00:00 PM,17,6,11
11/16/2020 09:00:00 PM,19,7,12
11/16/2020 10:00:00 PM,4,2,2
11/16/2020 11:00:00 PM,2,0,2
11/17/2020 12:00:00 AM,1,1,0
11/17/2020 01:00:00 AM,3,1,2
11/17/2020 02:00:00 AM,2,0,2
11/17/2020 03:00:00 AM,4,3,1
11/17/2020 04:00:00 AM,4,1,3
11/17/2020 05:00:00 AM,23,11,12
11/17/2020 06:00:00 AM,41,17,24
11/17/2020 07:00:00 AM,103,38,65
11/17/2020 08:00:00 AM,96,33,63
11/17/2020 09:00:00 AM,69,25,44
11/17/2020 10:00:00 AM,38,17,21
11/17/2020 11:00:00 AM,52,20,32
11/17/2020 12:00:00 PM,25,13,12
11/17/2020 01:00:00 PM,33,18,15
11/17/2020 02:00:00 PM,45,17,28
11/17/2020 03:00:00 PM,93,43,50
11/17/2020 04:00:00 PM,105,39,66
11/17/2020 05:00:00 PM,76,20,56
11/17/2020 06:00:00 PM,55,16,39
11/17/2020 07:00:00 PM,38,17,21
11/17/2020 08:00:00 PM,12,6,6
11/17/2020 09:00:00 PM,10,5,5
11/17/2020 10:00:00 PM,6,3,3
11/17/2020 11:00:00 PM,1,0,1
11/18/2020 12:00:00 AM,1,0,1
11/18/2020 01:00:00 AM,2,1,1
11/18/2020 02:00:00 AM,2,1,1
11/18/2020 03:00:00 AM,0,0,0
11/18/2020 04:00:00 AM,3,0,3
11/18/2020 05:00:00 AM,12,5,7
11/18/2020 06:00:00 AM,39,10,29
11/18/2020 07:00:00 AM,72,30,42
11/18/2020 08:00:00 AM,80,33,47
11/18/2020 09:00:00 AM,61,22,39
11/18/2020 10:00:00 AM,30,10,20
11/18/2020 11:00:00 AM,27,11,16
11/18/2020 12:00:00 PM,37,19,18
11/18/2020 01:00:00 PM,47,21,26
11/18/2020 02:00:00 PM,34,8,26
11/18/2020 03:00:00 PM,60,24,36
11/18/2020 04:00:00 PM,92,35,57
11/18/2020 05:00:00 PM,103,29,74
11/18/2020 06:00:00 PM,47,16,31
11/18/2020 07:00:00 PM,23,11,12
11/18/2020 08:00:00 PM,23,9,14
11/18/2020 09:00:00 PM,20,6,14
11/18/2020 10:00:00 PM,9,0,9
11/18/2020 11:00:00 PM,5,1,4
11/19/2020 12:00:00 AM,3,2,1
11/19/2020 01:00:00 AM,1,1,0
11/19/2020 02:00:00 AM,0,0,0
11/19/2020 03:00:00 AM,0,0,0
11/19/2020 04:00:00 AM,10,1,9
11/19/2020 05:00:00 AM,14,6,8
11/19/2020 06:00:00 AM,46,16,30
11/19/2020 07:00:00 AM,93,38,55
11/19/2020 08:00:00 AM,113,43,70
11/19/2020 09:00:00 AM,69,24,45
11/19/2020 10:00:00 AM,60,24,36
11/19/2020 11:00:00 AM,70,36,34
11/19/2020 12:00:00 PM,83,41,42
11/19/2020 01:00:00 PM,84,47,37
11/19/2020 02:00:00 PM,92,41,51
11/19/2020 03:00:00 PM,121,54,67
11/19/2020 04:00:00 PM,176,79,97
11/19/2020 05:00:00 PM,120,38,82
11/19/2020 06:00:00 PM,82,31,51
11/19/2020 07:00:00 PM,41,15,26
11/19/2020 08:00:00 PM,31,7,24
11/19/2020 09:00:00 PM,16,3,13
11/19/2020 10:00:00 PM,16,9,7
11/19/2020 11:00:00 PM,7,3,4
11/20/2020 12:00:00 AM,2,1,1
11/20/2020 01:00:00 AM,5,3,2
11/20/2020 02:00:00 AM,1,1,0
11/20/2020 03:00:00 AM,0,0,0
11/20/2020 04:00:00 AM,5,1,4
11/20/2020 05:00:00 AM,16,9,7
11/20/2020 06:00:00 AM,48,16,32
11/20/2020 07:00:00 AM,73,38,35
11/20/2020 08:00:00 AM,100,43,57
11/20/2020 09:00:00 AM,73,20,53
11/20/2020 10:00:00 AM,39,13,26
11/20/2020 11:00:00 AM,51,26,25
11/20/2020 12:00:00 PM,45,16,29
11/20/2020 01:00:00 PM,58,34,24
11/20/2020 02:00:00 PM,81,30,51
11/20/2020 03:00:00 PM,126,58,68
11/20/2020 04:00:00 PM,134,50,84
11/20/2020 05:00:00 PM,126,38,88
11/20/2020 06:00:00 PM,59,24,35
11/20/2020 07:00:00 PM,35,14,21
11/20/2020 08:00:00 PM,27,11,16
11/20/2020 09:00:00 PM,21,6,15
11/20/2020 10:00:00 PM,16,6,10
11/20/2020 11:00:00 PM,9,5,4
11/21/2020 12:00:00 AM,12,4,8
11/21/2020 01:00:00 AM,2,0,2
11/21/2020 02:00:00 AM,5,2,3
11/21/2020 03:00:00 AM,1,0,1
11/21/2020 04:00:00 AM,2,1,1
11/21/2020 05:00:00 AM,8,3,5
11/21/2020 06:00:00 AM,13,3,10
11/21/2020 07:00:00 AM,33,16,17
11/21/2020 08:00:00 AM,67,38,29
11/21/2020 09:00:00 AM,113,54,59
11/21/2020 10:00:00 AM,175,83,92
11/21/2020 11:00:00 AM,253,129,124
11/21/2020 12:00:00 PM,343,180,163
11/21/2020 01:00:00 PM,366,189,177
11/21/2020 02:00:00 PM,376,192,184
11/21/2020 03:00:00 PM,299,143,156
11/21/2020 04:00:00 PM,271,154,117
11/21/2020 05:00:00 PM,82,27,55
11/21/2020 06:00:00 PM,53,25,28
11/21/2020 07:00:00 PM,19,10,9
11/21/2020 08:00:00 PM,13,2,11
11/21/2020 09:00:00 PM,6,1,5
11/21/2020 10:00:00 PM,9,1,8
11/21/2020 11:00:00 PM,10,3,7
11/22/2020 12:00:00 AM,6,4,2
11/22/2020 01:00:00 AM,4,0,4
11/22/2020 02:00:00 AM,1,1,0
11/22/2020 03:00:00 AM,5,4,1
11/22/2020 04:00:00 AM,1,1,0
11/22/2020 05:00:00 AM,7,3,4
11/22/2020 06:00:00 AM,6,2,4
11/22/2020 07:00:00 AM,22,5,17
11/22/2020 08:00:00 AM,55,32,23
11/22/2020 09:00:00 AM,83,28,55
11/22/2020 10:00:00 AM,127,67,60
11/22/2020 11:00:00 AM,130,59,71
11/22/2020 12:00:00 PM,121,72,49
11/22/2020 01:00:00 PM,108,51,57
11/22/2020 02:00:00 PM,83,36,47
11/22/2020 03:00:00 PM,44,19,25
11/22/2020 04:00:00 PM,34,14,20
11/22/2020 05:00:00 PM,21,10,11
11/22/2020 06:00:00 PM,20,11,9
11/22/2020 07:00:00 PM,12,6,6
11/22/2020 08:00:00 PM,9,5,4
11/22/2020 09:00:00 PM,8,5,3
11/22/2020 10:00:00 PM,5,2,3
11/22/2020 11:00:00 PM,4,1,3
11/23/2020 12:00:00 AM,1,1,0
11/23/2020 01:00:00 AM,2,1,1
11/23/2020 02:00:00 AM,1,0,1
11/23/2020 03:00:00 AM,0,0,0
11/23/2020 04:00:00 AM,4,1,3
11/23/2020 05:00:00 AM,14,7,7
11/23/2020 06:00:00 AM,41,17,24
11/23/2020 07:00:00 AM,76,35,41
11/23/2020 08:00:00 AM,91,31,60
11/23/2020 09:00:00 AM,42,18,24
11/23/2020 10:00:00 AM,28,15,13
11/23/2020 11:00:00 AM,32,16,16
11/23/2020 12:00:00 PM,45,16,29
11/23/2020 01:00:00 PM,50,25,25
11/23/2020 02:00:00 PM,82,32,50
11/23/2020 03:00:00 PM,110,50,60
11/23/2020 04:00:00 PM,99,40,59
11/23/2020 05:00:00 PM,101,27,74
11/23/2020 06:00:00 PM,77,27,50
11/23/2020 07:00:00 PM,44,13,31
11/23/2020 08:00:00 PM,21,10,11
11/23/2020 09:00:00 PM,9,2,7
11/23/2020 10:00:00 PM,7,0,7
11/23/2020 11:00:00 PM,3,3,0
11/24/2020 12:00:00 AM,2,1,1
11/24/2020 01:00:00 AM,1,0,1
11/24/2020 02:00:00 AM,1,1,0
11/24/2020 03:00:00 AM,2,0,2
11/24/2020 04:00:00 AM,1,0,1
11/24/2020 05:00:00 AM,14,8,6
11/24/2020 06:00:00 AM,35,15,20
11/24/2020 07:00:00 AM,72,34,38
11/24/2020 08:00:00 AM,93,31,62
11/24/2020 09:00:00 AM,67,18,49
11/24/2020 10:00:00 AM,44,18,26
11/24/2020 11:00:00 AM,49,25,24
11/24/2020 12:00:00 PM,38,17,21
11/24/2020 01:00:00 PM,41,15,26
11/24/2020 02:00:00 PM,39,20,19
11/24/2020 03:00:00 PM,56,25,31
11/24/2020 04:00:00 PM,69,32,37
11/24/2020 05:00:00 PM,89,21,68
11/24/2020 06:00:00 PM,49,21,28
11/24/2020 07:00:00 PM,36,18,18
11/24/2020 08:00:00 PM,18,5,13
11/24/2020 09:00:00 PM,7,2,5
11/24/2020 10:00:00 PM,7,3,4
11/24/2020 11:00:00 PM,7,2,5
11/25/2020 12:00:00 AM,2,1,1
11/25/2020 01:00:00 AM,3,1,2
11/25/2020 02:00:00 AM,2,1,1
11/25/2020 03:00:00 AM,1,1,0
11/25/2020 04:00:00 AM,6,0,6
11/25/2020 05:00:00 AM,9,7,2
11/25/2020 06:00:00 AM,43,19,24
11/25/2020 07:00:00 AM,68,28,40
11/25/2020 08:00:00 AM,96,35,61
11/25/2020 09:00:00 AM,76,23,53
11/25/2020 10:00:00 AM,70,26,44
11/25/2020 11:00:00 AM,91,49,42
11/25/2020 12:00:00 PM,108,43,65
11/25/2020 01:00:00 PM,130,54,76
11/25/2020 02:00:00 PM,161,70,91
11/25/2020 03:00:00 PM,185,81,104
11/25/2020 04:00:00 PM,179,82,97
11/25/2020 05:00:00 PM,89,32,57
11/25/2020 06:00:00 PM,44,21,23
11/25/2020 07:00:00 PM,27,8,19
11/25/2020 08:00:00 PM,21,9,12
11/25/2020 09:00:00 PM,12,2,10
11/25/2020 10:00:00 PM,16,9,7
11/25/2020 11:00:00 PM,13,8,5
11/26/2020 12:00:00 AM,4,1,3
11/26/2020 01:00:00 AM,0,0,0
11/26/2020 02:00:00 AM,4,0,4
11/26/2020 03:00:00 AM,0,0,0
11/26/2020 04:00:00 AM,1,0,1
11/26/2020 05:00:00 AM,3,0,3
11/26/2020 06:00:00 AM,5,3,2
11/26/2020 07:00:00 AM,19,9,10
11/26/2020 08:00:00 AM,38,23,15
11/26/2020 09:00:00 AM,71,28,43
11/26/2020 10:00:00 AM,66,30,36
11/26/2020 11:00:00 AM,77,42,35
11/26/2020 12:00:00 PM,72,35,37
11/26/2020 01:00:00 PM,79,38,41
11/26/2020 02:00:00 PM,95,37,58
11/26/2020 03:00:00 PM,56,16,40
11/26/2020 04:00:00 PM,34,19,15
11/26/2020 05:00:00 PM,10,3,7
11/26/2020 06:00:00 PM,12,3,9
11/26/2020 07:00:00 PM,11,7,4
11/26/2020 08:00:00 PM,5,3,2
11/26/2020 09:00:00 PM,6,2,4
11/26/2020 10:00:00 PM,4,1,3
11/26/2020 11:00:00 PM,4,2,2
11/27/2020 12:00:00 AM,1,0,1
11/27/2020 01:00:00 AM,5,3,2
11/27/2020 02:00:00 AM,1,1,0
11/27/2020 03:00:00 AM,0,0,0
11/27/2020 04:00:00 AM,2,0,2
11/27/2020 05:00:00 AM,3,1,2
11/27/2020 06:00:00 AM,16,9,7
11/27/2020 07:00:00 AM,24,8,16
11/27/2020 08:00:00 AM,47,21,26
11/27/2020 09:00:00 AM,80,25,55
11/27/2020 10:00:00 AM,133,67,66
11/27/2020 11:00:00 AM,183,102,81
11/27/2020 12:00:00 PM,237,104,133
11/27/2020 01:00:00 PM,291,132,159
11/27/2020 02:00:00 PM,254,126,128
11/27/2020 03:00:00 PM,272,116,156
11/27/2020 04:00:00 PM,170,78,92
11/27/2020 05:00:00 PM,65,27,38
11/27/2020 06:00:00 PM,28,10,18
11/27/2020 07:00:00 PM,16,6,10
11/27/2020 08:00:00 PM,11,4,7
11/27/2020 09:00:00 PM,9,2,7
11/27/2020 10:00:00 PM,4,1,3
11/27/2020 11:00:00 PM,2,0,2
11/28/2020 12:00:00 AM,2,1,1
11/28/2020 01:00:00 AM,2,1,1
11/28/2020 02:00:00 AM,1,1,0
11/28/2020 03:00:00 AM,2,1,1
11/28/2020 04:00:00 AM,1,0,1
11/28/2020 05:00:00 AM,4,2,2
11/28/2020 06:00:00 AM,10,6,4
11/28/2020 07:00:00 AM,28,12,16
11/28/2020 08:00:00 AM,41,18,23
11/28/2020 09:00:00 AM,54,20,34
11/28/2020 10:00:00 AM,48,29,19
11/28/2020 11:00:00 AM,74,27,47
11/28/2020 12:00:00 PM,57,17,40
11/28/2020 01:00:00 PM,67,27,40
11/28/2020 02:00:00 PM,107,50,57
11/28/2020 03:00:00 PM,129,63,66
11/28/2020 04:00:00 PM,81,25,56
11/28/2020 05:00:00 PM,48,19,29
11/28/2020 06:00:00 PM,26,13,13
11/28/2020 07:00:00 PM,17,9,8
11/28/2020 08:00:00 PM,15,6,9
11/28/2020 09:00:00 PM,28,6,22
11/28/2020 10:00:00 PM,5,4,1
11/28/2020 11:00:00 PM,2,0,2
11/29/2020 12:00:00 AM,4,0,4
11/29/2020 01:00:00 AM,0,0,0
11/29/2020 02:00:00 AM,2,1,1
11/29/2020 03:00:00 AM,2,1,1
11/29/2020 04:00:00 AM,2,0,2
11/29/2020 05:00:00 AM,8,2,6
11/29/2020 06:00:00 AM,10,6,4
11/29/2020 07:00:00 AM,24,13,11
11/29/2020 08:00:00 AM,26,12,14
11/29/2020 09:00:00 AM,65,32,33
11/29/2020 10:00:00 AM,98,47,51
11/29/2020 11:00:00 AM,139,73,66
11/29/2020 12:00:00 PM,200,103,97
11/29/2020 01:00:00 PM,263,119,144
11/29/2020 02:00:00 PM,316,167,149
11/29/2020 03:00:00 PM,373,153,220
11/29/2020 04:00:00 PM,159,71,88
11/29/2020 05:00:00 PM,76,36,40
11/29/2020 06:00:00 PM,22,6,16
11/29/2020 07:00:00 PM,20,10,10
11/29/2020 08:00:00 PM,18,11,7
11/29/2020 09:00:00 PM,6,1,5
11/29/2020 10:00:00 PM,7,0,7
11/29/2020 11:00:00 PM,2,1,1
11/30/2020 12:00:00 AM,0,0,0
11/30/2020 01:00:00 AM,0,0,0
11/30/2020 02:00:00 AM,0,0,0
11/30/2020 03:00:00 AM,0,0,0
11/30/2020 04:00:00 AM,1,1,0
11/30/2020 05:00:00 AM,10,5,5
11/30/2020 06:00:00 AM,27,16,11
11/30/2020 07:00:00 AM,68,30,38
11/30/2020 08:00:00 AM,86,32,54
11/30/2020 09:00:00 AM,78,32,46
11/30/2020 10:00:00 AM,49,21,28
11/30/2020 11:00:00 AM,69,34,35
11/30/2020 12:00:00 PM,87,38,49
11/30/2020 01:00:00 PM,99,52,47
11/30/2020 02:00:00 PM,111,56,55
11/30/2020 03:00:00 PM,154,73,81
11/30/2020 04:00:00 PM,141,54,87
11/30/2020 05:00:00 PM,91,31,60
11/30/2020 06:00:00 PM,81,16,65
11/30/2020 07:00:00 PM,35,17,18
11/30/2020 08:00:00 PM,22,12,10
11/30/2020 09:00:00 PM,11,6,5
11/30/2020 10:00:00 PM,11,5,6
11/30/2020 11:00:00 PM,5,0,5
12/01/2020 12:00:00 AM,0,0,0
12/01/2020 01:00:00 AM,1,1,0
12/01/2020 02:00:00 AM,1,0,1
12/01/2020 03:00:00 AM,0,0,0
12/01/2020 04:00:00 AM,4,0,4
12/01/2020 05:00:00 AM,26,14,12
12/01/2020 06:00:00 AM,46,17,29
12/01/2020 07:00:00 AM,108,52,56
12/01/2020 08:00:00 AM,116,35,81
12/01/2020 09:00:00 AM,76,27,49
12/01/2020 10:00:00 AM,60,30,30
12/01/2020 11:00:00 AM,84,40,44
12/01/2020 12:00:00 PM,92,35,57
12/01/2020 01:00:00 PM,92,45,47
12/01/2020 02:00:00 PM,127,60,67
12/01/2020 03:00:00 PM,169,84,85
12/01/2020 04:00:00 PM,165,63,102
12/01/2020 05:00:00 PM,131,28,103
12/01/2020 06:00:00 PM,80,29,51
12/01/2020 07:00:00 PM,50,19,31
12/01/2020 08:00:00 PM,19,4,15
12/01/2020 09:00:00 PM,22,5,17
12/01/2020 10:00:00 PM,14,5,9
12/01/2020 11:00:00 PM,5,1,4
12/02/2020 12:00:00 AM,3,0,3
12/02/2020 01:00:00 AM,0,0,0
12/02/2020 02:00:00 AM,0,0,0
12/02/2020 03:00:00 AM,0,0,0
12/02/2020 04:00:00 AM,5,3,2
12/02/2020 05:00:00 AM,15,9,6
12/02/2020 06:00:00 AM,53,17,36
12/02/2020 07:00:00 AM,93,40,53
12/02/2020 08:00:00 AM,104,43,61
12/02/2020 09:00:00 AM,76,28,48
12/02/2020 10:00:00 AM,80,31,49
12/02/2020 11:00:00 AM,99,57,42
12/02/2020 12:00:00 PM,145,71,74
12/02/2020 01:00:00 PM,149,68,81
12/02/2020 02:00:00 PM,162,91,71
12/02/2020 03:00:00 PM,204,95,109
12/02/2020 04:00:00 PM,208,81,127
12/02/2020 05:00:00 PM,135,40,95
12/02/2020 06:00:00 PM,86,25,61
12/02/2020 07:00:00 PM,44,19,25
12/02/2020 08:00:00 PM,24,8,16
12/02/2020 09:00:00 PM,15,4,11
12/02/2020 10:00:00 PM,15,4,11
12/02/2020 11:00:00 PM,5,1,4
12/03/2020 12:00:00 AM,4,1,3
12/03/2020 01:00:00 AM,2,0,2
12/03/2020 02:00:00 AM,2,1,1
12/03/2020 03:00:00 AM,0,0,0
12/03/2020 04:00:00 AM,6,2,4
12/03/2020 05:00:00 AM,26,11,15
12/03/2020 06:00:00 AM,49,19,30
12/03/2020 07:00:00 AM,98,46,52
12/03/2020 08:00:00 AM,117,44,73
12/03/2020 09:00:00 AM,78,26,52
12/03/2020 10:00:00 AM,68,33,35
12/03/2020 11:00:00 AM,75,41,34
12/03/2020 12:00:00 PM,86,47,39
12/03/2020 01:00:00 PM,90,46,44
12/03/2020 02:00:00 PM,95,44,51
12/03/2020 03:00:00 PM,123,61,62
12/03/2020 04:00:00 PM,128,48,80
12/03/2020 05:00:00 PM,126,34,92
12/03/2020 06:00:00 PM,99,39,60
12/03/2020 07:00:00 PM,43,16,27
12/03/2020 08:00:00 PM,19,7,12
12/03/2020 09:00:00 PM,16,3,13
12/03/2020 10:00:00 PM,8,3,5
12/03/2020 11:00:00 PM,2,0,2
12/04/2020 12:00:00 AM,4,2,2
12/04/2020 01:00:00 AM,5,2,3
12/04/2020 02:00:00 AM,4,0,4
12/04/2020 03:00:00 AM,3,0,3
12/04/2020 04:00:00 AM,6,1,5
12/04/2020 05:00:00 AM,21,10,11
12/04/2020 06:00:00 AM,45,17,28
12/04/2020 07:00:00 AM,84,35,49
12/04/2020 08:00:00 AM,124,46,78
12/04/2020 09:00:00 AM,85,34,51
12/04/2020 10:00:00 AM,76,32,44
12/04/2020 11:00:00 AM,109,54,55
12/04/2020 12:00:00 PM,124,65,59
12/04/2020 01:00:00 PM,152,70,82
12/04/2020 02:00:00 PM,191,96,95
12/04/2020 03:00:00 PM,244,111,133
12/04/2020 04:00:00 PM,186,69,117
12/04/2020 05:00:00 PM,154,46,108
12/04/2020 06:00:00 PM,98,39,59
12/04/2020 07:00:00 PM,50,18,32
12/04/2020 08:00:00 PM,51,26,25
12/04/2020 09:00:00 PM,19,9,10
12/04/2020 10:00:00 PM,26,10,16
12/04/2020 11:00:00 PM,3,0,3
12/05/2020 12:00:00 AM,1,0,1
12/05/2020 01:00:00 AM,4,1,3
12/05/2020 02:00:00 AM,0,0,0
12/05/2020 03:00:00 AM,3,3,0
12/05/2020 04:00:00 AM,1,0,1
12/05/2020 05:00:00 AM,8,5,3
12/05/2020 06:00:00 AM,17,7,10
12/05/2020 07:00:00 AM,25,12,13
12/05/2020 08:00:00 AM,55,29,26
12/05/2020 09:00:00 AM,97,51,46
12/05/2020 10:00:00 AM,185,85,100
12/05/2020 11:00:00 AM,247,109,138
12/05/2020 12:00:00 PM,315,137,178
12/05/2020 01:00:00 PM,374,171,203
12/05/2020 02:00:00 PM,434,202,232
12/05/2020 03:00:00 PM,350,171,179
12/05/2020 04:00:00 PM,208,104,104
12/05/2020 05:00:00 PM,81,32,49
12/05/2020 06:00:00 PM,44,21,23
12/05/2020 07:00:00 PM,20,10,10
12/05/2020 08:00:00 PM,25,13,12
12/05/2020 09:00:00 PM,16,8,8
12/05/2020 10:00:00 PM,7,3,4
12/05/2020 11:00:00 PM,5,1,4
12/06/2020 12:00:00 AM,4,0,4
12/06/2020 01:00:00 AM,1,0,1
12/06/2020 02:00:00 AM,3,1,2
12/06/2020 03:00:00 AM,1,0,1
12/06/2020 04:00:00 AM,2,1,1
12/06/2020 05:00:00 AM,9,5,4
12/06/2020 06:00:00 AM,11,3,8
12/06/2020 07:00:00 AM,23,13,10
12/06/2020 08:00:00 AM,21,10,11
12/06/2020 09:00:00 AM,81,38,43
12/06/2020 10:00:00 AM,86,38,48
12/06/2020 11:00:00 AM,150,91,59
12/06/2020 12:00:00 PM,193,84,109
12/06/2020 01:00:00 PM,196,95,101
12/06/2020 02:00:00 PM,213,108,105
12/06/2020 03:00:00 PM,194,100,94
12/06/2020 04:00:00 PM,116,58,58
12/06/2020 05:00:00 PM,47,21,26
12/06/2020 06:00:00 PM,24,7,17
12/06/2020 07:00:00 PM,24,13,11
12/06/2020 08:00:00 PM,22,4,18
12/06/2020 09:00:00 PM,6,4,2
12/06/2020 10:00:00 PM,9,2,7
12/06/2020 11:00:00 PM,5,1,4
12/07/2020 12:00:00 AM,0,0,0
12/07/2020 01:00:00 AM,1,0,1
12/07/2020 02:00:00 AM,1,1,0
12/07/2020 03:00:00 AM,0,0,0
12/07/2020 04:00:00 AM,9,3,6
12/07/2020 05:00:00 AM,17,10,7
12/07/2020 06:00:00 AM,57,20,37
12/07/2020 07:00:00 AM,90,43,47
12/07/2020 08:00:00 AM,115,39,76
12/07/2020 09:00:00 AM,82,24,58
12/07/2020 10:00:00 AM,64,30,34
12/07/2020 11:00:00 AM,55,23,32
12/07/2020 12:00:00 PM,75,37,38
12/07/2020 01:00:00 PM,82,43,39
12/07/2020 02:00:00 PM,110,46,64
12/07/2020 03:00:00 PM,134,61,73
12/07/2020 04:00:00 PM,144,50,94
12/07/2020 05:00:00 PM,135,37,98
12/07/2020 06:00:00 PM,85,26,59
12/07/2020 07:00:00 PM,38,13,25
12/07/2020 08:00:00 PM,29,13,16
12/07/2020 09:00:00 PM,17,4,13
12/07/2020 10:00:00 PM,11,3,8
12/07/2020 11:00:00 PM,12,5,7
12/08/2020 12:00:00 AM,2,0,2
12/08/2020 01:00:00 AM,0,0,0
12/08/2020 02:00:00 AM,0,0,0
12/08/2020 03:00:00 AM,0,0,0
12/08/2020 04:00:00 AM,4,2,2
12/08/2020 05:00:00 AM,20,14,6
12/08/2020 06:00:00 AM,43,13,30
12/08/2020 07:00:00 AM,98,49,49
12/08/2020 08:00:00 AM,86,34,52
12/08/2020 09:00:00 AM,65,23,42
12/08/2020 10:00:00 AM,40,17,23
12/08/2020 11:00:00 AM,36,20,16
12/08/2020 12:00:00 PM,33,10,23
12/08/2020 01:00:00 PM,38,19,19
12/08/2020 02:00:00 PM,38,18,20
12/08/2020 03:00:00 PM,50,23,27
12/08/2020 04:00:00 PM,80,37,43
12/08/2020 05:00:00 PM,85,18,67
12/08/2020 06:00:00 PM,57,22,35
12/08/2020 07:00:00 PM,36,12,24
12/08/2020 08:00:00 PM,17,6,11
12/08/2020 09:00:00 PM,13,2,11
12/08/2020 10:00:00 PM,9,5,4
12/08/2020 11:00:00 PM,5,3,2
12/09/2020 12:00:00 AM,2,0,2
12/09/2020 01:00:00 AM,5,0,5
12/09/2020 02:00:00 AM,1,1,0
12/09/2020 03:00:00 AM,0,0,0
12/09/2020 04:00:00 AM,4,2,2
12/09/2020 05:00:00 AM,19,8,11
12/09/2020 06:00:00 AM,56,16,40
12/09/2020 07:00:00 AM,78,37,41
12/09/2020 08:00:00 AM,83,39,44
12/09/2020 09:00:00 AM,54,26,28
12/09/2020 10:00:00 AM,45,20,25
12/09/2020 11:00:00 AM,49,22,27
12/09/2020 12:00:00 PM,80,42,38
12/09/2020 01:00:00 PM,67,34,33
12/09/2020 02:00:00 PM,112,46,66
12/09/2020 03:00:00 PM,139,62,77
12/09/2020 04:00:00 PM,148,57,91
12/09/2020 05:00:00 PM,115,38,77
12/09/2020 06:00:00 PM,94,37,57
12/09/2020 07:00:00 PM,53,26,27
12/09/2020 08:00:00 PM,20,3,17
12/09/2020 09:00:00 PM,10,6,4
12/09/2020 10:00:00 PM,13,3,10
12/09/2020 11:00:00 PM,6,2,4
12/10/2020 12:00:00 AM,2,1,1
12/10/2020 01:00:00 AM,3,1,2
12/10/2020 02:00:00 AM,0,0,0
12/10/2020 03:00:00 AM,0,0,0
12/10/2020 04:00:00 AM,9,3,6
12/10/2020 05:00:00 AM,16,7,9
12/10/2020 06:00:00 AM,63,25,38
12/10/2020 07:00:00 AM,88,44,44
12/10/2020 08:00:00 AM,102,41,61
12/10/2020 09:00:00 AM,68,32,36
12/10/2020 10:00:00 AM,55,20,35
12/10/2020 11:00:00 AM,56,26,30
12/10/2020 12:00:00 PM,61,24,37
12/10/2020 01:00:00 PM,81,37,44
12/10/2020 02:00:00 PM,101,36,65
12/10/2020 03:00:00 PM,133,63,70
12/10/2020 04:00:00 PM,126,45,81
12/10/2020 05:00:00 PM,125,48,77
12/10/2020 06:00:00 PM,70,28,42
12/10/2020 07:00:00 PM,58,23,35
12/10/2020 08:00:00 PM,20,8,12
12/10/2020 09:00:00 PM,25,13,12
12/10/2020 10:00:00 PM,10,5,5
12/10/2020 11:00:00 PM,3,0,3
12/11/2020 12:00:00 AM,8,2,6
12/11/2020 01:00:00 AM,0,0,0
12/11/2020 02:00:00 AM,1,0,1
12/11/2020 03:00:00 AM,2,1,1
12/11/2020 04:00:00 AM,5,1,4
12/11/2020 05:00:00 AM,17,8,9
12/11/2020 06:00:00 AM,34,9,25
12/11/2020 07:00:00 AM,83,40,43
12/11/2020 08:00:00 AM,101,36,65
12/11/2020 09:00:00 AM,60,25,35
12/11/2020 10:00:00 AM,46,20,26
12/11/2020 11:00:00 AM,52,24,28
12/11/2020 12:00:00 PM,55,27,28
12/11/2020 01:00:00 PM,118,46,72
12/11/2020 02:00:00 PM,115,61,54
12/11/2020 03:00:00 PM,179,81,98
12/11/2020 04:00:00 PM,143,61,82
12/11/2020 05:00:00 PM,123,35,88
12/11/2020 06:00:00 PM,73,28,45
12/11/2020 07:00:00 PM,42,19,23
12/11/2020 08:00:00 PM,22,9,13
12/11/2020 09:00:00 PM,13,2,11
12/11/2020 10:00:00 PM,10,9,1
12/11/2020 11:00:00 PM,13,4,9
12/12/2020 12:00:00 AM,3,0,3
12/12/2020 01:00:00 AM,4,0,4
12/12/2020 02:00:00 AM,3,0,3
12/12/2020 03:00:00 AM,1,1,0
12/12/2020 04:00:00 AM,1,0,1
12/12/2020 05:00:00 AM,5,2,3
12/12/2020 06:00:00 AM,15,5,10
12/12/2020 07:00:00 AM,31,18,13
12/12/2020 08:00:00 AM,26,15,11
12/12/2020 09:00:00 AM,71,24,47
12/12/2020 10:00:00 AM,89,47,42
12/12/2020 11:00:00 AM,150,85,65
12/12/2020 12:00:00 PM,172,74,98
12/12/2020 01:00:00 PM,271,142,129
12/12/2020 02:00:00 PM,300,148,152
12/12/2020 03:00:00 PM,277,134,143
12/12/2020 04:00:00 PM,151,69,82
12/12/2020 05:00:00 PM,70,29,41
12/12/2020 06:00:00 PM,37,14,23
12/12/2020 07:00:00 PM,18,11,7
12/12/2020 08:00:00 PM,17,8,9
12/12/2020 09:00:00 PM,7,2,5
12/12/2020 10:00:00 PM,8,3,5
12/12/2020 11:00:00 PM,9,7,2
12/13/2020 12:00:00 AM,3,1,2
12/13/2020 01:00:00 AM,4,0,4
12/13/2020 02:00:00 AM,0,0,0
12/13/2020 03:00:00 AM,0,0,0
12/13/2020 04:00:00 AM,0,0,0
12/13/2020 05:00:00 AM,5,2,3
12/13/2020 06:00:00 AM,9,6,3
12/13/2020 07:00:00 AM,12,6,6
12/13/2020 08:00:00 AM,24,10,14
12/13/2020 09:00:00 AM,20,9,11
12/13/2020 10:00:00 AM,19,7,12
12/13/2020 11:00:00 AM,25,13,12
12/13/2020 12:00:00 PM,34,13,21
12/13/2020 01:00:00 PM,35,20,15
12/13/2020 02:00:00 PM,81,25,56
12/13/2020 03:00:00 PM,95,57,38
12/13/2020 04:00:00 PM,66,20,46
12/13/2020 05:00:00 PM,26,10,16
12/13/2020 06:00:00 PM,21,8,13
12/13/2020 07:00:00 PM,14,5,9
12/13/2020 08:00:00 PM,10,2,8
12/13/2020 09:00:00 PM,7,3,4
12/13/2020 10:00:00 PM,6,3,3
12/13/2020 11:00:00 PM,4,1,3
12/14/2020 12:00:00 AM,3,3,0
12/14/2020 01:00:00 AM,0,0,0
12/14/2020 02:00:00 AM,1,0,1
12/14/2020 03:00:00 AM,2,2,0
12/14/2020 04:00:00 AM,8,1,7
12/14/2020 05:00:00 AM,17,10,7
12/14/2020 06:00:00 AM,45,17,28
12/14/2020 07:00:00 AM,75,36,39
12/14/2020 08:00:00 AM,82,25,57
12/14/2020 09:00:00 AM,50,14,36
12/14/2020 10:00:00 AM,44,20,24
12/14/2020 11:00:00 AM,43,24,19
12/14/2020 12:00:00 PM,50,21,29
12/14/2020 01:00:00 PM,66,28,38
12/14/2020 02:00:00 PM,108,57,51
12/14/2020 03:00:00 PM,127,60,67
12/14/2020 04:00:00 PM,107,38,69
12/14/2020 05:00:00 PM,104,29,75
12/14/2020 06:00:00 PM,63,21,42
12/14/2020 07:00:00 PM,43,13,30
12/14/2020 08:00:00 PM,30,11,19
12/14/2020 09:00:00 PM,14,7,7
12/14/2020 10:00:00 PM,4,1,3
12/14/2020 11:00:00 PM,6,4,2
12/15/2020 12:00:00 AM,3,0,3
12/15/2020 01:00:00 AM,0,0,0
12/15/2020 02:00:00 AM,2,2,0
12/15/2020 03:00:00 AM,0,0,0
12/15/2020 04:00:00 AM,2,0,2
12/15/2020 05:00:00 AM,21,10,11
12/15/2020 06:00:00 AM,33,12,21
12/15/2020 07:00:00 AM,67,34,33
12/15/2020 08:00:00 AM,61,20,41
12/15/2020 09:00:00 AM,41,17,24
12/15/2020 10:00:00 AM,28,9,19
12/15/2020 11:00:00 AM,24,10,14
12/15/2020 12:00:00 PM,35,13,22
12/15/2020 01:00:00 PM,31,13,18
12/15/2020 02:00:00 PM,41,22,19
12/15/2020 03:00:00 PM,82,35,47
12/15/2020 04:00:00 PM,84,36,48
12/15/2020 05:00:00 PM,97,31,66
12/15/2020 06:00:00 PM,66,22,44
12/15/2020 07:00:00 PM,50,24,26
12/15/2020 08:00:00 PM,15,3,12
12/15/2020 09:00:00 PM,11,5,6
12/15/2020 10:00:00 PM,9,3,6
12/15/2020 11:00:00 PM,6,4,2
12/16/2020 12:00:00 AM,3,1,2
12/16/2020 01:00:00 AM,0,0,0
12/16/2020 02:00:00 AM,1,0,1
12/16/2020 03:00:00 AM,0,0,0
12/16/2020 04:00:00 AM,4,2,2
12/16/2020 05:00:00 AM,16,9,7
12/16/2020 06:00:00 AM,44,20,24
12/16/2020 07:00:00 AM,82,41,41
12/16/2020 08:00:00 AM,75,27,48
12/16/2020 09:00:00 AM,65,18,47
12/16/2020 10:00:00 AM,68,33,35
12/16/2020 11:00:00 AM,52,23,29
12/16/2020 12:00:00 PM,64,33,31
12/16/2020 01:00:00 PM,36,9,27
12/16/2020 02:00:00 PM,26,10,16
12/16/2020 03:00:00 PM,51,21,30
12/16/2020 04:00:00 PM,56,19,37
12/16/2020 05:00:00 PM,78,14,64
12/16/2020 06:00:00 PM,49,16,33
12/16/2020 07:00:00 PM,42,9,33
12/16/2020 08:00:00 PM,15,6,9
12/16/2020 09:00:00 PM,8,2,6
12/16/2020 10:00:00 PM,2,1,1
12/16/2020 11:00:00 PM,4,0,4
12/17/2020 12:00:00 AM,2,1,1
12/17/2020 01:00:00 AM,2,2,0
12/17/2020 02:00:00 AM,0,0,0
12/17/2020 03:00:00 AM,3,2,1
12/17/2020 04:00:00 AM,4,3,1
12/17/2020 05:00:00 AM,16,5,11
12/17/2020 06:00:00 AM,32,15,17
12/17/2020 07:00:00 AM,76,37,39
12/17/2020 08:00:00 AM,77,32,45
12/17/2020 09:00:00 AM,55,19,36
12/17/2020 10:00:00 AM,53,27,26
12/17/2020 11:00:00 AM,80,35,45
12/17/2020 12:00:00 PM,93,43,50
12/17/2020 01:00:00 PM,111,48,63
12/17/2020 02:00:00 PM,168,79,89
12/17/2020 03:00:00 PM,155,71,84
12/17/2020 04:00:00 PM,143,59,84
12/17/2020 05:00:00 PM,132,41,91
12/17/2020 06:00:00 PM,73,32,41
12/17/2020 07:00:00 PM,51,22,29
12/17/2020 08:00:00 PM,34,15,19
12/17/2020 09:00:00 PM,11,5,6
12/17/2020 10:00:00 PM,15,5,10
12/17/2020 11:00:00 PM,10,3,7
12/18/2020 12:00:00 AM,4,2,2
12/18/2020 01:00:00 AM,5,2,3
12/18/2020 02:00:00 AM,1,0,1
12/18/2020 03:00:00 AM,0,0,0
12/18/2020 04:00:00 AM,2,1,1
12/18/2020 05:00:00 AM,13,7,6
12/18/2020 06:00:00 AM,28,10,18
12/18/2020 07:00:00 AM,61,24,37
12/18/2020 08:00:00 AM,72,30,42
12/18/2020 09:00:00 AM,53,21,32
12/18/2020 10:00:00 AM,31,12,19
12/18/2020 11:00:00 AM,24,12,12
12/18/2020 12:00:00 PM,31,10,21
12/18/2020 01:00:00 PM,46,25,21
12/18/2020 02:00:00 PM,69,28,41
12/18/2020 03:00:00 PM,74,27,47
12/18/2020 04:00:00 PM,97,33,64
12/18/2020 05:00:00 PM,74,24,50
12/18/2020 06:00:00 PM,50,23,27
12/18/2020 07:00:00 PM,21,8,13
12/18/2020 08:00:00 PM,8,4,4
12/18/2020 09:00:00 PM,9,4,5
12/18/2020 10:00:00 PM,15,6,9
12/18/2020 11:00:00 PM,7,3,4
12/19/2020 12:00:00 AM,3,0,3
12/19/2020 01:00:00 AM,2,0,2
12/19/2020 02:00:00 AM,0,0,0
12/19/2020 03:00:00 AM,0,0,0
12/19/2020 04:00:00 AM,0,0,0
12/19/2020 05:00:00 AM,6,3,3
12/19/2020 06:00:00 AM,14,5,9
12/19/2020 07:00:00 AM,16,4,12
12/19/2020 08:00:00 AM,35,17,18
12/19/2020 09:00:00 AM,79,36,43
12/19/2020 10:00:00 AM,121,63,58
12/19/2020 11:00:00 AM,158,93,65
12/19/2020 12:00:00 PM,102,44,58
12/19/2020 01:00:00 PM,70,40,30
12/19/2020 02:00:00 PM,39,17,22
12/19/2020 03:00:00 PM,47,23,24
12/19/2020 04:00:00 PM,30,12,18
12/19/2020 05:00:00 PM,24,9,15
12/19/2020 06:00:00 PM,24,12,12
12/19/2020 07:00:00 PM,9,4,5
12/19/2020 08:00:00 PM,23,5,18
12/19/2020 09:00:00 PM,2,2,0
12/19/2020 10:00:00 PM,8,3,5
12/19/2020 11:00:00 PM,2,0,2
12/20/2020 12:00:00 AM,1,0,1
12/20/2020 01:00:00 AM,2,0,2
12/20/2020 02:00:00 AM,3,1,2
12/20/2020 03:00:00 AM,1,0,1
12/20/2020 04:00:00 AM,2,2,0
12/20/2020 05:00:00 AM,5,2,3
12/20/2020 06:00:00 AM,10,5,5
12/20/2020 07:00:00 AM,11,6,5
12/20/2020 08:00:00 AM,24,10,14
12/20/2020 09:00:00 AM,48,20,28
12/20/2020 10:00:00 AM,62,28,34
12/20/2020 11:00:00 AM,99,46,53
12/20/2020 12:00:00 PM,112,63,49
12/20/2020 01:00:00 PM,173,75,98
12/20/2020 02:00:00 PM,228,107,121
12/20/2020 03:00:00 PM,155,80,75
12/20/2020 04:00:00 PM,93,45,48
12/20/2020 05:00:00 PM,36,15,21
12/20/2020 06:00:00 PM,31,11,20
12/20/2020 07:00:00 PM,34,24,10
12/20/2020 08:00:00 PM,21,13,8
12/20/2020 09:00:00 PM,13,7,6
12/20/2020 10:00:00 PM,9,5,4
12/20/2020 11:00:00 PM,7,1,6
12/21/2020 12:00:00 AM,4,2,2
12/21/2020 01:00:00 AM,0,0,0
12/21/2020 02:00:00 AM,0,0,0
12/21/2020 03:00:00 AM,0,0,0
12/21/2020 04:00:00 AM,3,1,2
12/21/2020 05:00:00 AM,13,8,5
12/21/2020 06:00:00 AM,32,11,21
12/21/2020 07:00:00 AM,41,17,24
12/21/2020 08:00:00 AM,33,10,23
12/21/2020 09:00:00 AM,28,7,21
12/21/2020 10:00:00 AM,35,10,25
12/21/2020 11:00:00 AM,36,15,21
12/21/2020 12:00:00 PM,20,9,11
12/21/2020 01:00:00 PM,24,6,18
12/21/2020 02:00:00 PM,13,4,9
12/21/2020 03:00:00 PM,28,12,16
12/21/2020 04:00:00 PM,31,9,22
12/21/2020 05:00:00 PM,29,4,25
12/21/2020 06:00:00 PM,18,6,12
12/21/2020 07:00:00 PM,10,4,6
12/21/2020 08:00:00 PM,8,2,6
12/21/2020 09:00:00 PM,3,1,2
12/21/2020 10:00:00 PM,4,3,1
12/21/2020 11:00:00 PM,4,4,0
12/22/2020 12:00:00 AM,3,0,3
12/22/2020 01:00:00 AM,0,0,0
12/22/2020 02:00:00 AM,0,0,0
12/22/2020 03:00:00 AM,0,0,0
12/22/2020 04:00:00 AM,1,0,1
12/22/2020 05:00:00 AM,18,8,10
12/22/2020 06:00:00 AM,33,11,22
12/22/2020 07:00:00 AM,57,25,32
12/22/2020 08:00:00 AM,59,27,32
12/22/2020 09:00:00 AM,48,12,36
12/22/2020 10:00:00 AM,63,25,38
12/22/2020 11:00:00 AM,101,33,68
12/22/2020 12:00:00 PM,98,40,58
12/22/2020 01:00:00 PM,129,61,68
12/22/2020 02:00:00 PM,139,62,77
12/22/2020 03:00:00 PM,165,80,85
12/22/2020 04:00:00 PM,150,68,82
12/22/2020 05:00:00 PM,95,43,52
12/22/2020 06:00:00 PM,60,21,39
12/22/2020 07:00:00 PM,37,17,20
12/22/2020 08:00:00 PM,26,9,17
12/22/2020 09:00:00 PM,16,6,10
12/22/2020 10:00:00 PM,8,3,5
12/22/2020 11:00:00 PM,5,3,2
12/23/2020 12:00:00 AM,2,1,1
12/23/2020 01:00:00 AM,0,0,0
12/23/2020 02:00:00 AM,1,0,1
12/23/2020 03:00:00 AM,0,0,0
12/23/2020 04:00:00 AM,3,0,3
12/23/2020 05:00:00 AM,13,7,6
12/23/2020 06:00:00 AM,35,14,21
12/23/2020 07:00:00 AM,43,16,27
12/23/2020 08:00:00 AM,49,13,36
12/23/2020 09:00:00 AM,47,17,30
12/23/2020 10:00:00 AM,62,26,36
12/23/2020 11:00:00 AM,65,36,29
12/23/2020 12:00:00 PM,103,43,60
12/23/2020 01:00:00 PM,129,68,61
12/23/2020 02:00:00 PM,162,75,87
12/23/2020 03:00:00 PM,167,82,85
12/23/2020 04:00:00 PM,120,59,61
12/23/2020 05:00:00 PM,63,27,36
12/23/2020 06:00:00 PM,58,32,26
12/23/2020 07:00:00 PM,34,9,25
12/23/2020 08:00:00 PM,18,11,7
12/23/2020 09:00:00 PM,14,8,6
12/23/2020 10:00:00 PM,7,2,5
12/23/2020 11:00:00 PM,6,0,6
12/24/2020 12:00:00 AM,6,5,1
12/24/2020 01:00:00 AM,0,0,0
12/24/2020 02:00:00 AM,0,0,0
12/24/2020 03:00:00 AM,0,0,0
12/24/2020 04:00:00 AM,6,3,3
12/24/2020 05:00:00 AM,8,4,4
12/24/2020 06:00:00 AM,15,4,11
12/24/2020 07:00:00 AM,30,16,14
12/24/2020 08:00:00 AM,43,16,27
12/24/2020 09:00:00 AM,34,12,22
12/24/2020 10:00:00 AM,58,27,31
12/24/2020 11:00:00 AM,92,42,50
12/24/2020 12:00:00 PM,131,80,51
12/24/2020 01:00:00 PM,166,76,90
12/24/2020 02:00:00 PM,145,72,73
12/24/2020 03:00:00 PM,183,92,91
12/24/2020 04:00:00 PM,82,32,50
12/24/2020 05:00:00 PM,43,19,24
12/24/2020 06:00:00 PM,17,5,12
12/24/2020 07:00:00 PM,12,4,8
12/24/2020 08:00:00 PM,3,2,1
12/24/2020 09:00:00 PM,2,1,1
12/24/2020 10:00:00 PM,5,1,4
12/24/2020 11:00:00 PM,1,0,1
12/25/2020 12:00:00 AM,0,0,0
12/25/2020 01:00:00 AM,1,1,0
12/25/2020 02:00:00 AM,4,1,3
12/25/2020 03:00:00 AM,0,0,0
12/25/2020 04:00:00 AM,1,1,0
12/25/2020 05:00:00 AM,2,1,1
12/25/2020 06:00:00 AM,2,0,2
12/25/2020 07:00:00 AM,3,1,2
12/25/2020 08:00:00 AM,11,4,7
12/25/2020 09:00:00 AM,6,3,3
12/25/2020 10:00:00 AM,24,9,15
12/25/2020 11:00:00 AM,35,19,16
12/25/2020 12:00:00 PM,24,9,15
12/25/2020 01:00:00 PM,40,15,25
12/25/2020 02:00:00 PM,42,16,26
12/25/2020 03:00:00 PM,28,12,16
12/25/2020 04:00:00 PM,15,10,5
12/25/2020 05:00:00 PM,6,3,3
12/25/2020 06:00:00 PM,4,1,3
12/25/2020 07:00:00 PM,2,2,0
12/25/2020 08:00:00 PM,2,1,1
12/25/2020 09:00:00 PM,0,0,0
12/25/2020 10:00:00 PM,0,0,0
12/25/2020 11:00:00 PM,0,0,0
12/26/2020 12:00:00 AM,0,0,0
12/26/2020 01:00:00 AM,2,0,2
12/26/2020 02:00:00 AM,1,0,1
12/26/2020 03:00:00 AM,0,0,0
12/26/2020 04:00:00 AM,1,1,0
12/26/2020 05:00:00 AM,4,1,3
12/26/2020 06:00:00 AM,6,6,0
12/26/2020 07:00:00 AM,8,4,4
12/26/2020 08:00:00 AM,19,7,12
12/26/2020 09:00:00 AM,28,10,18
12/26/2020 10:00:00 AM,30,11,19
12/26/2020 11:00:00 AM,58,28,30
12/26/2020 12:00:00 PM,76,46,30
12/26/2020 01:00:00 PM,99,60,39
12/26/2020 02:00:00 PM,145,96,49
12/26/2020 03:00:00 PM,137,51,86
12/26/2020 04:00:00 PM,73,37,36
12/26/2020 05:00:00 PM,34,20,14
12/26/2020 06:00:00 PM,20,5,15
12/26/2020 07:00:00 PM,22,10,12
12/26/2020 08:00:00 PM,8,3,5
12/26/2020 09:00:00 PM,2,1,1
12/26/2020 10:00:00 PM,7,4,3
12/26/2020 11:00:00 PM,0,0,0
12/27/2020 12:00:00 AM,10,2,8
12/27/2020 01:00:00 AM,0,0,0
12/27/2020 02:00:00 AM,2,1,1
12/27/2020 03:00:00 AM,1,1,0
12/27/2020 04:00:00 AM,3,0,3
12/27/2020 05:00:00 AM,1,0,1
12/27/2020 06:00:00 AM,11,6,5
12/27/2020 07:00:00 AM,12,5,7
12/27/2020 08:00:00 AM,13,5,8
12/27/2020 09:00:00 AM,18,10,8
12/27/2020 10:00:00 AM,34,21,13
12/27/2020 11:00:00 AM,43,25,18
12/27/2020 12:00:00 PM,87,41,46
12/27/2020 01:00:00 PM,109,58,51
12/27/2020 02:00:00 PM,176,71,105
12/27/2020 03:00:00 PM,147,70,77
12/27/2020 04:00:00 PM,108,46,62
12/27/2020 05:00:00 PM,39,18,21
12/27/2020 06:00:00 PM,24,8,16
12/27/2020 07:00:00 PM,19,6,13
12/27/2020 08:00:00 PM,9,2,7
12/27/2020 09:00:00 PM,5,1,4
12/27/2020 10:00:00 PM,5,1,4
12/27/2020 11:00:00 PM,0,0,0
12/28/2020 12:00:00 AM,1,0,1
12/28/2020 01:00:00 AM,0,0,0
12/28/2020 02:00:00 AM,0,0,0
12/28/2020 03:00:00 AM,1,1,0
12/28/2020 04:00:00 AM,5,1,4
12/28/2020 05:00:00 AM,12,5,7
12/28/2020 06:00:00 AM,30,14,16
12/28/2020 07:00:00 AM,58,20,38
12/28/2020 08:00:00 AM,72,24,48
12/28/2020 09:00:00 AM,57,24,33
12/28/2020 10:00:00 AM,89,38,51
12/28/2020 11:00:00 AM,113,42,71
12/28/2020 12:00:00 PM,194,106,88
12/28/2020 01:00:00 PM,242,110,132
12/28/2020 02:00:00 PM,249,111,138
12/28/2020 03:00:00 PM,239,104,135
12/28/2020 04:00:00 PM,164,76,88
12/28/2020 05:00:00 PM,96,37,59
12/28/2020 06:00:00 PM,59,21,38
12/28/2020 07:00:00 PM,36,15,21
12/28/2020 08:00:00 PM,14,6,8
12/28/2020 09:00:00 PM,16,2,14
12/28/2020 10:00:00 PM,6,2,4
12/28/2020 11:00:00 PM,5,2,3
12/29/2020 12:00:00 AM,2,1,1
12/29/2020 01:00:00 AM,6,2,4
12/29/2020 02:00:00 AM,0,0,0
12/29/2020 03:00:00 AM,0,0,0
12/29/2020 04:00:00 AM,2,1,1
12/29/2020 05:00:00 AM,17,9,8
12/29/2020 06:00:00 AM,29,6,23
12/29/2020 07:00:00 AM,66,31,35
12/29/2020 08:00:00 AM,61,23,38
12/29/2020 09:00:00 AM,35,20,15
12/29/2020 10:00:00 AM,50,22,28
12/29/2020 11:00:00 AM,61,25,36
12/29/2020 12:00:00 PM,88,41,47
12/29/2020 01:00:00 PM,115,55,60
12/29/2020 02:00:00 PM,133,54,79
12/29/2020 03:00:00 PM,119,60,59
12/29/2020 04:00:00 PM,99,38,61
12/29/2020 05:00:00 PM,66,20,46
12/29/2020 06:00:00 PM,55,20,35
12/29/2020 07:00:00 PM,7,3,4
12/29/2020 08:00:00 PM,7,4,3
12/29/2020 09:00:00 PM,8,2,6
12/29/2020 10:00:00 PM,13,8,5
12/29/2020 11:00:00 PM,3,3,0
12/30/2020 12:00:00 AM,3,1,2
12/30/2020 01:00:00 AM,1,1,0
12/30/2020 02:00:00 AM,0,0,0
12/30/2020 03:00:00 AM,1,0,1
12/30/2020 04:00:00 AM,2,1,1
12/30/2020 05:00:00 AM,8,4,4
12/30/2020 06:00:00 AM,25,10,15
12/30/2020 07:00:00 AM,41,14,27
12/30/2020 08:00:00 AM,33,11,22
12/30/2020 09:00:00 AM,24,11,13
12/30/2020 10:00:00 AM,21,11,10
12/30/2020 11:00:00 AM,18,9,9
12/30/2020 12:00:00 PM,30,16,14
12/30/2020 01:00:00 PM,39,22,17
12/30/2020 02:00:00 PM,42,14,28
12/30/2020 03:00:00 PM,46,26,20
12/30/2020 04:00:00 PM,67,22,45
12/30/2020 05:00:00 PM,61,31,30
12/30/2020 06:00:00 PM,32,9,23
12/30/2020 07:00:00 PM,14,6,8
12/30/2020 08:00:00 PM,13,7,6
12/30/2020 09:00:00 PM,8,3,5
12/30/2020 10:00:00 PM,7,1,6
12/30/2020 11:00:00 PM,4,1,3
12/31/2020 12:00:00 AM,1,0,1
12/31/2020 01:00:00 AM,1,1,0
12/31/2020 02:00:00 AM,0,0,0
12/31/2020 03:00:00 AM,0,0,0
12/31/2020 04:00:00 AM,5,1,4
12/31/2020 05:00:00 AM,12,6,6
12/31/2020 06:00:00 AM,22,5,17
12/31/2020 07:00:00 AM,37,14,23
12/31/2020 08:00:00 AM,52,24,28
12/31/2020 09:00:00 AM,34,11,23
12/31/2020 10:00:00 AM,57,26,31
12/31/2020 11:00:00 AM,85,41,44
12/31/2020 12:00:00 PM,130,59,71
12/31/2020 01:00:00 PM,141,66,75
12/31/2020 02:00:00 PM,165,66,99
12/31/2020 03:00:00 PM,159,53,106
12/31/2020 04:00:00 PM,106,54,52
12/31/2020 05:00:00 PM,58,29,29
12/31/2020 06:00:00 PM,34,14,20
12/31/2020 07:00:00 PM,27,11,16
12/31/2020 08:00:00 PM,18,9,9
12/31/2020 09:00:00 PM,18,9,9
12/31/2020 10:00:00 PM,9,3,6
12/31/2020 11:00:00 PM,8,3,5
01/01/2021 12:00:00 AM,0,0,0
01/01/2021 01:00:00 AM,7,2,5
01/01/2021 02:00:00 AM,3,2,1
01/01/2021 03:00:00 AM,4,1,3
01/01/2021 04:00:00 AM,3,1,2
01/01/2021 05:00:00 AM,3,2,1
01/01/2021 06:00:00 AM,6,1,5
01/01/2021 07:00:00 AM,8,2,6
01/01/2021 08:00:00 AM,12,4,8
01/01/2021 09:00:00 AM,12,6,6
01/01/2021 10:00:00 AM,47,20,27
01/01/2021 11:00:00 AM,65,30,35
01/01/2021 12:00:00 PM,60,33,27
01/01/2021 01:00:00 PM,60,30,30
01/01/2021 02:00:00 PM,46,27,19
01/01/2021 03:00:00 PM,38,16,22
01/01/2021 04:00:00 PM,15,8,7
01/01/2021 05:00:00 PM,20,4,16
01/01/2021 06:00:00 PM,13,4,9
01/01/2021 07:00:00 PM,4,2,2
01/01/2021 08:00:00 PM,7,3,4
01/01/2021 09:00:00 PM,6,1,5
01/01/2021 10:00:00 PM,3,2,1
01/01/2021 11:00:00 PM,6,0,6
01/02/2021 12:00:00 AM,2,0,2
01/02/2021 01:00:00 AM,0,0,0
01/02/2021 02:00:00 AM,0,0,0
01/02/2021 03:00:00 AM,0,0,0
01/02/2021 04:00:00 AM,3,2,1
01/02/2021 05:00:00 AM,5,1,4
01/02/2021 06:00:00 AM,6,4,2
01/02/2021 07:00:00 AM,9,4,5
01/02/2021 08:00:00 AM,13,5,8
01/02/2021 09:00:00 AM,16,7,9
01/02/2021 10:00:00 AM,29,12,17
01/02/2021 11:00:00 AM,27,19,8
01/02/2021 12:00:00 PM,25,10,15
01/02/2021 01:00:00 PM,21,11,10
01/02/2021 02:00:00 PM,27,16,11
01/02/2021 03:00:00 PM,17,7,10
01/02/2021 04:00:00 PM,9,4,5
01/02/2021 05:00:00 PM,19,9,10
01/02/2021 06:00:00 PM,7,1,6
01/02/2021 07:00:00 PM,5,3,2
01/02/2021 08:00:00 PM,5,2,3
01/02/2021 09:00:00 PM,2,1,1
01/02/2021 10:00:00 PM,3,2,1
01/02/2021 11:00:00 PM,3,0,3
01/03/2021 12:00:00 AM,3,1,2
01/03/2021 01:00:00 AM,1,0,1
01/03/2021 02:00:00 AM,0,0,0
01/03/2021 03:00:00 AM,0,0,0
01/03/2021 04:00:00 AM,0,0,0
01/03/2021 05:00:00 AM,3,2,1
01/03/2021 06:00:00 AM,9,3,6
01/03/2021 07:00:00 AM,14,7,7
01/03/2021 08:00:00 AM,16,5,11
01/03/2021 09:00:00 AM,23,11,12
01/03/2021 10:00:00 AM,16,8,8
01/03/2021 11:00:00 AM,34,12,22
01/03/2021 12:00:00 PM,97,44,53
01/03/2021 01:00:00 PM,133,63,70
01/03/2021 02:00:00 PM,173,94,79
01/03/2021 03:00:00 PM,164,80,84
01/03/2021 04:00:00 PM,118,56,62
01/03/2021 05:00:00 PM,32,16,16
01/03/2021 06:00:00 PM,22,10,12
01/03/2021 07:00:00 PM,14,7,7
01/03/2021 08:00:00 PM,19,10,9
01/03/2021 09:00:00 PM,10,6,4
01/03/2021 10:00:00 PM,10,4,6
01/03/2021 11:00:00 PM,3,0,3
01/04/2021 12:00:00 AM,0,0,0
01/04/2021 01:00:00 AM,0,0,0
01/04/2021 02:00:00 AM,0,0,0
01/04/2021 03:00:00 AM,0,0,0
01/04/2021 04:00:00 AM,6,2,4
01/04/2021 05:00:00 AM,15,8,7
01/04/2021 06:00:00 AM,26,10,16
01/04/2021 07:00:00 AM,54,21,33
01/04/2021 08:00:00 AM,48,17,31
01/04/2021 09:00:00 AM,36,8,28
01/04/2021 10:00:00 AM,34,12,22
01/04/2021 11:00:00 AM,14,7,7
01/04/2021 12:00:00 PM,26,8,18
01/04/2021 01:00:00 PM,20,10,10
01/04/2021 02:00:00 PM,26,8,18
01/04/2021 03:00:00 PM,65,23,42
01/04/2021 04:00:00 PM,59,18,41
01/04/2021 05:00:00 PM,77,26,51
01/04/2021 06:00:00 PM,55,23,32
01/04/2021 07:00:00 PM,26,7,19
01/04/2021 08:00:00 PM,19,5,14
01/04/2021 09:00:00 PM,12,4,8
01/04/2021 10:00:00 PM,7,1,6
01/04/2021 11:00:00 PM,9,4,5
01/05/2021 12:00:00 AM,5,1,4
01/05/2021 01:00:00 AM,0,0,0
01/05/2021 02:00:00 AM,1,0,1
01/05/2021 03:00:00 AM,1,1,0
01/05/2021 04:00:00 AM,4,0,4
01/05/2021 05:00:00 AM,16,8,8
01/05/2021 06:00:00 AM,39,12,27
01/05/2021 07:00:00 AM,66,29,37
01/05/2021 08:00:00 AM,98,38,60
01/05/2021 09:00:00 AM,75,24,51
01/05/2021 10:00:00 AM,53,18,35
01/05/2021 11:00:00 AM,48,22,26
01/05/2021 12:00:00 PM,44,27,17
01/05/2021 01:00:00 PM,18,7,11
01/05/2021 02:00:00 PM,15,6,9
01/05/2021 03:00:00 PM,54,20,34
01/05/2021 04:00:00 PM,54,22,32
01/05/2021 05:00:00 PM,89,25,64
01/05/2021 06:00:00 PM,54,14,40
01/05/2021 07:00:00 PM,20,10,10
01/05/2021 08:00:00 PM,12,5,7
01/05/2021 09:00:00 PM,7,1,6
01/05/2021 10:00:00 PM,5,0,5
01/05/2021 11:00:00 PM,4,0,4
01/06/2021 12:00:00 AM,2,1,1
01/06/2021 01:00:00 AM,1,0,1
01/06/2021 02:00:00 AM,3,1,2
01/06/2021 03:00:00 AM,0,0,0
01/06/2021 04:00:00 AM,4,0,4
01/06/2021 05:00:00 AM,14,6,8
01/06/2021 06:00:00 AM,38,16,22
01/06/2021 07:00:00 AM,68,29,39
01/06/2021 08:00:00 AM,82,38,44
01/06/2021 09:00:00 AM,58,19,39
01/06/2021 10:00:00 AM,51,23,28
01/06/2021 11:00:00 AM,65,32,33
01/06/2021 12:00:00 PM,71,26,45
01/06/2021 01:00:00 PM,106,49,57
01/06/2021 02:00:00 PM,117,59,58
01/06/2021 03:00:00 PM,158,72,86
01/06/2021 04:00:00 PM,139,59,80
01/06/2021 05:00:00 PM,138,48,90
01/06/2021 06:00:00 PM,87,37,50
01/06/2021 07:00:00 PM,55,19,36
01/06/2021 08:00:00 PM,19,10,9
01/06/2021 09:00:00 PM,18,5,13
01/06/2021 10:00:00 PM,8,2,6
01/06/2021 11:00:00 PM,6,3,3
01/07/2021 12:00:00 AM,3,2,1
01/07/2021 01:00:00 AM,4,1,3
01/07/2021 02:00:00 AM,1,1,0
01/07/2021 03:00:00 AM,0,0,0
01/07/2021 04:00:00 AM,6,1,5
01/07/2021 05:00:00 AM,17,9,8
01/07/2021 06:00:00 AM,49,19,30
01/07/2021 07:00:00 AM,85,36,49
01/07/2021 08:00:00 AM,126,43,83
01/07/2021 09:00:00 AM,82,31,51
01/07/2021 10:00:00 AM,47,16,31
01/07/2021 11:00:00 AM,79,32,47
01/07/2021 12:00:00 PM,107,43,64
01/07/2021 01:00:00 PM,104,43,61
01/07/2021 02:00:00 PM,136,50,86
01/07/2021 03:00:00 PM,141,65,76
01/07/2021 04:00:00 PM,164,70,94
01/07/2021 05:00:00 PM,169,57,112
01/07/2021 06:00:00 PM,109,45,64
01/07/2021 07:00:00 PM,61,20,41
01/07/2021 08:00:00 PM,24,11,13
01/07/2021 09:00:00 PM,16,5,11
01/07/2021 10:00:00 PM,11,4,7
01/07/2021 11:00:00 PM,17,6,11
01/08/2021 12:00:00 AM,2,2,0
01/08/2021 01:00:00 AM,3,0,3
01/08/2021 02:00:00 AM,0,0,0
01/08/2021 03:00:00 AM,0,0,0
01/08/2021 04:00:00 AM,3,2,1
01/08/2021 05:00:00 AM,13,4,9
01/08/2021 06:00:00 AM,31,8,23
01/08/2021 07:00:00 AM,59,20,39
01/08/2021 08:00:00 AM,72,28,44
01/08/2021 09:00:00 AM,35,9,26
01/08/2021 10:00:00 AM,30,8,22
01/08/2021 11:00:00 AM,45,22,23
01/08/2021 12:00:00 PM,24,13,11
01/08/2021 01:00:00 PM,38,17,21
01/08/2021 02:00:00 PM,22,11,11
01/08/2021 03:00:00 PM,60,30,30
01/08/2021 04:00:00 PM,96,40,56
01/08/2021 05:00:00 PM,103,45,58
01/08/2021 06:00:00 PM,67,21,46
01/08/2021 07:00:00 PM,40,17,23
01/08/2021 08:00:00 PM,29,10,19
01/08/2021 09:00:00 PM,11,4,7
01/08/2021 10:00:00 PM,24,5,19
01/08/2021 11:00:00 PM,13,7,6
01/09/2021 12:00:00 AM,3,1,2
01/09/2021 01:00:00 AM,3,1,2
01/09/2021 02:00:00 AM,1,0,1
01/09/2021 03:00:00 AM,1,0,1
01/09/2021 04:00:00 AM,0,0,0
01/09/2021 05:00:00 AM,10,3,7
01/09/2021 06:00:00 AM,7,2,5
01/09/2021 07:00:00 AM,21,10,11
01/09/2021 08:00:00 AM,40,19,21
01/09/2021 09:00:00 AM,57,20,37
01/09/2021 10:00:00 AM,79,43,36
01/09/2021 11:00:00 AM,176,88,88
01/09/2021 12:00:00 PM,187,104,83
01/09/2021 01:00:00 PM,211,98,113
01/09/2021 02:00:00 PM,242,122,120
01/09/2021 03:00:00 PM,230,104,126
01/09/2021 04:00:00 PM,131,63,68
01/09/2021 05:00:00 PM,59,24,35
01/09/2021 06:00:00 PM,46,23,23
01/09/2021 07:00:00 PM,20,7,13
01/09/2021 08:00:00 PM,20,6,14
01/09/2021 09:00:00 PM,5,1,4
01/09/2021 10:00:00 PM,14,5,9
01/09/2021 11:00:00 PM,8,2,6
01/10/2021 12:00:00 AM,9,3,6
01/10/2021 01:00:00 AM,3,2,1
01/10/2021 02:00:00 AM,2,1,1
01/10/2021 03:00:00 AM,0,0,0
01/10/2021 04:00:00 AM,1,0,1
01/10/2021 05:00:00 AM,2,1,1
01/10/2021 06:00:00 AM,5,1,4
01/10/2021 07:00:00 AM,11,4,7
01/10/2021 08:00:00 AM,11,5,6
01/10/2021 09:00:00 AM,44,22,22
01/10/2021 10:00:00 AM,70,37,33
01/10/2021 11:00:00 AM,120,63,57
01/10/2021 12:00:00 PM,164,59,105
01/10/2021 01:00:00 PM,194,83,111
01/10/2021 02:00:00 PM,195,88,107
01/10/2021 03:00:00 PM,183,83,100
01/10/2021 04:00:00 PM,109,45,64
01/10/2021 05:00:00 PM,72,33,39
01/10/2021 06:00:00 PM,22,10,12
01/10/2021 07:00:00 PM,18,6,12
01/10/2021 08:00:00 PM,9,1,8
01/10/2021 09:00:00 PM,10,2,8
01/10/2021 10:00:00 PM,11,4,7
01/10/2021 11:00:00 PM,2,0,2
01/11/2021 12:00:00 AM,2,2,0
01/11/2021 01:00:00 AM,2,0,2
01/11/2021 02:00:00 AM,1,0,1
01/11/2021 03:00:00 AM,2,0,2
01/11/2021 04:00:00 AM,7,1,6
01/11/2021 05:00:00 AM,16,10,6
01/11/2021 06:00:00 AM,51,18,33
01/11/2021 07:00:00 AM,70,32,38
01/11/2021 08:00:00 AM,68,20,48
01/11/2021 09:00:00 AM,49,16,33
01/11/2021 10:00:00 AM,22,8,14
01/11/2021 11:00:00 AM,12,4,8
01/11/2021 12:00:00 PM,22,10,12
01/11/2021 01:00:00 PM,22,10,12
01/11/2021 02:00:00 PM,33,18,15
01/11/2021 03:00:00 PM,44,18,26
01/11/2021 04:00:00 PM,56,16,40
01/11/2021 05:00:00 PM,74,19,55
01/11/2021 06:00:00 PM,47,16,31
01/11/2021 07:00:00 PM,25,8,17
01/11/2021 08:00:00 PM,11,2,9
01/11/2021 09:00:00 PM,8,2,6
01/11/2021 10:00:00 PM,6,0,6
01/11/2021 11:00:00 PM,4,2,2
01/12/2021 12:00:00 AM,3,1,2
01/12/2021 01:00:00 AM,0,0,0
01/12/2021 02:00:00 AM,0,0,0
01/12/2021 03:00:00 AM,0,0,0
01/12/2021 04:00:00 AM,2,1,1
01/12/2021 05:00:00 AM,8,5,3
01/12/2021 06:00:00 AM,25,10,15
01/12/2021 07:00:00 AM,47,12,35
01/12/2021 08:00:00 AM,65,24,41
01/12/2021 09:00:00 AM,53,19,34
01/12/2021 10:00:00 AM,26,10,16
01/12/2021 11:00:00 AM,22,7,15
01/12/2021 12:00:00 PM,36,16,20
01/12/2021 01:00:00 PM,30,17,13
01/12/2021 02:00:00 PM,58,24,34
01/12/2021 03:00:00 PM,50,18,32
01/12/2021 04:00:00 PM,74,31,43
01/12/2021 05:00:00 PM,65,14,51
01/12/2021 06:00:00 PM,50,14,36
01/12/2021 07:00:00 PM,33,8,25
01/12/2021 08:00:00 PM,27,16,11
01/12/2021 09:00:00 PM,5,1,4
01/12/2021 10:00:00 PM,2,0,2
01/12/2021 11:00:00 PM,3,1,2
01/13/2021 12:00:00 AM,2,0,2
01/13/2021 01:00:00 AM,0,0,0
01/13/2021 02:00:00 AM,1,0,1
01/13/2021 03:00:00 AM,0,0,0
01/13/2021 04:00:00 AM,2,1,1
01/13/2021 05:00:00 AM,11,8,3
01/13/2021 06:00:00 AM,47,19,28
01/13/2021 07:00:00 AM,75,33,42
01/13/2021 08:00:00 AM,102,40,62
01/13/2021 09:00:00 AM,76,25,51
01/13/2021 10:00:00 AM,69,29,40
01/13/2021 11:00:00 AM,89,41,48
01/13/2021 12:00:00 PM,141,72,69
01/13/2021 01:00:00 PM,138,67,71
01/13/2021 02:00:00 PM,172,73,99
01/13/2021 03:00:00 PM,198,101,97
01/13/2021 04:00:00 PM,197,84,113
01/13/2021 05:00:00 PM,168,57,111
01/13/2021 06:00:00 PM,109,34,75
01/13/2021 07:00:00 PM,53,19,34
01/13/2021 08:00:00 PM,28,9,19
01/13/2021 09:00:00 PM,12,6,6
01/13/2021 10:00:00 PM,13,3,10
01/13/2021 11:00:00 PM,10,2,8
01/14/2021 12:00:00 AM,5,2,3
01/14/2021 01:00:00 AM,5,1,4
01/14/2021 02:00:00 AM,3,2,1
01/14/2021 03:00:00 AM,0,0,0
01/14/2021 04:00:00 AM,4,1,3
01/14/2021 05:00:00 AM,20,12,8
01/14/2021 06:00:00 AM,46,20,26
01/14/2021 07:00:00 AM,95,42,53
01/14/2021 08:00:00 AM,105,38,67
01/14/2021 09:00:00 AM,103,27,76
01/14/2021 10:00:00 AM,71,34,37
01/14/2021 11:00:00 AM,88,33,55
01/14/2021 12:00:00 PM,96,42,54
01/14/2021 01:00:00 PM,151,74,77
01/14/2021 02:00:00 PM,130,60,70
01/14/2021 03:00:00 PM,144,73,71
01/14/2021 04:00:00 PM,182,69,113
01/14/2021 05:00:00 PM,156,46,110
01/14/2021 06:00:00 PM,101,40,61
01/14/2021 07:00:00 PM,57,12,45
01/14/2021 08:00:00 PM,25,12,13
01/14/2021 09:00:00 PM,17,7,10
01/14/2021 10:00:00 PM,16,6,10
01/14/2021 11:00:00 PM,7,4,3
01/15/2021 12:00:00 AM,5,1,4
01/15/2021 01:00:00 AM,1,1,0
01/15/2021 02:00:00 AM,1,0,1
01/15/2021 03:00:00 AM,1,0,1
01/15/2021 04:00:00 AM,4,1,3
01/15/2021 05:00:00 AM,9,3,6
01/15/2021 06:00:00 AM,40,12,28
01/15/2021 07:00:00 AM,78,30,48
01/15/2021 08:00:00 AM,102,38,64
01/15/2021 09:00:00 AM,77,30,47
01/15/2021 10:00:00 AM,58,19,39
01/15/2021 11:00:00 AM,66,24,42
01/15/2021 12:00:00 PM,84,48,36
01/15/2021 01:00:00 PM,86,28,58
01/15/2021 02:00:00 PM,143,61,82
01/15/2021 03:00:00 PM,190,91,99
01/15/2021 04:00:00 PM,185,73,112
01/15/2021 05:00:00 PM,159,58,101
01/15/2021 06:00:00 PM,81,21,60
01/15/2021 07:00:00 PM,46,14,32
01/15/2021 08:00:00 PM,19,7,12
01/15/2021 09:00:00 PM,18,2,16
01/15/2021 10:00:00 PM,9,3,6
01/15/2021 11:00:00 PM,11,4,7
01/16/2021 12:00:00 AM,6,3,3
01/16/2021 01:00:00 AM,3,1,2
01/16/2021 02:00:00 AM,2,0,2
01/16/2021 03:00:00 AM,3,1,2
01/16/2021 04:00:00 AM,0,0,0
01/16/2021 05:00:00 AM,11,2,9
01/16/2021 06:00:00 AM,12,4,8
01/16/2021 07:00:00 AM,18,9,9
01/16/2021 08:00:00 AM,42,21,21
01/16/2021 09:00:00 AM,82,38,44
01/16/2021 10:00:00 AM,113,46,67
01/16/2021 11:00:00 AM,172,83,89
01/16/2021 12:00:00 PM,172,90,82
01/16/2021 01:00:00 PM,156,91,65
01/16/2021 02:00:00 PM,209,103,106
01/16/2021 03:00:00 PM,171,68,103
01/16/2021 04:00:00 PM,131,66,65
01/16/2021 05:00:00 PM,92,43,49
01/16/2021 06:00:00 PM,38,15,23
01/16/2021 07:00:00 PM,23,6,17
01/16/2021 08:00:00 PM,19,9,10
01/16/2021 09:00:00 PM,10,6,4
01/16/2021 10:00:00 PM,7,1,6
01/16/2021 11:00:00 PM,6,4,2
01/17/2021 12:00:00 AM,9,1,8
01/17/2021 01:00:00 AM,2,2,0
01/17/2021 02:00:00 AM,1,1,0
01/17/2021 03:00:00 AM,0,0,0
01/17/2021 04:00:00 AM,1,0,1
01/17/2021 05:00:00 AM,4,2,2
01/17/2021 06:00:00 AM,6,3,3
01/17/2021 07:00:00 AM,15,4,11
01/17/2021 08:00:00 AM,45,21,24
01/17/2021 09:00:00 AM,80,40,40
01/17/2021 10:00:00 AM,119,57,62
01/17/2021 11:00:00 AM,141,67,74
01/17/2021 12:00:00 PM,188,93,95
01/17/2021 01:00:00 PM,252,107,145
01/17/2021 02:00:00 PM,210,102,108
01/17/2021 03:00:00 PM,205,97,108
01/17/2021 04:00:00 PM,134,62,72
01/17/2021 05:00:00 PM,67,30,37
01/17/2021 06:00:00 PM,51,20,31
01/17/2021 07:00:00 PM,35,18,17
01/17/2021 08:00:00 PM,16,9,7
01/17/2021 09:00:00 PM,15,6,9
01/17/2021 10:00:00 PM,10,3,7
01/17/2021 11:00:00 PM,3,1,2
01/18/2021 12:00:00 AM,1,0,1
01/18/2021 01:00:00 AM,3,1,2
01/18/2021 02:00:00 AM,0,0,0
01/18/2021 03:00:00 AM,0,0,0
01/18/2021 04:00:00 AM,4,0,4
01/18/2021 05:00:00 AM,13,8,5
01/18/2021 06:00:00 AM,33,10,23
01/18/2021 07:00:00 AM,41,21,20
01/18/2021 08:00:00 AM,65,20,45
01/18/2021 09:00:00 AM,83,27,56
01/18/2021 10:00:00 AM,93,40,53
01/18/2021 11:00:00 AM,149,77,72
01/18/2021 12:00:00 PM,232,96,136
01/18/2021 01:00:00 PM,249,108,141
01/18/2021 02:00:00 PM,238,109,129
01/18/2021 03:00:00 PM,271,118,153
01/18/2021 04:00:00 PM,171,81,90
01/18/2021 05:00:00 PM,131,56,75
01/18/2021 06:00:00 PM,56,29,27
01/18/2021 07:00:00 PM,30,12,18
01/18/2021 08:00:00 PM,19,4,15
01/18/2021 09:00:00 PM,13,5,8
01/18/2021 10:00:00 PM,8,0,8
01/18/2021 11:00:00 PM,7,3,4
01/19/2021 12:00:00 AM,5,3,2
01/19/2021 01:00:00 AM,1,0,1
01/19/2021 02:00:00 AM,1,0,1
01/19/2021 03:00:00 AM,2,0,2
01/19/2021 04:00:00 AM,2,0,2
01/19/2021 05:00:00 AM,16,8,8
01/19/2021 06:00:00 AM,45,16,29
01/19/2021 07:00:00 AM,87,42,45
01/19/2021 08:00:00 AM,106,46,60
01/19/2021 09:00:00 AM,88,24,64
01/19/2021 10:00:00 AM,58,18,40
01/19/2021 11:00:00 AM,44,21,23
01/19/2021 12:00:00 PM,57,29,28
01/19/2021 01:00:00 PM,82,38,44
01/19/2021 02:00:00 PM,107,46,61
01/19/2021 03:00:00 PM,124,44,80
01/19/2021 04:00:00 PM,153,64,89
01/19/2021 05:00:00 PM,142,42,100
01/19/2021 06:00:00 PM,93,30,63
01/19/2021 07:00:00 PM,51,22,29
01/19/2021 08:00:00 PM,26,7,19
01/19/2021 09:00:00 PM,18,10,8
01/19/2021 10:00:00 PM,10,3,7
01/19/2021 11:00:00 PM,4,1,3
01/20/2021 12:00:00 AM,2,1,1
01/20/2021 01:00:00 AM,0,0,0
01/20/2021 02:00:00 AM,0,0,0
01/20/2021 03:00:00 AM,1,0,1
01/20/2021 04:00:00 AM,4,2,2
01/20/2021 05:00:00 AM,11,4,7
01/20/2021 06:00:00 AM,52,25,27
01/20/2021 07:00:00 AM,101,42,59
01/20/2021 08:00:00 AM,86,34,52
01/20/2021 09:00:00 AM,76,27,49
01/20/2021 10:00:00 AM,60,23,37
01/20/2021 11:00:00 AM,52,25,27
01/20/2021 12:00:00 PM,59,29,30
01/20/2021 01:00:00 PM,75,41,34
01/20/2021 02:00:00 PM,79,42,37
01/20/2021 03:00:00 PM,123,53,70
01/20/2021 04:00:00 PM,141,58,83
01/20/2021 05:00:00 PM,142,44,98
01/20/2021 06:00:00 PM,91,43,48
01/20/2021 07:00:00 PM,48,17,31
01/20/2021 08:00:00 PM,31,12,19
01/20/2021 09:00:00 PM,25,8,17
01/20/2021 10:00:00 PM,11,4,7
01/20/2021 11:00:00 PM,12,10,2
01/21/2021 12:00:00 AM,5,0,5
01/21/2021 01:00:00 AM,0,0,0
01/21/2021 02:00:00 AM,0,0,0
01/21/2021 03:00:00 AM,0,0,0
01/21/2021 04:00:00 AM,9,3,6
01/21/2021 05:00:00 AM,17,8,9
01/21/2021 06:00:00 AM,54,18,36
01/21/2021 07:00:00 AM,64,29,35
01/21/2021 08:00:00 AM,81,33,48
01/21/2021 09:00:00 AM,74,31,43
01/21/2021 10:00:00 AM,45,18,27
01/21/2021 11:00:00 AM,57,27,30
01/21/2021 12:00:00 PM,38,18,20
01/21/2021 01:00:00 PM,53,25,28
01/21/2021 02:00:00 PM,65,20,45
01/21/2021 03:00:00 PM,87,33,54
01/21/2021 04:00:00 PM,109,43,66
01/21/2021 05:00:00 PM,121,34,87
01/21/2021 06:00:00 PM,78,29,49
01/21/2021 07:00:00 PM,40,12,28
01/21/2021 08:00:00 PM,26,11,15
01/21/2021 09:00:00 PM,20,12,8
01/21/2021 10:00:00 PM,7,2,5
01/21/2021 11:00:00 PM,8,4,4
01/22/2021 12:00:00 AM,7,5,2
01/22/2021 01:00:00 AM,6,2,4
01/22/2021 02:00:00 AM,2,0,2
01/22/2021 03:00:00 AM,1,1,0
01/22/2021 04:00:00 AM,4,2,2
01/22/2021 05:00:00 AM,12,6,6
01/22/2021 06:00:00 AM,36,8,28
01/22/2021 07:00:00 AM,78,36,42
01/22/2021 08:00:00 AM,102,35,67
01/22/2021 09:00:00 AM,78,24,54
01/22/2021 10:00:00 AM,53,24,29
01/22/2021 11:00:00 AM,80,34,46
01/22/2021 12:00:00 PM,97,46,51
01/22/2021 01:00:00 PM,146,84,62
01/22/2021 02:00:00 PM,123,55,68
01/22/2021 03:00:00 PM,200,82,118
01/22/2021 04:00:00 PM,211,89,122
01/22/2021 05:00:00 PM,149,57,92
01/22/2021 06:00:00 PM,90,32,58
01/22/2021 07:00:00 PM,45,12,33
01/22/2021 08:00:00 PM,27,7,20
01/22/2021 09:00:00 PM,11,2,9
01/22/2021 10:00:00 PM,9,6,3
01/22/2021 11:00:00 PM,21,14,7
01/23/2021 12:00:00 AM,2,1,1
01/23/2021 01:00:00 AM,2,0,2
01/23/2021 02:00:00 AM,0,0,0
01/23/2021 03:00:00 AM,0,0,0
01/23/2021 04:00:00 AM,2,1,1
01/23/2021 05:00:00 AM,6,2,4
01/23/2021 06:00:00 AM,10,2,8
01/23/2021 07:00:00 AM,25,12,13
01/23/2021 08:00:00 AM,40,14,26
01/23/2021 09:00:00 AM,42,21,21
01/23/2021 10:00:00 AM,101,34,67
01/23/2021 11:00:00 AM,163,89,74
01/23/2021 12:00:00 PM,182,83,99
01/23/2021 01:00:00 PM,253,121,132
01/23/2021 02:00:00 PM,329,154,175
01/23/2021 03:00:00 PM,287,140,147
01/23/2021 04:00:00 PM,231,99,132
01/23/2021 05:00:00 PM,104,50,54
01/23/2021 06:00:00 PM,52,33,19
01/23/2021 07:00:00 PM,37,13,24
01/23/2021 08:00:00 PM,15,3,12
01/23/2021 09:00:00 PM,16,6,10
01/23/2021 10:00:00 PM,11,9,2
01/23/2021 11:00:00 PM,11,2,9
01/24/2021 12:00:00 AM,8,0,8
01/24/2021 01:00:00 AM,3,0,3
01/24/2021 02:00:00 AM,1,0,1
01/24/2021 03:00:00 AM,0,0,0
01/24/2021 04:00:00 AM,2,1,1
01/24/2021 05:00:00 AM,4,3,1
01/24/2021 06:00:00 AM,7,3,4
01/24/2021 07:00:00 AM,8,4,4
01/24/2021 08:00:00 AM,12,4,8
01/24/2021 09:00:00 AM,24,6,18
01/24/2021 10:00:00 AM,20,11,9
01/24/2021 11:00:00 AM,41,21,20
01/24/2021 12:00:00 PM,32,13,19
01/24/2021 01:00:00 PM,35,16,19
01/24/2021 02:00:00 PM,19,9,10
01/24/2021 03:00:00 PM,35,15,20
01/24/2021 04:00:00 PM,30,15,15
01/24/2021 05:00:00 PM,12,5,7
01/24/2021 06:00:00 PM,11,0,11
01/24/2021 07:00:00 PM,8,4,4
01/24/2021 08:00:00 PM,4,2,2
01/24/2021 09:00:00 PM,6,3,3
01/24/2021 10:00:00 PM,5,2,3
01/24/2021 11:00:00 PM,0,0,0
01/25/2021 12:00:00 AM,3,0,3
01/25/2021 01:00:00 AM,0,0,0
01/25/2021 02:00:00 AM,1,0,1
01/25/2021 03:00:00 AM,0,0,0
01/25/2021 04:00:00 AM,8,4,4
01/25/2021 05:00:00 AM,22,10,12
01/25/2021 06:00:00 AM,48,18,30
01/25/2021 07:00:00 AM,84,36,48
01/25/2021 08:00:00 AM,99,35,64
01/25/2021 09:00:00 AM,64,20,44
01/25/2021 10:00:00 AM,36,17,19
01/25/2021 11:00:00 AM,60,25,35
01/25/2021 12:00:00 PM,67,31,36
01/25/2021 01:00:00 PM,81,29,52
01/25/2021 02:00:00 PM,98,41,57
01/25/2021 03:00:00 PM,127,65,62
01/25/2021 04:00:00 PM,182,65,117
01/25/2021 05:00:00 PM,143,48,95
01/25/2021 06:00:00 PM,88,38,50
01/25/2021 07:00:00 PM,43,19,24
01/25/2021 08:00:00 PM,20,8,12
01/25/2021 09:00:00 PM,18,7,11
01/25/2021 10:00:00 PM,13,5,8
01/25/2021 11:00:00 PM,4,2,2
01/26/2021 12:00:00 AM,4,3,1
01/26/2021 01:00:00 AM,0,0,0
01/26/2021 02:00:00 AM,0,0,0
01/26/2021 03:00:00 AM,2,2,0
01/26/2021 04:00:00 AM,2,1,1
01/26/2021 05:00:00 AM,12,7,5
01/26/2021 06:00:00 AM,35,11,24
01/26/2021 07:00:00 AM,97,31,66
01/26/2021 08:00:00 AM,115,42,73
01/26/2021 09:00:00 AM,68,29,39
01/26/2021 10:00:00 AM,60,26,34
01/26/2021 11:00:00 AM,62,28,34
01/26/2021 12:00:00 PM,75,40,35
01/26/2021 01:00:00 PM,82,40,42
01/26/2021 02:00:00 PM,88,36,52
01/26/2021 03:00:00 PM,121,53,68
01/26/2021 04:00:00 PM,140,60,80
01/26/2021 05:00:00 PM,140,58,82
01/26/2021 06:00:00 PM,88,32,56
01/26/2021 07:00:00 PM,46,21,25
01/26/2021 08:00:00 PM,16,6,10
01/26/2021 09:00:00 PM,17,4,13
01/26/2021 10:00:00 PM,11,10,1
01/26/2021 11:00:00 PM,8,3,5
01/27/2021 12:00:00 AM,4,2,2
01/27/2021 01:00:00 AM,1,0,1
01/27/2021 02:00:00 AM,0,0,0
01/27/2021 03:00:00 AM,0,0,0
01/27/2021 04:00:00 AM,3,1,2
01/27/2021 05:00:00 AM,16,7,9
01/27/2021 06:00:00 AM,39,15,24
01/27/2021 07:00:00 AM,67,33,34
01/27/2021 08:00:00 AM,71,28,43
01/27/2021 09:00:00 AM,41,14,27
01/27/2021 10:00:00 AM,40,16,24
01/27/2021 11:00:00 AM,52,26,26
01/27/2021 12:00:00 PM,68,27,41
01/27/2021 01:00:00 PM,71,29,42
01/27/2021 02:00:00 PM,93,40,53
01/27/2021 03:00:00 PM,122,54,68
01/27/2021 04:00:00 PM,128,51,77
01/27/2021 05:00:00 PM,129,39,90
01/27/2021 06:00:00 PM,77,29,48
01/27/2021 07:00:00 PM,24,7,17
01/27/2021 08:00:00 PM,20,9,11
01/27/2021 09:00:00 PM,11,5,6
01/27/2021 10:00:00 PM,7,1,6
01/27/2021 11:00:00 PM,11,7,4
01/28/2021 12:00:00 AM,3,2,1
01/28/2021 01:00:00 AM,1,1,0
01/28/2021 02:00:00 AM,2,0,2
01/28/2021 03:00:00 AM,0,0,0
01/28/2021 04:00:00 AM,5,2,3
01/28/2021 05:00:00 AM,12,5,7
01/28/2021 06:00:00 AM,39,20,19
01/28/2021 07:00:00 AM,79,31,48
01/28/2021 08:00:00 AM,67,27,40
01/28/2021 09:00:00 AM,37,13,24
01/28/2021 10:00:00 AM,29,8,21
01/28/2021 11:00:00 AM,42,19,23
01/28/2021 12:00:00 PM,58,37,21
01/28/2021 01:00:00 PM,44,12,32
01/28/2021 02:00:00 PM,66,26,40
01/28/2021 03:00:00 PM,103,37,66
01/28/2021 04:00:00 PM,119,51,68
01/28/2021 05:00:00 PM,133,41,92
01/28/2021 06:00:00 PM,93,38,55
01/28/2021 07:00:00 PM,44,19,25
01/28/2021 08:00:00 PM,23,13,10
01/28/2021 09:00:00 PM,17,5,12
01/28/2021 10:00:00 PM,11,5,6
01/28/2021 11:00:00 PM,9,5,4
01/29/2021 12:00:00 AM,2,0,2
01/29/2021 01:00:00 AM,0,0,0
01/29/2021 02:00:00 AM,1,0,1
01/29/2021 03:00:00 AM,0,0,0
01/29/2021 04:00:00 AM,5,2,3
01/29/2021 05:00:00 AM,15,10,5
01/29/2021 06:00:00 AM,42,11,31
01/29/2021 07:00:00 AM,78,30,48
01/29/2021 08:00:00 AM,88,33,55
01/29/2021 09:00:00 AM,67,22,45
01/29/2021 10:00:00 AM,61,26,35
01/29/2021 11:00:00 AM,51,28,23
01/29/2021 12:00:00 PM,62,35,27
01/29/2021 01:00:00 PM,108,60,48
01/29/2021 02:00:00 PM,126,54,72
01/29/2021 03:00:00 PM,161,76,85
01/29/2021 04:00:00 PM,160,67,93
01/29/2021 05:00:00 PM,122,39,83
01/29/2021 06:00:00 PM,82,37,45
01/29/2021 07:00:00 PM,23,5,18
01/29/2021 08:00:00 PM,18,5,13
01/29/2021 09:00:00 PM,21,8,13
01/29/2021 10:00:00 PM,8,2,6
01/29/2021 11:00:00 PM,9,3,6
01/30/2021 12:00:00 AM,6,1,5
01/30/2021 01:00:00 AM,1,1,0
01/30/2021 02:00:00 AM,0,0,0
01/30/2021 03:00:00 AM,0,0,0
01/30/2021 04:00:00 AM,0,0,0
01/30/2021 05:00:00 AM,7,2,5
01/30/2021 06:00:00 AM,16,5,11
01/30/2021 07:00:00 AM,19,12,7
01/30/2021 08:00:00 AM,36,15,21
01/30/2021 09:00:00 AM,59,28,31
01/30/2021 10:00:00 AM,76,31,45
01/30/2021 11:00:00 AM,84,48,36
01/30/2021 12:00:00 PM,76,36,40
01/30/2021 01:00:00 PM,95,48,47
01/30/2021 02:00:00 PM,97,52,45
01/30/2021 03:00:00 PM,86,40,46
01/30/2021 04:00:00 PM,99,48,51
01/30/2021 05:00:00 PM,42,19,23
01/30/2021 06:00:00 PM,26,8,18
01/30/2021 07:00:00 PM,22,12,10
01/30/2021 08:00:00 PM,13,3,10
01/30/2021 09:00:00 PM,0,0,0
01/30/2021 10:00:00 PM,7,6,1
01/30/2021 11:00:00 PM,4,1,3
01/31/2021 12:00:00 AM,3,0,3
01/31/2021 01:00:00 AM,1,0,1
01/31/2021 02:00:00 AM,2,1,1
01/31/2021 03:00:00 AM,1,1,0
01/31/2021 04:00:00 AM,1,1,0
01/31/2021 05:00:00 AM,3,2,1
01/31/2021 06:00:00 AM,8,6,2
01/31/2021 07:00:00 AM,22,12,10
01/31/2021 08:00:00 AM,12,7,5
01/31/2021 09:00:00 AM,41,20,21
01/31/2021 10:00:00 AM,60,27,33
01/31/2021 11:00:00 AM,47,22,25
01/31/2021 12:00:00 PM,51,13,38
01/31/2021 01:00:00 PM,39,15,24
01/31/2021 02:00:00 PM,37,12,25
01/31/2021 03:00:00 PM,39,19,20
01/31/2021 04:00:00 PM,36,17,19
01/31/2021 05:00:00 PM,26,15,11
01/31/2021 06:00:00 PM,17,6,11
01/31/2021 07:00:00 PM,12,6,6
01/31/2021 08:00:00 PM,8,5,3
01/31/2021 09:00:00 PM,11,7,4
01/31/2021 10:00:00 PM,2,0,2
01/31/2021 11:00:00 PM,6,1,5
02/01/2021 12:00:00 AM,1,1,0
02/01/2021 01:00:00 AM,1,0,1
02/01/2021 02:00:00 AM,1,0,1
02/01/2021 03:00:00 AM,0,0,0
02/01/2021 04:00:00 AM,4,1,3
02/01/2021 05:00:00 AM,14,9,5
02/01/2021 06:00:00 AM,45,19,26
02/01/2021 07:00:00 AM,70,33,37
02/01/2021 08:00:00 AM,66,20,46
02/01/2021 09:00:00 AM,44,12,32
02/01/2021 10:00:00 AM,19,10,9
02/01/2021 11:00:00 AM,25,9,16
02/01/2021 12:00:00 PM,35,11,24
02/01/2021 01:00:00 PM,26,13,13
02/01/2021 02:00:00 PM,26,10,16
02/01/2021 03:00:00 PM,38,19,19
02/01/2021 04:00:00 PM,72,26,46
02/01/2021 05:00:00 PM,73,25,48
02/01/2021 06:00:00 PM,51,24,27
02/01/2021 07:00:00 PM,25,9,16
02/01/2021 08:00:00 PM,12,3,9
02/01/2021 09:00:00 PM,9,5,4
02/01/2021 10:00:00 PM,1,0,1
02/01/2021 11:00:00 PM,5,2,3
02/02/2021 12:00:00 AM,3,1,2
02/02/2021 01:00:00 AM,0,0,0
02/02/2021 02:00:00 AM,0,0,0
02/02/2021 03:00:00 AM,0,0,0
02/02/2021 04:00:00 AM,3,2,1
02/02/2021 05:00:00 AM,13,6,7
02/02/2021 06:00:00 AM,34,16,18
02/02/2021 07:00:00 AM,71,39,32
02/02/2021 08:00:00 AM,66,25,41
02/02/2021 09:00:00 AM,60,20,40
02/02/2021 10:00:00 AM,22,6,16
02/02/2021 11:00:00 AM,19,8,11
02/02/2021 12:00:00 PM,39,19,20
02/02/2021 01:00:00 PM,31,15,16
02/02/2021 02:00:00 PM,42,18,24
02/02/2021 03:00:00 PM,65,20,45
02/02/2021 04:00:00 PM,98,44,54
02/02/2021 05:00:00 PM,98,36,62
02/02/2021 06:00:00 PM,65,19,46
02/02/2021 07:00:00 PM,18,7,11
02/02/2021 08:00:00 PM,14,4,10
02/02/2021 09:00:00 PM,13,2,11
02/02/2021 10:00:00 PM,7,4,3
02/02/2021 11:00:00 PM,5,3,2
02/03/2021 12:00:00 AM,2,1,1
02/03/2021 01:00:00 AM,0,0,0
02/03/2021 02:00:00 AM,0,0,0
02/03/2021 03:00:00 AM,0,0,0
02/03/2021 04:00:00 AM,5,1,4
02/03/2021 05:00:00 AM,14,8,6
02/03/2021 06:00:00 AM,54,24,30
02/03/2021 07:00:00 AM,93,43,50
02/03/2021 08:00:00 AM,110,45,65
02/03/2021 09:00:00 AM,96,35,61
02/03/2021 10:00:00 AM,75,31,44
02/03/2021 11:00:00 AM,71,25,46
02/03/2021 12:00:00 PM,102,56,46
02/03/2021 01:00:00 PM,116,51,65
02/03/2021 02:00:00 PM,125,56,69
02/03/2021 03:00:00 PM,180,68,112
02/03/2021 04:00:00 PM,249,113,136
02/03/2021 05:00:00 PM,200,58,142
02/03/2021 06:00:00 PM,92,43,49
02/03/2021 07:00:00 PM,51,22,29
02/03/2021 08:00:00 PM,37,12,25
02/03/2021 09:00:00 PM,27,7,20
02/03/2021 10:00:00 PM,15,4,11
02/03/2021 11:00:00 PM,4,2,2
02/04/2021 12:00:00 AM,4,1,3
02/04/2021 01:00:00 AM,0,0,0
02/04/2021 02:00:00 AM,0,0,0
02/04/2021 03:00:00 AM,1,0,1
02/04/2021 04:00:00 AM,5,1,4
02/04/2021 05:00:00 AM,21,11,10
02/04/2021 06:00:00 AM,40,19,21
02/04/2021 07:00:00 AM,76,29,47
02/04/2021 08:00:00 AM,88,36,52
02/04/2021 09:00:00 AM,44,14,30
02/04/2021 10:00:00 AM,44,12,32
02/04/2021 11:00:00 AM,31,12,19
02/04/2021 12:00:00 PM,32,15,17
02/04/2021 01:00:00 PM,44,20,24
02/04/2021 02:00:00 PM,51,19,32
02/04/2021 03:00:00 PM,63,29,34
02/04/2021 04:00:00 PM,91,42,49
02/04/2021 05:00:00 PM,110,37,73
02/04/2021 06:00:00 PM,80,32,48
02/04/2021 07:00:00 PM,46,17,29
02/04/2021 08:00:00 PM,17,8,9
02/04/2021 09:00:00 PM,13,7,6
02/04/2021 10:00:00 PM,8,2,6
02/04/2021 11:00:00 PM,2,0,2
02/05/2021 12:00:00 AM,32,31,1
02/05/2021 01:00:00 AM,2,0,2
02/05/2021 02:00:00 AM,0,0,0
02/05/2021 03:00:00 AM,1,1,0
02/05/2021 04:00:00 AM,4,1,3
02/05/2021 05:00:00 AM,15,5,10
02/05/2021 06:00:00 AM,39,16,23
02/05/2021 07:00:00 AM,85,35,50
02/05/2021 08:00:00 AM,110,49,61
02/05/2021 09:00:00 AM,66,22,44
02/05/2021 10:00:00 AM,69,28,41
02/05/2021 11:00:00 AM,60,32,28
02/05/2021 12:00:00 PM,55,28,27
02/05/2021 01:00:00 PM,66,35,31
02/05/2021 02:00:00 PM,91,34,57
02/05/2021 03:00:00 PM,101,52,49
02/05/2021 04:00:00 PM,175,77,98
02/05/2021 05:00:00 PM,152,61,91
02/05/2021 06:00:00 PM,82,40,42
02/05/2021 07:00:00 PM,48,20,28
02/05/2021 08:00:00 PM,16,9,7
02/05/2021 09:00:00 PM,19,5,14
02/05/2021 10:00:00 PM,14,5,9
02/05/2021 11:00:00 PM,11,5,6
02/06/2021 12:00:00 AM,13,5,8
02/06/2021 01:00:00 AM,3,0,3
02/06/2021 02:00:00 AM,4,3,1
02/06/2021 03:00:00 AM,0,0,0
02/06/2021 04:00:00 AM,1,1,0
02/06/2021 05:00:00 AM,8,2,6
02/06/2021 06:00:00 AM,16,8,8
02/06/2021 07:00:00 AM,19,9,10
02/06/2021 08:00:00 AM,33,13,20
02/06/2021 09:00:00 AM,59,29,30
02/06/2021 10:00:00 AM,74,33,41
02/06/2021 11:00:00 AM,96,42,54
02/06/2021 12:00:00 PM,133,84,49
02/06/2021 01:00:00 PM,137,67,70
02/06/2021 02:00:00 PM,130,48,82
02/06/2021 03:00:00 PM,96,59,37
02/06/2021 04:00:00 PM,100,47,53
02/06/2021 05:00:00 PM,85,36,49
02/06/2021 06:00:00 PM,44,21,23
02/06/2021 07:00:00 PM,12,6,6
02/06/2021 08:00:00 PM,17,9,8
02/06/2021 09:00:00 PM,17,5,12
02/06/2021 10:00:00 PM,12,5,7
02/06/2021 11:00:00 PM,7,4,3
02/07/2021 12:00:00 AM,11,5,6
02/07/2021 01:00:00 AM,10,7,3
02/07/2021 02:00:00 AM,1,0,1
02/07/2021 03:00:00 AM,0,0,0
02/07/2021 04:00:00 AM,3,1,2
02/07/2021 05:00:00 AM,4,3,1
02/07/2021 06:00:00 AM,10,5,5
02/07/2021 07:00:00 AM,27,12,15
02/07/2021 08:00:00 AM,44,22,22
02/07/2021 09:00:00 AM,67,26,41
02/07/2021 10:00:00 AM,141,74,67
02/07/2021 11:00:00 AM,223,112,111
02/07/2021 12:00:00 PM,250,117,133
02/07/2021 01:00:00 PM,265,135,130
02/07/2021 02:00:00 PM,190,90,100
02/07/2021 03:00:00 PM,115,52,63
02/07/2021 04:00:00 PM,64,25,39
02/07/2021 05:00:00 PM,41,21,20
02/07/2021 06:00:00 PM,26,12,14
02/07/2021 07:00:00 PM,13,4,9
02/07/2021 08:00:00 PM,6,4,2
02/07/2021 09:00:00 PM,11,3,8
02/07/2021 10:00:00 PM,7,6,1
02/07/2021 11:00:00 PM,4,3,1
02/08/2021 12:00:00 AM,5,2,3
02/08/2021 01:00:00 AM,1,0,1
02/08/2021 02:00:00 AM,1,0,1
02/08/2021 03:00:00 AM,0,0,0
02/08/2021 04:00:00 AM,3,0,3
02/08/2021 05:00:00 AM,18,11,7
02/08/2021 06:00:00 AM,44,21,23
02/08/2021 07:00:00 AM,82,41,41
02/08/2021 08:00:00 AM,88,32,56
02/08/2021 09:00:00 AM,61,16,45
02/08/2021 10:00:00 AM,36,16,20
02/08/2021 11:00:00 AM,43,11,32
02/08/2021 12:00:00 PM,47,21,26
02/08/2021 01:00:00 PM,55,23,32
02/08/2021 02:00:00 PM,72,28,44
02/08/2021 03:00:00 PM,112,55,57
02/08/2021 04:00:00 PM,134,53,81
02/08/2021 05:00:00 PM,152,51,101
02/08/2021 06:00:00 PM,87,31,56
02/08/2021 07:00:00 PM,37,16,21
02/08/2021 08:00:00 PM,13,2,11
02/08/2021 09:00:00 PM,16,8,8
02/08/2021 10:00:00 PM,9,3,6
02/08/2021 11:00:00 PM,3,2,1
02/09/2021 12:00:00 AM,4,1,3
02/09/2021 01:00:00 AM,2,1,1
02/09/2021 02:00:00 AM,0,0,0
02/09/2021 03:00:00 AM,0,0,0
02/09/2021 04:00:00 AM,1,0,1
02/09/2021 05:00:00 AM,16,9,7
02/09/2021 06:00:00 AM,47,19,28
02/09/2021 07:00:00 AM,84,41,43
02/09/2021 08:00:00 AM,99,43,56
02/09/2021 09:00:00 AM,63,21,42
02/09/2021 10:00:00 AM,49,23,26
02/09/2021 11:00:00 AM,52,21,31
02/09/2021 12:00:00 PM,69,34,35
02/09/2021 01:00:00 PM,101,48,53
02/09/2021 02:00:00 PM,111,52,59
02/09/2021 03:00:00 PM,136,70,66
02/09/2021 04:00:00 PM,183,78,105
02/09/2021 05:00:00 PM,161,62,99
02/09/2021 06:00:00 PM,95,31,64
02/09/2021 07:00:00 PM,52,21,31
02/09/2021 08:00:00 PM,22,9,13
02/09/2021 09:00:00 PM,25,5,20
02/09/2021 10:00:00 PM,6,3,3
02/09/2021 11:00:00 PM,12,5,7
02/10/2021 12:00:00 AM,2,0,2
02/10/2021 01:00:00 AM,1,0,1
02/10/2021 02:00:00 AM,3,3,0
02/10/2021 03:00:00 AM,0,0,0
02/10/2021 04:00:00 AM,2,0,2
02/10/2021 05:00:00 AM,12,6,6
02/10/2021 06:00:00 AM,37,14,23
02/10/2021 07:00:00 AM,71,30,41
02/10/2021 08:00:00 AM,79,29,50
02/10/2021 09:00:00 AM,66,21,45
02/10/2021 10:00:00 AM,55,20,35
02/10/2021 11:00:00 AM,46,20,26
02/10/2021 12:00:00 PM,69,35,34
02/10/2021 01:00:00 PM,77,34,43
02/10/2021 02:00:00 PM,89,37,52
02/10/2021 03:00:00 PM,136,55,81
02/10/2021 04:00:00 PM,138,57,81
02/10/2021 05:00:00 PM,139,49,90
02/10/2021 06:00:00 PM,67,28,39
02/10/2021 07:00:00 PM,33,12,21
02/10/2021 08:00:00 PM,16,5,11
02/10/2021 09:00:00 PM,17,7,10
02/10/2021 10:00:00 PM,6,2,4
02/10/2021 11:00:00 PM,6,4,2
02/11/2021 12:00:00 AM,2,1,1
02/11/2021 01:00:00 AM,1,1,0
02/11/2021 02:00:00 AM,0,0,0
02/11/2021 03:00:00 AM,1,1,0
02/11/2021 04:00:00 AM,6,3,3
02/11/2021 05:00:00 AM,10,4,6
02/11/2021 06:00:00 AM,32,13,19
02/11/2021 07:00:00 AM,58,26,32
02/11/2021 08:00:00 AM,82,27,55
02/11/2021 09:00:00 AM,47,19,28
02/11/2021 10:00:00 AM,33,10,23
02/11/2021 11:00:00 AM,37,14,23
02/11/2021 12:00:00 PM,42,24,18
02/11/2021 01:00:00 PM,32,17,15
02/11/2021 02:00:00 PM,44,18,26
02/11/2021 03:00:00 PM,46,18,28
02/11/2021 04:00:00 PM,66,21,45
02/11/2021 05:00:00 PM,93,31,62
02/11/2021 06:00:00 PM,42,19,23
02/11/2021 07:00:00 PM,20,9,11
02/11/2021 08:00:00 PM,13,6,7
02/11/2021 09:00:00 PM,2,0,2
02/11/2021 10:00:00 PM,5,1,4
02/11/2021 11:00:00 PM,1,1,0
02/12/2021 12:00:00 AM,1,1,0
02/12/2021 01:00:00 AM,0,0,0
02/12/2021 02:00:00 AM,0,0,0
02/12/2021 03:00:00 AM,1,0,1
02/12/2021 04:00:00 AM,5,2,3
02/12/2021 05:00:00 AM,9,6,3
02/12/2021 06:00:00 AM,5,0,5
02/12/2021 07:00:00 AM,30,14,16
02/12/2021 08:00:00 AM,32,10,22
02/12/2021 09:00:00 AM,14,2,12
02/12/2021 10:00:00 AM,21,6,15
02/12/2021 11:00:00 AM,15,4,11
02/12/2021 12:00:00 PM,10,4,6
02/12/2021 01:00:00 PM,19,9,10
02/12/2021 02:00:00 PM,24,8,16
02/12/2021 03:00:00 PM,29,10,19
02/12/2021 04:00:00 PM,46,18,28
02/12/2021 05:00:00 PM,50,17,33
02/12/2021 06:00:00 PM,31,9,22
02/12/2021 07:00:00 PM,15,8,7
02/12/2021 08:00:00 PM,9,2,7
02/12/2021 09:00:00 PM,5,1,4
02/12/2021 10:00:00 PM,2,1,1
02/12/2021 11:00:00 PM,2,0,2
02/13/2021 12:00:00 AM,1,1,0
02/13/2021 01:00:00 AM,2,0,2
02/13/2021 02:00:00 AM,0,0,0
02/13/2021 03:00:00 AM,1,1,0
02/13/2021 04:00:00 AM,0,0,0
02/13/2021 05:00:00 AM,5,0,5
02/13/2021 06:00:00 AM,0,0,0
02/13/2021 07:00:00 AM,0,0,0
02/13/2021 08:00:00 AM,3,2,1
02/13/2021 09:00:00 AM,2,2,0
02/13/2021 10:00:00 AM,3,1,2
02/13/2021 11:00:00 AM,2,1,1
02/13/2021 12:00:00 PM,3,0,3
02/13/2021 01:00:00 PM,4,3,1
02/13/2021 02:00:00 PM,2,1,1
02/13/2021 03:00:00 PM,4,1,3
02/13/2021 04:00:00 PM,3,1,2
02/13/2021 05:00:00 PM,6,3,3
02/13/2021 06:00:00 PM,1,1,0
02/13/2021 07:00:00 PM,0,0,0
02/13/2021 08:00:00 PM,0,0,0
02/13/2021 09:00:00 PM,0,0,0
02/13/2021 10:00:00 PM,0,0,0
02/13/2021 11:00:00 PM,0,0,0
02/14/2021 12:00:00 AM,1,1,0
02/14/2021 01:00:00 AM,0,0,0
02/14/2021 02:00:00 AM,0,0,0
02/14/2021 03:00:00 AM,0,0,0
02/14/2021 04:00:00 AM,0,0,0
02/14/2021 05:00:00 AM,0,0,0
02/14/2021 06:00:00 AM,0,0,0
02/14/2021 07:00:00 AM,0,0,0
02/14/2021 08:00:00 AM,0,0,0
02/14/2021 09:00:00 AM,0,0,0
02/14/2021 10:00:00 AM,0,0,0
02/14/2021 11:00:00 AM,3,2,1
02/14/2021 12:00:00 PM,2,2,0
02/14/2021 01:00:00 PM,1,1,0
02/14/2021 02:00:00 PM,0,0,0
02/14/2021 03:00:00 PM,2,1,1
02/14/2021 04:00:00 PM,2,2,0
02/14/2021 05:00:00 PM,0,0,0
02/14/2021 06:00:00 PM,0,0,0
02/14/2021 07:00:00 PM,0,0,0
02/14/2021 08:00:00 PM,0,0,0
02/14/2021 09:00:00 PM,0,0,0
02/14/2021 10:00:00 PM,0,0,0
02/14/2021 11:00:00 PM,0,0,0
02/15/2021 12:00:00 AM,1,0,1
02/15/2021 01:00:00 AM,1,0,1
02/15/2021 02:00:00 AM,0,0,0
02/15/2021 03:00:00 AM,0,0,0
02/15/2021 04:00:00 AM,4,0,4
02/15/2021 05:00:00 AM,1,0,1
02/15/2021 06:00:00 AM,3,1,2
02/15/2021 07:00:00 AM,2,1,1
02/15/2021 08:00:00 AM,2,0,2
02/15/2021 09:00:00 AM,3,1,2
02/15/2021 10:00:00 AM,16,0,16
02/15/2021 11:00:00 AM,1,1,0
02/15/2021 12:00:00 PM,2,1,1
02/15/2021 01:00:00 PM,7,5,2
02/15/2021 02:00:00 PM,10,3,7
02/15/2021 03:00:00 PM,8,4,4
02/15/2021 04:00:00 PM,11,4,7
02/15/2021 05:00:00 PM,10,4,6
02/15/2021 06:00:00 PM,5,1,4
02/15/2021 07:00:00 PM,6,1,5
02/15/2021 08:00:00 PM,6,2,4
02/15/2021 09:00:00 PM,3,0,3
02/15/2021 10:00:00 PM,2,0,2
02/15/2021 11:00:00 PM,2,1,1
02/16/2021 12:00:00 AM,1,0,1
02/16/2021 01:00:00 AM,0,0,0
02/16/2021 02:00:00 AM,0,0,0
02/16/2021 03:00:00 AM,0,0,0
02/16/2021 04:00:00 AM,0,0,0
02/16/2021 05:00:00 AM,5,2,3
02/16/2021 06:00:00 AM,20,8,12
02/16/2021 07:00:00 AM,31,16,15
02/16/2021 08:00:00 AM,46,6,40
02/16/2021 09:00:00 AM,27,10,17
02/16/2021 10:00:00 AM,18,7,11
02/16/2021 11:00:00 AM,22,9,13
02/16/2021 12:00:00 PM,34,15,19
02/16/2021 01:00:00 PM,41,17,24
02/16/2021 02:00:00 PM,39,19,20
02/16/2021 03:00:00 PM,65,24,41
02/16/2021 04:00:00 PM,80,38,42
02/16/2021 05:00:00 PM,89,32,57
02/16/2021 06:00:00 PM,60,20,40
02/16/2021 07:00:00 PM,35,13,22
02/16/2021 08:00:00 PM,28,13,15
02/16/2021 09:00:00 PM,14,5,9
02/16/2021 10:00:00 PM,6,0,6
02/16/2021 11:00:00 PM,7,2,5
02/17/2021 12:00:00 AM,2,1,1
02/17/2021 01:00:00 AM,0,0,0
02/17/2021 02:00:00 AM,0,0,0
02/17/2021 03:00:00 AM,2,2,0
02/17/2021 04:00:00 AM,1,0,1
02/17/2021 05:00:00 AM,15,7,8
02/17/2021 06:00:00 AM,31,12,19
02/17/2021 07:00:00 AM,78,37,41
02/17/2021 08:00:00 AM,66,25,41
02/17/2021 09:00:00 AM,60,16,44
02/17/2021 10:00:00 AM,43,14,29
02/17/2021 11:00:00 AM,52,26,26
02/17/2021 12:00:00 PM,72,38,34
02/17/2021 01:00:00 PM,90,37,53
02/17/2021 02:00:00 PM,96,34,62
02/17/2021 03:00:00 PM,127,50,77
02/17/2021 04:00:00 PM,152,58,94
02/17/2021 05:00:00 PM,167,66,101
02/17/2021 06:00:00 PM,95,34,61
02/17/2021 07:00:00 PM,48,15,33
02/17/2021 08:00:00 PM,23,8,15
02/17/2021 09:00:00 PM,18,9,9
02/17/2021 10:00:00 PM,13,5,8
02/17/2021 11:00:00 PM,8,2,6
02/18/2021 12:00:00 AM,3,0,3
02/18/2021 01:00:00 AM,2,2,0
02/18/2021 02:00:00 AM,0,0,0
02/18/2021 03:00:00 AM,0,0,0
02/18/2021 04:00:00 AM,3,1,2
02/18/2021 05:00:00 AM,13,5,8
02/18/2021 06:00:00 AM,39,12,27
02/18/2021 07:00:00 AM,70,32,38
02/18/2021 08:00:00 AM,85,25,60
02/18/2021 09:00:00 AM,52,14,38
02/18/2021 10:00:00 AM,30,11,19
02/18/2021 11:00:00 AM,33,15,18
02/18/2021 12:00:00 PM,24,12,12
02/18/2021 01:00:00 PM,29,14,15
02/18/2021 02:00:00 PM,33,11,22
02/18/2021 03:00:00 PM,35,12,23
02/18/2021 04:00:00 PM,82,26,56
02/18/2021 05:00:00 PM,111,32,79
02/18/2021 06:00:00 PM,57,19,38
02/18/2021 07:00:00 PM,24,7,17
02/18/2021 08:00:00 PM,22,7,15
02/18/2021 09:00:00 PM,11,6,5
02/18/2021 10:00:00 PM,9,4,5
02/18/2021 11:00:00 PM,6,2,4
02/19/2021 12:00:00 AM,2,1,1
02/19/2021 01:00:00 AM,1,0,1
02/19/2021 02:00:00 AM,0,0,0
02/19/2021 03:00:00 AM,1,0,1
02/19/2021 04:00:00 AM,3,2,1
02/19/2021 05:00:00 AM,12,8,4
02/19/2021 06:00:00 AM,38,16,22
02/19/2021 07:00:00 AM,69,27,42
02/19/2021 08:00:00 AM,82,32,50
02/19/2021 09:00:00 AM,73,23,50
02/19/2021 10:00:00 AM,40,19,21
02/19/2021 11:00:00 AM,50,20,30
02/19/2021 12:00:00 PM,81,46,35
02/19/2021 01:00:00 PM,91,48,43
02/19/2021 02:00:00 PM,97,40,57
02/19/2021 03:00:00 PM,88,39,49
02/19/2021 04:00:00 PM,115,46,69
02/19/2021 05:00:00 PM,115,35,80
02/19/2021 06:00:00 PM,67,26,41
02/19/2021 07:00:00 PM,28,11,17
02/19/2021 08:00:00 PM,21,7,14
02/19/2021 09:00:00 PM,16,9,7
02/19/2021 10:00:00 PM,16,5,11
02/19/2021 11:00:00 PM,12,3,9
02/20/2021 12:00:00 AM,5,2,3
02/20/2021 01:00:00 AM,3,1,2
02/20/2021 02:00:00 AM,2,2,0
02/20/2021 03:00:00 AM,4,4,0
02/20/2021 04:00:00 AM,0,0,0
02/20/2021 05:00:00 AM,5,2,3
02/20/2021 06:00:00 AM,13,7,6
02/20/2021 07:00:00 AM,20,12,8
02/20/2021 08:00:00 AM,32,16,16
02/20/2021 09:00:00 AM,81,38,43
02/20/2021 10:00:00 AM,112,53,59
02/20/2021 11:00:00 AM,149,81,68
02/20/2021 12:00:00 PM,202,102,100
02/20/2021 01:00:00 PM,286,134,152
02/20/2021 02:00:00 PM,250,122,128
02/20/2021 03:00:00 PM,275,136,139
02/20/2021 04:00:00 PM,162,72,90
02/20/2021 05:00:00 PM,82,43,39
02/20/2021 06:00:00 PM,65,32,33
02/20/2021 07:00:00 PM,23,12,11
02/20/2021 08:00:00 PM,9,6,3
02/20/2021 09:00:00 PM,13,4,9
02/20/2021 10:00:00 PM,7,4,3
02/20/2021 11:00:00 PM,7,2,5
02/21/2021 12:00:00 AM,5,1,4
02/21/2021 01:00:00 AM,5,0,5
02/21/2021 02:00:00 AM,3,2,1
02/21/2021 03:00:00 AM,2,2,0
02/21/2021 04:00:00 AM,2,1,1
02/21/2021 05:00:00 AM,5,3,2
02/21/2021 06:00:00 AM,7,3,4
02/21/2021 07:00:00 AM,18,9,9
02/21/2021 08:00:00 AM,30,12,18
02/21/2021 09:00:00 AM,35,13,22
02/21/2021 10:00:00 AM,42,21,21
02/21/2021 11:00:00 AM,79,49,30
02/21/2021 12:00:00 PM,105,50,55
02/21/2021 01:00:00 PM,138,50,88
02/21/2021 02:00:00 PM,164,72,92
02/21/2021 03:00:00 PM,119,60,59
02/21/2021 04:00:00 PM,103,53,50
02/21/2021 05:00:00 PM,60,34,26
02/21/2021 06:00:00 PM,39,16,23
02/21/2021 07:00:00 PM,13,5,8
02/21/2021 08:00:00 PM,8,4,4
02/21/2021 09:00:00 PM,6,5,1
02/21/2021 10:00:00 PM,6,1,5
02/21/2021 11:00:00 PM,2,2,0
02/22/2021 12:00:00 AM,1,1,0
02/22/2021 01:00:00 AM,0,0,0
02/22/2021 02:00:00 AM,0,0,0
02/22/2021 03:00:00 AM,0,0,0
02/22/2021 04:00:00 AM,3,2,1
02/22/2021 05:00:00 AM,14,7,7
02/22/2021 06:00:00 AM,33,10,23
02/22/2021 07:00:00 AM,89,42,47
02/22/2021 08:00:00 AM,80,29,51
02/22/2021 09:00:00 AM,37,11,26
02/22/2021 10:00:00 AM,26,7,19
02/22/2021 11:00:00 AM,37,10,27
02/22/2021 12:00:00 PM,16,8,8
02/22/2021 01:00:00 PM,29,14,15
02/22/2021 02:00:00 PM,42,14,28
02/22/2021 03:00:00 PM,86,37,49
02/22/2021 04:00:00 PM,108,39,69
02/22/2021 05:00:00 PM,159,61,98
02/22/2021 06:00:00 PM,103,35,68
02/22/2021 07:00:00 PM,37,14,23
02/22/2021 08:00:00 PM,22,5,17
02/22/2021 09:00:00 PM,17,8,9
02/22/2021 10:00:00 PM,13,5,8
02/22/2021 11:00:00 PM,4,1,3
02/23/2021 12:00:00 AM,2,0,2
02/23/2021 01:00:00 AM,2,2,0
02/23/2021 02:00:00 AM,0,0,0
02/23/2021 03:00:00 AM,0,0,0
02/23/2021 04:00:00 AM,0,0,0
02/23/2021 05:00:00 AM,18,11,7
02/23/2021 06:00:00 AM,38,6,32
02/23/2021 07:00:00 AM,91,44,47
02/23/2021 08:00:00 AM,111,37,74
02/23/2021 09:00:00 AM,67,22,45
02/23/2021 10:00:00 AM,68,35,33
02/23/2021 11:00:00 AM,68,36,32
02/23/2021 12:00:00 PM,93,53,40
02/23/2021 01:00:00 PM,97,45,52
02/23/2021 02:00:00 PM,76,33,43
02/23/2021 03:00:00 PM,114,49,65
02/23/2021 04:00:00 PM,150,52,98
02/23/2021 05:00:00 PM,159,61,98
02/23/2021 06:00:00 PM,88,25,63
02/23/2021 07:00:00 PM,39,10,29
02/23/2021 08:00:00 PM,15,8,7
02/23/2021 09:00:00 PM,9,3,6
02/23/2021 10:00:00 PM,9,3,6
02/23/2021 11:00:00 PM,9,4,5
02/24/2021 12:00:00 AM,2,1,1
02/24/2021 01:00:00 AM,2,1,1
02/24/2021 02:00:00 AM,0,0,0
02/24/2021 03:00:00 AM,0,0,0
02/24/2021 04:00:00 AM,4,1,3
02/24/2021 05:00:00 AM,13,6,7
02/24/2021 06:00:00 AM,39,12,27
02/24/2021 07:00:00 AM,100,47,53
02/24/2021 08:00:00 AM,109,41,68
02/24/2021 09:00:00 AM,80,19,61
02/24/2021 10:00:00 AM,60,25,35
02/24/2021 11:00:00 AM,64,31,33
02/24/2021 12:00:00 PM,93,38,55
02/24/2021 01:00:00 PM,90,27,63
02/24/2021 02:00:00 PM,112,48,64
02/24/2021 03:00:00 PM,131,58,73
02/24/2021 04:00:00 PM,171,70,101
02/24/2021 05:00:00 PM,243,91,152
02/24/2021 06:00:00 PM,119,48,71
02/24/2021 07:00:00 PM,46,15,31
02/24/2021 08:00:00 PM,48,12,36
02/24/2021 09:00:00 PM,23,7,16
02/24/2021 10:00:00 PM,17,6,11
02/24/2021 11:00:00 PM,6,2,4
02/25/2021 12:00:00 AM,5,0,5
02/25/2021 01:00:00 AM,2,2,0
02/25/2021 02:00:00 AM,0,0,0
02/25/2021 03:00:00 AM,1,1,0
02/25/2021 04:00:00 AM,4,3,1
02/25/2021 05:00:00 AM,9,4,5
02/25/2021 06:00:00 AM,25,6,19
02/25/2021 07:00:00 AM,82,37,45
02/25/2021 08:00:00 AM,96,33,63
02/25/2021 09:00:00 AM,54,17,37
02/25/2021 10:00:00 AM,42,17,25
02/25/2021 11:00:00 AM,34,14,20
02/25/2021 12:00:00 PM,52,30,22
02/25/2021 01:00:00 PM,60,28,32
02/25/2021 02:00:00 PM,52,21,31
02/25/2021 03:00:00 PM,55,21,34
02/25/2021 04:00:00 PM,79,27,52
02/25/2021 05:00:00 PM,138,50,88
02/25/2021 06:00:00 PM,82,25,57
02/25/2021 07:00:00 PM,53,21,32
02/25/2021 08:00:00 PM,19,8,11
02/25/2021 09:00:00 PM,15,11,4
02/25/2021 10:00:00 PM,17,9,8
02/25/2021 11:00:00 PM,12,7,5
02/26/2021 12:00:00 AM,4,0,4
02/26/2021 01:00:00 AM,0,0,0
02/26/2021 02:00:00 AM,2,0,2
02/26/2021 03:00:00 AM,1,1,0
02/26/2021 04:00:00 AM,3,1,2
02/26/2021 05:00:00 AM,12,6,6
02/26/2021 06:00:00 AM,50,21,29
02/26/2021 07:00:00 AM,69,25,44
02/26/2021 08:00:00 AM,91,37,54
02/26/2021 09:00:00 AM,73,28,45
02/26/2021 10:00:00 AM,54,16,38
02/26/2021 11:00:00 AM,80,44,36
02/26/2021 12:00:00 PM,97,51,46
02/26/2021 01:00:00 PM,133,56,77
02/26/2021 02:00:00 PM,128,51,77
02/26/2021 03:00:00 PM,115,61,54
02/26/2021 04:00:00 PM,153,65,88
02/26/2021 05:00:00 PM,147,48,99
02/26/2021 06:00:00 PM,95,39,56
02/26/2021 07:00:00 PM,65,23,42
02/26/2021 08:00:00 PM,23,8,15
02/26/2021 09:00:00 PM,11,5,6
02/26/2021 10:00:00 PM,10,6,4
02/26/2021 11:00:00 PM,6,3,3
02/27/2021 12:00:00 AM,3,0,3
02/27/2021 01:00:00 AM,2,1,1
02/27/2021 02:00:00 AM,1,0,1
02/27/2021 03:00:00 AM,0,0,0
02/27/2021 04:00:00 AM,1,0,1
02/27/2021 05:00:00 AM,7,3,4
02/27/2021 06:00:00 AM,14,6,8
02/27/2021 07:00:00 AM,30,17,13
02/27/2021 08:00:00 AM,73,34,39
02/27/2021 09:00:00 AM,86,32,54
02/27/2021 10:00:00 AM,139,47,92
02/27/2021 11:00:00 AM,219,111,108
02/27/2021 12:00:00 PM,222,107,115
02/27/2021 01:00:00 PM,258,126,132
02/27/2021 02:00:00 PM,260,154,106
02/27/2021 03:00:00 PM,259,132,127
02/27/2021 04:00:00 PM,225,113,112
02/27/2021 05:00:00 PM,148,54,94
02/27/2021 06:00:00 PM,91,41,50
02/27/2021 07:00:00 PM,39,10,29
02/27/2021 08:00:00 PM,27,18,9
02/27/2021 09:00:00 PM,12,5,7
02/27/2021 10:00:00 PM,4,2,2
02/27/2021 11:00:00 PM,16,9,7
02/28/2021 12:00:00 AM,5,2,3
02/28/2021 01:00:00 AM,3,0,3
02/28/2021 02:00:00 AM,1,1,0
02/28/2021 03:00:00 AM,1,1,0
02/28/2021 04:00:00 AM,1,1,0
02/28/2021 05:00:00 AM,6,4,2
02/28/2021 06:00:00 AM,6,1,5
02/28/2021 07:00:00 AM,30,17,13
02/28/2021 08:00:00 AM,42,15,27
02/28/2021 09:00:00 AM,65,24,41
02/28/2021 10:00:00 AM,105,53,52
02/28/2021 11:00:00 AM,161,88,73
02/28/2021 12:00:00 PM,137,66,71
02/28/2021 01:00:00 PM,176,90,86
02/28/2021 02:00:00 PM,177,93,84
02/28/2021 03:00:00 PM,190,99,91
02/28/2021 04:00:00 PM,178,84,94
02/28/2021 05:00:00 PM,98,42,56
02/28/2021 06:00:00 PM,45,18,27
02/28/2021 07:00:00 PM,17,3,14
02/28/2021 08:00:00 PM,21,13,8
02/28/2021 09:00:00 PM,18,10,8
02/28/2021 10:00:00 PM,8,4,4
02/28/2021 11:00:00 PM,5,3,2
03/01/2021 12:00:00 AM,0,0,0
03/01/2021 01:00:00 AM,0,0,0
03/01/2021 02:00:00 AM,0,0,0
03/01/2021 03:00:00 AM,1,1,0
03/01/2021 04:00:00 AM,6,1,5
03/01/2021 05:00:00 AM,16,9,7
03/01/2021 06:00:00 AM,40,17,23
03/01/2021 07:00:00 AM,104,41,63
03/01/2021 08:00:00 AM,130,47,83
03/01/2021 09:00:00 AM,72,21,51
03/01/2021 10:00:00 AM,48,21,27
03/01/2021 11:00:00 AM,69,29,40
03/01/2021 12:00:00 PM,68,35,33
03/01/2021 01:00:00 PM,89,43,46
03/01/2021 02:00:00 PM,105,49,56
03/01/2021 03:00:00 PM,171,73,98
03/01/2021 04:00:00 PM,198,81,117
03/01/2021 05:00:00 PM,225,84,141
03/01/2021 06:00:00 PM,115,43,72
03/01/2021 07:00:00 PM,61,23,38
03/01/2021 08:00:00 PM,28,12,16
03/01/2021 09:00:00 PM,22,6,16
03/01/2021 10:00:00 PM,7,3,4
03/01/2021 11:00:00 PM,6,3,3
03/02/2021 12:00:00 AM,0,0,0
03/02/2021 01:00:00 AM,1,1,0
03/02/2021 02:00:00 AM,2,1,1
03/02/2021 03:00:00 AM,1,1,0
03/02/2021 04:00:00 AM,2,1,1
03/02/2021 05:00:00 AM,19,9,10
03/02/2021 06:00:00 AM,44,15,29
03/02/2021 07:00:00 AM,105,45,60
03/02/2021 08:00:00 AM,126,51,75
03/02/2021 09:00:00 AM,77,28,49
03/02/2021 10:00:00 AM,43,14,29
03/02/2021 11:00:00 AM,47,25,22
03/02/2021 12:00:00 PM,44,23,21
03/02/2021 01:00:00 PM,66,34,32
03/02/2021 02:00:00 PM,81,31,50
03/02/2021 03:00:00 PM,107,50,57
03/02/2021 04:00:00 PM,160,66,94
03/02/2021 05:00:00 PM,235,79,156
03/02/2021 06:00:00 PM,116,37,79
03/02/2021 07:00:00 PM,60,16,44
03/02/2021 08:00:00 PM,31,14,17
03/02/2021 09:00:00 PM,23,8,15
03/02/2021 10:00:00 PM,15,3,12
03/02/2021 11:00:00 PM,3,1,2
03/03/2021 12:00:00 AM,2,0,2
03/03/2021 01:00:00 AM,1,0,1
03/03/2021 02:00:00 AM,0,0,0
03/03/2021 03:00:00 AM,0,0,0
03/03/2021 04:00:00 AM,5,2,3
03/03/2021 05:00:00 AM,17,8,9
03/03/2021 06:00:00 AM,48,21,27
03/03/2021 07:00:00 AM,113,54,59
03/03/2021 08:00:00 AM,144,51,93
03/03/2021 09:00:00 AM,102,39,63
03/03/2021 10:00:00 AM,86,34,52
03/03/2021 11:00:00 AM,127,50,77
03/03/2021 12:00:00 PM,131,48,83
03/03/2021 01:00:00 PM,141,70,71
03/03/2021 02:00:00 PM,180,76,104
03/03/2021 03:00:00 PM,226,100,126
03/03/2021 04:00:00 PM,305,135,170
03/03/2021 05:00:00 PM,314,121,193
03/03/2021 06:00:00 PM,209,93,116
03/03/2021 07:00:00 PM,71,26,45
03/03/2021 08:00:00 PM,36,15,21
03/03/2021 09:00:00 PM,27,13,14
03/03/2021 10:00:00 PM,12,7,5
03/03/2021 11:00:00 PM,10,4,6
03/04/2021 12:00:00 AM,5,0,5
03/04/2021 01:00:00 AM,1,1,0
03/04/2021 02:00:00 AM,1,1,0
03/04/2021 03:00:00 AM,0,0,0
03/04/2021 04:00:00 AM,5,3,2
03/04/2021 05:00:00 AM,19,13,6
03/04/2021 06:00:00 AM,43,16,27
03/04/2021 07:00:00 AM,103,46,57
03/04/2021 08:00:00 AM,130,46,84
03/04/2021 09:00:00 AM,53,18,35
03/04/2021 10:00:00 AM,61,20,41
03/04/2021 11:00:00 AM,77,40,37
03/04/2021 12:00:00 PM,102,42,60
03/04/2021 01:00:00 PM,73,40,33
03/04/2021 02:00:00 PM,48,22,26
03/04/2021 03:00:00 PM,57,26,31
03/04/2021 04:00:00 PM,76,24,52
03/04/2021 05:00:00 PM,117,35,82
03/04/2021 06:00:00 PM,61,21,40
03/04/2021 07:00:00 PM,32,13,19
03/04/2021 08:00:00 PM,32,9,23
03/04/2021 09:00:00 PM,12,4,8
03/04/2021 10:00:00 PM,7,1,6
03/04/2021 11:00:00 PM,7,2,5
03/05/2021 12:00:00 AM,3,0,3
03/05/2021 01:00:00 AM,0,0,0
03/05/2021 02:00:00 AM,0,0,0
03/05/2021 03:00:00 AM,0,0,0
03/05/2021 04:00:00 AM,2,0,2
03/05/2021 05:00:00 AM,17,6,11
03/05/2021 06:00:00 AM,23,8,15
03/05/2021 07:00:00 AM,75,31,44
03/05/2021 08:00:00 AM,74,29,45
03/05/2021 09:00:00 AM,46,14,32
03/05/2021 10:00:00 AM,30,15,15
03/05/2021 11:00:00 AM,23,10,13
03/05/2021 12:00:00 PM,23,11,12
03/05/2021 01:00:00 PM,36,12,24
03/05/2021 02:00:00 PM,48,17,31
03/05/2021 03:00:00 PM,78,34,44
03/05/2021 04:00:00 PM,91,39,52
03/05/2021 05:00:00 PM,118,48,70
03/05/2021 06:00:00 PM,68,28,40
03/05/2021 07:00:00 PM,35,13,22
03/05/2021 08:00:00 PM,24,9,15
03/05/2021 09:00:00 PM,22,10,12
03/05/2021 10:00:00 PM,8,3,5
03/05/2021 11:00:00 PM,13,7,6
03/06/2021 12:00:00 AM,5,3,2
03/06/2021 01:00:00 AM,1,1,0
03/06/2021 02:00:00 AM,1,0,1
03/06/2021 03:00:00 AM,2,1,1
03/06/2021 04:00:00 AM,0,0,0
03/06/2021 05:00:00 AM,4,2,2
03/06/2021 06:00:00 AM,15,3,12
03/06/2021 07:00:00 AM,28,11,17
03/06/2021 08:00:00 AM,64,28,36
03/06/2021 09:00:00 AM,116,57,59
03/06/2021 10:00:00 AM,149,73,76
03/06/2021 11:00:00 AM,178,80,98
03/06/2021 12:00:00 PM,217,102,115
03/06/2021 01:00:00 PM,253,103,150
03/06/2021 02:00:00 PM,234,105,129
03/06/2021 03:00:00 PM,166,91,75
03/06/2021 04:00:00 PM,133,63,70
03/06/2021 05:00:00 PM,74,33,41
03/06/2021 06:00:00 PM,52,19,33
03/06/2021 07:00:00 PM,37,14,23
03/06/2021 08:00:00 PM,23,5,18
03/06/2021 09:00:00 PM,13,7,6
03/06/2021 10:00:00 PM,7,4,3
03/06/2021 11:00:00 PM,14,5,9
03/07/2021 12:00:00 AM,4,1,3
03/07/2021 01:00:00 AM,2,0,2
03/07/2021 02:00:00 AM,0,0,0
03/07/2021 03:00:00 AM,0,0,0
03/07/2021 04:00:00 AM,0,0,0
03/07/2021 05:00:00 AM,4,2,2
03/07/2021 06:00:00 AM,7,0,7
03/07/2021 07:00:00 AM,14,8,6
03/07/2021 08:00:00 AM,33,15,18
03/07/2021 09:00:00 AM,37,14,23
03/07/2021 10:00:00 AM,62,26,36
03/07/2021 11:00:00 AM,66,25,41
03/07/2021 12:00:00 PM,41,17,24
03/07/2021 01:00:00 PM,68,43,25
03/07/2021 02:00:00 PM,87,39,48
03/07/2021 03:00:00 PM,100,51,49
03/07/2021 04:00:00 PM,61,33,28
03/07/2021 05:00:00 PM,37,13,24
03/07/2021 06:00:00 PM,22,7,15
03/07/2021 07:00:00 PM,16,8,8
03/07/2021 08:00:00 PM,16,8,8
03/07/2021 09:00:00 PM,9,6,3
03/07/2021 10:00:00 PM,4,3,1
03/07/2021 11:00:00 PM,0,0,0
03/08/2021 12:00:00 AM,2,1,1
03/08/2021 01:00:00 AM,0,0,0
03/08/2021 02:00:00 AM,1,1,0
03/08/2021 03:00:00 AM,1,1,0
03/08/2021 04:00:00 AM,4,1,3
03/08/2021 05:00:00 AM,15,7,8
03/08/2021 06:00:00 AM,39,19,20
03/08/2021 07:00:00 AM,94,44,50
03/08/2021 08:00:00 AM,100,35,65
03/08/2021 09:00:00 AM,82,21,61
03/08/2021 10:00:00 AM,60,28,32
03/08/2021 11:00:00 AM,73,36,37
03/08/2021 12:00:00 PM,107,56,51
03/08/2021 01:00:00 PM,131,55,76
03/08/2021 02:00:00 PM,98,43,55
03/08/2021 03:00:00 PM,157,77,80
03/08/2021 04:00:00 PM,176,79,97
03/08/2021 05:00:00 PM,222,68,154
03/08/2021 06:00:00 PM,104,36,68
03/08/2021 07:00:00 PM,55,15,40
03/08/2021 08:00:00 PM,27,16,11
03/08/2021 09:00:00 PM,25,11,14
03/08/2021 10:00:00 PM,8,2,6
03/08/2021 11:00:00 PM,7,3,4
03/09/2021 12:00:00 AM,5,3,2
03/09/2021 01:00:00 AM,3,0,3
03/09/2021 02:00:00 AM,1,0,1
03/09/2021 03:00:00 AM,2,1,1
03/09/2021 04:00:00 AM,5,3,2
03/09/2021 05:00:00 AM,20,13,7
03/09/2021 06:00:00 AM,57,23,34
03/09/2021 07:00:00 AM,117,60,57
03/09/2021 08:00:00 AM,143,51,92
03/09/2021 09:00:00 AM,75,24,51
03/09/2021 10:00:00 AM,45,17,28
03/09/2021 11:00:00 AM,59,19,40
03/09/2021 12:00:00 PM,70,30,40
03/09/2021 01:00:00 PM,86,45,41
03/09/2021 02:00:00 PM,98,37,61
03/09/2021 03:00:00 PM,139,58,81
03/09/2021 04:00:00 PM,206,79,127
03/09/2021 05:00:00 PM,221,81,140
03/09/2021 06:00:00 PM,136,55,81
03/09/2021 07:00:00 PM,55,16,39
03/09/2021 08:00:00 PM,39,16,23
03/09/2021 09:00:00 PM,22,9,13
03/09/2021 10:00:00 PM,9,3,6
03/09/2021 11:00:00 PM,10,7,3
03/10/2021 12:00:00 AM,2,1,1
03/10/2021 01:00:00 AM,0,0,0
03/10/2021 02:00:00 AM,0,0,0
03/10/2021 03:00:00 AM,1,1,0
03/10/2021 04:00:00 AM,7,5,2
03/10/2021 05:00:00 AM,14,7,7
03/10/2021 06:00:00 AM,49,20,29
03/10/2021 07:00:00 AM,126,56,70
03/10/2021 08:00:00 AM,140,59,81
03/10/2021 09:00:00 AM,87,26,61
03/10/2021 10:00:00 AM,110,44,66
03/10/2021 11:00:00 AM,92,43,49
03/10/2021 12:00:00 PM,117,54,63
03/10/2021 01:00:00 PM,111,47,64
03/10/2021 02:00:00 PM,140,59,81
03/10/2021 03:00:00 PM,180,88,92
03/10/2021 04:00:00 PM,275,109,166
03/10/2021 05:00:00 PM,282,105,177
03/10/2021 06:00:00 PM,169,51,118
03/10/2021 07:00:00 PM,60,31,29
03/10/2021 08:00:00 PM,35,15,20
03/10/2021 09:00:00 PM,18,7,11
03/10/2021 10:00:00 PM,13,2,11
03/10/2021 11:00:00 PM,9,2,7
03/11/2021 12:00:00 AM,4,2,2
03/11/2021 01:00:00 AM,0,0,0
03/11/2021 02:00:00 AM,0,0,0
03/11/2021 03:00:00 AM,0,0,0
03/11/2021 04:00:00 AM,9,3,6
03/11/2021 05:00:00 AM,15,9,6
03/11/2021 06:00:00 AM,62,21,41
03/11/2021 07:00:00 AM,122,56,66
03/11/2021 08:00:00 AM,149,52,97
03/11/2021 09:00:00 AM,86,26,60
03/11/2021 10:00:00 AM,78,33,45
03/11/2021 11:00:00 AM,98,45,53
03/11/2021 12:00:00 PM,107,48,59
03/11/2021 01:00:00 PM,138,60,78
03/11/2021 02:00:00 PM,156,68,88
03/11/2021 03:00:00 PM,191,83,108
03/11/2021 04:00:00 PM,262,100,162
03/11/2021 05:00:00 PM,283,107,176
03/11/2021 06:00:00 PM,171,67,104
03/11/2021 07:00:00 PM,64,27,37
03/11/2021 08:00:00 PM,51,17,34
03/11/2021 09:00:00 PM,33,9,24
03/11/2021 10:00:00 PM,22,11,11
03/11/2021 11:00:00 PM,13,6,7
03/12/2021 12:00:00 AM,5,1,4
03/12/2021 01:00:00 AM,4,0,4
03/12/2021 02:00:00 AM,0,0,0
03/12/2021 03:00:00 AM,0,0,0
03/12/2021 04:00:00 AM,3,2,1
03/12/2021 05:00:00 AM,18,10,8
03/12/2021 06:00:00 AM,57,27,30
03/12/2021 07:00:00 AM,123,63,60
03/12/2021 08:00:00 AM,142,59,83
03/12/2021 09:00:00 AM,117,44,73
03/12/2021 10:00:00 AM,71,26,45
03/12/2021 11:00:00 AM,129,59,70
03/12/2021 12:00:00 PM,96,51,45
03/12/2021 01:00:00 PM,133,57,76
03/12/2021 02:00:00 PM,179,82,97
03/12/2021 03:00:00 PM,194,93,101
03/12/2021 04:00:00 PM,295,136,159
03/12/2021 05:00:00 PM,318,142,176
03/12/2021 06:00:00 PM,162,67,95
03/12/2021 07:00:00 PM,86,35,51
03/12/2021 08:00:00 PM,47,22,25
03/12/2021 09:00:00 PM,30,11,19
03/12/2021 10:00:00 PM,18,7,11
03/12/2021 11:00:00 PM,14,6,8
03/13/2021 12:00:00 AM,5,4,1
03/13/2021 01:00:00 AM,2,0,2
03/13/2021 02:00:00 AM,1,1,0
03/13/2021 03:00:00 AM,0,0,0
03/13/2021 04:00:00 AM,2,1,1
03/13/2021 05:00:00 AM,5,2,3
03/13/2021 06:00:00 AM,16,6,10
03/13/2021 07:00:00 AM,56,27,29
03/13/2021 08:00:00 AM,65,35,30
03/13/2021 09:00:00 AM,133,64,69
03/13/2021 10:00:00 AM,167,78,89
03/13/2021 11:00:00 AM,316,158,158
03/13/2021 12:00:00 PM,290,125,165
03/13/2021 01:00:00 PM,313,130,183
03/13/2021 02:00:00 PM,405,166,239
03/13/2021 03:00:00 PM,350,165,185
03/13/2021 04:00:00 PM,348,149,199
03/13/2021 05:00:00 PM,212,89,123
03/13/2021 06:00:00 PM,146,58,88
03/13/2021 07:00:00 PM,50,23,27
03/13/2021 08:00:00 PM,36,13,23
03/13/2021 09:00:00 PM,30,17,13
03/13/2021 10:00:00 PM,25,6,19
03/13/2021 11:00:00 PM,15,8,7
03/14/2021 12:00:00 AM,4,1,3
03/14/2021 01:00:00 AM,3,1,2
03/14/2021 02:00:00 AM,,,
03/14/2021 03:00:00 AM,4,1,3
03/14/2021 04:00:00 AM,1,1,0
03/14/2021 05:00:00 AM,3,1,2
03/14/2021 06:00:00 AM,8,2,6
03/14/2021 07:00:00 AM,12,6,6
03/14/2021 08:00:00 AM,47,25,22
03/14/2021 09:00:00 AM,54,20,34
03/14/2021 10:00:00 AM,60,28,32
03/14/2021 11:00:00 AM,29,11,18
03/14/2021 12:00:00 PM,31,14,17
03/14/2021 01:00:00 PM,24,12,12
03/14/2021 02:00:00 PM,23,12,11
03/14/2021 03:00:00 PM,40,14,26
03/14/2021 04:00:00 PM,35,22,13
03/14/2021 05:00:00 PM,13,4,9
03/14/2021 06:00:00 PM,19,9,10
03/14/2021 07:00:00 PM,16,11,5
03/14/2021 08:00:00 PM,8,6,2
03/14/2021 09:00:00 PM,7,7,0
03/14/2021 10:00:00 PM,5,3,2
03/14/2021 11:00:00 PM,1,1,0
03/15/2021 12:00:00 AM,2,1,1
03/15/2021 01:00:00 AM,0,0,0
03/15/2021 02:00:00 AM,0,0,0
03/15/2021 03:00:00 AM,0,0,0
03/15/2021 04:00:00 AM,5,1,4
03/15/2021 05:00:00 AM,13,7,6
03/15/2021 06:00:00 AM,42,12,30
03/15/2021 07:00:00 AM,90,40,50
03/15/2021 08:00:00 AM,101,31,70
03/15/2021 09:00:00 AM,64,24,40
03/15/2021 10:00:00 AM,66,28,38
03/15/2021 11:00:00 AM,41,17,24
03/15/2021 12:00:00 PM,50,19,31
03/15/2021 01:00:00 PM,64,32,32
03/15/2021 02:00:00 PM,90,30,60
03/15/2021 03:00:00 PM,109,41,68
03/15/2021 04:00:00 PM,178,79,99
03/15/2021 05:00:00 PM,256,99,157
03/15/2021 06:00:00 PM,148,59,89
03/15/2021 07:00:00 PM,92,35,57
03/15/2021 08:00:00 PM,45,25,20
03/15/2021 09:00:00 PM,20,5,15
03/15/2021 10:00:00 PM,7,6,1
03/15/2021 11:00:00 PM,6,3,3
03/16/2021 12:00:00 AM,1,0,1
03/16/2021 01:00:00 AM,2,0,2
03/16/2021 02:00:00 AM,1,1,0
03/16/2021 03:00:00 AM,0,0,0
03/16/2021 04:00:00 AM,3,2,1
03/16/2021 05:00:00 AM,16,8,8
03/16/2021 06:00:00 AM,61,18,43
03/16/2021 07:00:00 AM,107,52,55
03/16/2021 08:00:00 AM,118,45,73
03/16/2021 09:00:00 AM,90,33,57
03/16/2021 10:00:00 AM,75,34,41
03/16/2021 11:00:00 AM,86,31,55
03/16/2021 12:00:00 PM,110,46,64
03/16/2021 01:00:00 PM,98,46,52
03/16/2021 02:00:00 PM,125,53,72
03/16/2021 03:00:00 PM,169,63,106
03/16/2021 04:00:00 PM,259,110,149
03/16/2021 05:00:00 PM,287,126,161
03/16/2021 06:00:00 PM,221,85,136
03/16/2021 07:00:00 PM,106,45,61
03/16/2021 08:00:00 PM,56,23,33
03/16/2021 09:00:00 PM,32,11,21
03/16/2021 10:00:00 PM,14,5,9
03/16/2021 11:00:00 PM,7,2,5
03/17/2021 12:00:00 AM,2,1,1
03/17/2021 01:00:00 AM,0,0,0
03/17/2021 02:00:00 AM,1,1,0
03/17/2021 03:00:00 AM,0,0,0
03/17/2021 04:00:00 AM,4,2,2
03/17/2021 05:00:00 AM,14,8,6
03/17/2021 06:00:00 AM,37,12,25
03/17/2021 07:00:00 AM,111,53,58
03/17/2021 08:00:00 AM,138,43,95
03/17/2021 09:00:00 AM,87,28,59
03/17/2021 10:00:00 AM,72,25,47
03/17/2021 11:00:00 AM,68,25,43
03/17/2021 12:00:00 PM,110,60,50
03/17/2021 01:00:00 PM,117,52,65
03/17/2021 02:00:00 PM,117,61,56
03/17/2021 03:00:00 PM,161,83,78
03/17/2021 04:00:00 PM,246,99,147
03/17/2021 05:00:00 PM,356,127,229
03/17/2021 06:00:00 PM,232,111,121
03/17/2021 07:00:00 PM,135,55,80
03/17/2021 08:00:00 PM,46,23,23
03/17/2021 09:00:00 PM,32,10,22
03/17/2021 10:00:00 PM,20,5,15
03/17/2021 11:00:00 PM,13,1,12
03/18/2021 12:00:00 AM,4,3,1
03/18/2021 01:00:00 AM,2,1,1
03/18/2021 02:00:00 AM,1,0,1
03/18/2021 03:00:00 AM,1,1,0
03/18/2021 04:00:00 AM,7,3,4
03/18/2021 05:00:00 AM,15,8,7
03/18/2021 06:00:00 AM,42,15,27
03/18/2021 07:00:00 AM,86,36,50
03/18/2021 08:00:00 AM,109,40,69
03/18/2021 09:00:00 AM,66,24,42
03/18/2021 10:00:00 AM,56,17,39
03/18/2021 11:00:00 AM,23,12,11
03/18/2021 12:00:00 PM,35,25,10
03/18/2021 01:00:00 PM,37,17,20
03/18/2021 02:00:00 PM,43,21,22
03/18/2021 03:00:00 PM,63,22,41
03/18/2021 04:00:00 PM,67,25,42
03/18/2021 05:00:00 PM,112,27,85
03/18/2021 06:00:00 PM,71,36,35
03/18/2021 07:00:00 PM,45,18,27
03/18/2021 08:00:00 PM,30,8,22
03/18/2021 09:00:00 PM,15,7,8
03/18/2021 10:00:00 PM,11,5,6
03/18/2021 11:00:00 PM,2,1,1
03/19/2021 12:00:00 AM,4,2,2
03/19/2021 01:00:00 AM,1,0,1
03/19/2021 02:00:00 AM,0,0,0
03/19/2021 03:00:00 AM,0,0,0
03/19/2021 04:00:00 AM,5,2,3
03/19/2021 05:00:00 AM,8,2,6
03/19/2021 06:00:00 AM,38,12,26
03/19/2021 07:00:00 AM,80,38,42
03/19/2021 08:00:00 AM,87,33,54
03/19/2021 09:00:00 AM,71,24,47
03/19/2021 10:00:00 AM,46,17,29
03/19/2021 11:00:00 AM,60,26,34
03/19/2021 12:00:00 PM,87,37,50
03/19/2021 01:00:00 PM,109,43,66
03/19/2021 02:00:00 PM,102,48,54
03/19/2021 03:00:00 PM,144,64,80
03/19/2021 04:00:00 PM,128,52,76
03/19/2021 05:00:00 PM,161,52,109
03/19/2021 06:00:00 PM,79,31,48
03/19/2021 07:00:00 PM,41,18,23
03/19/2021 08:00:00 PM,20,7,13
03/19/2021 09:00:00 PM,13,7,6
03/19/2021 10:00:00 PM,14,6,8
03/19/2021 11:00:00 PM,12,3,9
03/20/2021 12:00:00 AM,5,2,3
03/20/2021 01:00:00 AM,0,0,0
03/20/2021 02:00:00 AM,0,0,0
03/20/2021 03:00:00 AM,5,5,0
03/20/2021 04:00:00 AM,0,0,0
03/20/2021 05:00:00 AM,7,4,3
03/20/2021 06:00:00 AM,8,2,6
03/20/2021 07:00:00 AM,21,11,10
03/20/2021 08:00:00 AM,38,12,26
03/20/2021 09:00:00 AM,55,22,33
03/20/2021 10:00:00 AM,59,26,33
03/20/2021 11:00:00 AM,91,36,55
03/20/2021 12:00:00 PM,103,50,53
03/20/2021 01:00:00 PM,106,51,55
03/20/2021 02:00:00 PM,142,59,83
03/20/2021 03:00:00 PM,139,62,77
03/20/2021 04:00:00 PM,148,74,74
03/20/2021 05:00:00 PM,100,52,48
03/20/2021 06:00:00 PM,36,12,24
03/20/2021 07:00:00 PM,27,9,18
03/20/2021 08:00:00 PM,25,9,16
03/20/2021 09:00:00 PM,7,4,3
03/20/2021 10:00:00 PM,6,2,4
03/20/2021 11:00:00 PM,14,7,7
03/21/2021 12:00:00 AM,3,0,3
03/21/2021 01:00:00 AM,1,1,0
03/21/2021 02:00:00 AM,2,0,2
03/21/2021 03:00:00 AM,1,1,0
03/21/2021 04:00:00 AM,1,1,0
03/21/2021 05:00:00 AM,3,1,2
03/21/2021 06:00:00 AM,13,2,11
03/21/2021 07:00:00 AM,24,5,19
03/21/2021 08:00:00 AM,43,15,28
03/21/2021 09:00:00 AM,62,29,33
03/21/2021 10:00:00 AM,84,41,43
03/21/2021 11:00:00 AM,49,28,21
03/21/2021 12:00:00 PM,54,24,30
03/21/2021 01:00:00 PM,76,44,32
03/21/2021 02:00:00 PM,54,24,30
03/21/2021 03:00:00 PM,87,50,37
03/21/2021 04:00:00 PM,48,27,21
03/21/2021 05:00:00 PM,40,20,20
03/21/2021 06:00:00 PM,27,13,14
03/21/2021 07:00:00 PM,23,10,13
03/21/2021 08:00:00 PM,14,5,9
03/21/2021 09:00:00 PM,9,6,3
03/21/2021 10:00:00 PM,6,5,1
03/21/2021 11:00:00 PM,3,1,2
03/22/2021 12:00:00 AM,4,1,3
03/22/2021 01:00:00 AM,1,0,1
03/22/2021 02:00:00 AM,1,0,1
03/22/2021 03:00:00 AM,0,0,0
03/22/2021 04:00:00 AM,3,2,1
03/22/2021 05:00:00 AM,11,6,5
03/22/2021 06:00:00 AM,36,14,22
03/22/2021 07:00:00 AM,76,28,48
03/22/2021 08:00:00 AM,80,29,51
03/22/2021 09:00:00 AM,55,22,33
03/22/2021 10:00:00 AM,34,16,18
03/22/2021 11:00:00 AM,62,26,36
03/22/2021 12:00:00 PM,59,26,33
03/22/2021 01:00:00 PM,66,28,38
03/22/2021 02:00:00 PM,41,22,19
03/22/2021 03:00:00 PM,59,23,36
03/22/2021 04:00:00 PM,120,50,70
03/22/2021 05:00:00 PM,197,72,125
03/22/2021 06:00:00 PM,155,65,90
03/22/2021 07:00:00 PM,107,38,69
03/22/2021 08:00:00 PM,44,15,29
03/22/2021 09:00:00 PM,13,6,7
03/22/2021 10:00:00 PM,14,3,11
03/22/2021 11:00:00 PM,4,2,2
03/23/2021 12:00:00 AM,2,1,1
03/23/2021 01:00:00 AM,3,1,2
03/23/2021 02:00:00 AM,2,2,0
03/23/2021 03:00:00 AM,0,0,0
03/23/2021 04:00:00 AM,2,2,0
03/23/2021 05:00:00 AM,15,8,7
03/23/2021 06:00:00 AM,53,17,36
03/23/2021 07:00:00 AM,125,53,72
03/23/2021 08:00:00 AM,140,57,83
03/23/2021 09:00:00 AM,113,39,74
03/23/2021 10:00:00 AM,91,38,53
03/23/2021 11:00:00 AM,79,27,52
03/23/2021 12:00:00 PM,99,45,54
03/23/2021 01:00:00 PM,102,48,54
03/23/2021 02:00:00 PM,144,41,103
03/23/2021 03:00:00 PM,194,83,111
03/23/2021 04:00:00 PM,254,92,162
03/23/2021 05:00:00 PM,299,103,196
03/23/2021 06:00:00 PM,220,91,129
03/23/2021 07:00:00 PM,132,47,85
03/23/2021 08:00:00 PM,54,29,25
03/23/2021 09:00:00 PM,24,15,9
03/23/2021 10:00:00 PM,16,3,13
03/23/2021 11:00:00 PM,7,4,3
03/24/2021 12:00:00 AM,4,1,3
03/24/2021 01:00:00 AM,3,2,1
03/24/2021 02:00:00 AM,0,0,0
03/24/2021 03:00:00 AM,0,0,0
03/24/2021 04:00:00 AM,1,0,1
03/24/2021 05:00:00 AM,14,8,6
03/24/2021 06:00:00 AM,43,14,29
03/24/2021 07:00:00 AM,71,29,42
03/24/2021 08:00:00 AM,98,42,56
03/24/2021 09:00:00 AM,52,21,31
03/24/2021 10:00:00 AM,34,15,19
03/24/2021 11:00:00 AM,23,5,18
03/24/2021 12:00:00 PM,62,25,37
03/24/2021 01:00:00 PM,49,23,26
03/24/2021 02:00:00 PM,50,20,30
03/24/2021 03:00:00 PM,60,27,33
03/24/2021 04:00:00 PM,80,35,45
03/24/2021 05:00:00 PM,96,32,64
03/24/2021 06:00:00 PM,60,24,36
03/24/2021 07:00:00 PM,48,11,37
03/24/2021 08:00:00 PM,26,12,14
03/24/2021 09:00:00 PM,13,4,9
03/24/2021 10:00:00 PM,10,4,6
03/24/2021 11:00:00 PM,7,2,5
03/25/2021 12:00:00 AM,0,0,0
03/25/2021 01:00:00 AM,0,0,0
03/25/2021 02:00:00 AM,2,1,1
03/25/2021 03:00:00 AM,1,0,1
03/25/2021 04:00:00 AM,3,0,3
03/25/2021 05:00:00 AM,17,8,9
03/25/2021 06:00:00 AM,34,10,24
03/25/2021 07:00:00 AM,76,32,44
03/25/2021 08:00:00 AM,98,33,65
03/25/2021 09:00:00 AM,73,20,53
03/25/2021 10:00:00 AM,44,18,26
03/25/2021 11:00:00 AM,44,20,24
03/25/2021 12:00:00 PM,59,35,24
03/25/2021 01:00:00 PM,74,28,46
03/25/2021 02:00:00 PM,83,36,47
03/25/2021 03:00:00 PM,126,50,76
03/25/2021 04:00:00 PM,217,92,125
03/25/2021 05:00:00 PM,278,108,170
03/25/2021 06:00:00 PM,225,88,137
03/25/2021 07:00:00 PM,123,58,65
03/25/2021 08:00:00 PM,49,26,23
03/25/2021 09:00:00 PM,32,12,20
03/25/2021 10:00:00 PM,14,4,10
03/25/2021 11:00:00 PM,11,4,7
03/26/2021 12:00:00 AM,4,1,3
03/26/2021 01:00:00 AM,4,2,2
03/26/2021 02:00:00 AM,1,0,1
03/26/2021 03:00:00 AM,2,1,1
03/26/2021 04:00:00 AM,4,2,2
03/26/2021 05:00:00 AM,20,6,14
03/26/2021 06:00:00 AM,49,15,34
03/26/2021 07:00:00 AM,110,49,61
03/26/2021 08:00:00 AM,126,39,87
03/26/2021 09:00:00 AM,86,38,48
03/26/2021 10:00:00 AM,62,28,34
03/26/2021 11:00:00 AM,70,31,39
03/26/2021 12:00:00 PM,112,49,63
03/26/2021 01:00:00 PM,97,46,51
03/26/2021 02:00:00 PM,101,52,49
03/26/2021 03:00:00 PM,132,61,71
03/26/2021 04:00:00 PM,190,79,111
03/26/2021 05:00:00 PM,223,81,142
03/26/2021 06:00:00 PM,187,75,112
03/26/2021 07:00:00 PM,94,31,63
03/26/2021 08:00:00 PM,37,10,27
03/26/2021 09:00:00 PM,28,13,15
03/26/2021 10:00:00 PM,22,7,15
03/26/2021 11:00:00 PM,20,8,12
03/27/2021 12:00:00 AM,11,7,4
03/27/2021 01:00:00 AM,0,0,0
03/27/2021 02:00:00 AM,0,0,0
03/27/2021 03:00:00 AM,1,0,1
03/27/2021 04:00:00 AM,5,2,3
03/27/2021 05:00:00 AM,10,5,5
03/27/2021 06:00:00 AM,15,4,11
03/27/2021 07:00:00 AM,41,12,29
03/27/2021 08:00:00 AM,65,34,31
03/27/2021 09:00:00 AM,127,56,71
03/27/2021 10:00:00 AM,155,57,98
03/27/2021 11:00:00 AM,203,90,113
03/27/2021 12:00:00 PM,218,102,116
03/27/2021 01:00:00 PM,254,110,144
03/27/2021 02:00:00 PM,304,147,157
03/27/2021 03:00:00 PM,353,172,181
03/27/2021 04:00:00 PM,295,124,171
03/27/2021 05:00:00 PM,200,80,120
03/27/2021 06:00:00 PM,161,69,92
03/27/2021 07:00:00 PM,84,44,40
03/27/2021 08:00:00 PM,48,23,25
03/27/2021 09:00:00 PM,22,6,16
03/27/2021 10:00:00 PM,15,8,7
03/27/2021 11:00:00 PM,11,6,5
03/28/2021 12:00:00 AM,10,5,5
03/28/2021 01:00:00 AM,1,0,1
03/28/2021 02:00:00 AM,1,0,1
03/28/2021 03:00:00 AM,2,1,1
03/28/2021 04:00:00 AM,3,1,2
03/28/2021 05:00:00 AM,6,3,3
03/28/2021 06:00:00 AM,13,5,8
03/28/2021 07:00:00 AM,19,9,10
03/28/2021 08:00:00 AM,23,15,8
03/28/2021 09:00:00 AM,37,22,15
03/28/2021 10:00:00 AM,35,19,16
03/28/2021 11:00:00 AM,29,21,8
03/28/2021 12:00:00 PM,31,16,15
03/28/2021 01:00:00 PM,13,7,6
03/28/2021 02:00:00 PM,6,4,2
03/28/2021 03:00:00 PM,12,4,8
03/28/2021 04:00:00 PM,22,8,14
03/28/2021 05:00:00 PM,30,12,18
03/28/2021 06:00:00 PM,30,15,15
03/28/2021 07:00:00 PM,28,9,19
03/28/2021 08:00:00 PM,20,5,15
03/28/2021 09:00:00 PM,9,3,6
03/28/2021 10:00:00 PM,6,3,3
03/28/2021 11:00:00 PM,3,2,1
03/29/2021 12:00:00 AM,2,0,2
03/29/2021 01:00:00 AM,1,0,1
03/29/2021 02:00:00 AM,0,0,0
03/29/2021 03:00:00 AM,0,0,0
03/29/2021 04:00:00 AM,7,3,4
03/29/2021 05:00:00 AM,14,6,8
03/29/2021 06:00:00 AM,58,20,38
03/29/2021 07:00:00 AM,90,40,50
03/29/2021 08:00:00 AM,137,46,91
03/29/2021 09:00:00 AM,97,30,67
03/29/2021 10:00:00 AM,81,36,45
03/29/2021 11:00:00 AM,72,25,47
03/29/2021 12:00:00 PM,81,41,40
03/29/2021 01:00:00 PM,97,41,56
03/29/2021 02:00:00 PM,102,33,69
03/29/2021 03:00:00 PM,147,70,77
03/29/2021 04:00:00 PM,184,76,108
03/29/2021 05:00:00 PM,280,103,177
03/29/2021 06:00:00 PM,211,75,136
03/29/2021 07:00:00 PM,120,59,61
03/29/2021 08:00:00 PM,47,13,34
03/29/2021 09:00:00 PM,13,5,8
03/29/2021 10:00:00 PM,16,7,9
03/29/2021 11:00:00 PM,11,3,8
03/30/2021 12:00:00 AM,2,0,2
03/30/2021 01:00:00 AM,1,0,1
03/30/2021 02:00:00 AM,0,0,0
03/30/2021 03:00:00 AM,2,1,1
03/30/2021 04:00:00 AM,2,1,1
03/30/2021 05:00:00 AM,17,10,7
03/30/2021 06:00:00 AM,63,24,39
03/30/2021 07:00:00 AM,129,58,71
03/30/2021 08:00:00 AM,159,69,90
03/30/2021 09:00:00 AM,86,30,56
03/30/2021 10:00:00 AM,70,30,40
03/30/2021 11:00:00 AM,87,41,46
03/30/2021 12:00:00 PM,119,40,79
03/30/2021 01:00:00 PM,125,61,64
03/30/2021 02:00:00 PM,142,67,75
03/30/2021 03:00:00 PM,208,102,106
03/30/2021 04:00:00 PM,233,108,125
03/30/2021 05:00:00 PM,352,129,223
03/30/2021 06:00:00 PM,266,101,165
03/30/2021 07:00:00 PM,164,66,98
03/30/2021 08:00:00 PM,55,27,28
03/30/2021 09:00:00 PM,29,15,14
03/30/2021 10:00:00 PM,17,5,12
03/30/2021 11:00:00 PM,14,4,10
03/31/2021 12:00:00 AM,6,1,5
03/31/2021 01:00:00 AM,2,0,2
03/31/2021 02:00:00 AM,2,0,2
03/31/2021 03:00:00 AM,0,0,0
03/31/2021 04:00:00 AM,6,2,4
03/31/2021 05:00:00 AM,16,10,6
03/31/2021 06:00:00 AM,53,23,30
03/31/2021 07:00:00 AM,140,58,82
03/31/2021 08:00:00 AM,163,71,92
03/31/2021 09:00:00 AM,103,47,56
03/31/2021 10:00:00 AM,85,39,46
03/31/2021 11:00:00 AM,101,50,51
03/31/2021 12:00:00 PM,132,57,75
03/31/2021 01:00:00 PM,170,80,90
03/31/2021 02:00:00 PM,144,71,73
03/31/2021 03:00:00 PM,219,86,133
03/31/2021 04:00:00 PM,286,130,156
03/31/2021 05:00:00 PM,400,151,249
03/31/2021 06:00:00 PM,282,111,171
03/31/2021 07:00:00 PM,194,84,110
03/31/2021 08:00:00 PM,74,37,37
03/31/2021 09:00:00 PM,42,25,17
03/31/2021 10:00:00 PM,30,10,20
03/31/2021 11:00:00 PM,10,3,7
04/01/2021 12:00:00 AM,5,1,4
04/01/2021 01:00:00 AM,3,1,2
04/01/2021 02:00:00 AM,2,1,1
04/01/2021 03:00:00 AM,0,0,0
04/01/2021 04:00:00 AM,5,1,4
04/01/2021 05:00:00 AM,18,12,6
04/01/2021 06:00:00 AM,65,29,36
04/01/2021 07:00:00 AM,123,50,73
04/01/2021 08:00:00 AM,159,65,94
04/01/2021 09:00:00 AM,85,27,58
04/01/2021 10:00:00 AM,73,30,43
04/01/2021 11:00:00 AM,92,42,50
04/01/2021 12:00:00 PM,104,48,56
04/01/2021 01:00:00 PM,104,48,56
04/01/2021 02:00:00 PM,122,52,70
04/01/2021 03:00:00 PM,181,69,112
04/01/2021 04:00:00 PM,198,70,128
04/01/2021 05:00:00 PM,283,111,172
04/01/2021 06:00:00 PM,216,93,123
04/01/2021 07:00:00 PM,93,33,60
04/01/2021 08:00:00 PM,71,36,35
04/01/2021 09:00:00 PM,27,11,16
04/01/2021 10:00:00 PM,27,13,14
04/01/2021 11:00:00 PM,17,3,14
04/02/2021 12:00:00 AM,1,0,1
04/02/2021 01:00:00 AM,6,1,5
04/02/2021 02:00:00 AM,0,0,0
04/02/2021 03:00:00 AM,0,0,0
04/02/2021 04:00:00 AM,3,2,1
04/02/2021 05:00:00 AM,24,11,13
04/02/2021 06:00:00 AM,56,20,36
04/02/2021 07:00:00 AM,116,44,72
04/02/2021 08:00:00 AM,136,51,85
04/02/2021 09:00:00 AM,107,45,62
04/02/2021 10:00:00 AM,72,38,34
04/02/2021 11:00:00 AM,80,37,43
04/02/2021 12:00:00 PM,99,46,53
04/02/2021 01:00:00 PM,96,45,51
04/02/2021 02:00:00 PM,157,63,94
04/02/2021 03:00:00 PM,177,79,98
04/02/2021 04:00:00 PM,222,79,143
04/02/2021 05:00:00 PM,289,124,165
04/02/2021 06:00:00 PM,204,84,120
04/02/2021 07:00:00 PM,97,45,52
04/02/2021 08:00:00 PM,50,22,28
04/02/2021 09:00:00 PM,35,13,22
04/02/2021 10:00:00 PM,23,13,10
04/02/2021 11:00:00 PM,28,8,20
04/03/2021 12:00:00 AM,15,3,12
04/03/2021 01:00:00 AM,3,0,3
04/03/2021 02:00:00 AM,4,3,1
04/03/2021 03:00:00 AM,1,0,1
04/03/2021 04:00:00 AM,2,0,2
04/03/2021 05:00:00 AM,4,2,2
04/03/2021 06:00:00 AM,17,7,10
04/03/2021 07:00:00 AM,41,20,21
04/03/2021 08:00:00 AM,72,31,41
04/03/2021 09:00:00 AM,108,51,57
04/03/2021 10:00:00 AM,186,90,96
04/03/2021 11:00:00 AM,190,91,99
04/03/2021 12:00:00 PM,266,115,151
04/03/2021 01:00:00 PM,257,125,132
04/03/2021 02:00:00 PM,281,131,150
04/03/2021 03:00:00 PM,337,169,168
04/03/2021 04:00:00 PM,268,139,129
04/03/2021 05:00:00 PM,203,75,128
04/03/2021 06:00:00 PM,145,65,80
04/03/2021 07:00:00 PM,71,40,31
04/03/2021 08:00:00 PM,27,10,17
04/03/2021 09:00:00 PM,27,10,17
04/03/2021 10:00:00 PM,19,5,14
04/03/2021 11:00:00 PM,8,1,7
04/04/2021 12:00:00 AM,5,1,4
04/04/2021 01:00:00 AM,1,0,1
04/04/2021 02:00:00 AM,5,2,3
04/04/2021 03:00:00 AM,1,1,0
04/04/2021 04:00:00 AM,1,0,1
04/04/2021 05:00:00 AM,2,1,1
04/04/2021 06:00:00 AM,4,2,2
04/04/2021 07:00:00 AM,10,5,5
04/04/2021 08:00:00 AM,27,13,14
04/04/2021 09:00:00 AM,52,18,34
04/04/2021 10:00:00 AM,71,42,29
04/04/2021 11:00:00 AM,75,33,42
04/04/2021 12:00:00 PM,68,34,34
04/04/2021 01:00:00 PM,107,34,73
04/04/2021 02:00:00 PM,142,70,72
04/04/2021 03:00:00 PM,114,57,57
04/04/2021 04:00:00 PM,92,63,29
04/04/2021 05:00:00 PM,74,35,39
04/04/2021 06:00:00 PM,78,26,52
04/04/2021 07:00:00 PM,50,25,25
04/04/2021 08:00:00 PM,25,15,10
04/04/2021 09:00:00 PM,16,6,10
04/04/2021 10:00:00 PM,14,3,11
04/04/2021 11:00:00 PM,4,1,3
04/05/2021 12:00:00 AM,3,2,1
04/05/2021 01:00:00 AM,5,2,3
04/05/2021 02:00:00 AM,0,0,0
04/05/2021 03:00:00 AM,0,0,0
04/05/2021 04:00:00 AM,6,3,3
04/05/2021 05:00:00 AM,23,10,13
04/05/2021 06:00:00 AM,54,21,33
04/05/2021 07:00:00 AM,129,54,75
04/05/2021 08:00:00 AM,144,45,99
04/05/2021 09:00:00 AM,88,36,52
04/05/2021 10:00:00 AM,71,33,38
04/05/2021 11:00:00 AM,76,29,47
04/05/2021 12:00:00 PM,131,74,57
04/05/2021 01:00:00 PM,123,54,69
04/05/2021 02:00:00 PM,146,67,79
04/05/2021 03:00:00 PM,203,103,100
04/05/2021 04:00:00 PM,260,102,158
04/05/2021 05:00:00 PM,378,149,229
04/05/2021 06:00:00 PM,284,103,181
04/05/2021 07:00:00 PM,131,48,83
04/05/2021 08:00:00 PM,68,28,40
04/05/2021 09:00:00 PM,26,8,18
04/05/2021 10:00:00 PM,21,10,11
04/05/2021 11:00:00 PM,16,1,15
04/06/2021 12:00:00 AM,3,1,2
04/06/2021 01:00:00 AM,6,3,3
04/06/2021 02:00:00 AM,6,4,2
04/06/2021 03:00:00 AM,1,0,1
04/06/2021 04:00:00 AM,4,2,2
04/06/2021 05:00:00 AM,19,10,9
04/06/2021 06:00:00 AM,56,22,34
04/06/2021 07:00:00 AM,150,72,78
04/06/2021 08:00:00 AM,172,68,104
04/06/2021 09:00:00 AM,103,45,58
04/06/2021 10:00:00 AM,72,48,24
04/06/2021 11:00:00 AM,94,42,52
04/06/2021 12:00:00 PM,121,51,70
04/06/2021 01:00:00 PM,159,78,81
04/06/2021 02:00:00 PM,157,68,89
04/06/2021 03:00:00 PM,209,103,106
04/06/2021 04:00:00 PM,333,130,203
04/06/2021 05:00:00 PM,392,126,266
04/06/2021 06:00:00 PM,264,111,153
04/06/2021 07:00:00 PM,169,78,91
04/06/2021 08:00:00 PM,85,29,56
04/06/2021 09:00:00 PM,40,18,22
04/06/2021 10:00:00 PM,15,8,7
04/06/2021 11:00:00 PM,7,1,6
04/07/2021 12:00:00 AM,3,2,1
04/07/2021 01:00:00 AM,1,0,1
04/07/2021 02:00:00 AM,3,1,2
04/07/2021 03:00:00 AM,1,0,1
04/07/2021 04:00:00 AM,4,2,2
04/07/2021 05:00:00 AM,12,7,5
04/07/2021 06:00:00 AM,59,25,34
04/07/2021 07:00:00 AM,127,63,64
04/07/2021 08:00:00 AM,124,57,67
04/07/2021 09:00:00 AM,72,24,48
04/07/2021 10:00:00 AM,52,18,34
04/07/2021 11:00:00 AM,50,36,14
04/07/2021 12:00:00 PM,55,19,36
04/07/2021 01:00:00 PM,58,31,27
04/07/2021 02:00:00 PM,46,17,29
04/07/2021 03:00:00 PM,59,29,30
04/07/2021 04:00:00 PM,106,40,66
04/07/2021 05:00:00 PM,168,52,116
04/07/2021 06:00:00 PM,127,55,72
04/07/2021 07:00:00 PM,76,22,54
04/07/2021 08:00:00 PM,26,9,17
04/07/2021 09:00:00 PM,26,13,13
04/07/2021 10:00:00 PM,14,6,8
04/07/2021 11:00:00 PM,7,2,5
04/08/2021 12:00:00 AM,0,0,0
04/08/2021 01:00:00 AM,1,0,1
04/08/2021 02:00:00 AM,0,0,0
04/08/2021 03:00:00 AM,0,0,0
04/08/2021 04:00:00 AM,6,2,4
04/08/2021 05:00:00 AM,15,8,7
04/08/2021 06:00:00 AM,72,31,41
04/08/2021 07:00:00 AM,107,54,53
04/08/2021 08:00:00 AM,141,52,89
04/08/2021 09:00:00 AM,85,31,54
04/08/2021 10:00:00 AM,76,32,44
04/08/2021 11:00:00 AM,70,34,36
04/08/2021 12:00:00 PM,100,49,51
04/08/2021 01:00:00 PM,122,49,73
04/08/2021 02:00:00 PM,128,56,72
04/08/2021 03:00:00 PM,187,88,99
04/08/2021 04:00:00 PM,234,94,140
04/08/2021 05:00:00 PM,324,129,195
04/08/2021 06:00:00 PM,257,87,170
04/08/2021 07:00:00 PM,138,55,83
04/08/2021 08:00:00 PM,72,38,34
04/08/2021 09:00:00 PM,30,15,15
04/08/2021 10:00:00 PM,25,7,18
04/08/2021 11:00:00 PM,7,3,4
04/09/2021 12:00:00 AM,12,5,7
04/09/2021 01:00:00 AM,1,0,1
04/09/2021 02:00:00 AM,1,0,1
04/09/2021 03:00:00 AM,2,0,2
04/09/2021 04:00:00 AM,2,0,2
04/09/2021 05:00:00 AM,18,10,8
04/09/2021 06:00:00 AM,48,24,24
04/09/2021 07:00:00 AM,130,53,77
04/09/2021 08:00:00 AM,143,63,80
04/09/2021 09:00:00 AM,88,23,65
04/09/2021 10:00:00 AM,77,32,45
04/09/2021 11:00:00 AM,67,20,47
04/09/2021 12:00:00 PM,80,30,50
04/09/2021 01:00:00 PM,91,41,50
04/09/2021 02:00:00 PM,96,28,68
04/09/2021 03:00:00 PM,121,52,69
04/09/2021 04:00:00 PM,157,69,88
04/09/2021 05:00:00 PM,183,68,115
04/09/2021 06:00:00 PM,125,45,80
04/09/2021 07:00:00 PM,86,33,53
04/09/2021 08:00:00 PM,36,17,19
04/09/2021 09:00:00 PM,20,9,11
04/09/2021 10:00:00 PM,16,8,8
04/09/2021 11:00:00 PM,14,6,8
04/10/2021 12:00:00 AM,2,0,2
04/10/2021 01:00:00 AM,3,1,2
04/10/2021 02:00:00 AM,0,0,0
04/10/2021 03:00:00 AM,1,0,1
04/10/2021 04:00:00 AM,1,0,1
04/10/2021 05:00:00 AM,5,3,2
04/10/2021 06:00:00 AM,11,4,7
04/10/2021 07:00:00 AM,30,12,18
04/10/2021 08:00:00 AM,48,17,31
04/10/2021 09:00:00 AM,90,37,53
04/10/2021 10:00:00 AM,128,56,72
04/10/2021 11:00:00 AM,165,78,87
04/10/2021 12:00:00 PM,184,87,97
04/10/2021 01:00:00 PM,178,80,98
04/10/2021 02:00:00 PM,227,108,119
04/10/2021 03:00:00 PM,259,127,132
04/10/2021 04:00:00 PM,228,97,131
04/10/2021 05:00:00 PM,145,74,71
04/10/2021 06:00:00 PM,112,42,70
04/10/2021 07:00:00 PM,57,20,37
04/10/2021 08:00:00 PM,41,17,24
04/10/2021 09:00:00 PM,21,10,11
04/10/2021 10:00:00 PM,12,5,7
04/10/2021 11:00:00 PM,13,9,4
04/11/2021 12:00:00 AM,15,5,10
04/11/2021 01:00:00 AM,2,2,0
04/11/2021 02:00:00 AM,1,0,1
04/11/2021 03:00:00 AM,1,1,0
04/11/2021 04:00:00 AM,1,1,0
04/11/2021 05:00:00 AM,4,3,1
04/11/2021 06:00:00 AM,20,9,11
04/11/2021 07:00:00 AM,26,10,16
04/11/2021 08:00:00 AM,49,17,32
04/11/2021 09:00:00 AM,105,41,64
04/11/2021 10:00:00 AM,192,98,94
04/11/2021 11:00:00 AM,272,106,166
04/11/2021 12:00:00 PM,246,113,133
04/11/2021 01:00:00 PM,282,120,162
04/11/2021 02:00:00 PM,343,156,187
04/11/2021 03:00:00 PM,295,125,170
04/11/2021 04:00:00 PM,294,143,151
04/11/2021 05:00:00 PM,219,106,113
04/11/2021 06:00:00 PM,135,59,76
04/11/2021 07:00:00 PM,68,29,39
04/11/2021 08:00:00 PM,40,15,25
04/11/2021 09:00:00 PM,11,5,6
04/11/2021 10:00:00 PM,14,8,6
04/11/2021 11:00:00 PM,9,2,7
04/12/2021 12:00:00 AM,3,0,3
04/12/2021 01:00:00 AM,2,1,1
04/12/2021 02:00:00 AM,1,1,0
04/12/2021 03:00:00 AM,0,0,0
04/12/2021 04:00:00 AM,7,4,3
04/12/2021 05:00:00 AM,20,10,10
04/12/2021 06:00:00 AM,52,24,28
04/12/2021 07:00:00 AM,112,50,62
04/12/2021 08:00:00 AM,129,50,79
04/12/2021 09:00:00 AM,97,44,53
04/12/2021 10:00:00 AM,86,47,39
04/12/2021 11:00:00 AM,77,29,48
04/12/2021 12:00:00 PM,97,45,52
04/12/2021 01:00:00 PM,110,42,68
04/12/2021 02:00:00 PM,117,39,78
04/12/2021 03:00:00 PM,140,59,81
04/12/2021 04:00:00 PM,204,81,123
04/12/2021 05:00:00 PM,271,88,183
04/12/2021 06:00:00 PM,206,80,126
04/12/2021 07:00:00 PM,154,47,107
04/12/2021 08:00:00 PM,80,38,42
04/12/2021 09:00:00 PM,22,7,15
04/12/2021 10:00:00 PM,10,4,6
04/12/2021 11:00:00 PM,10,2,8
04/13/2021 12:00:00 AM,2,0,2
04/13/2021 01:00:00 AM,1,0,1
04/13/2021 02:00:00 AM,1,0,1
04/13/2021 03:00:00 AM,2,2,0
04/13/2021 04:00:00 AM,3,2,1
04/13/2021 05:00:00 AM,23,13,10
04/13/2021 06:00:00 AM,70,24,46
04/13/2021 07:00:00 AM,127,53,74
04/13/2021 08:00:00 AM,161,62,99
04/13/2021 09:00:00 AM,107,33,74
04/13/2021 10:00:00 AM,84,39,45
04/13/2021 11:00:00 AM,89,43,46
04/13/2021 12:00:00 PM,125,55,70
04/13/2021 01:00:00 PM,133,57,76
04/13/2021 02:00:00 PM,151,63,88
04/13/2021 03:00:00 PM,167,68,99
04/13/2021 04:00:00 PM,246,111,135
04/13/2021 05:00:00 PM,374,152,222
04/13/2021 06:00:00 PM,274,119,155
04/13/2021 07:00:00 PM,173,67,106
04/13/2021 08:00:00 PM,92,32,60
04/13/2021 09:00:00 PM,28,15,13
04/13/2021 10:00:00 PM,13,4,9
04/13/2021 11:00:00 PM,13,4,9
04/14/2021 12:00:00 AM,3,1,2
04/14/2021 01:00:00 AM,1,0,1
04/14/2021 02:00:00 AM,0,0,0
04/14/2021 03:00:00 AM,0,0,0
04/14/2021 04:00:00 AM,8,4,4
04/14/2021 05:00:00 AM,27,14,13
04/14/2021 06:00:00 AM,67,30,37
04/14/2021 07:00:00 AM,136,69,67
04/14/2021 08:00:00 AM,158,70,88
04/14/2021 09:00:00 AM,99,39,60
04/14/2021 10:00:00 AM,103,41,62
04/14/2021 11:00:00 AM,115,48,67
04/14/2021 12:00:00 PM,112,56,56
04/14/2021 01:00:00 PM,125,53,72
04/14/2021 02:00:00 PM,167,64,103
04/14/2021 03:00:00 PM,190,95,95
04/14/2021 04:00:00 PM,263,115,148
04/14/2021 05:00:00 PM,376,150,226
04/14/2021 06:00:00 PM,278,111,167
04/14/2021 07:00:00 PM,191,78,113
04/14/2021 08:00:00 PM,97,36,61
04/14/2021 09:00:00 PM,38,13,25
04/14/2021 10:00:00 PM,25,12,13
04/14/2021 11:00:00 PM,26,9,17
04/15/2021 12:00:00 AM,4,2,2
04/15/2021 01:00:00 AM,4,0,4
04/15/2021 02:00:00 AM,2,1,1
04/15/2021 03:00:00 AM,0,0,0
04/15/2021 04:00:00 AM,9,4,5
04/15/2021 05:00:00 AM,21,10,11
04/15/2021 06:00:00 AM,66,28,38
04/15/2021 07:00:00 AM,146,61,85
04/15/2021 08:00:00 AM,144,62,82
04/15/2021 09:00:00 AM,112,39,73
04/15/2021 10:00:00 AM,99,37,62
04/15/2021 11:00:00 AM,100,42,58
04/15/2021 12:00:00 PM,135,56,79
04/15/2021 01:00:00 PM,142,56,86
04/15/2021 02:00:00 PM,177,86,91
04/15/2021 03:00:00 PM,201,96,105
04/15/2021 04:00:00 PM,323,151,172
04/15/2021 05:00:00 PM,412,174,238
04/15/2021 06:00:00 PM,314,131,183
04/15/2021 07:00:00 PM,219,91,128
04/15/2021 08:00:00 PM,106,54,52
04/15/2021 09:00:00 PM,40,15,25
04/15/2021 10:00:00 PM,27,13,14
04/15/2021 11:00:00 PM,11,4,7
04/16/2021 12:00:00 AM,7,1,6
04/16/2021 01:00:00 AM,6,2,4
04/16/2021 02:00:00 AM,0,0,0
04/16/2021 03:00:00 AM,1,1,0
04/16/2021 04:00:00 AM,5,2,3
04/16/2021 05:00:00 AM,16,4,12
04/16/2021 06:00:00 AM,50,21,29
04/16/2021 07:00:00 AM,117,48,69
04/16/2021 08:00:00 AM,161,60,101
04/16/2021 09:00:00 AM,114,38,76
04/16/2021 10:00:00 AM,132,45,87
04/16/2021 11:00:00 AM,125,55,70
04/16/2021 12:00:00 PM,157,76,81
04/16/2021 01:00:00 PM,151,62,89
04/16/2021 02:00:00 PM,192,87,105
04/16/2021 03:00:00 PM,254,120,134
04/16/2021 04:00:00 PM,286,110,176
04/16/2021 05:00:00 PM,382,150,232
04/16/2021 06:00:00 PM,259,100,159
04/16/2021 07:00:00 PM,185,87,98
04/16/2021 08:00:00 PM,122,57,65
04/16/2021 09:00:00 PM,72,29,43
04/16/2021 10:00:00 PM,50,27,23
04/16/2021 11:00:00 PM,19,8,11
04/17/2021 12:00:00 AM,16,9,7
04/17/2021 01:00:00 AM,2,1,1
04/17/2021 02:00:00 AM,4,3,1
04/17/2021 03:00:00 AM,3,3,0
04/17/2021 04:00:00 AM,2,0,2
04/17/2021 05:00:00 AM,5,2,3
04/17/2021 06:00:00 AM,19,7,12
04/17/2021 07:00:00 AM,68,27,41
04/17/2021 08:00:00 AM,100,47,53
04/17/2021 09:00:00 AM,185,81,104
04/17/2021 10:00:00 AM,243,123,120
04/17/2021 11:00:00 AM,330,118,212
04/17/2021 12:00:00 PM,327,133,194
04/17/2021 01:00:00 PM,334,178,156
04/17/2021 02:00:00 PM,414,196,218
04/17/2021 03:00:00 PM,339,154,185
04/17/2021 04:00:00 PM,332,153,179
04/17/2021 05:00:00 PM,296,128,168
04/17/2021 06:00:00 PM,228,106,122
04/17/2021 07:00:00 PM,174,63,111
04/17/2021 08:00:00 PM,118,50,68
04/17/2021 09:00:00 PM,57,22,35
04/17/2021 10:00:00 PM,22,7,15
04/17/2021 11:00:00 PM,25,9,16
04/18/2021 12:00:00 AM,17,4,13
04/18/2021 01:00:00 AM,7,1,6
04/18/2021 02:00:00 AM,4,1,3
04/18/2021 03:00:00 AM,1,0,1
04/18/2021 04:00:00 AM,1,1,0
04/18/2021 05:00:00 AM,5,3,2
04/18/2021 06:00:00 AM,15,9,6
04/18/2021 07:00:00 AM,45,17,28
04/18/2021 08:00:00 AM,83,44,39
04/18/2021 09:00:00 AM,166,64,102
04/18/2021 10:00:00 AM,225,106,119
04/18/2021 11:00:00 AM,261,119,142
04/18/2021 12:00:00 PM,317,158,159
04/18/2021 01:00:00 PM,368,157,211
04/18/2021 02:00:00 PM,344,163,181
04/18/2021 03:00:00 PM,314,163,151
04/18/2021 04:00:00 PM,337,158,179
04/18/2021 05:00:00 PM,254,127,127
04/18/2021 06:00:00 PM,235,104,131
04/18/2021 07:00:00 PM,129,64,65
04/18/2021 08:00:00 PM,79,32,47
04/18/2021 09:00:00 PM,36,14,22
04/18/2021 10:00:00 PM,14,6,8
04/18/2021 11:00:00 PM,10,1,9
04/19/2021 12:00:00 AM,2,1,1
04/19/2021 01:00:00 AM,3,0,3
04/19/2021 02:00:00 AM,2,0,2
04/19/2021 03:00:00 AM,1,0,1
04/19/2021 04:00:00 AM,9,5,4
04/19/2021 05:00:00 AM,20,11,9
04/19/2021 06:00:00 AM,61,20,41
04/19/2021 07:00:00 AM,174,71,103
04/19/2021 08:00:00 AM,192,70,122
04/19/2021 09:00:00 AM,113,36,77
04/19/2021 10:00:00 AM,99,31,68
04/19/2021 11:00:00 AM,90,37,53
04/19/2021 12:00:00 PM,116,52,64
04/19/2021 01:00:00 PM,80,37,43
04/19/2021 02:00:00 PM,168,80,88
04/19/2021 03:00:00 PM,198,76,122
04/19/2021 04:00:00 PM,296,113,183
04/19/2021 05:00:00 PM,380,129,251
04/19/2021 06:00:00 PM,285,103,182
04/19/2021 07:00:00 PM,178,72,106
04/19/2021 08:00:00 PM,99,46,53
04/19/2021 09:00:00 PM,36,11,25
04/19/2021 10:00:00 PM,13,5,8
04/19/2021 11:00:00 PM,10,3,7
04/20/2021 12:00:00 AM,10,5,5
04/20/2021 01:00:00 AM,1,1,0
04/20/2021 02:00:00 AM,1,0,1
04/20/2021 03:00:00 AM,5,5,0
04/20/2021 04:00:00 AM,7,4,3
04/20/2021 05:00:00 AM,27,9,18
04/20/2021 06:00:00 AM,80,31,49
04/20/2021 07:00:00 AM,186,95,91
04/20/2021 08:00:00 AM,211,92,119
04/20/2021 09:00:00 AM,138,63,75
04/20/2021 10:00:00 AM,113,46,67
04/20/2021 11:00:00 AM,102,40,62
04/20/2021 12:00:00 PM,142,59,83
04/20/2021 01:00:00 PM,126,52,74
04/20/2021 02:00:00 PM,148,54,94
04/20/2021 03:00:00 PM,211,92,119
04/20/2021 04:00:00 PM,328,133,195
04/20/2021 05:00:00 PM,420,154,266
04/20/2021 06:00:00 PM,343,135,208
04/20/2021 07:00:00 PM,232,106,126
04/20/2021 08:00:00 PM,147,71,76
04/20/2021 09:00:00 PM,57,32,25
04/20/2021 10:00:00 PM,27,11,16
04/20/2021 11:00:00 PM,15,5,10
04/21/2021 12:00:00 AM,6,2,4
04/21/2021 01:00:00 AM,4,1,3
04/21/2021 02:00:00 AM,2,2,0
04/21/2021 03:00:00 AM,1,0,1
04/21/2021 04:00:00 AM,3,2,1
04/21/2021 05:00:00 AM,28,11,17
04/21/2021 06:00:00 AM,70,28,42
04/21/2021 07:00:00 AM,195,91,104
04/21/2021 08:00:00 AM,211,82,129
04/21/2021 09:00:00 AM,137,50,87
04/21/2021 10:00:00 AM,110,41,69
04/21/2021 11:00:00 AM,107,43,64
04/21/2021 12:00:00 PM,136,68,68
04/21/2021 01:00:00 PM,136,67,69
04/21/2021 02:00:00 PM,199,102,97
04/21/2021 03:00:00 PM,225,93,132
04/21/2021 04:00:00 PM,308,137,171
04/21/2021 05:00:00 PM,435,172,263
04/21/2021 06:00:00 PM,331,150,181
04/21/2021 07:00:00 PM,212,89,123
04/21/2021 08:00:00 PM,122,53,69
04/21/2021 09:00:00 PM,51,15,36
04/21/2021 10:00:00 PM,24,12,12
04/21/2021 11:00:00 PM,12,1,11
04/22/2021 12:00:00 AM,15,5,10
04/22/2021 01:00:00 AM,1,0,1
04/22/2021 02:00:00 AM,1,0,1
04/22/2021 03:00:00 AM,1,1,0
04/22/2021 04:00:00 AM,9,3,6
04/22/2021 05:00:00 AM,23,9,14
04/22/2021 06:00:00 AM,66,28,38
04/22/2021 07:00:00 AM,155,64,91
04/22/2021 08:00:00 AM,156,70,86
04/22/2021 09:00:00 AM,87,27,60
04/22/2021 10:00:00 AM,82,44,38
04/22/2021 11:00:00 AM,88,47,41
04/22/2021 12:00:00 PM,109,39,70
04/22/2021 01:00:00 PM,88,38,50
04/22/2021 02:00:00 PM,120,48,72
04/22/2021 03:00:00 PM,181,74,107
04/22/2021 04:00:00 PM,260,105,155
04/22/2021 05:00:00 PM,329,126,203
04/22/2021 06:00:00 PM,277,109,168
04/22/2021 07:00:00 PM,188,73,115
04/22/2021 08:00:00 PM,98,45,53
04/22/2021 09:00:00 PM,43,20,23
04/22/2021 10:00:00 PM,38,15,23
04/22/2021 11:00:00 PM,10,2,8
04/23/2021 12:00:00 AM,4,0,4
04/23/2021 01:00:00 AM,4,2,2
04/23/2021 02:00:00 AM,3,1,2
04/23/2021 03:00:00 AM,1,1,0
04/23/2021 04:00:00 AM,3,1,2
04/23/2021 05:00:00 AM,25,9,16
04/23/2021 06:00:00 AM,60,23,37
04/23/2021 07:00:00 AM,122,61,61
04/23/2021 08:00:00 AM,141,66,75
04/23/2021 09:00:00 AM,90,31,59
04/23/2021 10:00:00 AM,111,55,56
04/23/2021 11:00:00 AM,111,53,58
04/23/2021 12:00:00 PM,126,53,73
04/23/2021 01:00:00 PM,122,57,65
04/23/2021 02:00:00 PM,123,49,74
04/23/2021 03:00:00 PM,174,78,96
04/23/2021 04:00:00 PM,245,106,139
04/23/2021 05:00:00 PM,273,101,172
04/23/2021 06:00:00 PM,207,91,116
04/23/2021 07:00:00 PM,138,57,81
04/23/2021 08:00:00 PM,66,32,34
04/23/2021 09:00:00 PM,38,12,26
04/23/2021 10:00:00 PM,26,11,15
04/23/2021 11:00:00 PM,20,11,9
04/24/2021 12:00:00 AM,7,2,5
04/24/2021 01:00:00 AM,1,0,1
04/24/2021 02:00:00 AM,2,2,0
04/24/2021 03:00:00 AM,3,0,3
04/24/2021 04:00:00 AM,1,1,0
04/24/2021 05:00:00 AM,5,2,3
04/24/2021 06:00:00 AM,14,3,11
04/24/2021 07:00:00 AM,21,8,13
04/24/2021 08:00:00 AM,26,13,13
04/24/2021 09:00:00 AM,57,19,38
04/24/2021 10:00:00 AM,43,20,23
04/24/2021 11:00:00 AM,69,33,36
04/24/2021 12:00:00 PM,31,10,21
04/24/2021 01:00:00 PM,49,16,33
04/24/2021 02:00:00 PM,51,27,24
04/24/2021 03:00:00 PM,49,16,33
04/24/2021 04:00:00 PM,39,15,24
04/24/2021 05:00:00 PM,51,20,31
04/24/2021 06:00:00 PM,30,7,23
04/24/2021 07:00:00 PM,20,9,11
04/24/2021 08:00:00 PM,18,3,15
04/24/2021 09:00:00 PM,18,5,13
04/24/2021 10:00:00 PM,3,0,3
04/24/2021 11:00:00 PM,4,0,4
04/25/2021 12:00:00 AM,4,2,2
04/25/2021 01:00:00 AM,0,0,0
04/25/2021 02:00:00 AM,0,0,0
04/25/2021 03:00:00 AM,0,0,0
04/25/2021 04:00:00 AM,0,0,0
04/25/2021 05:00:00 AM,4,2,2
04/25/2021 06:00:00 AM,9,4,5
04/25/2021 07:00:00 AM,21,8,13
04/25/2021 08:00:00 AM,39,18,21
04/25/2021 09:00:00 AM,62,23,39
04/25/2021 10:00:00 AM,91,48,43
04/25/2021 11:00:00 AM,116,62,54
04/25/2021 12:00:00 PM,146,68,78
04/25/2021 01:00:00 PM,176,93,83
04/25/2021 02:00:00 PM,160,83,77
04/25/2021 03:00:00 PM,213,100,113
04/25/2021 04:00:00 PM,183,84,99
04/25/2021 05:00:00 PM,178,94,84
04/25/2021 06:00:00 PM,123,49,74
04/25/2021 07:00:00 PM,92,40,52
04/25/2021 08:00:00 PM,40,15,25
04/25/2021 09:00:00 PM,10,5,5
04/25/2021 10:00:00 PM,11,5,6
04/25/2021 11:00:00 PM,4,1,3
04/26/2021 12:00:00 AM,2,2,0
04/26/2021 01:00:00 AM,1,0,1
04/26/2021 02:00:00 AM,3,0,3
04/26/2021 03:00:00 AM,2,0,2
04/26/2021 04:00:00 AM,8,2,6
04/26/2021 05:00:00 AM,20,7,13
04/26/2021 06:00:00 AM,73,28,45
04/26/2021 07:00:00 AM,134,54,80
04/26/2021 08:00:00 AM,145,51,94
04/26/2021 09:00:00 AM,92,36,56
04/26/2021 10:00:00 AM,77,27,50
04/26/2021 11:00:00 AM,82,36,46
04/26/2021 12:00:00 PM,114,46,68
04/26/2021 01:00:00 PM,116,49,67
04/26/2021 02:00:00 PM,130,45,85
04/26/2021 03:00:00 PM,166,68,98
04/26/2021 04:00:00 PM,257,99,158
04/26/2021 05:00:00 PM,329,116,213
04/26/2021 06:00:00 PM,299,105,194
04/26/2021 07:00:00 PM,202,98,104
04/26/2021 08:00:00 PM,95,35,60
04/26/2021 09:00:00 PM,36,15,21
04/26/2021 10:00:00 PM,15,6,9
04/26/2021 11:00:00 PM,13,4,9
04/27/2021 12:00:00 AM,1,0,1
04/27/2021 01:00:00 AM,3,1,2
04/27/2021 02:00:00 AM,3,0,3
04/27/2021 03:00:00 AM,0,0,0
04/27/2021 04:00:00 AM,6,2,4
04/27/2021 05:00:00 AM,26,12,14
04/27/2021 06:00:00 AM,81,32,49
04/27/2021 07:00:00 AM,147,74,73
04/27/2021 08:00:00 AM,181,71,110
04/27/2021 09:00:00 AM,116,39,77
04/27/2021 10:00:00 AM,64,30,34
04/27/2021 11:00:00 AM,71,34,37
04/27/2021 12:00:00 PM,92,43,49
04/27/2021 01:00:00 PM,100,41,59
04/27/2021 02:00:00 PM,98,41,57
04/27/2021 03:00:00 PM,140,59,81
04/27/2021 04:00:00 PM,203,70,133
04/27/2021 05:00:00 PM,343,126,217
04/27/2021 06:00:00 PM,237,93,144
04/27/2021 07:00:00 PM,160,69,91
04/27/2021 08:00:00 PM,94,44,50
04/27/2021 09:00:00 PM,55,23,32
04/27/2021 10:00:00 PM,14,4,10
04/27/2021 11:00:00 PM,7,3,4
04/28/2021 12:00:00 AM,7,3,4
04/28/2021 01:00:00 AM,2,1,1
04/28/2021 02:00:00 AM,1,0,1
04/28/2021 03:00:00 AM,0,0,0
04/28/2021 04:00:00 AM,8,1,7
04/28/2021 05:00:00 AM,23,9,14
04/28/2021 06:00:00 AM,73,22,51
04/28/2021 07:00:00 AM,154,65,89
04/28/2021 08:00:00 AM,196,84,112
04/28/2021 09:00:00 AM,120,53,67
04/28/2021 10:00:00 AM,96,40,56
04/28/2021 11:00:00 AM,105,54,51
04/28/2021 12:00:00 PM,116,46,70
04/28/2021 01:00:00 PM,102,51,51
04/28/2021 02:00:00 PM,129,59,70
04/28/2021 03:00:00 PM,162,74,88
04/28/2021 04:00:00 PM,234,87,147
04/28/2021 05:00:00 PM,298,123,175
04/28/2021 06:00:00 PM,222,61,161
04/28/2021 07:00:00 PM,164,59,105
04/28/2021 08:00:00 PM,77,38,39
04/28/2021 09:00:00 PM,56,28,28
04/28/2021 10:00:00 PM,24,11,13
04/28/2021 11:00:00 PM,13,5,8
04/29/2021 12:00:00 AM,3,0,3
04/29/2021 01:00:00 AM,2,0,2
04/29/2021 02:00:00 AM,3,0,3
04/29/2021 03:00:00 AM,4,2,2
04/29/2021 04:00:00 AM,9,2,7
04/29/2021 05:00:00 AM,24,7,17
04/29/2021 06:00:00 AM,89,43,46
04/29/2021 07:00:00 AM,149,72,77
04/29/2021 08:00:00 AM,176,67,109
04/29/2021 09:00:00 AM,114,46,68
04/29/2021 10:00:00 AM,79,34,45
04/29/2021 11:00:00 AM,116,62,54
04/29/2021 12:00:00 PM,122,57,65
04/29/2021 01:00:00 PM,116,49,67
04/29/2021 02:00:00 PM,146,66,80
04/29/2021 03:00:00 PM,189,84,105
04/29/2021 04:00:00 PM,304,127,177
04/29/2021 05:00:00 PM,372,148,224
04/29/2021 06:00:00 PM,277,108,169
04/29/2021 07:00:00 PM,208,92,116
04/29/2021 08:00:00 PM,102,43,59
04/29/2021 09:00:00 PM,44,22,22
04/29/2021 10:00:00 PM,33,15,18
04/29/2021 11:00:00 PM,20,13,7
04/30/2021 12:00:00 AM,11,5,6
04/30/2021 01:00:00 AM,2,0,2
04/30/2021 02:00:00 AM,1,1,0
04/30/2021 03:00:00 AM,1,0,1
04/30/2021 04:00:00 AM,8,2,6
04/30/2021 05:00:00 AM,21,7,14
04/30/2021 06:00:00 AM,53,21,32
04/30/2021 07:00:00 AM,92,43,49
04/30/2021 08:00:00 AM,79,30,49
04/30/2021 09:00:00 AM,51,19,32
04/30/2021 10:00:00 AM,55,27,28
04/30/2021 11:00:00 AM,41,20,21
04/30/2021 12:00:00 PM,69,30,39
04/30/2021 01:00:00 PM,64,31,33
04/30/2021 02:00:00 PM,99,50,49
04/30/2021 03:00:00 PM,120,56,64
04/30/2021 04:00:00 PM,218,102,116
04/30/2021 05:00:00 PM,259,123,136
04/30/2021 06:00:00 PM,224,94,130
04/30/2021 07:00:00 PM,139,64,75
04/30/2021 08:00:00 PM,65,27,38
04/30/2021 09:00:00 PM,34,14,20
04/30/2021 10:00:00 PM,34,13,21
04/30/2021 11:00:00 PM,36,12,24
05/01/2021 12:00:00 AM,29,15,14
05/01/2021 01:00:00 AM,9,0,9
05/01/2021 02:00:00 AM,1,0,1
05/01/2021 03:00:00 AM,3,1,2
05/01/2021 04:00:00 AM,3,1,2
05/01/2021 05:00:00 AM,3,1,2
05/01/2021 06:00:00 AM,16,5,11
05/01/2021 07:00:00 AM,36,14,22
05/01/2021 08:00:00 AM,86,37,49
05/01/2021 09:00:00 AM,98,48,50
05/01/2021 10:00:00 AM,153,72,81
05/01/2021 11:00:00 AM,174,90,84
05/01/2021 12:00:00 PM,171,78,93
05/01/2021 01:00:00 PM,177,82,95
05/01/2021 02:00:00 PM,209,90,119
05/01/2021 03:00:00 PM,171,88,83
05/01/2021 04:00:00 PM,147,72,75
05/01/2021 05:00:00 PM,104,51,53
05/01/2021 06:00:00 PM,89,45,44
05/01/2021 07:00:00 PM,72,20,52
05/01/2021 08:00:00 PM,43,16,27
05/01/2021 09:00:00 PM,31,18,13
05/01/2021 10:00:00 PM,35,19,16
05/01/2021 11:00:00 PM,18,11,7
05/02/2021 12:00:00 AM,10,6,4
05/02/2021 01:00:00 AM,4,1,3
05/02/2021 02:00:00 AM,1,0,1
05/02/2021 03:00:00 AM,0,0,0
05/02/2021 04:00:00 AM,1,1,0
05/02/2021 05:00:00 AM,7,4,3
05/02/2021 06:00:00 AM,19,10,9
05/02/2021 07:00:00 AM,47,18,29
05/02/2021 08:00:00 AM,74,39,35
05/02/2021 09:00:00 AM,157,78,79
05/02/2021 10:00:00 AM,173,87,86
05/02/2021 11:00:00 AM,269,127,142
05/02/2021 12:00:00 PM,281,138,143
05/02/2021 01:00:00 PM,306,141,165
05/02/2021 02:00:00 PM,349,154,195
05/02/2021 03:00:00 PM,328,164,164
05/02/2021 04:00:00 PM,344,175,169
05/02/2021 05:00:00 PM,214,87,127
05/02/2021 06:00:00 PM,228,111,117
05/02/2021 07:00:00 PM,114,59,55
05/02/2021 08:00:00 PM,71,34,37
05/02/2021 09:00:00 PM,35,13,22
05/02/2021 10:00:00 PM,18,8,10
05/02/2021 11:00:00 PM,2,0,2
05/03/2021 12:00:00 AM,4,1,3
05/03/2021 01:00:00 AM,1,1,0
05/03/2021 02:00:00 AM,0,0,0
05/03/2021 03:00:00 AM,0,0,0
05/03/2021 04:00:00 AM,9,2,7
05/03/2021 05:00:00 AM,22,8,14
05/03/2021 06:00:00 AM,66,23,43
05/03/2021 07:00:00 AM,112,55,57
05/03/2021 08:00:00 AM,164,58,106
05/03/2021 09:00:00 AM,100,44,56
05/03/2021 10:00:00 AM,62,25,37
05/03/2021 11:00:00 AM,67,28,39
05/03/2021 12:00:00 PM,85,37,48
05/03/2021 01:00:00 PM,68,26,42
05/03/2021 02:00:00 PM,98,44,54
05/03/2021 03:00:00 PM,64,28,36
05/03/2021 04:00:00 PM,84,38,46
05/03/2021 05:00:00 PM,114,33,81
05/03/2021 06:00:00 PM,90,23,67
05/03/2021 07:00:00 PM,55,19,36
05/03/2021 08:00:00 PM,21,9,12
05/03/2021 09:00:00 PM,20,8,12
05/03/2021 10:00:00 PM,10,3,7
05/03/2021 11:00:00 PM,10,3,7
05/04/2021 12:00:00 AM,4,3,1
05/04/2021 01:00:00 AM,1,0,1
05/04/2021 02:00:00 AM,0,0,0
05/04/2021 03:00:00 AM,0,0,0
05/04/2021 04:00:00 AM,8,2,6
05/04/2021 05:00:00 AM,24,9,15
05/04/2021 06:00:00 AM,72,30,42
05/04/2021 07:00:00 AM,160,77,83
05/04/2021 08:00:00 AM,173,72,101
05/04/2021 09:00:00 AM,101,41,60
05/04/2021 10:00:00 AM,99,40,59
05/04/2021 11:00:00 AM,88,49,39
05/04/2021 12:00:00 PM,104,57,47
05/04/2021 01:00:00 PM,114,44,70
05/04/2021 02:00:00 PM,122,53,69
05/04/2021 03:00:00 PM,173,73,100
05/04/2021 04:00:00 PM,285,120,165
05/04/2021 05:00:00 PM,385,126,259
05/04/2021 06:00:00 PM,298,118,180
05/04/2021 07:00:00 PM,211,98,113
05/04/2021 08:00:00 PM,88,37,51
05/04/2021 09:00:00 PM,70,33,37
05/04/2021 10:00:00 PM,25,13,12
05/04/2021 11:00:00 PM,9,4,5
05/05/2021 12:00:00 AM,2,0,2
05/05/2021 01:00:00 AM,2,1,1
05/05/2021 02:00:00 AM,2,0,2
05/05/2021 03:00:00 AM,1,0,1
05/05/2021 04:00:00 AM,11,3,8
05/05/2021 05:00:00 AM,27,11,16
05/05/2021 06:00:00 AM,69,32,37
05/05/2021 07:00:00 AM,174,89,85
05/05/2021 08:00:00 AM,178,80,98
05/05/2021 09:00:00 AM,121,44,77
05/05/2021 10:00:00 AM,93,39,54
05/05/2021 11:00:00 AM,103,43,60
05/05/2021 12:00:00 PM,127,59,68
05/05/2021 01:00:00 PM,137,59,78
05/05/2021 02:00:00 PM,126,62,64
05/05/2021 03:00:00 PM,190,74,116
05/05/2021 04:00:00 PM,252,102,150
05/05/2021 05:00:00 PM,345,115,230
05/05/2021 06:00:00 PM,256,111,145
05/05/2021 07:00:00 PM,180,78,102
05/05/2021 08:00:00 PM,98,46,52
05/05/2021 09:00:00 PM,65,32,33
05/05/2021 10:00:00 PM,34,11,23
05/05/2021 11:00:00 PM,22,11,11
05/06/2021 12:00:00 AM,6,1,5
05/06/2021 01:00:00 AM,1,0,1
05/06/2021 02:00:00 AM,1,0,1
05/06/2021 03:00:00 AM,0,0,0
05/06/2021 04:00:00 AM,8,1,7
05/06/2021 05:00:00 AM,19,9,10
05/06/2021 06:00:00 AM,79,33,46
05/06/2021 07:00:00 AM,134,62,72
05/06/2021 08:00:00 AM,146,56,90
05/06/2021 09:00:00 AM,87,38,49
05/06/2021 10:00:00 AM,72,37,35
05/06/2021 11:00:00 AM,84,38,46
05/06/2021 12:00:00 PM,84,39,45
05/06/2021 01:00:00 PM,130,57,73
05/06/2021 02:00:00 PM,97,37,60
05/06/2021 03:00:00 PM,118,49,69
05/06/2021 04:00:00 PM,148,59,89
05/06/2021 05:00:00 PM,231,72,159
05/06/2021 06:00:00 PM,167,70,97
05/06/2021 07:00:00 PM,108,38,70
05/06/2021 08:00:00 PM,86,29,57
05/06/2021 09:00:00 PM,32,13,19
05/06/2021 10:00:00 PM,25,9,16
05/06/2021 11:00:00 PM,8,2,6
05/07/2021 12:00:00 AM,2,0,2
05/07/2021 01:00:00 AM,4,2,2
05/07/2021 02:00:00 AM,0,0,0
05/07/2021 03:00:00 AM,1,0,1
05/07/2021 04:00:00 AM,2,0,2
05/07/2021 05:00:00 AM,13,6,7
05/07/2021 06:00:00 AM,68,33,35
05/07/2021 07:00:00 AM,92,47,45
05/07/2021 08:00:00 AM,99,42,57
05/07/2021 09:00:00 AM,49,18,31
05/07/2021 10:00:00 AM,55,16,39
05/07/2021 11:00:00 AM,35,14,21
05/07/2021 12:00:00 PM,30,17,13
05/07/2021 01:00:00 PM,36,18,18
05/07/2021 02:00:00 PM,52,20,32
05/07/2021 03:00:00 PM,92,45,47
05/07/2021 04:00:00 PM,133,48,85
05/07/2021 05:00:00 PM,156,63,93
05/07/2021 06:00:00 PM,142,63,79
05/07/2021 07:00:00 PM,68,26,42
05/07/2021 08:00:00 PM,34,15,19
05/07/2021 09:00:00 PM,24,6,18
05/07/2021 10:00:00 PM,16,6,10
05/07/2021 11:00:00 PM,10,4,6
05/08/2021 12:00:00 AM,11,2,9
05/08/2021 01:00:00 AM,2,1,1
05/08/2021 02:00:00 AM,0,0,0
05/08/2021 03:00:00 AM,2,0,2
05/08/2021 04:00:00 AM,3,2,1
05/08/2021 05:00:00 AM,5,3,2
05/08/2021 06:00:00 AM,27,5,22
05/08/2021 07:00:00 AM,55,32,23
05/08/2021 08:00:00 AM,67,28,39
05/08/2021 09:00:00 AM,110,50,60
05/08/2021 10:00:00 AM,125,56,69
05/08/2021 11:00:00 AM,179,91,88
05/08/2021 12:00:00 PM,214,78,136
05/08/2021 01:00:00 PM,214,76,138
05/08/2021 02:00:00 PM,243,107,136
05/08/2021 03:00:00 PM,246,102,144
05/08/2021 04:00:00 PM,235,120,115
05/08/2021 05:00:00 PM,155,80,75
05/08/2021 06:00:00 PM,138,53,85
05/08/2021 07:00:00 PM,84,44,40
05/08/2021 08:00:00 PM,54,21,33
05/08/2021 09:00:00 PM,43,19,24
05/08/2021 10:00:00 PM,31,13,18
05/08/2021 11:00:00 PM,20,9,11
05/09/2021 12:00:00 AM,14,5,9
05/09/2021 01:00:00 AM,5,2,3
05/09/2021 02:00:00 AM,1,0,1
05/09/2021 03:00:00 AM,3,1,2
05/09/2021 04:00:00 AM,4,1,3
05/09/2021 05:00:00 AM,6,4,2
05/09/2021 06:00:00 AM,8,3,5
05/09/2021 07:00:00 AM,46,23,23
05/09/2021 08:00:00 AM,49,21,28
05/09/2021 09:00:00 AM,93,46,47
05/09/2021 10:00:00 AM,147,64,83
05/09/2021 11:00:00 AM,203,109,94
05/09/2021 12:00:00 PM,231,99,132
05/09/2021 01:00:00 PM,219,83,136
05/09/2021 02:00:00 PM,307,163,144
05/09/2021 03:00:00 PM,298,133,165
05/09/2021 04:00:00 PM,264,101,163
05/09/2021 05:00:00 PM,253,101,152
05/09/2021 06:00:00 PM,185,87,98
05/09/2021 07:00:00 PM,88,50,38
05/09/2021 08:00:00 PM,51,23,28
05/09/2021 09:00:00 PM,15,9,6
05/09/2021 10:00:00 PM,19,5,14
05/09/2021 11:00:00 PM,11,3,8
05/10/2021 12:00:00 AM,2,1,1
05/10/2021 01:00:00 AM,2,1,1
05/10/2021 02:00:00 AM,1,0,1
05/10/2021 03:00:00 AM,0,0,0
05/10/2021 04:00:00 AM,10,3,7
05/10/2021 05:00:00 AM,22,12,10
05/10/2021 06:00:00 AM,86,37,49
05/10/2021 07:00:00 AM,147,58,89
05/10/2021 08:00:00 AM,190,69,121
05/10/2021 09:00:00 AM,99,35,64
05/10/2021 10:00:00 AM,102,47,55
05/10/2021 11:00:00 AM,83,33,50
05/10/2021 12:00:00 PM,104,46,58
05/10/2021 01:00:00 PM,122,59,63
05/10/2021 02:00:00 PM,141,57,84
05/10/2021 03:00:00 PM,182,82,100
05/10/2021 04:00:00 PM,284,124,160
05/10/2021 05:00:00 PM,342,122,220
05/10/2021 06:00:00 PM,246,89,157
05/10/2021 07:00:00 PM,158,62,96
05/10/2021 08:00:00 PM,87,34,53
05/10/2021 09:00:00 PM,44,19,25
05/10/2021 10:00:00 PM,29,5,24
05/10/2021 11:00:00 PM,7,1,6
05/11/2021 12:00:00 AM,6,2,4
05/11/2021 01:00:00 AM,3,1,2
05/11/2021 02:00:00 AM,1,0,1
05/11/2021 03:00:00 AM,0,0,0
05/11/2021 04:00:00 AM,9,1,8
05/11/2021 05:00:00 AM,30,17,13
05/11/2021 06:00:00 AM,80,40,40
05/11/2021 07:00:00 AM,162,72,90
05/11/2021 08:00:00 AM,208,80,128
05/11/2021 09:00:00 AM,117,41,76
05/11/2021 10:00:00 AM,92,33,59
05/11/2021 11:00:00 AM,79,42,37
05/11/2021 12:00:00 PM,138,68,70
05/11/2021 01:00:00 PM,113,44,69
05/11/2021 02:00:00 PM,149,62,87
05/11/2021 03:00:00 PM,212,86,126
05/11/2021 04:00:00 PM,306,131,175
05/11/2021 05:00:00 PM,471,168,303
05/11/2021 06:00:00 PM,277,108,169
05/11/2021 07:00:00 PM,209,82,127
05/11/2021 08:00:00 PM,127,51,76
05/11/2021 09:00:00 PM,57,23,34
05/11/2021 10:00:00 PM,24,16,8
05/11/2021 11:00:00 PM,16,4,12
05/12/2021 12:00:00 AM,4,1,3
05/12/2021 01:00:00 AM,0,0,0
05/12/2021 02:00:00 AM,1,0,1
05/12/2021 03:00:00 AM,2,1,1
05/12/2021 04:00:00 AM,6,2,4
05/12/2021 05:00:00 AM,17,7,10
05/12/2021 06:00:00 AM,81,36,45
05/12/2021 07:00:00 AM,182,91,91
05/12/2021 08:00:00 AM,198,77,121
05/12/2021 09:00:00 AM,126,53,73
05/12/2021 10:00:00 AM,88,35,53
05/12/2021 11:00:00 AM,72,27,45
05/12/2021 12:00:00 PM,89,34,55
05/12/2021 01:00:00 PM,98,36,62
05/12/2021 02:00:00 PM,122,51,71
05/12/2021 03:00:00 PM,188,72,116
05/12/2021 04:00:00 PM,253,83,170
05/12/2021 05:00:00 PM,389,134,255
05/12/2021 06:00:00 PM,297,109,188
05/12/2021 07:00:00 PM,228,85,143
05/12/2021 08:00:00 PM,126,44,82
05/12/2021 09:00:00 PM,70,31,39
05/12/2021 10:00:00 PM,28,13,15
05/12/2021 11:00:00 PM,28,12,16
05/13/2021 12:00:00 AM,6,0,6
05/13/2021 01:00:00 AM,4,3,1
05/13/2021 02:00:00 AM,1,0,1
05/13/2021 03:00:00 AM,0,0,0
05/13/2021 04:00:00 AM,7,1,6
05/13/2021 05:00:00 AM,28,13,15
05/13/2021 06:00:00 AM,89,42,47
05/13/2021 07:00:00 AM,158,70,88
05/13/2021 08:00:00 AM,182,78,104
05/13/2021 09:00:00 AM,106,28,78
05/13/2021 10:00:00 AM,97,33,64
05/13/2021 11:00:00 AM,136,77,59
05/13/2021 12:00:00 PM,131,58,73
05/13/2021 01:00:00 PM,147,66,81
05/13/2021 02:00:00 PM,166,66,100
05/13/2021 03:00:00 PM,197,98,99
05/13/2021 04:00:00 PM,242,86,156
05/13/2021 05:00:00 PM,378,140,238
05/13/2021 06:00:00 PM,326,141,185
05/13/2021 07:00:00 PM,238,125,113
05/13/2021 08:00:00 PM,110,55,55
05/13/2021 09:00:00 PM,82,33,49
05/13/2021 10:00:00 PM,48,24,24
05/13/2021 11:00:00 PM,14,5,9
05/14/2021 12:00:00 AM,8,3,5
05/14/2021 01:00:00 AM,3,1,2
05/14/2021 02:00:00 AM,4,0,4
05/14/2021 03:00:00 AM,3,2,1
05/14/2021 04:00:00 AM,9,3,6
05/14/2021 05:00:00 AM,23,11,12
05/14/2021 06:00:00 AM,85,29,56
05/14/2021 07:00:00 AM,145,65,80
05/14/2021 08:00:00 AM,187,79,108
05/14/2021 09:00:00 AM,112,39,73
05/14/2021 10:00:00 AM,99,41,58
05/14/2021 11:00:00 AM,106,42,64
05/14/2021 12:00:00 PM,131,55,76
05/14/2021 01:00:00 PM,171,82,89
05/14/2021 02:00:00 PM,177,79,98
05/14/2021 03:00:00 PM,226,94,132
05/14/2021 04:00:00 PM,270,115,155
05/14/2021 05:00:00 PM,345,136,209
05/14/2021 06:00:00 PM,316,116,200
05/14/2021 07:00:00 PM,179,79,100
05/14/2021 08:00:00 PM,133,73,60
05/14/2021 09:00:00 PM,54,14,40
05/14/2021 10:00:00 PM,53,28,25
05/14/2021 11:00:00 PM,29,11,18
05/15/2021 12:00:00 AM,17,7,10
05/15/2021 01:00:00 AM,6,2,4
05/15/2021 02:00:00 AM,3,1,2
05/15/2021 03:00:00 AM,2,0,2
05/15/2021 04:00:00 AM,1,0,1
05/15/2021 05:00:00 AM,9,4,5
05/15/2021 06:00:00 AM,28,11,17
05/15/2021 07:00:00 AM,57,23,34
05/15/2021 08:00:00 AM,101,46,55
05/15/2021 09:00:00 AM,154,61,93
05/15/2021 10:00:00 AM,201,94,107
05/15/2021 11:00:00 AM,288,141,147
05/15/2021 12:00:00 PM,251,125,126
05/15/2021 01:00:00 PM,314,136,178
05/15/2021 02:00:00 PM,260,127,133
05/15/2021 03:00:00 PM,303,132,171
05/15/2021 04:00:00 PM,227,118,109
05/15/2021 05:00:00 PM,246,103,143
05/15/2021 06:00:00 PM,176,66,110
05/15/2021 07:00:00 PM,148,75,73
05/15/2021 08:00:00 PM,83,38,45
05/15/2021 09:00:00 PM,63,31,32
05/15/2021 10:00:00 PM,20,7,13
05/15/2021 11:00:00 PM,24,12,12
05/16/2021 12:00:00 AM,21,4,17
05/16/2021 01:00:00 AM,9,0,9
05/16/2021 02:00:00 AM,2,0,2
05/16/2021 03:00:00 AM,2,1,1
05/16/2021 04:00:00 AM,4,1,3
05/16/2021 05:00:00 AM,8,6,2
05/16/2021 06:00:00 AM,23,10,13
05/16/2021 07:00:00 AM,38,15,23
05/16/2021 08:00:00 AM,79,33,46
05/16/2021 09:00:00 AM,138,60,78
05/16/2021 10:00:00 AM,234,110,124
05/16/2021 11:00:00 AM,272,123,149
05/16/2021 12:00:00 PM,264,108,156
05/16/2021 01:00:00 PM,299,134,165
05/16/2021 02:00:00 PM,304,118,186
05/16/2021 03:00:00 PM,314,161,153
05/16/2021 04:00:00 PM,339,151,188
05/16/2021 05:00:00 PM,223,92,131
05/16/2021 06:00:00 PM,174,87,87
05/16/2021 07:00:00 PM,123,48,75
05/16/2021 08:00:00 PM,72,32,40
05/16/2021 09:00:00 PM,38,23,15
05/16/2021 10:00:00 PM,23,9,14
05/16/2021 11:00:00 PM,7,1,6
05/17/2021 12:00:00 AM,4,1,3
05/17/2021 01:00:00 AM,1,1,0
05/17/2021 02:00:00 AM,1,0,1
05/17/2021 03:00:00 AM,1,0,1
05/17/2021 04:00:00 AM,10,2,8
05/17/2021 05:00:00 AM,26,13,13
05/17/2021 06:00:00 AM,63,28,35
05/17/2021 07:00:00 AM,128,61,67
05/17/2021 08:00:00 AM,153,57,96
05/17/2021 09:00:00 AM,97,34,63
05/17/2021 10:00:00 AM,75,27,48
05/17/2021 11:00:00 AM,77,32,45
05/17/2021 12:00:00 PM,66,45,21
05/17/2021 01:00:00 PM,63,29,34
05/17/2021 02:00:00 PM,75,30,45
05/17/2021 03:00:00 PM,119,56,63
05/17/2021 04:00:00 PM,164,61,103
05/17/2021 05:00:00 PM,194,68,126
05/17/2021 06:00:00 PM,112,40,72
05/17/2021 07:00:00 PM,42,16,26
05/17/2021 08:00:00 PM,22,6,16
05/17/2021 09:00:00 PM,16,6,10
05/17/2021 10:00:00 PM,18,3,15
05/17/2021 11:00:00 PM,10,4,6
05/18/2021 12:00:00 AM,1,0,1
05/18/2021 01:00:00 AM,1,0,1
05/18/2021 02:00:00 AM,2,0,2
05/18/2021 03:00:00 AM,4,1,3
05/18/2021 04:00:00 AM,4,1,3
05/18/2021 05:00:00 AM,18,9,9
05/18/2021 06:00:00 AM,70,36,34
05/18/2021 07:00:00 AM,131,69,62
05/18/2021 08:00:00 AM,159,67,92
05/18/2021 09:00:00 AM,103,36,67
05/18/2021 10:00:00 AM,71,29,42
05/18/2021 11:00:00 AM,69,40,29
05/18/2021 12:00:00 PM,103,49,54
05/18/2021 01:00:00 PM,81,35,46
05/18/2021 02:00:00 PM,90,43,47
05/18/2021 03:00:00 PM,118,53,65
05/18/2021 04:00:00 PM,146,50,96
05/18/2021 05:00:00 PM,262,77,185
05/18/2021 06:00:00 PM,197,67,130
05/18/2021 07:00:00 PM,89,36,53
05/18/2021 08:00:00 PM,65,28,37
05/18/2021 09:00:00 PM,26,6,20
05/18/2021 10:00:00 PM,27,13,14
05/18/2021 11:00:00 PM,8,3,5
05/19/2021 12:00:00 AM,3,0,3
05/19/2021 01:00:00 AM,2,0,2
05/19/2021 02:00:00 AM,0,0,0
05/19/2021 03:00:00 AM,3,0,3
05/19/2021 04:00:00 AM,5,3,2
05/19/2021 05:00:00 AM,21,11,10
05/19/2021 06:00:00 AM,82,30,52
05/19/2021 07:00:00 AM,165,84,81
05/19/2021 08:00:00 AM,174,82,92
05/19/2021 09:00:00 AM,105,36,69
05/19/2021 10:00:00 AM,88,35,53
05/19/2021 11:00:00 AM,63,23,40
05/19/2021 12:00:00 PM,98,40,58
05/19/2021 01:00:00 PM,115,54,61
05/19/2021 02:00:00 PM,113,62,51
05/19/2021 03:00:00 PM,144,65,79
05/19/2021 04:00:00 PM,245,99,146
05/19/2021 05:00:00 PM,367,136,231
05/19/2021 06:00:00 PM,305,95,210
05/19/2021 07:00:00 PM,170,68,102
05/19/2021 08:00:00 PM,105,29,76
05/19/2021 09:00:00 PM,44,24,20
05/19/2021 10:00:00 PM,29,15,14
05/19/2021 11:00:00 PM,21,6,15
05/20/2021 12:00:00 AM,6,5,1
05/20/2021 01:00:00 AM,2,1,1
05/20/2021 02:00:00 AM,1,0,1
05/20/2021 03:00:00 AM,0,0,0
05/20/2021 04:00:00 AM,8,0,8
05/20/2021 05:00:00 AM,27,14,13
05/20/2021 06:00:00 AM,84,35,49
05/20/2021 07:00:00 AM,150,72,78
05/20/2021 08:00:00 AM,175,75,100
05/20/2021 09:00:00 AM,99,32,67
05/20/2021 10:00:00 AM,72,33,39
05/20/2021 11:00:00 AM,69,31,38
05/20/2021 12:00:00 PM,80,30,50
05/20/2021 01:00:00 PM,73,30,43
05/20/2021 02:00:00 PM,120,59,61
05/20/2021 03:00:00 PM,155,72,83
05/20/2021 04:00:00 PM,224,89,135
05/20/2021 05:00:00 PM,319,108,211
05/20/2021 06:00:00 PM,268,100,168
05/20/2021 07:00:00 PM,178,61,117
05/20/2021 08:00:00 PM,122,65,57
05/20/2021 09:00:00 PM,75,40,35
05/20/2021 10:00:00 PM,46,22,24
05/20/2021 11:00:00 PM,16,7,9
05/21/2021 12:00:00 AM,5,1,4
05/21/2021 01:00:00 AM,4,0,4
05/21/2021 02:00:00 AM,3,0,3
05/21/2021 03:00:00 AM,0,0,0
05/21/2021 04:00:00 AM,7,1,6
05/21/2021 05:00:00 AM,24,10,14
05/21/2021 06:00:00 AM,66,37,29
05/21/2021 07:00:00 AM,169,84,85
05/21/2021 08:00:00 AM,203,103,100
05/21/2021 09:00:00 AM,136,64,72
05/21/2021 10:00:00 AM,80,38,42
05/21/2021 11:00:00 AM,89,37,52
05/21/2021 12:00:00 PM,91,50,41
05/21/2021 01:00:00 PM,120,46,74
05/21/2021 02:00:00 PM,158,68,90
05/21/2021 03:00:00 PM,224,105,119
05/21/2021 04:00:00 PM,245,100,145
05/21/2021 05:00:00 PM,339,156,183
05/21/2021 06:00:00 PM,277,122,155
05/21/2021 07:00:00 PM,178,71,107
05/21/2021 08:00:00 PM,125,48,77
05/21/2021 09:00:00 PM,74,51,23
05/21/2021 10:00:00 PM,55,25,30
05/21/2021 11:00:00 PM,25,16,9
05/22/2021 12:00:00 AM,22,4,18
05/22/2021 01:00:00 AM,5,2,3
05/22/2021 02:00:00 AM,1,1,0
05/22/2021 03:00:00 AM,4,3,1
05/22/2021 04:00:00 AM,5,0,5
05/22/2021 05:00:00 AM,9,3,6
05/22/2021 06:00:00 AM,37,18,19
05/22/2021 07:00:00 AM,53,29,24
05/22/2021 08:00:00 AM,82,38,44
05/22/2021 09:00:00 AM,123,59,64
05/22/2021 10:00:00 AM,152,64,88
05/22/2021 11:00:00 AM,184,84,100
05/22/2021 12:00:00 PM,212,90,122
05/22/2021 01:00:00 PM,216,112,104
05/22/2021 02:00:00 PM,248,84,164
05/22/2021 03:00:00 PM,241,125,116
05/22/2021 04:00:00 PM,265,136,129
05/22/2021 05:00:00 PM,276,124,152
05/22/2021 06:00:00 PM,193,82,111
05/22/2021 07:00:00 PM,166,49,117
05/22/2021 08:00:00 PM,72,29,43
05/22/2021 09:00:00 PM,107,30,77
05/22/2021 10:00:00 PM,47,15,32
05/22/2021 11:00:00 PM,32,9,23
05/23/2021 12:00:00 AM,28,10,18
05/23/2021 01:00:00 AM,8,1,7
05/23/2021 02:00:00 AM,3,1,2
05/23/2021 03:00:00 AM,2,1,1
05/23/2021 04:00:00 AM,1,1,0
05/23/2021 05:00:00 AM,5,4,1
05/23/2021 06:00:00 AM,26,6,20
05/23/2021 07:00:00 AM,36,15,21
05/23/2021 08:00:00 AM,70,37,33
05/23/2021 09:00:00 AM,100,41,59
05/23/2021 10:00:00 AM,113,43,70
05/23/2021 11:00:00 AM,135,58,77
05/23/2021 12:00:00 PM,210,114,96
05/23/2021 01:00:00 PM,159,68,91
05/23/2021 02:00:00 PM,178,76,102
05/23/2021 03:00:00 PM,203,95,108
05/23/2021 04:00:00 PM,164,74,90
05/23/2021 05:00:00 PM,134,56,78
05/23/2021 06:00:00 PM,108,34,74
05/23/2021 07:00:00 PM,46,15,31
05/23/2021 08:00:00 PM,41,23,18
05/23/2021 09:00:00 PM,10,7,3
05/23/2021 10:00:00 PM,10,2,8
05/23/2021 11:00:00 PM,6,3,3
05/24/2021 12:00:00 AM,2,1,1
05/24/2021 01:00:00 AM,1,0,1
05/24/2021 02:00:00 AM,0,0,0
05/24/2021 03:00:00 AM,0,0,0
05/24/2021 04:00:00 AM,4,0,4
05/24/2021 05:00:00 AM,18,7,11
05/24/2021 06:00:00 AM,56,30,26
05/24/2021 07:00:00 AM,92,41,51
05/24/2021 08:00:00 AM,109,43,66
05/24/2021 09:00:00 AM,64,21,43
05/24/2021 10:00:00 AM,50,20,30
05/24/2021 11:00:00 AM,57,27,30
05/24/2021 12:00:00 PM,51,19,32
05/24/2021 01:00:00 PM,33,17,16
05/24/2021 02:00:00 PM,39,20,19
05/24/2021 03:00:00 PM,78,38,40
05/24/2021 04:00:00 PM,139,52,87
05/24/2021 05:00:00 PM,180,56,124
05/24/2021 06:00:00 PM,132,62,70
05/24/2021 07:00:00 PM,97,42,55
05/24/2021 08:00:00 PM,55,23,32
05/24/2021 09:00:00 PM,30,10,20
05/24/2021 10:00:00 PM,20,8,12
05/24/2021 11:00:00 PM,9,1,8
05/25/2021 12:00:00 AM,6,1,5
05/25/2021 01:00:00 AM,2,1,1
05/25/2021 02:00:00 AM,3,0,3
05/25/2021 03:00:00 AM,2,0,2
05/25/2021 04:00:00 AM,5,1,4
05/25/2021 05:00:00 AM,26,13,13
05/25/2021 06:00:00 AM,62,32,30
05/25/2021 07:00:00 AM,166,72,94
05/25/2021 08:00:00 AM,173,71,102
05/25/2021 09:00:00 AM,120,47,73
05/25/2021 10:00:00 AM,82,28,54
05/25/2021 11:00:00 AM,96,40,56
05/25/2021 12:00:00 PM,93,48,45
05/25/2021 01:00:00 PM,100,51,49
05/25/2021 02:00:00 PM,110,50,60
05/25/2021 03:00:00 PM,173,77,96
05/25/2021 04:00:00 PM,245,84,161
05/25/2021 05:00:00 PM,307,106,201
05/25/2021 06:00:00 PM,216,91,125
05/25/2021 07:00:00 PM,144,63,81
05/25/2021 08:00:00 PM,86,36,50
05/25/2021 09:00:00 PM,56,26,30
05/25/2021 10:00:00 PM,27,13,14
05/25/2021 11:00:00 PM,7,2,5
05/26/2021 12:00:00 AM,5,2,3
05/26/2021 01:00:00 AM,0,0,0
05/26/2021 02:00:00 AM,3,0,3
05/26/2021 03:00:00 AM,2,2,0
05/26/2021 04:00:00 AM,13,3,10
05/26/2021 05:00:00 AM,25,12,13
05/26/2021 06:00:00 AM,75,35,40
05/26/2021 07:00:00 AM,179,89,90
05/26/2021 08:00:00 AM,193,70,123
05/26/2021 09:00:00 AM,131,48,83
05/26/2021 10:00:00 AM,100,32,68
05/26/2021 11:00:00 AM,88,45,43
05/26/2021 12:00:00 PM,114,51,63
05/26/2021 01:00:00 PM,111,42,69
05/26/2021 02:00:00 PM,147,63,84
05/26/2021 03:00:00 PM,195,83,112
05/26/2021 04:00:00 PM,243,97,146
05/26/2021 05:00:00 PM,398,160,238
05/26/2021 06:00:00 PM,267,88,179
05/26/2021 07:00:00 PM,177,88,89
05/26/2021 08:00:00 PM,112,56,56
05/26/2021 09:00:00 PM,47,21,26
05/26/2021 10:00:00 PM,44,24,20
05/26/2021 11:00:00 PM,25,10,15
05/27/2021 12:00:00 AM,7,1,6
05/27/2021 01:00:00 AM,5,3,2
05/27/2021 02:00:00 AM,5,3,2
05/27/2021 03:00:00 AM,4,2,2
05/27/2021 04:00:00 AM,3,0,3
05/27/2021 05:00:00 AM,12,6,6
05/27/2021 06:00:00 AM,40,17,23
05/27/2021 07:00:00 AM,90,40,50
05/27/2021 08:00:00 AM,90,37,53
05/27/2021 09:00:00 AM,38,18,20
05/27/2021 10:00:00 AM,40,20,20
05/27/2021 11:00:00 AM,27,16,11
05/27/2021 12:00:00 PM,29,14,15
05/27/2021 01:00:00 PM,40,16,24
05/27/2021 02:00:00 PM,41,18,23
05/27/2021 03:00:00 PM,79,34,45
05/27/2021 04:00:00 PM,77,27,50
05/27/2021 05:00:00 PM,138,54,84
05/27/2021 06:00:00 PM,119,51,68
05/27/2021 07:00:00 PM,62,21,41
05/27/2021 08:00:00 PM,39,20,19
05/27/2021 09:00:00 PM,26,8,18
05/27/2021 10:00:00 PM,22,9,13
05/27/2021 11:00:00 PM,7,0,7
05/28/2021 12:00:00 AM,2,1,1
05/28/2021 01:00:00 AM,10,5,5
05/28/2021 02:00:00 AM,3,1,2
05/28/2021 03:00:00 AM,0,0,0
05/28/2021 04:00:00 AM,7,2,5
05/28/2021 05:00:00 AM,18,6,12
05/28/2021 06:00:00 AM,74,35,39
05/28/2021 07:00:00 AM,118,51,67
05/28/2021 08:00:00 AM,141,62,79
05/28/2021 09:00:00 AM,138,48,90
05/28/2021 10:00:00 AM,105,46,59
05/28/2021 11:00:00 AM,124,52,72
05/28/2021 12:00:00 PM,133,56,77
05/28/2021 01:00:00 PM,149,64,85
05/28/2021 02:00:00 PM,188,89,99
05/28/2021 03:00:00 PM,217,95,122
05/28/2021 04:00:00 PM,262,99,163
05/28/2021 05:00:00 PM,314,137,177
05/28/2021 06:00:00 PM,213,95,118
05/28/2021 07:00:00 PM,136,61,75
05/28/2021 08:00:00 PM,96,30,66
05/28/2021 09:00:00 PM,46,29,17
05/28/2021 10:00:00 PM,38,22,16
05/28/2021 11:00:00 PM,49,15,34
05/29/2021 12:00:00 AM,9,2,7
05/29/2021 01:00:00 AM,1,0,1
05/29/2021 02:00:00 AM,6,0,6
05/29/2021 03:00:00 AM,1,0,1
05/29/2021 04:00:00 AM,2,1,1
05/29/2021 05:00:00 AM,10,3,7
05/29/2021 06:00:00 AM,18,5,13
05/29/2021 07:00:00 AM,45,14,31
05/29/2021 08:00:00 AM,105,42,63
05/29/2021 09:00:00 AM,159,76,83
05/29/2021 10:00:00 AM,169,71,98
05/29/2021 11:00:00 AM,234,96,138
05/29/2021 12:00:00 PM,275,135,140
05/29/2021 01:00:00 PM,303,136,167
05/29/2021 02:00:00 PM,288,149,139
05/29/2021 03:00:00 PM,298,139,159
05/29/2021 04:00:00 PM,243,115,128
05/29/2021 05:00:00 PM,234,110,124
05/29/2021 06:00:00 PM,145,61,84
05/29/2021 07:00:00 PM,206,65,141
05/29/2021 08:00:00 PM,98,47,51
05/29/2021 09:00:00 PM,132,46,86
05/29/2021 10:00:00 PM,29,10,19
05/29/2021 11:00:00 PM,28,11,17
05/30/2021 12:00:00 AM,16,5,11
05/30/2021 01:00:00 AM,8,2,6
05/30/2021 02:00:00 AM,2,2,0
05/30/2021 03:00:00 AM,4,1,3
05/30/2021 04:00:00 AM,1,1,0
05/30/2021 05:00:00 AM,7,4,3
05/30/2021 06:00:00 AM,19,6,13
05/30/2021 07:00:00 AM,35,11,24
05/30/2021 08:00:00 AM,114,66,48
05/30/2021 09:00:00 AM,138,58,80
05/30/2021 10:00:00 AM,144,66,78
05/30/2021 11:00:00 AM,239,106,133
05/30/2021 12:00:00 PM,209,90,119
05/30/2021 01:00:00 PM,216,112,104
05/30/2021 02:00:00 PM,282,137,145
05/30/2021 03:00:00 PM,211,96,115
05/30/2021 04:00:00 PM,212,93,119
05/30/2021 05:00:00 PM,163,72,91
05/30/2021 06:00:00 PM,141,70,71
05/30/2021 07:00:00 PM,106,50,56
05/30/2021 08:00:00 PM,55,16,39
05/30/2021 09:00:00 PM,50,24,26
05/30/2021 10:00:00 PM,32,16,16
05/30/2021 11:00:00 PM,29,9,20
05/31/2021 12:00:00 AM,6,2,4
05/31/2021 01:00:00 AM,6,3,3
05/31/2021 02:00:00 AM,3,0,3
05/31/2021 03:00:00 AM,1,0,1
05/31/2021 04:00:00 AM,6,3,3
05/31/2021 05:00:00 AM,9,3,6
05/31/2021 06:00:00 AM,21,6,15
05/31/2021 07:00:00 AM,37,24,13
05/31/2021 08:00:00 AM,86,39,47
05/31/2021 09:00:00 AM,143,71,72
05/31/2021 10:00:00 AM,165,69,96
05/31/2021 11:00:00 AM,291,133,158
05/31/2021 12:00:00 PM,283,120,163
05/31/2021 01:00:00 PM,303,120,183
05/31/2021 02:00:00 PM,328,157,171
05/31/2021 03:00:00 PM,297,148,149
05/31/2021 04:00:00 PM,263,121,142
05/31/2021 05:00:00 PM,225,97,128
05/31/2021 06:00:00 PM,174,86,88
05/31/2021 07:00:00 PM,147,62,85
05/31/2021 08:00:00 PM,83,44,39
05/31/2021 09:00:00 PM,56,21,35
05/31/2021 10:00:00 PM,33,17,16
05/31/2021 11:00:00 PM,21,7,14
06/01/2021 12:00:00 AM,4,1,3
06/01/2021 01:00:00 AM,2,0,2
06/01/2021 02:00:00 AM,1,1,0
06/01/2021 03:00:00 AM,1,0,1
06/01/2021 04:00:00 AM,10,2,8
06/01/2021 05:00:00 AM,28,14,14
06/01/2021 06:00:00 AM,99,48,51
06/01/2021 07:00:00 AM,173,84,89
06/01/2021 08:00:00 AM,208,86,122
06/01/2021 09:00:00 AM,142,53,89
06/01/2021 10:00:00 AM,122,51,71
06/01/2021 11:00:00 AM,105,54,51
06/01/2021 12:00:00 PM,125,67,58
06/01/2021 01:00:00 PM,140,71,69
06/01/2021 02:00:00 PM,152,55,97
06/01/2021 03:00:00 PM,200,80,120
06/01/2021 04:00:00 PM,286,100,186
06/01/2021 05:00:00 PM,417,132,285
06/01/2021 06:00:00 PM,251,102,149
06/01/2021 07:00:00 PM,202,71,131
06/01/2021 08:00:00 PM,132,59,73
06/01/2021 09:00:00 PM,89,45,44
06/01/2021 10:00:00 PM,33,18,15
06/01/2021 11:00:00 PM,37,9,28
06/02/2021 12:00:00 AM,14,5,9
06/02/2021 01:00:00 AM,1,0,1
06/02/2021 02:00:00 AM,2,2,0
06/02/2021 03:00:00 AM,0,0,0
06/02/2021 04:00:00 AM,10,4,6
06/02/2021 05:00:00 AM,45,20,25
06/02/2021 06:00:00 AM,109,52,57
06/02/2021 07:00:00 AM,235,107,128
06/02/2021 08:00:00 AM,258,112,146
06/02/2021 09:00:00 AM,156,71,85
06/02/2021 10:00:00 AM,133,54,79
06/02/2021 11:00:00 AM,115,53,62
06/02/2021 12:00:00 PM,121,50,71
06/02/2021 01:00:00 PM,120,54,66
06/02/2021 02:00:00 PM,153,50,103
06/02/2021 03:00:00 PM,198,83,115
06/02/2021 04:00:00 PM,292,127,165
06/02/2021 05:00:00 PM,390,117,273
06/02/2021 06:00:00 PM,330,126,204
06/02/2021 07:00:00 PM,236,101,135
06/02/2021 08:00:00 PM,172,77,95
06/02/2021 09:00:00 PM,83,44,39
06/02/2021 10:00:00 PM,65,24,41
06/02/2021 11:00:00 PM,17,7,10
06/03/2021 12:00:00 AM,12,2,10
06/03/2021 01:00:00 AM,4,0,4
06/03/2021 02:00:00 AM,0,0,0
06/03/2021 03:00:00 AM,1,0,1
06/03/2021 04:00:00 AM,13,5,8
06/03/2021 05:00:00 AM,34,15,19
06/03/2021 06:00:00 AM,81,42,39
06/03/2021 07:00:00 AM,184,69,115
06/03/2021 08:00:00 AM,227,101,126
06/03/2021 09:00:00 AM,137,48,89
06/03/2021 10:00:00 AM,119,61,58
06/03/2021 11:00:00 AM,88,39,49
06/03/2021 12:00:00 PM,109,43,66
06/03/2021 01:00:00 PM,128,58,70
06/03/2021 02:00:00 PM,150,63,87
06/03/2021 03:00:00 PM,203,92,111
06/03/2021 04:00:00 PM,294,117,177
06/03/2021 05:00:00 PM,375,127,248
06/03/2021 06:00:00 PM,320,113,207
06/03/2021 07:00:00 PM,231,70,161
06/03/2021 08:00:00 PM,148,46,102
06/03/2021 09:00:00 PM,85,44,41
06/03/2021 10:00:00 PM,65,30,35
06/03/2021 11:00:00 PM,34,14,20
06/04/2021 12:00:00 AM,13,4,9
06/04/2021 01:00:00 AM,3,0,3
06/04/2021 02:00:00 AM,1,0,1
06/04/2021 03:00:00 AM,0,0,0
06/04/2021 04:00:00 AM,5,0,5
06/04/2021 05:00:00 AM,25,8,17
06/04/2021 06:00:00 AM,81,34,47
06/04/2021 07:00:00 AM,170,76,94
06/04/2021 08:00:00 AM,205,85,120
06/04/2021 09:00:00 AM,144,54,90
06/04/2021 10:00:00 AM,82,35,47
06/04/2021 11:00:00 AM,93,41,52
06/04/2021 12:00:00 PM,122,50,72
06/04/2021 01:00:00 PM,138,58,80
06/04/2021 02:00:00 PM,161,71,90
06/04/2021 03:00:00 PM,219,100,119
06/04/2021 04:00:00 PM,272,105,167
06/04/2021 05:00:00 PM,323,128,195
06/04/2021 06:00:00 PM,243,83,160
06/04/2021 07:00:00 PM,154,57,97
06/04/2021 08:00:00 PM,137,63,74
06/04/2021 09:00:00 PM,64,33,31
06/04/2021 10:00:00 PM,61,31,30
06/04/2021 11:00:00 PM,67,12,55
06/05/2021 12:00:00 AM,16,6,10
06/05/2021 01:00:00 AM,8,2,6
06/05/2021 02:00:00 AM,4,2,2
06/05/2021 03:00:00 AM,5,1,4
06/05/2021 04:00:00 AM,1,1,0
06/05/2021 05:00:00 AM,9,2,7
06/05/2021 06:00:00 AM,20,5,15
06/05/2021 07:00:00 AM,41,20,21
06/05/2021 08:00:00 AM,63,28,35
06/05/2021 09:00:00 AM,95,42,53
06/05/2021 10:00:00 AM,137,62,75
06/05/2021 11:00:00 AM,152,64,88
06/05/2021 12:00:00 PM,196,97,99
06/05/2021 01:00:00 PM,216,87,129
06/05/2021 02:00:00 PM,232,103,129
06/05/2021 03:00:00 PM,211,103,108
06/05/2021 04:00:00 PM,209,96,113
06/05/2021 05:00:00 PM,156,69,87
06/05/2021 06:00:00 PM,100,38,62
06/05/2021 07:00:00 PM,113,26,87
06/05/2021 08:00:00 PM,33,12,21
06/05/2021 09:00:00 PM,68,8,60
06/05/2021 10:00:00 PM,19,6,13
06/05/2021 11:00:00 PM,26,10,16
06/06/2021 12:00:00 AM,16,4,12
06/06/2021 01:00:00 AM,11,7,4
06/06/2021 02:00:00 AM,2,2,0
06/06/2021 03:00:00 AM,0,0,0
06/06/2021 04:00:00 AM,1,1,0
06/06/2021 05:00:00 AM,7,4,3
06/06/2021 06:00:00 AM,12,5,7
06/06/2021 07:00:00 AM,38,15,23
06/06/2021 08:00:00 AM,56,32,24
06/06/2021 09:00:00 AM,96,44,52
06/06/2021 10:00:00 AM,88,41,47
06/06/2021 11:00:00 AM,87,41,46
06/06/2021 12:00:00 PM,92,45,47
06/06/2021 01:00:00 PM,70,26,44
06/06/2021 02:00:00 PM,72,27,45
06/06/2021 03:00:00 PM,51,26,25
06/06/2021 04:00:00 PM,54,22,32
06/06/2021 05:00:00 PM,54,32,22
06/06/2021 06:00:00 PM,22,12,10
06/06/2021 07:00:00 PM,11,3,8
06/06/2021 08:00:00 PM,15,9,6
06/06/2021 09:00:00 PM,15,8,7
06/06/2021 10:00:00 PM,6,2,4
06/06/2021 11:00:00 PM,2,1,1
06/07/2021 12:00:00 AM,0,0,0
06/07/2021 01:00:00 AM,0,0,0
06/07/2021 02:00:00 AM,1,0,1
06/07/2021 03:00:00 AM,1,0,1
06/07/2021 04:00:00 AM,4,0,4
06/07/2021 05:00:00 AM,20,8,12
06/07/2021 06:00:00 AM,56,32,24
06/07/2021 07:00:00 AM,108,44,64
06/07/2021 08:00:00 AM,143,57,86
06/07/2021 09:00:00 AM,98,38,60
06/07/2021 10:00:00 AM,65,19,46
06/07/2021 11:00:00 AM,81,37,44
06/07/2021 12:00:00 PM,99,41,58
06/07/2021 01:00:00 PM,90,37,53
06/07/2021 02:00:00 PM,100,38,62
06/07/2021 03:00:00 PM,130,67,63
06/07/2021 04:00:00 PM,286,136,150
06/07/2021 05:00:00 PM,304,119,185
06/07/2021 06:00:00 PM,281,108,173
06/07/2021 07:00:00 PM,145,58,87
06/07/2021 08:00:00 PM,101,44,57
06/07/2021 09:00:00 PM,59,23,36
06/07/2021 10:00:00 PM,28,7,21
06/07/2021 11:00:00 PM,10,7,3
06/08/2021 12:00:00 AM,7,2,5
06/08/2021 01:00:00 AM,9,3,6
06/08/2021 02:00:00 AM,3,3,0
06/08/2021 03:00:00 AM,0,0,0
06/08/2021 04:00:00 AM,11,5,6
06/08/2021 05:00:00 AM,30,16,14
06/08/2021 06:00:00 AM,89,39,50
06/08/2021 07:00:00 AM,216,105,111
06/08/2021 08:00:00 AM,251,109,142
06/08/2021 09:00:00 AM,136,58,78
06/08/2021 10:00:00 AM,117,44,73
06/08/2021 11:00:00 AM,105,48,57
06/08/2021 12:00:00 PM,125,45,80
06/08/2021 01:00:00 PM,112,45,67
06/08/2021 02:00:00 PM,151,73,78
06/08/2021 03:00:00 PM,178,71,107
06/08/2021 04:00:00 PM,318,121,197
06/08/2021 05:00:00 PM,457,157,300
06/08/2021 06:00:00 PM,327,131,196
06/08/2021 07:00:00 PM,150,69,81
06/08/2021 08:00:00 PM,94,45,49
06/08/2021 09:00:00 PM,53,21,32
06/08/2021 10:00:00 PM,34,19,15
06/08/2021 11:00:00 PM,17,3,14
06/09/2021 12:00:00 AM,4,0,4
06/09/2021 01:00:00 AM,3,1,2
06/09/2021 02:00:00 AM,1,0,1
06/09/2021 03:00:00 AM,2,0,2
06/09/2021 04:00:00 AM,15,7,8
06/09/2021 05:00:00 AM,28,14,14
06/09/2021 06:00:00 AM,82,34,48
06/09/2021 07:00:00 AM,215,87,128
06/09/2021 08:00:00 AM,244,115,129
06/09/2021 09:00:00 AM,172,72,100
06/09/2021 10:00:00 AM,132,53,79
06/09/2021 11:00:00 AM,137,67,70
06/09/2021 12:00:00 PM,144,69,75
06/09/2021 01:00:00 PM,158,75,83
06/09/2021 02:00:00 PM,157,69,88
06/09/2021 03:00:00 PM,175,70,105
06/09/2021 04:00:00 PM,290,119,171
06/09/2021 05:00:00 PM,438,162,276
06/09/2021 06:00:00 PM,336,130,206
06/09/2021 07:00:00 PM,225,90,135
06/09/2021 08:00:00 PM,114,40,74
06/09/2021 09:00:00 PM,93,37,56
06/09/2021 10:00:00 PM,63,23,40
06/09/2021 11:00:00 PM,25,10,15
06/10/2021 12:00:00 AM,6,3,3
06/10/2021 01:00:00 AM,2,0,2
06/10/2021 02:00:00 AM,1,1,0
06/10/2021 03:00:00 AM,0,0,0
06/10/2021 04:00:00 AM,13,4,9
06/10/2021 05:00:00 AM,28,12,16
06/10/2021 06:00:00 AM,109,48,61
06/10/2021 07:00:00 AM,183,80,103
06/10/2021 08:00:00 AM,224,92,132
06/10/2021 09:00:00 AM,127,45,82
06/10/2021 10:00:00 AM,96,35,61
06/10/2021 11:00:00 AM,108,52,56
06/10/2021 12:00:00 PM,115,41,74
06/10/2021 01:00:00 PM,121,45,76
06/10/2021 02:00:00 PM,142,47,95
06/10/2021 03:00:00 PM,191,102,89
06/10/2021 04:00:00 PM,284,97,187
06/10/2021 05:00:00 PM,366,142,224
06/10/2021 06:00:00 PM,301,131,170
06/10/2021 07:00:00 PM,188,87,101
06/10/2021 08:00:00 PM,139,53,86
06/10/2021 09:00:00 PM,106,46,60
06/10/2021 10:00:00 PM,42,19,23
06/10/2021 11:00:00 PM,25,11,14
06/11/2021 12:00:00 AM,9,5,4
06/11/2021 01:00:00 AM,4,0,4
06/11/2021 02:00:00 AM,1,1,0
06/11/2021 03:00:00 AM,2,0,2
06/11/2021 04:00:00 AM,7,0,7
06/11/2021 05:00:00 AM,18,6,12
06/11/2021 06:00:00 AM,63,26,37
06/11/2021 07:00:00 AM,115,44,71
06/11/2021 08:00:00 AM,130,54,76
06/11/2021 09:00:00 AM,66,17,49
06/11/2021 10:00:00 AM,63,19,44
06/11/2021 11:00:00 AM,38,20,18
06/11/2021 12:00:00 PM,28,14,14
06/11/2021 01:00:00 PM,38,15,23
06/11/2021 02:00:00 PM,44,22,22
06/11/2021 03:00:00 PM,73,35,38
06/11/2021 04:00:00 PM,95,31,64
06/11/2021 05:00:00 PM,141,50,91
06/11/2021 06:00:00 PM,184,77,107
06/11/2021 07:00:00 PM,65,28,37
06/11/2021 08:00:00 PM,38,18,20
06/11/2021 09:00:00 PM,25,17,8
06/11/2021 10:00:00 PM,18,7,11
06/11/2021 11:00:00 PM,13,7,6
06/12/2021 12:00:00 AM,13,5,8
06/12/2021 01:00:00 AM,6,4,2
06/12/2021 02:00:00 AM,1,0,1
06/12/2021 03:00:00 AM,5,3,2
06/12/2021 04:00:00 AM,7,3,4
06/12/2021 05:00:00 AM,3,1,2
06/12/2021 06:00:00 AM,25,9,16
06/12/2021 07:00:00 AM,45,15,30
06/12/2021 08:00:00 AM,101,50,51
06/12/2021 09:00:00 AM,150,68,82
06/12/2021 10:00:00 AM,181,73,108
06/12/2021 11:00:00 AM,279,127,152
06/12/2021 12:00:00 PM,253,111,142
06/12/2021 01:00:00 PM,287,133,154
06/12/2021 02:00:00 PM,370,200,170
06/12/2021 03:00:00 PM,363,173,190
06/12/2021 04:00:00 PM,327,143,184
06/12/2021 05:00:00 PM,246,106,140
06/12/2021 06:00:00 PM,270,138,132
06/12/2021 07:00:00 PM,168,45,123
06/12/2021 08:00:00 PM,92,41,51
06/12/2021 09:00:00 PM,79,13,66
06/12/2021 10:00:00 PM,22,12,10
06/12/2021 11:00:00 PM,13,5,8
06/13/2021 12:00:00 AM,8,3,5
06/13/2021 01:00:00 AM,7,2,5
06/13/2021 02:00:00 AM,3,0,3
06/13/2021 03:00:00 AM,1,0,1
06/13/2021 04:00:00 AM,2,0,2
06/13/2021 05:00:00 AM,8,4,4
06/13/2021 06:00:00 AM,11,4,7
06/13/2021 07:00:00 AM,16,6,10
06/13/2021 08:00:00 AM,11,4,7
06/13/2021 09:00:00 AM,17,8,9
06/13/2021 10:00:00 AM,25,5,20
06/13/2021 11:00:00 AM,52,26,26
06/13/2021 12:00:00 PM,77,33,44
06/13/2021 01:00:00 PM,80,40,40
06/13/2021 02:00:00 PM,72,39,33
06/13/2021 03:00:00 PM,52,28,24
06/13/2021 04:00:00 PM,43,19,24
06/13/2021 05:00:00 PM,36,6,30
06/13/2021 06:00:00 PM,22,7,15
06/13/2021 07:00:00 PM,8,4,4
06/13/2021 08:00:00 PM,15,5,10
06/13/2021 09:00:00 PM,13,6,7
06/13/2021 10:00:00 PM,6,2,4
06/13/2021 11:00:00 PM,4,1,3
06/14/2021 12:00:00 AM,1,1,0
06/14/2021 01:00:00 AM,2,2,0
06/14/2021 02:00:00 AM,1,0,1
06/14/2021 03:00:00 AM,0,0,0
06/14/2021 04:00:00 AM,8,4,4
06/14/2021 05:00:00 AM,27,11,16
06/14/2021 06:00:00 AM,45,22,23
06/14/2021 07:00:00 AM,127,53,74
06/14/2021 08:00:00 AM,123,49,74
06/14/2021 09:00:00 AM,79,23,56
06/14/2021 10:00:00 AM,47,22,25
06/14/2021 11:00:00 AM,43,21,22
06/14/2021 12:00:00 PM,37,21,16
06/14/2021 01:00:00 PM,43,18,25
06/14/2021 02:00:00 PM,67,25,42
06/14/2021 03:00:00 PM,90,38,52
06/14/2021 04:00:00 PM,155,57,98
06/14/2021 05:00:00 PM,204,61,143
06/14/2021 06:00:00 PM,172,58,114
06/14/2021 07:00:00 PM,130,47,83
06/14/2021 08:00:00 PM,87,43,44
06/14/2021 09:00:00 PM,51,24,27
06/14/2021 10:00:00 PM,11,3,8
06/14/2021 11:00:00 PM,10,4,6
06/15/2021 12:00:00 AM,10,3,7
06/15/2021 01:00:00 AM,3,1,2
06/15/2021 02:00:00 AM,1,1,0
06/15/2021 03:00:00 AM,1,1,0
06/15/2021 04:00:00 AM,12,5,7
06/15/2021 05:00:00 AM,22,11,11
06/15/2021 06:00:00 AM,90,35,55
06/15/2021 07:00:00 AM,194,92,102
06/15/2021 08:00:00 AM,234,109,125
06/15/2021 09:00:00 AM,130,45,85
06/15/2021 10:00:00 AM,91,36,55
06/15/2021 11:00:00 AM,113,61,52
06/15/2021 12:00:00 PM,123,56,67
06/15/2021 01:00:00 PM,100,42,58
06/15/2021 02:00:00 PM,107,42,65
06/15/2021 03:00:00 PM,159,72,87
06/15/2021 04:00:00 PM,200,71,129
06/15/2021 05:00:00 PM,322,105,217
06/15/2021 06:00:00 PM,308,131,177
06/15/2021 07:00:00 PM,193,79,114
06/15/2021 08:00:00 PM,114,51,63
06/15/2021 09:00:00 PM,68,32,36
06/15/2021 10:00:00 PM,36,12,24
06/15/2021 11:00:00 PM,25,8,17
06/16/2021 12:00:00 AM,18,8,10
06/16/2021 01:00:00 AM,7,2,5
06/16/2021 02:00:00 AM,1,0,1
06/16/2021 03:00:00 AM,5,3,2
06/16/2021 04:00:00 AM,12,4,8
06/16/2021 05:00:00 AM,30,11,19
06/16/2021 06:00:00 AM,100,47,53
06/16/2021 07:00:00 AM,208,93,115
06/16/2021 08:00:00 AM,250,96,154
06/16/2021 09:00:00 AM,135,55,80
06/16/2021 10:00:00 AM,102,32,70
06/16/2021 11:00:00 AM,109,59,50
06/16/2021 12:00:00 PM,111,47,64
06/16/2021 01:00:00 PM,148,56,92
06/16/2021 02:00:00 PM,151,78,73
06/16/2021 03:00:00 PM,186,81,105
06/16/2021 04:00:00 PM,275,110,165
06/16/2021 05:00:00 PM,448,147,301
06/16/2021 06:00:00 PM,397,151,246
06/16/2021 07:00:00 PM,248,78,170
06/16/2021 08:00:00 PM,154,62,92
06/16/2021 09:00:00 PM,94,44,50
06/16/2021 10:00:00 PM,39,16,23
06/16/2021 11:00:00 PM,23,3,20
06/17/2021 12:00:00 AM,8,1,7
06/17/2021 01:00:00 AM,2,1,1
06/17/2021 02:00:00 AM,2,1,1
06/17/2021 03:00:00 AM,1,0,1
06/17/2021 04:00:00 AM,12,4,8
06/17/2021 05:00:00 AM,20,10,10
06/17/2021 06:00:00 AM,95,40,55
06/17/2021 07:00:00 AM,203,93,110
06/17/2021 08:00:00 AM,248,114,134
06/17/2021 09:00:00 AM,161,51,110
06/17/2021 10:00:00 AM,110,53,57
06/17/2021 11:00:00 AM,127,69,58
06/17/2021 12:00:00 PM,133,63,70
06/17/2021 01:00:00 PM,117,38,79
06/17/2021 02:00:00 PM,159,75,84
06/17/2021 03:00:00 PM,199,94,105
06/17/2021 04:00:00 PM,313,106,207
06/17/2021 05:00:00 PM,424,160,264
06/17/2021 06:00:00 PM,336,106,230
06/17/2021 07:00:00 PM,227,87,140
06/17/2021 08:00:00 PM,167,82,85
06/17/2021 09:00:00 PM,121,64,57
06/17/2021 10:00:00 PM,56,28,28
06/17/2021 11:00:00 PM,24,4,20
06/18/2021 12:00:00 AM,11,6,5
06/18/2021 01:00:00 AM,10,3,7
06/18/2021 02:00:00 AM,5,2,3
06/18/2021 03:00:00 AM,3,2,1
06/18/2021 04:00:00 AM,12,4,8
06/18/2021 05:00:00 AM,20,8,12
06/18/2021 06:00:00 AM,73,37,36
06/18/2021 07:00:00 AM,151,70,81
06/18/2021 08:00:00 AM,165,67,98
06/18/2021 09:00:00 AM,173,67,106
06/18/2021 10:00:00 AM,118,61,57
06/18/2021 11:00:00 AM,151,64,87
06/18/2021 12:00:00 PM,141,56,85
06/18/2021 01:00:00 PM,147,67,80
06/18/2021 02:00:00 PM,180,88,92
06/18/2021 03:00:00 PM,211,93,118
06/18/2021 04:00:00 PM,328,127,201
06/18/2021 05:00:00 PM,308,127,181
06/18/2021 06:00:00 PM,263,87,176
06/18/2021 07:00:00 PM,190,73,117
06/18/2021 08:00:00 PM,106,44,62
06/18/2021 09:00:00 PM,88,40,48
06/18/2021 10:00:00 PM,49,23,26
06/18/2021 11:00:00 PM,45,20,25
06/19/2021 12:00:00 AM,22,10,12
06/19/2021 01:00:00 AM,8,5,3
06/19/2021 02:00:00 AM,3,1,2
06/19/2021 03:00:00 AM,1,1,0
06/19/2021 04:00:00 AM,1,0,1
06/19/2021 05:00:00 AM,11,2,9
06/19/2021 06:00:00 AM,24,9,15
06/19/2021 07:00:00 AM,69,27,42
06/19/2021 08:00:00 AM,114,42,72
06/19/2021 09:00:00 AM,134,70,64
06/19/2021 10:00:00 AM,196,82,114
06/19/2021 11:00:00 AM,268,117,151
06/19/2021 12:00:00 PM,266,119,147
06/19/2021 01:00:00 PM,304,131,173
06/19/2021 02:00:00 PM,282,117,165
06/19/2021 03:00:00 PM,254,108,146
06/19/2021 04:00:00 PM,273,134,139
06/19/2021 05:00:00 PM,268,146,122
06/19/2021 06:00:00 PM,188,78,110
06/19/2021 07:00:00 PM,163,69,94
06/19/2021 08:00:00 PM,110,47,63
06/19/2021 09:00:00 PM,116,50,66
06/19/2021 10:00:00 PM,52,25,27
06/19/2021 11:00:00 PM,39,22,17
06/20/2021 12:00:00 AM,26,11,15
06/20/2021 01:00:00 AM,6,4,2
06/20/2021 02:00:00 AM,6,3,3
06/20/2021 03:00:00 AM,6,3,3
06/20/2021 04:00:00 AM,8,4,4
06/20/2021 05:00:00 AM,11,7,4
06/20/2021 06:00:00 AM,16,7,9
06/20/2021 07:00:00 AM,50,19,31
06/20/2021 08:00:00 AM,114,69,45
06/20/2021 09:00:00 AM,136,66,70
06/20/2021 10:00:00 AM,187,96,91
06/20/2021 11:00:00 AM,259,112,147
06/20/2021 12:00:00 PM,285,116,169
06/20/2021 01:00:00 PM,267,102,165
06/20/2021 02:00:00 PM,284,125,159
06/20/2021 03:00:00 PM,276,139,137
06/20/2021 04:00:00 PM,216,99,117
06/20/2021 05:00:00 PM,229,123,106
06/20/2021 06:00:00 PM,162,77,85
06/20/2021 07:00:00 PM,117,56,61
06/20/2021 08:00:00 PM,130,45,85
06/20/2021 09:00:00 PM,49,24,25
06/20/2021 10:00:00 PM,40,21,19
06/20/2021 11:00:00 PM,28,13,15
06/21/2021 12:00:00 AM,14,4,10
06/21/2021 01:00:00 AM,7,5,2
06/21/2021 02:00:00 AM,0,0,0
06/21/2021 03:00:00 AM,1,0,1
06/21/2021 04:00:00 AM,11,3,8
06/21/2021 05:00:00 AM,34,15,19
06/21/2021 06:00:00 AM,72,32,40
06/21/2021 07:00:00 AM,203,90,113
06/21/2021 08:00:00 AM,233,100,133
06/21/2021 09:00:00 AM,147,60,87
06/21/2021 10:00:00 AM,121,55,66
06/21/2021 11:00:00 AM,128,32,96
06/21/2021 12:00:00 PM,149,66,83
06/21/2021 01:00:00 PM,136,61,75
06/21/2021 02:00:00 PM,107,44,63
06/21/2021 03:00:00 PM,194,75,119
06/21/2021 04:00:00 PM,239,95,144
06/21/2021 05:00:00 PM,363,118,245
06/21/2021 06:00:00 PM,285,118,167
06/21/2021 07:00:00 PM,191,86,105
06/21/2021 08:00:00 PM,143,62,81
06/21/2021 09:00:00 PM,102,51,51
06/21/2021 10:00:00 PM,73,33,40
06/21/2021 11:00:00 PM,28,9,19
06/22/2021 12:00:00 AM,2,0,2
06/22/2021 01:00:00 AM,5,0,5
06/22/2021 02:00:00 AM,2,1,1
06/22/2021 03:00:00 AM,0,0,0
06/22/2021 04:00:00 AM,13,3,10
06/22/2021 05:00:00 AM,37,16,21
06/22/2021 06:00:00 AM,111,52,59
06/22/2021 07:00:00 AM,239,107,132
06/22/2021 08:00:00 AM,280,127,153
06/22/2021 09:00:00 AM,165,57,108
06/22/2021 10:00:00 AM,107,52,55
06/22/2021 11:00:00 AM,121,54,67
06/22/2021 12:00:00 PM,129,56,73
06/22/2021 01:00:00 PM,121,64,57
06/22/2021 02:00:00 PM,130,60,70
06/22/2021 03:00:00 PM,180,74,106
06/22/2021 04:00:00 PM,279,93,186
06/22/2021 05:00:00 PM,431,122,309
06/22/2021 06:00:00 PM,309,123,186
06/22/2021 07:00:00 PM,224,78,146
06/22/2021 08:00:00 PM,195,83,112
06/22/2021 09:00:00 PM,131,73,58
06/22/2021 10:00:00 PM,53,23,30
06/22/2021 11:00:00 PM,30,10,20
06/23/2021 12:00:00 AM,3,0,3
06/23/2021 01:00:00 AM,4,1,3
06/23/2021 02:00:00 AM,2,0,2
06/23/2021 03:00:00 AM,0,0,0
06/23/2021 04:00:00 AM,8,1,7
06/23/2021 05:00:00 AM,35,15,20
06/23/2021 06:00:00 AM,88,29,59
06/23/2021 07:00:00 AM,212,95,117
06/23/2021 08:00:00 AM,234,121,113
06/23/2021 09:00:00 AM,172,66,106
06/23/2021 10:00:00 AM,131,69,62
06/23/2021 11:00:00 AM,133,53,80
06/23/2021 12:00:00 PM,147,60,87
06/23/2021 01:00:00 PM,129,49,80
06/23/2021 02:00:00 PM,150,77,73
06/23/2021 03:00:00 PM,177,67,110
06/23/2021 04:00:00 PM,286,97,189
06/23/2021 05:00:00 PM,448,129,319
06/23/2021 06:00:00 PM,332,141,191
06/23/2021 07:00:00 PM,181,59,122
06/23/2021 08:00:00 PM,180,63,117
06/23/2021 09:00:00 PM,118,43,75
06/23/2021 10:00:00 PM,63,33,30
06/23/2021 11:00:00 PM,26,7,19
06/24/2021 12:00:00 AM,5,1,4
06/24/2021 01:00:00 AM,2,0,2
06/24/2021 02:00:00 AM,2,0,2
06/24/2021 03:00:00 AM,3,0,3
06/24/2021 04:00:00 AM,11,6,5
06/24/2021 05:00:00 AM,31,13,18
06/24/2021 06:00:00 AM,95,41,54
06/24/2021 07:00:00 AM,207,92,115
06/24/2021 08:00:00 AM,245,93,152
06/24/2021 09:00:00 AM,151,65,86
06/24/2021 10:00:00 AM,121,60,61
06/24/2021 11:00:00 AM,113,43,70
06/24/2021 12:00:00 PM,153,64,89
06/24/2021 01:00:00 PM,143,57,86
06/24/2021 02:00:00 PM,134,68,66
06/24/2021 03:00:00 PM,170,62,108
06/24/2021 04:00:00 PM,295,110,185
06/24/2021 05:00:00 PM,453,149,304
06/24/2021 06:00:00 PM,359,126,233
06/24/2021 07:00:00 PM,221,94,127
06/24/2021 08:00:00 PM,173,82,91
06/24/2021 09:00:00 PM,100,33,67
06/24/2021 10:00:00 PM,81,37,44
06/24/2021 11:00:00 PM,27,12,15
06/25/2021 12:00:00 AM,8,3,5
06/25/2021 01:00:00 AM,10,2,8
06/25/2021 02:00:00 AM,4,1,3
06/25/2021 03:00:00 AM,3,1,2
06/25/2021 04:00:00 AM,7,2,5
06/25/2021 05:00:00 AM,26,12,14
06/25/2021 06:00:00 AM,86,32,54
06/25/2021 07:00:00 AM,151,69,82
06/25/2021 08:00:00 AM,220,93,127
06/25/2021 09:00:00 AM,164,72,92
06/25/2021 10:00:00 AM,141,54,87
06/25/2021 11:00:00 AM,131,53,78
06/25/2021 12:00:00 PM,145,63,82
06/25/2021 01:00:00 PM,140,68,72
06/25/2021 02:00:00 PM,147,57,90
06/25/2021 03:00:00 PM,179,80,99
06/25/2021 04:00:00 PM,235,84,151
06/25/2021 05:00:00 PM,265,103,162
06/25/2021 06:00:00 PM,210,83,127
06/25/2021 07:00:00 PM,159,58,101
06/25/2021 08:00:00 PM,133,49,84
06/25/2021 09:00:00 PM,116,51,65
06/25/2021 10:00:00 PM,74,25,49
06/25/2021 11:00:00 PM,34,12,22
06/26/2021 12:00:00 AM,24,10,14
06/26/2021 01:00:00 AM,10,2,8
06/26/2021 02:00:00 AM,11,3,8
06/26/2021 03:00:00 AM,1,0,1
06/26/2021 04:00:00 AM,5,3,2
06/26/2021 05:00:00 AM,16,8,8
06/26/2021 06:00:00 AM,59,28,31
06/26/2021 07:00:00 AM,121,41,80
06/26/2021 08:00:00 AM,182,79,103
06/26/2021 09:00:00 AM,197,87,110
06/26/2021 10:00:00 AM,154,71,83
06/26/2021 11:00:00 AM,168,70,98
06/26/2021 12:00:00 PM,153,56,97
06/26/2021 01:00:00 PM,123,50,73
06/26/2021 02:00:00 PM,118,49,69
06/26/2021 03:00:00 PM,108,56,52
06/26/2021 04:00:00 PM,95,35,60
06/26/2021 05:00:00 PM,61,34,27
06/26/2021 06:00:00 PM,89,32,57
06/26/2021 07:00:00 PM,142,39,103
06/26/2021 08:00:00 PM,71,22,49
06/26/2021 09:00:00 PM,124,28,96
06/26/2021 10:00:00 PM,96,34,62
06/26/2021 11:00:00 PM,45,16,29
06/27/2021 12:00:00 AM,30,12,18
06/27/2021 01:00:00 AM,10,3,7
06/27/2021 02:00:00 AM,13,2,11
06/27/2021 03:00:00 AM,2,2,0
06/27/2021 04:00:00 AM,8,6,2
06/27/2021 05:00:00 AM,9,4,5
06/27/2021 06:00:00 AM,57,27,30
06/27/2021 07:00:00 AM,78,26,52
06/27/2021 08:00:00 AM,124,64,60
06/27/2021 09:00:00 AM,148,67,81
06/27/2021 10:00:00 AM,106,47,59
06/27/2021 11:00:00 AM,119,49,70
06/27/2021 12:00:00 PM,110,43,67
06/27/2021 01:00:00 PM,84,31,53
06/27/2021 02:00:00 PM,55,22,33
06/27/2021 03:00:00 PM,65,22,43
06/27/2021 04:00:00 PM,50,24,26
06/27/2021 05:00:00 PM,66,33,33
06/27/2021 06:00:00 PM,48,18,30
06/27/2021 07:00:00 PM,69,25,44
06/27/2021 08:00:00 PM,36,7,29
06/27/2021 09:00:00 PM,57,21,36
06/27/2021 10:00:00 PM,21,4,17
06/27/2021 11:00:00 PM,19,8,11
06/28/2021 12:00:00 AM,6,2,4
06/28/2021 01:00:00 AM,3,2,1
06/28/2021 02:00:00 AM,1,1,0
06/28/2021 03:00:00 AM,2,0,2
06/28/2021 04:00:00 AM,13,1,12
06/28/2021 05:00:00 AM,33,17,16
06/28/2021 06:00:00 AM,76,29,47
06/28/2021 07:00:00 AM,109,50,59
06/28/2021 08:00:00 AM,129,52,77
06/28/2021 09:00:00 AM,76,20,56
06/28/2021 10:00:00 AM,58,25,33
06/28/2021 11:00:00 AM,51,15,36
06/28/2021 12:00:00 PM,47,15,32
06/28/2021 01:00:00 PM,42,19,23
06/28/2021 02:00:00 PM,45,17,28
06/28/2021 03:00:00 PM,55,21,34
06/28/2021 04:00:00 PM,81,26,55
06/28/2021 05:00:00 PM,82,21,61
06/28/2021 06:00:00 PM,84,25,59
06/28/2021 07:00:00 PM,71,20,51
06/28/2021 08:00:00 PM,52,20,32
06/28/2021 09:00:00 PM,38,14,24
06/28/2021 10:00:00 PM,32,17,15
06/28/2021 11:00:00 PM,23,9,14
06/29/2021 12:00:00 AM,10,7,3
06/29/2021 01:00:00 AM,1,0,1
06/29/2021 02:00:00 AM,1,1,0
06/29/2021 03:00:00 AM,1,0,1
06/29/2021 04:00:00 AM,15,4,11
06/29/2021 05:00:00 AM,21,9,12
06/29/2021 06:00:00 AM,104,44,60
06/29/2021 07:00:00 AM,189,82,107
06/29/2021 08:00:00 AM,238,109,129
06/29/2021 09:00:00 AM,139,58,81
06/29/2021 10:00:00 AM,103,41,62
06/29/2021 11:00:00 AM,132,46,86
06/29/2021 12:00:00 PM,96,49,47
06/29/2021 01:00:00 PM,102,44,58
06/29/2021 02:00:00 PM,79,28,51
06/29/2021 03:00:00 PM,116,63,53
06/29/2021 04:00:00 PM,199,74,125
06/29/2021 05:00:00 PM,293,100,193
06/29/2021 06:00:00 PM,258,90,168
06/29/2021 07:00:00 PM,150,70,80
06/29/2021 08:00:00 PM,169,72,97
06/29/2021 09:00:00 PM,107,47,60
06/29/2021 10:00:00 PM,40,24,16
06/29/2021 11:00:00 PM,24,13,11
06/30/2021 12:00:00 AM,9,7,2
06/30/2021 01:00:00 AM,2,2,0
06/30/2021 02:00:00 AM,2,0,2
06/30/2021 03:00:00 AM,3,1,2
06/30/2021 04:00:00 AM,10,3,7
06/30/2021 05:00:00 AM,31,19,12
06/30/2021 06:00:00 AM,114,49,65
06/30/2021 07:00:00 AM,232,126,106
06/30/2021 08:00:00 AM,273,121,152
06/30/2021 09:00:00 AM,182,71,111
06/30/2021 10:00:00 AM,96,42,54
06/30/2021 11:00:00 AM,99,44,55
06/30/2021 12:00:00 PM,138,64,74
06/30/2021 01:00:00 PM,118,60,58
06/30/2021 02:00:00 PM,136,58,78
06/30/2021 03:00:00 PM,186,76,110
06/30/2021 04:00:00 PM,264,85,179
06/30/2021 05:00:00 PM,361,110,251
06/30/2021 06:00:00 PM,310,116,194
06/30/2021 07:00:00 PM,241,89,152
06/30/2021 08:00:00 PM,179,73,106
06/30/2021 09:00:00 PM,102,40,62
06/30/2021 10:00:00 PM,42,20,22
06/30/2021 11:00:00 PM,29,9,20
07/01/2021 12:00:00 AM,6,2,4
07/01/2021 01:00:00 AM,8,4,4
07/01/2021 02:00:00 AM,4,0,4
07/01/2021 03:00:00 AM,2,2,0
07/01/2021 04:00:00 AM,10,2,8
07/01/2021 05:00:00 AM,40,19,21
07/01/2021 06:00:00 AM,85,36,49
07/01/2021 07:00:00 AM,203,93,110
07/01/2021 08:00:00 AM,250,137,113
07/01/2021 09:00:00 AM,164,65,99
07/01/2021 10:00:00 AM,123,63,60
07/01/2021 11:00:00 AM,120,54,66
07/01/2021 12:00:00 PM,114,44,70
07/01/2021 01:00:00 PM,147,77,70
07/01/2021 02:00:00 PM,135,54,81
07/01/2021 03:00:00 PM,194,71,123
07/01/2021 04:00:00 PM,231,76,155
07/01/2021 05:00:00 PM,359,96,263
07/01/2021 06:00:00 PM,267,128,139
07/01/2021 07:00:00 PM,153,64,89
07/01/2021 08:00:00 PM,130,65,65
07/01/2021 09:00:00 PM,73,29,44
07/01/2021 10:00:00 PM,62,26,36
07/01/2021 11:00:00 PM,28,14,14
07/02/2021 12:00:00 AM,16,5,11
07/02/2021 01:00:00 AM,4,1,3
07/02/2021 02:00:00 AM,3,1,2
07/02/2021 03:00:00 AM,5,3,2
07/02/2021 04:00:00 AM,10,3,7
07/02/2021 05:00:00 AM,25,11,14
07/02/2021 06:00:00 AM,78,37,41
07/02/2021 07:00:00 AM,158,61,97
07/02/2021 08:00:00 AM,181,85,96
07/02/2021 09:00:00 AM,181,71,110
07/02/2021 10:00:00 AM,108,38,70
07/02/2021 11:00:00 AM,126,45,81
07/02/2021 12:00:00 PM,128,48,80
07/02/2021 01:00:00 PM,160,78,82
07/02/2021 02:00:00 PM,172,75,97
07/02/2021 03:00:00 PM,203,83,120
07/02/2021 04:00:00 PM,288,104,184
07/02/2021 05:00:00 PM,280,103,177
07/02/2021 06:00:00 PM,213,91,122
07/02/2021 07:00:00 PM,141,43,98
07/02/2021 08:00:00 PM,113,45,68
07/02/2021 09:00:00 PM,73,35,38
07/02/2021 10:00:00 PM,51,21,30
07/02/2021 11:00:00 PM,33,11,22
07/03/2021 12:00:00 AM,28,9,19
07/03/2021 01:00:00 AM,12,5,7
07/03/2021 02:00:00 AM,6,3,3
07/03/2021 03:00:00 AM,0,0,0
07/03/2021 04:00:00 AM,3,2,1
07/03/2021 05:00:00 AM,5,2,3
07/03/2021 06:00:00 AM,42,17,25
07/03/2021 07:00:00 AM,82,41,41
07/03/2021 08:00:00 AM,97,51,46
07/03/2021 09:00:00 AM,166,82,84
07/03/2021 10:00:00 AM,206,101,105
07/03/2021 11:00:00 AM,215,90,125
07/03/2021 12:00:00 PM,242,102,140
07/03/2021 01:00:00 PM,188,79,109
07/03/2021 02:00:00 PM,226,92,134
07/03/2021 03:00:00 PM,198,78,120
07/03/2021 04:00:00 PM,223,88,135
07/03/2021 05:00:00 PM,152,71,81
07/03/2021 06:00:00 PM,145,71,74
07/03/2021 07:00:00 PM,184,39,145
07/03/2021 08:00:00 PM,126,58,68
07/03/2021 09:00:00 PM,137,42,95
07/03/2021 10:00:00 PM,61,28,33
07/03/2021 11:00:00 PM,27,11,16
07/04/2021 12:00:00 AM,17,5,12
07/04/2021 01:00:00 AM,5,2,3
07/04/2021 02:00:00 AM,6,3,3
07/04/2021 03:00:00 AM,5,1,4
07/04/2021 04:00:00 AM,2,0,2
07/04/2021 05:00:00 AM,8,2,6
07/04/2021 06:00:00 AM,18,7,11
07/04/2021 07:00:00 AM,41,18,23
07/04/2021 08:00:00 AM,58,21,37
07/04/2021 09:00:00 AM,112,45,67
07/04/2021 10:00:00 AM,146,61,85
07/04/2021 11:00:00 AM,186,105,81
07/04/2021 12:00:00 PM,249,77,172
07/04/2021 01:00:00 PM,217,87,130
07/04/2021 02:00:00 PM,223,96,127
07/04/2021 03:00:00 PM,211,94,117
07/04/2021 04:00:00 PM,193,93,100
07/04/2021 05:00:00 PM,197,80,117
07/04/2021 06:00:00 PM,123,51,72
07/04/2021 07:00:00 PM,109,44,65
07/04/2021 08:00:00 PM,97,29,68
07/04/2021 09:00:00 PM,67,24,43
07/04/2021 10:00:00 PM,40,22,18
07/04/2021 11:00:00 PM,36,15,21
07/05/2021 12:00:00 AM,16,5,11
07/05/2021 01:00:00 AM,11,5,6
07/05/2021 02:00:00 AM,2,1,1
07/05/2021 03:00:00 AM,6,1,5
07/05/2021 04:00:00 AM,6,2,4
07/05/2021 05:00:00 AM,7,1,6
07/05/2021 06:00:00 AM,36,11,25
07/05/2021 07:00:00 AM,43,11,32
07/05/2021 08:00:00 AM,87,44,43
07/05/2021 09:00:00 AM,104,54,50
07/05/2021 10:00:00 AM,137,68,69
07/05/2021 11:00:00 AM,176,100,76
07/05/2021 12:00:00 PM,187,99,88
07/05/2021 01:00:00 PM,207,93,114
07/05/2021 02:00:00 PM,206,102,104
07/05/2021 03:00:00 PM,228,98,130
07/05/2021 04:00:00 PM,244,119,125
07/05/2021 05:00:00 PM,214,103,111
07/05/2021 06:00:00 PM,200,85,115
07/05/2021 07:00:00 PM,141,61,80
07/05/2021 08:00:00 PM,104,42,62
07/05/2021 09:00:00 PM,60,37,23
07/05/2021 10:00:00 PM,37,15,22
07/05/2021 11:00:00 PM,16,3,13
07/06/2021 12:00:00 AM,2,1,1
07/06/2021 01:00:00 AM,1,0,1
07/06/2021 02:00:00 AM,5,3,2
07/06/2021 03:00:00 AM,0,0,0
07/06/2021 04:00:00 AM,16,3,13
07/06/2021 05:00:00 AM,33,15,18
07/06/2021 06:00:00 AM,88,41,47
07/06/2021 07:00:00 AM,197,81,116
07/06/2021 08:00:00 AM,260,117,143
07/06/2021 09:00:00 AM,161,53,108
07/06/2021 10:00:00 AM,120,61,59
07/06/2021 11:00:00 AM,97,39,58
07/06/2021 12:00:00 PM,106,43,63
07/06/2021 01:00:00 PM,108,53,55
07/06/2021 02:00:00 PM,150,77,73
07/06/2021 03:00:00 PM,184,77,107
07/06/2021 04:00:00 PM,295,103,192
07/06/2021 05:00:00 PM,370,133,237
07/06/2021 06:00:00 PM,287,94,193
07/06/2021 07:00:00 PM,164,68,96
07/06/2021 08:00:00 PM,140,58,82
07/06/2021 09:00:00 PM,85,40,45
07/06/2021 10:00:00 PM,41,15,26
07/06/2021 11:00:00 PM,25,14,11
07/07/2021 12:00:00 AM,16,4,12
07/07/2021 01:00:00 AM,6,2,4
07/07/2021 02:00:00 AM,8,2,6
07/07/2021 03:00:00 AM,6,1,5
07/07/2021 04:00:00 AM,13,5,8
07/07/2021 05:00:00 AM,27,11,16
07/07/2021 06:00:00 AM,98,38,60
07/07/2021 07:00:00 AM,214,82,132
07/07/2021 08:00:00 AM,276,122,154
07/07/2021 09:00:00 AM,158,50,108
07/07/2021 10:00:00 AM,111,40,71
07/07/2021 11:00:00 AM,92,49,43
07/07/2021 12:00:00 PM,123,54,69
07/07/2021 01:00:00 PM,125,53,72
07/07/2021 02:00:00 PM,116,51,65
07/07/2021 03:00:00 PM,167,70,97
07/07/2021 04:00:00 PM,259,99,160
07/07/2021 05:00:00 PM,438,145,293
07/07/2021 06:00:00 PM,311,119,192
07/07/2021 07:00:00 PM,187,76,111
07/07/2021 08:00:00 PM,146,65,81
07/07/2021 09:00:00 PM,106,48,58
07/07/2021 10:00:00 PM,54,25,29
07/07/2021 11:00:00 PM,18,6,12
07/08/2021 12:00:00 AM,6,2,4
07/08/2021 01:00:00 AM,3,2,1
07/08/2021 02:00:00 AM,4,2,2
07/08/2021 03:00:00 AM,2,0,2
07/08/2021 04:00:00 AM,13,3,10
07/08/2021 05:00:00 AM,24,13,11
07/08/2021 06:00:00 AM,102,39,63
07/08/2021 07:00:00 AM,193,86,107
07/08/2021 08:00:00 AM,218,85,133
07/08/2021 09:00:00 AM,162,61,101
07/08/2021 10:00:00 AM,95,40,55
07/08/2021 11:00:00 AM,117,59,58
07/08/2021 12:00:00 PM,133,52,81
07/08/2021 01:00:00 PM,136,62,74
07/08/2021 02:00:00 PM,120,59,61
07/08/2021 03:00:00 PM,167,71,96
07/08/2021 04:00:00 PM,308,127,181
07/08/2021 05:00:00 PM,390,121,269
07/08/2021 06:00:00 PM,323,118,205
07/08/2021 07:00:00 PM,189,71,118
07/08/2021 08:00:00 PM,169,85,84
07/08/2021 09:00:00 PM,115,55,60
07/08/2021 10:00:00 PM,60,18,42
07/08/2021 11:00:00 PM,33,9,24
07/09/2021 12:00:00 AM,20,9,11
07/09/2021 01:00:00 AM,6,6,0
07/09/2021 02:00:00 AM,6,1,5
07/09/2021 03:00:00 AM,2,1,1
07/09/2021 04:00:00 AM,8,2,6
07/09/2021 05:00:00 AM,18,8,10
07/09/2021 06:00:00 AM,78,34,44
07/09/2021 07:00:00 AM,156,72,84
07/09/2021 08:00:00 AM,193,78,115
07/09/2021 09:00:00 AM,164,71,93
07/09/2021 10:00:00 AM,139,59,80
07/09/2021 11:00:00 AM,122,55,67
07/09/2021 12:00:00 PM,137,56,81
07/09/2021 01:00:00 PM,131,68,63
07/09/2021 02:00:00 PM,182,76,106
07/09/2021 03:00:00 PM,203,91,112
07/09/2021 04:00:00 PM,286,96,190
07/09/2021 05:00:00 PM,363,128,235
07/09/2021 06:00:00 PM,258,103,155
07/09/2021 07:00:00 PM,214,109,105
07/09/2021 08:00:00 PM,139,52,87
07/09/2021 09:00:00 PM,99,41,58
07/09/2021 10:00:00 PM,54,21,33
07/09/2021 11:00:00 PM,45,7,38
07/10/2021 12:00:00 AM,32,11,21
07/10/2021 01:00:00 AM,9,3,6
07/10/2021 02:00:00 AM,7,2,5
07/10/2021 03:00:00 AM,0,0,0
07/10/2021 04:00:00 AM,2,1,1
07/10/2021 05:00:00 AM,11,3,8
07/10/2021 06:00:00 AM,34,10,24
07/10/2021 07:00:00 AM,70,19,51
07/10/2021 08:00:00 AM,102,47,55
07/10/2021 09:00:00 AM,174,59,115
07/10/2021 10:00:00 AM,179,92,87
07/10/2021 11:00:00 AM,243,98,145
07/10/2021 12:00:00 PM,221,100,121
07/10/2021 01:00:00 PM,305,130,175
07/10/2021 02:00:00 PM,220,112,108
07/10/2021 03:00:00 PM,256,123,133
07/10/2021 04:00:00 PM,257,130,127
07/10/2021 05:00:00 PM,188,82,106
07/10/2021 06:00:00 PM,172,70,102
07/10/2021 07:00:00 PM,225,65,160
07/10/2021 08:00:00 PM,134,44,90
07/10/2021 09:00:00 PM,120,29,91
07/10/2021 10:00:00 PM,46,17,29
07/10/2021 11:00:00 PM,31,11,20
07/11/2021 12:00:00 AM,29,6,23
07/11/2021 01:00:00 AM,16,3,13
07/11/2021 02:00:00 AM,6,3,3
07/11/2021 03:00:00 AM,5,1,4
07/11/2021 04:00:00 AM,5,2,3
07/11/2021 05:00:00 AM,10,2,8
07/11/2021 06:00:00 AM,24,11,13
07/11/2021 07:00:00 AM,39,18,21
07/11/2021 08:00:00 AM,92,46,46
07/11/2021 09:00:00 AM,129,63,66
07/11/2021 10:00:00 AM,196,81,115
07/11/2021 11:00:00 AM,274,125,149
07/11/2021 12:00:00 PM,277,144,133
07/11/2021 01:00:00 PM,244,104,140
07/11/2021 02:00:00 PM,197,80,117
07/11/2021 03:00:00 PM,229,120,109
07/11/2021 04:00:00 PM,264,132,132
07/11/2021 05:00:00 PM,222,103,119
07/11/2021 06:00:00 PM,177,80,97
07/11/2021 07:00:00 PM,146,62,84
07/11/2021 08:00:00 PM,96,34,62
07/11/2021 09:00:00 PM,73,25,48
07/11/2021 10:00:00 PM,28,17,11
07/11/2021 11:00:00 PM,28,14,14
07/12/2021 12:00:00 AM,6,3,3
07/12/2021 01:00:00 AM,3,2,1
07/12/2021 02:00:00 AM,6,2,4
07/12/2021 03:00:00 AM,1,0,1
07/12/2021 04:00:00 AM,10,2,8
07/12/2021 05:00:00 AM,36,16,20
07/12/2021 06:00:00 AM,92,35,57
07/12/2021 07:00:00 AM,196,84,112
07/12/2021 08:00:00 AM,263,102,161
07/12/2021 09:00:00 AM,173,80,93
07/12/2021 10:00:00 AM,108,53,55
07/12/2021 11:00:00 AM,124,59,65
07/12/2021 12:00:00 PM,146,67,79
07/12/2021 01:00:00 PM,114,41,73
07/12/2021 02:00:00 PM,120,45,75
07/12/2021 03:00:00 PM,151,67,84
07/12/2021 04:00:00 PM,279,106,173
07/12/2021 05:00:00 PM,433,136,297
07/12/2021 06:00:00 PM,322,101,221
07/12/2021 07:00:00 PM,217,82,135
07/12/2021 08:00:00 PM,145,50,95
07/12/2021 09:00:00 PM,89,31,58
07/12/2021 10:00:00 PM,36,19,17
07/12/2021 11:00:00 PM,24,11,13
07/13/2021 12:00:00 AM,5,3,2
07/13/2021 01:00:00 AM,4,2,2
07/13/2021 02:00:00 AM,7,5,2
07/13/2021 03:00:00 AM,3,1,2
07/13/2021 04:00:00 AM,12,3,9
07/13/2021 05:00:00 AM,46,20,26
07/13/2021 06:00:00 AM,116,48,68
07/13/2021 07:00:00 AM,235,106,129
07/13/2021 08:00:00 AM,278,124,154
07/13/2021 09:00:00 AM,196,64,132
07/13/2021 10:00:00 AM,102,47,55
07/13/2021 11:00:00 AM,128,66,62
07/13/2021 12:00:00 PM,132,53,79
07/13/2021 01:00:00 PM,125,52,73
07/13/2021 02:00:00 PM,196,86,110
07/13/2021 03:00:00 PM,223,93,130
07/13/2021 04:00:00 PM,304,119,185
07/13/2021 05:00:00 PM,424,166,258
07/13/2021 06:00:00 PM,379,171,208
07/13/2021 07:00:00 PM,267,102,165
07/13/2021 08:00:00 PM,187,81,106
07/13/2021 09:00:00 PM,110,52,58
07/13/2021 10:00:00 PM,38,12,26
07/13/2021 11:00:00 PM,38,18,20
07/14/2021 12:00:00 AM,12,0,12
07/14/2021 01:00:00 AM,6,0,6
07/14/2021 02:00:00 AM,2,1,1
07/14/2021 03:00:00 AM,6,1,5
07/14/2021 04:00:00 AM,8,3,5
07/14/2021 05:00:00 AM,35,21,14
07/14/2021 06:00:00 AM,107,48,59
07/14/2021 07:00:00 AM,222,99,123
07/14/2021 08:00:00 AM,283,119,164
07/14/2021 09:00:00 AM,200,80,120
07/14/2021 10:00:00 AM,109,48,61
07/14/2021 11:00:00 AM,99,44,55
07/14/2021 12:00:00 PM,120,46,74
07/14/2021 01:00:00 PM,130,55,75
07/14/2021 02:00:00 PM,160,59,101
07/14/2021 03:00:00 PM,191,75,116
07/14/2021 04:00:00 PM,303,98,205
07/14/2021 05:00:00 PM,422,133,289
07/14/2021 06:00:00 PM,394,126,268
07/14/2021 07:00:00 PM,217,86,131
07/14/2021 08:00:00 PM,187,89,98
07/14/2021 09:00:00 PM,97,50,47
07/14/2021 10:00:00 PM,74,34,40
07/14/2021 11:00:00 PM,22,3,19
07/15/2021 12:00:00 AM,11,2,9
07/15/2021 01:00:00 AM,4,1,3
07/15/2021 02:00:00 AM,2,0,2
07/15/2021 03:00:00 AM,2,1,1
07/15/2021 04:00:00 AM,6,2,4
07/15/2021 05:00:00 AM,31,15,16
07/15/2021 06:00:00 AM,80,37,43
07/15/2021 07:00:00 AM,184,78,106
07/15/2021 08:00:00 AM,261,108,153
07/15/2021 09:00:00 AM,156,73,83
07/15/2021 10:00:00 AM,118,46,72
07/15/2021 11:00:00 AM,123,59,64
07/15/2021 12:00:00 PM,134,52,82
07/15/2021 01:00:00 PM,116,61,55
07/15/2021 02:00:00 PM,135,56,79
07/15/2021 03:00:00 PM,169,70,99
07/15/2021 04:00:00 PM,263,89,174
07/15/2021 05:00:00 PM,458,154,304
07/15/2021 06:00:00 PM,336,99,237
07/15/2021 07:00:00 PM,223,97,126
07/15/2021 08:00:00 PM,147,71,76
07/15/2021 09:00:00 PM,92,51,41
07/15/2021 10:00:00 PM,59,26,33
07/15/2021 11:00:00 PM,26,14,12
07/16/2021 12:00:00 AM,9,3,6
07/16/2021 01:00:00 AM,6,2,4
07/16/2021 02:00:00 AM,4,3,1
07/16/2021 03:00:00 AM,5,2,3
07/16/2021 04:00:00 AM,7,4,3
07/16/2021 05:00:00 AM,19,9,10
07/16/2021 06:00:00 AM,76,30,46
07/16/2021 07:00:00 AM,162,70,92
07/16/2021 08:00:00 AM,186,84,102
07/16/2021 09:00:00 AM,167,65,102
07/16/2021 10:00:00 AM,97,33,64
07/16/2021 11:00:00 AM,126,69,57
07/16/2021 12:00:00 PM,121,47,74
07/16/2021 01:00:00 PM,116,52,64
07/16/2021 02:00:00 PM,136,56,80
07/16/2021 03:00:00 PM,187,74,113
07/16/2021 04:00:00 PM,235,91,144
07/16/2021 05:00:00 PM,329,102,227
07/16/2021 06:00:00 PM,213,86,127
07/16/2021 07:00:00 PM,131,57,74
07/16/2021 08:00:00 PM,75,32,43
07/16/2021 09:00:00 PM,66,30,36
07/16/2021 10:00:00 PM,44,14,30
07/16/2021 11:00:00 PM,28,13,15
07/17/2021 12:00:00 AM,17,6,11
07/17/2021 01:00:00 AM,15,6,9
07/17/2021 02:00:00 AM,9,3,6
07/17/2021 03:00:00 AM,5,4,1
07/17/2021 04:00:00 AM,4,2,2
07/17/2021 05:00:00 AM,9,3,6
07/17/2021 06:00:00 AM,38,13,25
07/17/2021 07:00:00 AM,55,29,26
07/17/2021 08:00:00 AM,83,35,48
07/17/2021 09:00:00 AM,122,46,76
07/17/2021 10:00:00 AM,188,82,106
07/17/2021 11:00:00 AM,237,109,128
07/17/2021 12:00:00 PM,233,117,116
07/17/2021 01:00:00 PM,279,119,160
07/17/2021 02:00:00 PM,285,145,140
07/17/2021 03:00:00 PM,282,134,148
07/17/2021 04:00:00 PM,273,118,155
07/17/2021 05:00:00 PM,246,101,145
07/17/2021 06:00:00 PM,185,81,104
07/17/2021 07:00:00 PM,161,44,117
07/17/2021 08:00:00 PM,100,42,58
07/17/2021 09:00:00 PM,134,38,96
07/17/2021 10:00:00 PM,46,13,33
07/17/2021 11:00:00 PM,37,20,17
07/18/2021 12:00:00 AM,18,7,11
07/18/2021 01:00:00 AM,11,0,11
07/18/2021 02:00:00 AM,11,3,8
07/18/2021 03:00:00 AM,1,1,0
07/18/2021 04:00:00 AM,2,1,1
07/18/2021 05:00:00 AM,4,2,2
07/18/2021 06:00:00 AM,23,9,14
07/18/2021 07:00:00 AM,54,25,29
07/18/2021 08:00:00 AM,102,48,54
07/18/2021 09:00:00 AM,142,72,70
07/18/2021 10:00:00 AM,189,78,111
07/18/2021 11:00:00 AM,235,96,139
07/18/2021 12:00:00 PM,316,141,175
07/18/2021 01:00:00 PM,287,140,147
07/18/2021 02:00:00 PM,260,119,141
07/18/2021 03:00:00 PM,254,142,112
07/18/2021 04:00:00 PM,216,95,121
07/18/2021 05:00:00 PM,201,100,101
07/18/2021 06:00:00 PM,195,76,119
07/18/2021 07:00:00 PM,145,56,89
07/18/2021 08:00:00 PM,113,56,57
07/18/2021 09:00:00 PM,60,24,36
07/18/2021 10:00:00 PM,22,6,16
07/18/2021 11:00:00 PM,17,7,10
07/19/2021 12:00:00 AM,11,4,7
07/19/2021 01:00:00 AM,3,1,2
07/19/2021 02:00:00 AM,5,5,0
07/19/2021 03:00:00 AM,2,0,2
07/19/2021 04:00:00 AM,14,3,11
07/19/2021 05:00:00 AM,32,16,16
07/19/2021 06:00:00 AM,94,38,56
07/19/2021 07:00:00 AM,190,86,104
07/19/2021 08:00:00 AM,260,111,149
07/19/2021 09:00:00 AM,171,73,98
07/19/2021 10:00:00 AM,124,54,70
07/19/2021 11:00:00 AM,124,50,74
07/19/2021 12:00:00 PM,109,56,53
07/19/2021 01:00:00 PM,116,55,61
07/19/2021 02:00:00 PM,128,60,68
07/19/2021 03:00:00 PM,174,70,104
07/19/2021 04:00:00 PM,267,89,178
07/19/2021 05:00:00 PM,417,124,293
07/19/2021 06:00:00 PM,341,132,209
07/19/2021 07:00:00 PM,251,96,155
07/19/2021 08:00:00 PM,145,71,74
07/19/2021 09:00:00 PM,78,36,42
07/19/2021 10:00:00 PM,50,18,32
07/19/2021 11:00:00 PM,25,7,18
07/20/2021 12:00:00 AM,10,5,5
07/20/2021 01:00:00 AM,4,0,4
07/20/2021 02:00:00 AM,2,2,0
07/20/2021 03:00:00 AM,3,3,0
07/20/2021 04:00:00 AM,10,3,7
07/20/2021 05:00:00 AM,33,16,17
07/20/2021 06:00:00 AM,100,42,58
07/20/2021 07:00:00 AM,216,96,120
07/20/2021 08:00:00 AM,265,107,158
07/20/2021 09:00:00 AM,182,74,108
07/20/2021 10:00:00 AM,106,46,60
07/20/2021 11:00:00 AM,113,49,64
07/20/2021 12:00:00 PM,113,56,57
07/20/2021 01:00:00 PM,102,45,57
07/20/2021 02:00:00 PM,131,67,64
07/20/2021 03:00:00 PM,150,61,89
07/20/2021 04:00:00 PM,306,93,213
07/20/2021 05:00:00 PM,427,118,309
07/20/2021 06:00:00 PM,309,128,181
07/20/2021 07:00:00 PM,209,83,126
07/20/2021 08:00:00 PM,160,63,97
07/20/2021 09:00:00 PM,116,58,58
07/20/2021 10:00:00 PM,39,17,22
07/20/2021 11:00:00 PM,23,11,12
07/21/2021 12:00:00 AM,6,1,5
07/21/2021 01:00:00 AM,3,3,0
07/21/2021 02:00:00 AM,2,1,1
07/21/2021 03:00:00 AM,3,2,1
07/21/2021 04:00:00 AM,11,2,9
07/21/2021 05:00:00 AM,33,20,13
07/21/2021 06:00:00 AM,101,42,59
07/21/2021 07:00:00 AM,208,88,120
07/21/2021 08:00:00 AM,274,113,161
07/21/2021 09:00:00 AM,188,64,124
07/21/2021 10:00:00 AM,89,37,52
07/21/2021 11:00:00 AM,117,56,61
07/21/2021 12:00:00 PM,126,56,70
07/21/2021 01:00:00 PM,137,47,90
07/21/2021 02:00:00 PM,151,60,91
07/21/2021 03:00:00 PM,208,80,128
07/21/2021 04:00:00 PM,321,117,204
07/21/2021 05:00:00 PM,480,151,329
07/21/2021 06:00:00 PM,336,139,197
07/21/2021 07:00:00 PM,227,105,122
07/21/2021 08:00:00 PM,133,50,83
07/21/2021 09:00:00 PM,89,40,49
07/21/2021 10:00:00 PM,53,28,25
07/21/2021 11:00:00 PM,29,9,20
07/22/2021 12:00:00 AM,10,5,5
07/22/2021 01:00:00 AM,4,1,3
07/22/2021 02:00:00 AM,2,1,1
07/22/2021 03:00:00 AM,3,1,2
07/22/2021 04:00:00 AM,12,5,7
07/22/2021 05:00:00 AM,30,19,11
07/22/2021 06:00:00 AM,108,45,63
07/22/2021 07:00:00 AM,198,81,117
07/22/2021 08:00:00 AM,296,114,182
07/22/2021 09:00:00 AM,188,77,111
07/22/2021 10:00:00 AM,129,54,75
07/22/2021 11:00:00 AM,101,44,57
07/22/2021 12:00:00 PM,133,65,68
07/22/2021 01:00:00 PM,117,50,67
07/22/2021 02:00:00 PM,166,64,102
07/22/2021 03:00:00 PM,201,93,108
07/22/2021 04:00:00 PM,310,108,202
07/22/2021 05:00:00 PM,443,156,287
07/22/2021 06:00:00 PM,378,160,218
07/22/2021 07:00:00 PM,309,95,214
07/22/2021 08:00:00 PM,164,88,76
07/22/2021 09:00:00 PM,115,49,66
07/22/2021 10:00:00 PM,56,32,24
07/22/2021 11:00:00 PM,38,13,25
07/23/2021 12:00:00 AM,16,5,11
07/23/2021 01:00:00 AM,6,3,3
07/23/2021 02:00:00 AM,5,1,4
07/23/2021 03:00:00 AM,4,1,3
07/23/2021 04:00:00 AM,9,3,6
07/23/2021 05:00:00 AM,36,18,18
07/23/2021 06:00:00 AM,79,33,46
07/23/2021 07:00:00 AM,153,67,86
07/23/2021 08:00:00 AM,209,92,117
07/23/2021 09:00:00 AM,193,67,126
07/23/2021 10:00:00 AM,150,56,94
07/23/2021 11:00:00 AM,129,67,62
07/23/2021 12:00:00 PM,188,88,100
07/23/2021 01:00:00 PM,157,70,87
07/23/2021 02:00:00 PM,171,71,100
07/23/2021 03:00:00 PM,211,87,124
07/23/2021 04:00:00 PM,312,133,179
07/23/2021 05:00:00 PM,346,120,226
07/23/2021 06:00:00 PM,282,125,157
07/23/2021 07:00:00 PM,171,59,112
07/23/2021 08:00:00 PM,129,46,83
07/23/2021 09:00:00 PM,77,42,35
07/23/2021 10:00:00 PM,56,34,22
07/23/2021 11:00:00 PM,52,23,29
07/24/2021 12:00:00 AM,31,14,17
07/24/2021 01:00:00 AM,14,6,8
07/24/2021 02:00:00 AM,6,4,2
07/24/2021 03:00:00 AM,5,3,2
07/24/2021 04:00:00 AM,4,1,3
07/24/2021 05:00:00 AM,10,5,5
07/24/2021 06:00:00 AM,31,8,23
07/24/2021 07:00:00 AM,73,38,35
07/24/2021 08:00:00 AM,120,68,52
07/24/2021 09:00:00 AM,242,105,137
07/24/2021 10:00:00 AM,202,93,109
07/24/2021 11:00:00 AM,261,114,147
07/24/2021 12:00:00 PM,238,117,121
07/24/2021 01:00:00 PM,252,105,147
07/24/2021 02:00:00 PM,332,126,206
07/24/2021 03:00:00 PM,226,116,110
07/24/2021 04:00:00 PM,216,95,121
07/24/2021 05:00:00 PM,240,105,135
07/24/2021 06:00:00 PM,164,81,83
07/24/2021 07:00:00 PM,204,70,134
07/24/2021 08:00:00 PM,103,45,58
07/24/2021 09:00:00 PM,113,38,75
07/24/2021 10:00:00 PM,69,27,42
07/24/2021 11:00:00 PM,35,12,23
07/25/2021 12:00:00 AM,20,7,13
07/25/2021 01:00:00 AM,13,4,9
07/25/2021 02:00:00 AM,10,4,6
07/25/2021 03:00:00 AM,1,1,0
07/25/2021 04:00:00 AM,1,1,0
07/25/2021 05:00:00 AM,9,3,6
07/25/2021 06:00:00 AM,28,14,14
07/25/2021 07:00:00 AM,54,33,21
07/25/2021 08:00:00 AM,88,34,54
07/25/2021 09:00:00 AM,143,74,69
07/25/2021 10:00:00 AM,220,103,117
07/25/2021 11:00:00 AM,266,113,153
07/25/2021 12:00:00 PM,262,130,132
07/25/2021 01:00:00 PM,253,115,138
07/25/2021 02:00:00 PM,255,113,142
07/25/2021 03:00:00 PM,238,100,138
07/25/2021 04:00:00 PM,237,117,120
07/25/2021 05:00:00 PM,201,97,104
07/25/2021 06:00:00 PM,155,81,74
07/25/2021 07:00:00 PM,108,39,69
07/25/2021 08:00:00 PM,104,40,64
07/25/2021 09:00:00 PM,61,26,35
07/25/2021 10:00:00 PM,28,9,19
07/25/2021 11:00:00 PM,18,7,11
07/26/2021 12:00:00 AM,9,2,7
07/26/2021 01:00:00 AM,4,3,1
07/26/2021 02:00:00 AM,0,0,0
07/26/2021 03:00:00 AM,1,0,1
07/26/2021 04:00:00 AM,16,5,11
07/26/2021 05:00:00 AM,24,11,13
07/26/2021 06:00:00 AM,85,35,50
07/26/2021 07:00:00 AM,181,73,108
07/26/2021 08:00:00 AM,256,106,150
07/26/2021 09:00:00 AM,155,57,98
07/26/2021 10:00:00 AM,106,39,67
07/26/2021 11:00:00 AM,125,56,69
07/26/2021 12:00:00 PM,124,46,78
07/26/2021 01:00:00 PM,125,61,64
07/26/2021 02:00:00 PM,128,51,77
07/26/2021 03:00:00 PM,167,74,93
07/26/2021 04:00:00 PM,274,105,169
07/26/2021 05:00:00 PM,399,121,278
07/26/2021 06:00:00 PM,330,120,210
07/26/2021 07:00:00 PM,185,65,120
07/26/2021 08:00:00 PM,112,44,68
07/26/2021 09:00:00 PM,60,18,42
07/26/2021 10:00:00 PM,34,15,19
07/26/2021 11:00:00 PM,26,11,15
07/27/2021 12:00:00 AM,6,2,4
07/27/2021 01:00:00 AM,10,6,4
07/27/2021 02:00:00 AM,4,2,2
07/27/2021 03:00:00 AM,6,0,6
07/27/2021 04:00:00 AM,14,4,10
07/27/2021 05:00:00 AM,30,15,15
07/27/2021 06:00:00 AM,128,61,67
07/27/2021 07:00:00 AM,234,98,136
07/27/2021 08:00:00 AM,295,141,154
07/27/2021 09:00:00 AM,218,89,129
07/27/2021 10:00:00 AM,127,46,81
07/27/2021 11:00:00 AM,136,69,67
07/27/2021 12:00:00 PM,161,61,100
07/27/2021 01:00:00 PM,117,61,56
07/27/2021 02:00:00 PM,117,45,72
07/27/2021 03:00:00 PM,218,96,122
07/27/2021 04:00:00 PM,335,109,226
07/27/2021 05:00:00 PM,454,124,330
07/27/2021 06:00:00 PM,352,142,210
07/27/2021 07:00:00 PM,235,88,147
07/27/2021 08:00:00 PM,175,71,104
07/27/2021 09:00:00 PM,104,51,53
07/27/2021 10:00:00 PM,44,18,26
07/27/2021 11:00:00 PM,34,19,15
07/28/2021 12:00:00 AM,15,9,6
07/28/2021 01:00:00 AM,5,2,3
07/28/2021 02:00:00 AM,0,0,0
07/28/2021 03:00:00 AM,2,0,2
07/28/2021 04:00:00 AM,11,4,7
07/28/2021 05:00:00 AM,37,21,16
07/28/2021 06:00:00 AM,101,47,54
07/28/2021 07:00:00 AM,232,101,131
07/28/2021 08:00:00 AM,316,120,196
07/28/2021 09:00:00 AM,178,66,112
07/28/2021 10:00:00 AM,155,70,85
07/28/2021 11:00:00 AM,135,69,66
07/28/2021 12:00:00 PM,142,55,87
07/28/2021 01:00:00 PM,158,74,84
07/28/2021 02:00:00 PM,141,59,82
07/28/2021 03:00:00 PM,196,74,122
07/28/2021 04:00:00 PM,299,103,196
07/28/2021 05:00:00 PM,445,136,309
07/28/2021 06:00:00 PM,383,137,246
07/28/2021 07:00:00 PM,257,84,173
07/28/2021 08:00:00 PM,153,76,77
07/28/2021 09:00:00 PM,96,53,43
07/28/2021 10:00:00 PM,58,28,30
07/28/2021 11:00:00 PM,26,12,14
07/29/2021 12:00:00 AM,7,2,5
07/29/2021 01:00:00 AM,3,1,2
07/29/2021 02:00:00 AM,2,1,1
07/29/2021 03:00:00 AM,6,3,3
07/29/2021 04:00:00 AM,13,5,8
07/29/2021 05:00:00 AM,27,11,16
07/29/2021 06:00:00 AM,92,43,49
07/29/2021 07:00:00 AM,213,85,128
07/29/2021 08:00:00 AM,289,130,159
07/29/2021 09:00:00 AM,188,82,106
07/29/2021 10:00:00 AM,134,50,84
07/29/2021 11:00:00 AM,121,47,74
07/29/2021 12:00:00 PM,141,62,79
07/29/2021 01:00:00 PM,116,52,64
07/29/2021 02:00:00 PM,156,76,80
07/29/2021 03:00:00 PM,192,63,129
07/29/2021 04:00:00 PM,263,83,180
07/29/2021 05:00:00 PM,411,130,281
07/29/2021 06:00:00 PM,317,111,206
07/29/2021 07:00:00 PM,231,82,149
07/29/2021 08:00:00 PM,169,72,97
07/29/2021 09:00:00 PM,100,45,55
07/29/2021 10:00:00 PM,68,39,29
07/29/2021 11:00:00 PM,23,8,15
07/30/2021 12:00:00 AM,13,6,7
07/30/2021 01:00:00 AM,7,3,4
07/30/2021 02:00:00 AM,2,2,0
07/30/2021 03:00:00 AM,3,1,2
07/30/2021 04:00:00 AM,11,1,10
07/30/2021 05:00:00 AM,22,11,11
07/30/2021 06:00:00 AM,99,46,53
07/30/2021 07:00:00 AM,191,90,101
07/30/2021 08:00:00 AM,227,97,130
07/30/2021 09:00:00 AM,149,66,83
07/30/2021 10:00:00 AM,144,53,91
07/30/2021 11:00:00 AM,123,51,72
07/30/2021 12:00:00 PM,149,71,78
07/30/2021 01:00:00 PM,154,66,88
07/30/2021 02:00:00 PM,154,62,92
07/30/2021 03:00:00 PM,201,82,119
07/30/2021 04:00:00 PM,283,110,173
07/30/2021 05:00:00 PM,326,118,208
07/30/2021 06:00:00 PM,296,126,170
07/30/2021 07:00:00 PM,177,65,112
07/30/2021 08:00:00 PM,133,58,75
07/30/2021 09:00:00 PM,117,51,66
07/30/2021 10:00:00 PM,68,29,39
07/30/2021 11:00:00 PM,62,23,39
07/31/2021 12:00:00 AM,29,10,19
07/31/2021 01:00:00 AM,14,4,10
07/31/2021 02:00:00 AM,8,3,5
07/31/2021 03:00:00 AM,8,5,3
07/31/2021 04:00:00 AM,2,0,2
07/31/2021 05:00:00 AM,12,6,6
07/31/2021 06:00:00 AM,26,9,17
07/31/2021 07:00:00 AM,49,16,33
07/31/2021 08:00:00 AM,102,53,49
07/31/2021 09:00:00 AM,161,72,89
07/31/2021 10:00:00 AM,190,88,102
07/31/2021 11:00:00 AM,159,70,89
07/31/2021 12:00:00 PM,195,86,109
07/31/2021 01:00:00 PM,211,105,106
07/31/2021 02:00:00 PM,227,118,109
07/31/2021 03:00:00 PM,190,79,111
07/31/2021 04:00:00 PM,228,94,134
07/31/2021 05:00:00 PM,164,68,96
07/31/2021 06:00:00 PM,171,86,85
07/31/2021 07:00:00 PM,129,34,95
07/31/2021 08:00:00 PM,69,32,37
07/31/2021 09:00:00 PM,70,17,53
07/31/2021 10:00:00 PM,49,16,33
07/31/2021 11:00:00 PM,30,7,23
08/01/2021 12:00:00 AM,13,6,7
08/01/2021 01:00:00 AM,22,4,18
08/01/2021 02:00:00 AM,9,4,5
08/01/2021 03:00:00 AM,7,1,6
08/01/2021 04:00:00 AM,3,1,2
08/01/2021 05:00:00 AM,10,5,5
08/01/2021 06:00:00 AM,35,15,20
08/01/2021 07:00:00 AM,81,38,43
08/01/2021 08:00:00 AM,104,58,46
08/01/2021 09:00:00 AM,107,48,59
08/01/2021 10:00:00 AM,181,81,100
08/01/2021 11:00:00 AM,203,101,102
08/01/2021 12:00:00 PM,239,106,133
08/01/2021 01:00:00 PM,251,118,133
08/01/2021 02:00:00 PM,296,156,140
08/01/2021 03:00:00 PM,261,105,156
08/01/2021 04:00:00 PM,204,80,124
08/01/2021 05:00:00 PM,195,83,112
08/01/2021 06:00:00 PM,179,77,102
08/01/2021 07:00:00 PM,126,63,63
08/01/2021 08:00:00 PM,78,42,36
08/01/2021 09:00:00 PM,44,14,30
08/01/2021 10:00:00 PM,25,11,14
08/01/2021 11:00:00 PM,12,2,10
08/02/2021 12:00:00 AM,4,0,4
08/02/2021 01:00:00 AM,2,0,2
08/02/2021 02:00:00 AM,3,1,2
08/02/2021 03:00:00 AM,2,1,1
08/02/2021 04:00:00 AM,9,4,5
08/02/2021 05:00:00 AM,26,13,13
08/02/2021 06:00:00 AM,92,38,54
08/02/2021 07:00:00 AM,181,85,96
08/02/2021 08:00:00 AM,245,100,145
08/02/2021 09:00:00 AM,145,58,87
08/02/2021 10:00:00 AM,119,42,77
08/02/2021 11:00:00 AM,143,69,74
08/02/2021 12:00:00 PM,158,58,100
08/02/2021 01:00:00 PM,137,58,79
08/02/2021 02:00:00 PM,172,65,107
08/02/2021 03:00:00 PM,179,67,112
08/02/2021 04:00:00 PM,264,79,185
08/02/2021 05:00:00 PM,359,111,248
08/02/2021 06:00:00 PM,273,103,170
08/02/2021 07:00:00 PM,207,84,123
08/02/2021 08:00:00 PM,143,55,88
08/02/2021 09:00:00 PM,79,27,52
08/02/2021 10:00:00 PM,23,12,11
08/02/2021 11:00:00 PM,20,7,13
08/03/2021 12:00:00 AM,10,5,5
08/03/2021 01:00:00 AM,3,0,3
08/03/2021 02:00:00 AM,1,0,1
08/03/2021 03:00:00 AM,1,0,1
08/03/2021 04:00:00 AM,13,5,8
08/03/2021 05:00:00 AM,36,19,17
08/03/2021 06:00:00 AM,114,49,65
08/03/2021 07:00:00 AM,236,97,139
08/03/2021 08:00:00 AM,291,126,165
08/03/2021 09:00:00 AM,181,70,111
08/03/2021 10:00:00 AM,113,51,62
08/03/2021 11:00:00 AM,107,42,65
08/03/2021 12:00:00 PM,106,36,70
08/03/2021 01:00:00 PM,128,66,62
08/03/2021 02:00:00 PM,162,84,78
08/03/2021 03:00:00 PM,164,65,99
08/03/2021 04:00:00 PM,307,110,197
08/03/2021 05:00:00 PM,436,125,311
08/03/2021 06:00:00 PM,294,109,185
08/03/2021 07:00:00 PM,186,57,129
08/03/2021 08:00:00 PM,138,65,73
08/03/2021 09:00:00 PM,81,41,40
08/03/2021 10:00:00 PM,24,7,17
08/03/2021 11:00:00 PM,23,9,14
08/04/2021 12:00:00 AM,6,3,3
08/04/2021 01:00:00 AM,6,3,3
08/04/2021 02:00:00 AM,1,1,0
08/04/2021 03:00:00 AM,2,0,2
08/04/2021 04:00:00 AM,14,4,10
08/04/2021 05:00:00 AM,35,17,18
08/04/2021 06:00:00 AM,98,49,49
08/04/2021 07:00:00 AM,226,103,123
08/04/2021 08:00:00 AM,289,119,170
08/04/2021 09:00:00 AM,179,66,113
08/04/2021 10:00:00 AM,130,56,74
08/04/2021 11:00:00 AM,132,65,67
08/04/2021 12:00:00 PM,145,59,86
08/04/2021 01:00:00 PM,125,51,74
08/04/2021 02:00:00 PM,118,50,68
08/04/2021 03:00:00 PM,211,76,135
08/04/2021 04:00:00 PM,292,109,183
08/04/2021 05:00:00 PM,436,125,311
08/04/2021 06:00:00 PM,346,136,210
08/04/2021 07:00:00 PM,213,79,134
08/04/2021 08:00:00 PM,126,49,77
08/04/2021 09:00:00 PM,126,49,77
08/04/2021 10:00:00 PM,48,23,25
08/04/2021 11:00:00 PM,20,6,14
08/05/2021 12:00:00 AM,10,1,9
08/05/2021 01:00:00 AM,5,0,5
08/05/2021 02:00:00 AM,3,1,2
08/05/2021 03:00:00 AM,3,0,3
08/05/2021 04:00:00 AM,12,5,7
08/05/2021 05:00:00 AM,31,17,14
08/05/2021 06:00:00 AM,123,53,70
08/05/2021 07:00:00 AM,205,92,113
08/05/2021 08:00:00 AM,288,121,167
08/05/2021 09:00:00 AM,174,75,99
08/05/2021 10:00:00 AM,153,62,91
08/05/2021 11:00:00 AM,121,62,59
08/05/2021 12:00:00 PM,151,44,107
08/05/2021 01:00:00 PM,135,57,78
08/05/2021 02:00:00 PM,152,60,92
08/05/2021 03:00:00 PM,196,92,104
08/05/2021 04:00:00 PM,297,99,198
08/05/2021 05:00:00 PM,402,124,278
08/05/2021 06:00:00 PM,332,113,219
08/05/2021 07:00:00 PM,265,93,172
08/05/2021 08:00:00 PM,145,53,92
08/05/2021 09:00:00 PM,81,34,47
08/05/2021 10:00:00 PM,67,32,35
08/05/2021 11:00:00 PM,31,16,15
08/06/2021 12:00:00 AM,10,3,7
08/06/2021 01:00:00 AM,6,2,4
08/06/2021 02:00:00 AM,7,3,4
08/06/2021 03:00:00 AM,1,0,1
08/06/2021 04:00:00 AM,5,3,2
08/06/2021 05:00:00 AM,27,11,16
08/06/2021 06:00:00 AM,58,20,38
08/06/2021 07:00:00 AM,104,45,59
08/06/2021 08:00:00 AM,151,59,92
08/06/2021 09:00:00 AM,88,35,53
08/06/2021 10:00:00 AM,62,18,44
08/06/2021 11:00:00 AM,71,38,33
08/06/2021 12:00:00 PM,93,38,55
08/06/2021 01:00:00 PM,123,62,61
08/06/2021 02:00:00 PM,143,64,79
08/06/2021 03:00:00 PM,197,84,113
08/06/2021 04:00:00 PM,202,87,115
08/06/2021 05:00:00 PM,285,103,182
08/06/2021 06:00:00 PM,229,96,133
08/06/2021 07:00:00 PM,162,68,94
08/06/2021 08:00:00 PM,133,56,77
08/06/2021 09:00:00 PM,71,37,34
08/06/2021 10:00:00 PM,57,22,35
08/06/2021 11:00:00 PM,26,12,14
08/07/2021 12:00:00 AM,22,11,11
08/07/2021 01:00:00 AM,16,8,8
08/07/2021 02:00:00 AM,12,3,9
08/07/2021 03:00:00 AM,7,2,5
08/07/2021 04:00:00 AM,0,0,0
08/07/2021 05:00:00 AM,4,3,1
08/07/2021 06:00:00 AM,25,11,14
08/07/2021 07:00:00 AM,67,24,43
08/07/2021 08:00:00 AM,79,31,48
08/07/2021 09:00:00 AM,95,51,44
08/07/2021 10:00:00 AM,139,73,66
08/07/2021 11:00:00 AM,181,93,88
08/07/2021 12:00:00 PM,235,91,144
08/07/2021 01:00:00 PM,233,106,127
08/07/2021 02:00:00 PM,204,91,113
08/07/2021 03:00:00 PM,229,121,108
08/07/2021 04:00:00 PM,211,95,116
08/07/2021 05:00:00 PM,154,70,84
08/07/2021 06:00:00 PM,154,62,92
08/07/2021 07:00:00 PM,134,39,95
08/07/2021 08:00:00 PM,78,30,48
08/07/2021 09:00:00 PM,71,23,48
08/07/2021 10:00:00 PM,49,18,31
08/07/2021 11:00:00 PM,12,4,8
08/08/2021 12:00:00 AM,13,1,12
08/08/2021 01:00:00 AM,13,7,6
08/08/2021 02:00:00 AM,6,3,3
08/08/2021 03:00:00 AM,0,0,0
08/08/2021 04:00:00 AM,4,3,1
08/08/2021 05:00:00 AM,6,2,4
08/08/2021 06:00:00 AM,24,13,11
08/08/2021 07:00:00 AM,39,15,24
08/08/2021 08:00:00 AM,69,25,44
08/08/2021 09:00:00 AM,120,63,57
08/08/2021 10:00:00 AM,200,90,110
08/08/2021 11:00:00 AM,236,117,119
08/08/2021 12:00:00 PM,241,118,123
08/08/2021 01:00:00 PM,247,127,120
08/08/2021 02:00:00 PM,294,127,167
08/08/2021 03:00:00 PM,251,128,123
08/08/2021 04:00:00 PM,267,117,150
08/08/2021 05:00:00 PM,216,90,126
08/08/2021 06:00:00 PM,151,64,87
08/08/2021 07:00:00 PM,123,62,61
08/08/2021 08:00:00 PM,70,33,37
08/08/2021 09:00:00 PM,45,28,17
08/08/2021 10:00:00 PM,26,10,16
08/08/2021 11:00:00 PM,11,2,9
08/09/2021 12:00:00 AM,7,0,7
08/09/2021 01:00:00 AM,2,1,1
08/09/2021 02:00:00 AM,1,1,0
08/09/2021 03:00:00 AM,5,2,3
08/09/2021 04:00:00 AM,11,5,6
08/09/2021 05:00:00 AM,29,19,10
08/09/2021 06:00:00 AM,77,29,48
08/09/2021 07:00:00 AM,178,77,101
08/09/2021 08:00:00 AM,244,101,143
08/09/2021 09:00:00 AM,156,62,94
08/09/2021 10:00:00 AM,114,45,69
08/09/2021 11:00:00 AM,121,42,79
08/09/2021 12:00:00 PM,123,52,71
08/09/2021 01:00:00 PM,116,53,63
08/09/2021 02:00:00 PM,156,73,83
08/09/2021 03:00:00 PM,190,80,110
08/09/2021 04:00:00 PM,312,117,195
08/09/2021 05:00:00 PM,417,134,283
08/09/2021 06:00:00 PM,320,122,198
08/09/2021 07:00:00 PM,198,74,124
08/09/2021 08:00:00 PM,119,49,70
08/09/2021 09:00:00 PM,70,32,38
08/09/2021 10:00:00 PM,41,12,29
08/09/2021 11:00:00 PM,23,10,13
08/10/2021 12:00:00 AM,5,1,4
08/10/2021 01:00:00 AM,5,1,4
08/10/2021 02:00:00 AM,3,1,2
08/10/2021 03:00:00 AM,3,2,1
08/10/2021 04:00:00 AM,18,7,11
08/10/2021 05:00:00 AM,31,19,12
08/10/2021 06:00:00 AM,114,43,71
08/10/2021 07:00:00 AM,217,97,120
08/10/2021 08:00:00 AM,284,118,166
08/10/2021 09:00:00 AM,192,72,120
08/10/2021 10:00:00 AM,111,44,67
08/10/2021 11:00:00 AM,131,43,88
08/10/2021 12:00:00 PM,120,48,72
08/10/2021 01:00:00 PM,122,46,76
08/10/2021 02:00:00 PM,151,68,83
08/10/2021 03:00:00 PM,204,71,133
08/10/2021 04:00:00 PM,314,103,211
08/10/2021 05:00:00 PM,484,158,326
08/10/2021 06:00:00 PM,297,107,190
08/10/2021 07:00:00 PM,225,89,136
08/10/2021 08:00:00 PM,165,67,98
08/10/2021 09:00:00 PM,100,46,54
08/10/2021 10:00:00 PM,51,19,32
08/10/2021 11:00:00 PM,27,7,20
08/11/2021 12:00:00 AM,9,3,6
08/11/2021 01:00:00 AM,9,3,6
08/11/2021 02:00:00 AM,8,2,6
08/11/2021 03:00:00 AM,2,1,1
08/11/2021 04:00:00 AM,8,3,5
08/11/2021 05:00:00 AM,29,18,11
08/11/2021 06:00:00 AM,100,44,56
08/11/2021 07:00:00 AM,226,93,133
08/11/2021 08:00:00 AM,271,102,169
08/11/2021 09:00:00 AM,198,81,117
08/11/2021 10:00:00 AM,136,48,88
08/11/2021 11:00:00 AM,110,57,53
08/11/2021 12:00:00 PM,131,74,57
08/11/2021 01:00:00 PM,133,52,81
08/11/2021 02:00:00 PM,164,62,102
08/11/2021 03:00:00 PM,156,68,88
08/11/2021 04:00:00 PM,266,99,167
08/11/2021 05:00:00 PM,396,130,266
08/11/2021 06:00:00 PM,301,125,176
08/11/2021 07:00:00 PM,227,95,132
08/11/2021 08:00:00 PM,156,71,85
08/11/2021 09:00:00 PM,89,40,49
08/11/2021 10:00:00 PM,45,23,22
08/11/2021 11:00:00 PM,19,5,14
08/12/2021 12:00:00 AM,11,3,8
08/12/2021 01:00:00 AM,7,3,4
08/12/2021 02:00:00 AM,5,2,3
08/12/2021 03:00:00 AM,6,3,3
08/12/2021 04:00:00 AM,15,5,10
08/12/2021 05:00:00 AM,37,22,15
08/12/2021 06:00:00 AM,89,27,62
08/12/2021 07:00:00 AM,204,89,115
08/12/2021 08:00:00 AM,273,108,165
08/12/2021 09:00:00 AM,189,74,115
08/12/2021 10:00:00 AM,141,46,95
08/12/2021 11:00:00 AM,101,33,68
08/12/2021 12:00:00 PM,112,41,71
08/12/2021 01:00:00 PM,95,52,43
08/12/2021 02:00:00 PM,118,44,74
08/12/2021 03:00:00 PM,132,51,81
08/12/2021 04:00:00 PM,219,67,152
08/12/2021 05:00:00 PM,290,84,206
08/12/2021 06:00:00 PM,243,74,169
08/12/2021 07:00:00 PM,141,46,95
08/12/2021 08:00:00 PM,113,55,58
08/12/2021 09:00:00 PM,63,19,44
08/12/2021 10:00:00 PM,36,15,21
08/12/2021 11:00:00 PM,23,9,14
08/13/2021 12:00:00 AM,20,5,15
08/13/2021 01:00:00 AM,4,1,3
08/13/2021 02:00:00 AM,7,3,4
08/13/2021 03:00:00 AM,6,2,4
08/13/2021 04:00:00 AM,6,1,5
08/13/2021 05:00:00 AM,30,14,16
08/13/2021 06:00:00 AM,62,23,39
08/13/2021 07:00:00 AM,106,54,52
08/13/2021 08:00:00 AM,152,58,94
08/13/2021 09:00:00 AM,129,49,80
08/13/2021 10:00:00 AM,94,37,57
08/13/2021 11:00:00 AM,66,27,39
08/13/2021 12:00:00 PM,100,40,60
08/13/2021 01:00:00 PM,77,32,45
08/13/2021 02:00:00 PM,94,39,55
08/13/2021 03:00:00 PM,118,51,67
08/13/2021 04:00:00 PM,159,42,117
08/13/2021 05:00:00 PM,174,58,116
08/13/2021 06:00:00 PM,138,49,89
08/13/2021 07:00:00 PM,135,54,81
08/13/2021 08:00:00 PM,61,29,32
08/13/2021 09:00:00 PM,60,30,30
08/13/2021 10:00:00 PM,31,16,15
08/13/2021 11:00:00 PM,38,10,28
08/14/2021 12:00:00 AM,23,5,18
08/14/2021 01:00:00 AM,18,9,9
08/14/2021 02:00:00 AM,5,2,3
08/14/2021 03:00:00 AM,4,3,1
08/14/2021 04:00:00 AM,5,1,4
08/14/2021 05:00:00 AM,14,5,9
08/14/2021 06:00:00 AM,32,8,24
08/14/2021 07:00:00 AM,65,30,35
08/14/2021 08:00:00 AM,118,56,62
08/14/2021 09:00:00 AM,162,61,101
08/14/2021 10:00:00 AM,177,61,116
08/14/2021 11:00:00 AM,184,85,99
08/14/2021 12:00:00 PM,188,71,117
08/14/2021 01:00:00 PM,214,82,132
08/14/2021 02:00:00 PM,169,66,103
08/14/2021 03:00:00 PM,172,66,106
08/14/2021 04:00:00 PM,175,89,86
08/14/2021 05:00:00 PM,196,74,122
08/14/2021 06:00:00 PM,123,52,71
08/14/2021 07:00:00 PM,154,50,104
08/14/2021 08:00:00 PM,57,25,32
08/14/2021 09:00:00 PM,95,24,71
08/14/2021 10:00:00 PM,40,13,27
08/14/2021 11:00:00 PM,42,17,25
08/15/2021 12:00:00 AM,20,7,13
08/15/2021 01:00:00 AM,21,9,12
08/15/2021 02:00:00 AM,10,6,4
08/15/2021 03:00:00 AM,4,1,3
08/15/2021 04:00:00 AM,3,1,2
08/15/2021 05:00:00 AM,6,3,3
08/15/2021 06:00:00 AM,36,11,25
08/15/2021 07:00:00 AM,50,20,30
08/15/2021 08:00:00 AM,75,42,33
08/15/2021 09:00:00 AM,183,103,80
08/15/2021 10:00:00 AM,201,84,117
08/15/2021 11:00:00 AM,224,105,119
08/15/2021 12:00:00 PM,281,131,150
08/15/2021 01:00:00 PM,315,170,145
08/15/2021 02:00:00 PM,263,132,131
08/15/2021 03:00:00 PM,235,103,132
08/15/2021 04:00:00 PM,222,113,109
08/15/2021 05:00:00 PM,161,73,88
08/15/2021 06:00:00 PM,152,72,80
08/15/2021 07:00:00 PM,119,37,82
08/15/2021 08:00:00 PM,88,42,46
08/15/2021 09:00:00 PM,43,20,23
08/15/2021 10:00:00 PM,29,12,17
08/15/2021 11:00:00 PM,17,7,10
08/16/2021 12:00:00 AM,12,4,8
08/16/2021 01:00:00 AM,4,2,2
08/16/2021 02:00:00 AM,3,2,1
08/16/2021 03:00:00 AM,3,0,3
08/16/2021 04:00:00 AM,10,4,6
08/16/2021 05:00:00 AM,26,17,9
08/16/2021 06:00:00 AM,66,30,36
08/16/2021 07:00:00 AM,181,71,110
08/16/2021 08:00:00 AM,242,91,151
08/16/2021 09:00:00 AM,140,64,76
08/16/2021 10:00:00 AM,90,33,57
08/16/2021 11:00:00 AM,82,35,47
08/16/2021 12:00:00 PM,81,44,37
08/16/2021 01:00:00 PM,109,48,61
08/16/2021 02:00:00 PM,108,46,62
08/16/2021 03:00:00 PM,152,66,86
08/16/2021 04:00:00 PM,224,78,146
08/16/2021 05:00:00 PM,364,112,252
08/16/2021 06:00:00 PM,244,76,168
08/16/2021 07:00:00 PM,100,30,70
08/16/2021 08:00:00 PM,72,29,43
08/16/2021 09:00:00 PM,25,5,20
08/16/2021 10:00:00 PM,23,8,15
08/16/2021 11:00:00 PM,20,7,13
08/17/2021 12:00:00 AM,13,3,10
08/17/2021 01:00:00 AM,0,0,0
08/17/2021 02:00:00 AM,2,1,1
08/17/2021 03:00:00 AM,4,1,3
08/17/2021 04:00:00 AM,14,4,10
08/17/2021 05:00:00 AM,36,20,16
08/17/2021 06:00:00 AM,107,42,65
08/17/2021 07:00:00 AM,227,105,122
08/17/2021 08:00:00 AM,266,108,158
08/17/2021 09:00:00 AM,182,74,108
08/17/2021 10:00:00 AM,128,49,79
08/17/2021 11:00:00 AM,113,45,68
08/17/2021 12:00:00 PM,104,36,68
08/17/2021 01:00:00 PM,97,50,47
08/17/2021 02:00:00 PM,137,64,73
08/17/2021 03:00:00 PM,178,69,109
08/17/2021 04:00:00 PM,264,84,180
08/17/2021 05:00:00 PM,466,133,333
08/17/2021 06:00:00 PM,338,130,208
08/17/2021 07:00:00 PM,227,81,146
08/17/2021 08:00:00 PM,123,38,85
08/17/2021 09:00:00 PM,80,32,48
08/17/2021 10:00:00 PM,43,16,27
08/17/2021 11:00:00 PM,18,4,14
08/18/2021 12:00:00 AM,12,6,6
08/18/2021 01:00:00 AM,2,2,0
08/18/2021 02:00:00 AM,2,1,1
08/18/2021 03:00:00 AM,2,0,2
08/18/2021 04:00:00 AM,12,6,6
08/18/2021 05:00:00 AM,32,18,14
08/18/2021 06:00:00 AM,110,49,61
08/18/2021 07:00:00 AM,246,121,125
08/18/2021 08:00:00 AM,241,102,139
08/18/2021 09:00:00 AM,172,85,87
08/18/2021 10:00:00 AM,110,47,63
08/18/2021 11:00:00 AM,102,33,69
08/18/2021 12:00:00 PM,109,46,63
08/18/2021 01:00:00 PM,134,54,80
08/18/2021 02:00:00 PM,163,78,85
08/18/2021 03:00:00 PM,216,83,133
08/18/2021 04:00:00 PM,339,117,222
08/18/2021 05:00:00 PM,432,136,296
08/18/2021 06:00:00 PM,305,109,196
08/18/2021 07:00:00 PM,222,79,143
08/18/2021 08:00:00 PM,119,52,67
08/18/2021 09:00:00 PM,85,42,43
08/18/2021 10:00:00 PM,44,12,32
08/18/2021 11:00:00 PM,25,9,16
08/19/2021 12:00:00 AM,12,4,8
08/19/2021 01:00:00 AM,6,1,5
08/19/2021 02:00:00 AM,6,3,3
08/19/2021 03:00:00 AM,4,0,4
08/19/2021 04:00:00 AM,14,3,11
08/19/2021 05:00:00 AM,31,19,12
08/19/2021 06:00:00 AM,101,42,59
08/19/2021 07:00:00 AM,200,89,111
08/19/2021 08:00:00 AM,244,102,142
08/19/2021 09:00:00 AM,157,59,98
08/19/2021 10:00:00 AM,98,37,61
08/19/2021 11:00:00 AM,117,54,63
08/19/2021 12:00:00 PM,120,44,76
08/19/2021 01:00:00 PM,115,47,68
08/19/2021 02:00:00 PM,148,64,84
08/19/2021 03:00:00 PM,211,100,111
08/19/2021 04:00:00 PM,295,105,190
08/19/2021 05:00:00 PM,421,145,276
08/19/2021 06:00:00 PM,365,135,230
08/19/2021 07:00:00 PM,208,77,131
08/19/2021 08:00:00 PM,149,51,98
08/19/2021 09:00:00 PM,97,43,54
08/19/2021 10:00:00 PM,43,20,23
08/19/2021 11:00:00 PM,28,7,21
08/20/2021 12:00:00 AM,10,4,6
08/20/2021 01:00:00 AM,5,2,3
08/20/2021 02:00:00 AM,5,5,0
08/20/2021 03:00:00 AM,2,0,2
08/20/2021 04:00:00 AM,5,2,3
08/20/2021 05:00:00 AM,30,15,15
08/20/2021 06:00:00 AM,86,39,47
08/20/2021 07:00:00 AM,132,50,82
08/20/2021 08:00:00 AM,192,80,112
08/20/2021 09:00:00 AM,149,57,92
08/20/2021 10:00:00 AM,106,47,59
08/20/2021 11:00:00 AM,89,44,45
08/20/2021 12:00:00 PM,122,47,75
08/20/2021 01:00:00 PM,108,49,59
08/20/2021 02:00:00 PM,129,51,78
08/20/2021 03:00:00 PM,151,61,90
08/20/2021 04:00:00 PM,238,84,154
08/20/2021 05:00:00 PM,308,90,218
08/20/2021 06:00:00 PM,198,71,127
08/20/2021 07:00:00 PM,141,57,84
08/20/2021 08:00:00 PM,76,23,53
08/20/2021 09:00:00 PM,64,25,39
08/20/2021 10:00:00 PM,35,12,23
08/20/2021 11:00:00 PM,28,15,13
08/21/2021 12:00:00 AM,19,3,16
08/21/2021 01:00:00 AM,9,3,6
08/21/2021 02:00:00 AM,5,4,1
08/21/2021 03:00:00 AM,6,1,5
08/21/2021 04:00:00 AM,5,3,2
08/21/2021 05:00:00 AM,11,8,3
08/21/2021 06:00:00 AM,20,6,14
08/21/2021 07:00:00 AM,48,23,25
08/21/2021 08:00:00 AM,95,39,56
08/21/2021 09:00:00 AM,121,55,66
08/21/2021 10:00:00 AM,152,79,73
08/21/2021 11:00:00 AM,238,81,157
08/21/2021 12:00:00 PM,201,92,109
08/21/2021 01:00:00 PM,241,117,124
08/21/2021 02:00:00 PM,214,102,112
08/21/2021 03:00:00 PM,246,95,151
08/21/2021 04:00:00 PM,238,117,121
08/21/2021 05:00:00 PM,214,107,107
08/21/2021 06:00:00 PM,169,67,102
08/21/2021 07:00:00 PM,142,54,88
08/21/2021 08:00:00 PM,61,26,35
08/21/2021 09:00:00 PM,54,19,35
08/21/2021 10:00:00 PM,55,18,37
08/21/2021 11:00:00 PM,19,10,9
08/22/2021 12:00:00 AM,11,4,7
08/22/2021 01:00:00 AM,7,1,6
08/22/2021 02:00:00 AM,10,6,4
08/22/2021 03:00:00 AM,1,0,1
08/22/2021 04:00:00 AM,3,1,2
08/22/2021 05:00:00 AM,5,2,3
08/22/2021 06:00:00 AM,26,9,17
08/22/2021 07:00:00 AM,33,14,19
08/22/2021 08:00:00 AM,82,38,44
08/22/2021 09:00:00 AM,111,44,67
08/22/2021 10:00:00 AM,173,58,115
08/22/2021 11:00:00 AM,165,77,88
08/22/2021 12:00:00 PM,232,128,104
08/22/2021 01:00:00 PM,233,103,130
08/22/2021 02:00:00 PM,183,71,112
08/22/2021 03:00:00 PM,230,105,125
08/22/2021 04:00:00 PM,195,88,107
08/22/2021 05:00:00 PM,186,59,127
08/22/2021 06:00:00 PM,118,50,68
08/22/2021 07:00:00 PM,87,42,45
08/22/2021 08:00:00 PM,72,33,39
08/22/2021 09:00:00 PM,25,9,16
08/22/2021 10:00:00 PM,25,14,11
08/22/2021 11:00:00 PM,17,3,14
08/23/2021 12:00:00 AM,3,1,2
08/23/2021 01:00:00 AM,2,0,2
08/23/2021 02:00:00 AM,3,1,2
08/23/2021 03:00:00 AM,5,1,4
08/23/2021 04:00:00 AM,6,3,3
08/23/2021 05:00:00 AM,25,13,12
08/23/2021 06:00:00 AM,81,32,49
08/23/2021 07:00:00 AM,168,76,92
08/23/2021 08:00:00 AM,224,94,130
08/23/2021 09:00:00 AM,125,45,80
08/23/2021 10:00:00 AM,115,37,78
08/23/2021 11:00:00 AM,85,49,36
08/23/2021 12:00:00 PM,101,57,44
08/23/2021 01:00:00 PM,138,64,74
08/23/2021 02:00:00 PM,145,62,83
08/23/2021 03:00:00 PM,203,88,115
08/23/2021 04:00:00 PM,245,79,166
08/23/2021 05:00:00 PM,380,126,254
08/23/2021 06:00:00 PM,329,131,198
08/23/2021 07:00:00 PM,172,57,115
08/23/2021 08:00:00 PM,114,51,63
08/23/2021 09:00:00 PM,46,15,31
08/23/2021 10:00:00 PM,23,10,13
08/23/2021 11:00:00 PM,11,4,7
08/24/2021 12:00:00 AM,4,1,3
08/24/2021 01:00:00 AM,3,2,1
08/24/2021 02:00:00 AM,3,3,0
08/24/2021 03:00:00 AM,1,0,1
08/24/2021 04:00:00 AM,14,4,10
08/24/2021 05:00:00 AM,31,16,15
08/24/2021 06:00:00 AM,107,43,64
08/24/2021 07:00:00 AM,215,84,131
08/24/2021 08:00:00 AM,248,87,161
08/24/2021 09:00:00 AM,182,75,107
08/24/2021 10:00:00 AM,117,48,69
08/24/2021 11:00:00 AM,119,57,62
08/24/2021 12:00:00 PM,151,62,89
08/24/2021 01:00:00 PM,146,59,87
08/24/2021 02:00:00 PM,154,71,83
08/24/2021 03:00:00 PM,210,97,113
08/24/2021 04:00:00 PM,305,108,197
08/24/2021 05:00:00 PM,439,148,291
08/24/2021 06:00:00 PM,333,120,213
08/24/2021 07:00:00 PM,241,67,174
08/24/2021 08:00:00 PM,117,49,68
08/24/2021 09:00:00 PM,45,16,29
08/24/2021 10:00:00 PM,49,25,24
08/24/2021 11:00:00 PM,21,12,9
08/25/2021 12:00:00 AM,9,5,4
08/25/2021 01:00:00 AM,3,1,2
08/25/2021 02:00:00 AM,3,1,2
08/25/2021 03:00:00 AM,3,1,2
08/25/2021 04:00:00 AM,11,5,6
08/25/2021 05:00:00 AM,28,15,13
08/25/2021 06:00:00 AM,78,30,48
08/25/2021 07:00:00 AM,219,96,123
08/25/2021 08:00:00 AM,240,94,146
08/25/2021 09:00:00 AM,153,58,95
08/25/2021 10:00:00 AM,120,43,77
08/25/2021 11:00:00 AM,124,51,73
08/25/2021 12:00:00 PM,160,75,85
08/25/2021 01:00:00 PM,160,68,92
08/25/2021 02:00:00 PM,170,66,104
08/25/2021 03:00:00 PM,185,81,104
08/25/2021 04:00:00 PM,311,109,202
08/25/2021 05:00:00 PM,414,122,292
08/25/2021 06:00:00 PM,267,111,156
08/25/2021 07:00:00 PM,218,86,132
08/25/2021 08:00:00 PM,126,45,81
08/25/2021 09:00:00 PM,51,19,32
08/25/2021 10:00:00 PM,37,9,28
08/25/2021 11:00:00 PM,26,11,15
08/26/2021 12:00:00 AM,8,4,4
08/26/2021 01:00:00 AM,9,6,3
08/26/2021 02:00:00 AM,3,2,1
08/26/2021 03:00:00 AM,3,0,3
08/26/2021 04:00:00 AM,10,3,7
08/26/2021 05:00:00 AM,33,19,14
08/26/2021 06:00:00 AM,98,32,66
08/26/2021 07:00:00 AM,188,85,103
08/26/2021 08:00:00 AM,256,107,149
08/26/2021 09:00:00 AM,146,58,88
08/26/2021 10:00:00 AM,105,50,55
08/26/2021 11:00:00 AM,94,45,49
08/26/2021 12:00:00 PM,114,48,66
08/26/2021 01:00:00 PM,113,58,55
08/26/2021 02:00:00 PM,131,55,76
08/26/2021 03:00:00 PM,150,64,86
08/26/2021 04:00:00 PM,237,76,161
08/26/2021 05:00:00 PM,351,125,226
08/26/2021 06:00:00 PM,265,99,166
08/26/2021 07:00:00 PM,160,66,94
08/26/2021 08:00:00 PM,108,55,53
08/26/2021 09:00:00 PM,52,27,25
08/26/2021 10:00:00 PM,30,11,19
08/26/2021 11:00:00 PM,30,9,21
08/27/2021 12:00:00 AM,5,1,4
08/27/2021 01:00:00 AM,9,3,6
08/27/2021 02:00:00 AM,0,0,0
08/27/2021 03:00:00 AM,5,2,3
08/27/2021 04:00:00 AM,12,3,9
08/27/2021 05:00:00 AM,20,7,13
08/27/2021 06:00:00 AM,63,23,40
08/27/2021 07:00:00 AM,119,53,66
08/27/2021 08:00:00 AM,186,79,107
08/27/2021 09:00:00 AM,120,49,71
08/27/2021 10:00:00 AM,110,45,65
08/27/2021 11:00:00 AM,107,49,58
08/27/2021 12:00:00 PM,122,42,80
08/27/2021 01:00:00 PM,115,47,68
08/27/2021 02:00:00 PM,138,60,78
08/27/2021 03:00:00 PM,179,69,110
08/27/2021 04:00:00 PM,266,105,161
08/27/2021 05:00:00 PM,279,106,173
08/27/2021 06:00:00 PM,248,98,150
08/27/2021 07:00:00 PM,160,63,97
08/27/2021 08:00:00 PM,89,33,56
08/27/2021 09:00:00 PM,54,20,34
08/27/2021 10:00:00 PM,48,22,26
08/27/2021 11:00:00 PM,31,15,16
08/28/2021 12:00:00 AM,11,3,8
08/28/2021 01:00:00 AM,8,4,4
08/28/2021 02:00:00 AM,9,5,4
08/28/2021 03:00:00 AM,4,1,3
08/28/2021 04:00:00 AM,5,2,3
08/28/2021 05:00:00 AM,10,6,4
08/28/2021 06:00:00 AM,31,4,27
08/28/2021 07:00:00 AM,58,32,26
08/28/2021 08:00:00 AM,105,47,58
08/28/2021 09:00:00 AM,134,71,63
08/28/2021 10:00:00 AM,169,69,100
08/28/2021 11:00:00 AM,230,115,115
08/28/2021 12:00:00 PM,254,113,141
08/28/2021 01:00:00 PM,271,144,127
08/28/2021 02:00:00 PM,295,129,166
08/28/2021 03:00:00 PM,234,93,141
08/28/2021 04:00:00 PM,271,153,118
08/28/2021 05:00:00 PM,254,101,153
08/28/2021 06:00:00 PM,165,73,92
08/28/2021 07:00:00 PM,174,57,117
08/28/2021 08:00:00 PM,84,37,47
08/28/2021 09:00:00 PM,103,22,81
08/28/2021 10:00:00 PM,49,18,31
08/28/2021 11:00:00 PM,45,18,27
08/29/2021 12:00:00 AM,24,4,20
08/29/2021 01:00:00 AM,7,2,5
08/29/2021 02:00:00 AM,8,2,6
08/29/2021 03:00:00 AM,9,0,9
08/29/2021 04:00:00 AM,8,5,3
08/29/2021 05:00:00 AM,9,4,5
08/29/2021 06:00:00 AM,25,14,11
08/29/2021 07:00:00 AM,45,16,29
08/29/2021 08:00:00 AM,91,43,48
08/29/2021 09:00:00 AM,137,62,75
08/29/2021 10:00:00 AM,164,74,90
08/29/2021 11:00:00 AM,205,107,98
08/29/2021 12:00:00 PM,270,118,152
08/29/2021 01:00:00 PM,228,108,120
08/29/2021 02:00:00 PM,307,133,174
08/29/2021 03:00:00 PM,260,133,127
08/29/2021 04:00:00 PM,217,92,125
08/29/2021 05:00:00 PM,176,65,111
08/29/2021 06:00:00 PM,169,77,92
08/29/2021 07:00:00 PM,111,45,66
08/29/2021 08:00:00 PM,59,29,30
08/29/2021 09:00:00 PM,36,11,25
08/29/2021 10:00:00 PM,45,4,41
08/29/2021 11:00:00 PM,24,7,17
08/30/2021 12:00:00 AM,14,3,11
08/30/2021 01:00:00 AM,2,1,1
08/30/2021 02:00:00 AM,0,0,0
08/30/2021 03:00:00 AM,2,1,1
08/30/2021 04:00:00 AM,8,5,3
08/30/2021 05:00:00 AM,24,12,12
08/30/2021 06:00:00 AM,84,35,49
08/30/2021 07:00:00 AM,149,72,77
08/30/2021 08:00:00 AM,239,92,147
08/30/2021 09:00:00 AM,129,52,77
08/30/2021 10:00:00 AM,92,35,57
08/30/2021 11:00:00 AM,96,42,54
08/30/2021 12:00:00 PM,90,38,52
08/30/2021 01:00:00 PM,106,45,61
08/30/2021 02:00:00 PM,116,58,58
08/30/2021 03:00:00 PM,153,66,87
08/30/2021 04:00:00 PM,225,85,140
08/30/2021 05:00:00 PM,351,98,253
08/30/2021 06:00:00 PM,226,85,141
08/30/2021 07:00:00 PM,120,50,70
08/30/2021 08:00:00 PM,70,27,43
08/30/2021 09:00:00 PM,37,21,16
08/30/2021 10:00:00 PM,27,10,17
08/30/2021 11:00:00 PM,14,6,8
08/31/2021 12:00:00 AM,10,3,7
08/31/2021 01:00:00 AM,11,8,3
08/31/2021 02:00:00 AM,1,0,1
08/31/2021 03:00:00 AM,6,1,5
08/31/2021 04:00:00 AM,12,3,9
08/31/2021 05:00:00 AM,40,19,21
08/31/2021 06:00:00 AM,93,47,46
08/31/2021 07:00:00 AM,180,80,100
08/31/2021 08:00:00 AM,261,124,137
08/31/2021 09:00:00 AM,134,51,83
08/31/2021 10:00:00 AM,118,37,81
08/31/2021 11:00:00 AM,99,53,46
08/31/2021 12:00:00 PM,107,47,60
08/31/2021 01:00:00 PM,103,57,46
08/31/2021 02:00:00 PM,106,45,61
08/31/2021 03:00:00 PM,161,63,98
08/31/2021 04:00:00 PM,234,78,156
08/31/2021 05:00:00 PM,354,117,237
08/31/2021 06:00:00 PM,282,84,198
08/31/2021 07:00:00 PM,139,52,87
08/31/2021 08:00:00 PM,95,38,57
08/31/2021 09:00:00 PM,48,26,22
08/31/2021 10:00:00 PM,24,15,9
08/31/2021 11:00:00 PM,22,7,15
09/01/2021 12:00:00 AM,8,2,6
09/01/2021 01:00:00 AM,10,6,4
09/01/2021 02:00:00 AM,1,0,1
09/01/2021 03:00:00 AM,3,2,1
09/01/2021 04:00:00 AM,11,5,6
09/01/2021 05:00:00 AM,29,15,14
09/01/2021 06:00:00 AM,96,44,52
09/01/2021 07:00:00 AM,201,98,103
09/01/2021 08:00:00 AM,258,108,150
09/01/2021 09:00:00 AM,179,71,108
09/01/2021 10:00:00 AM,99,40,59
09/01/2021 11:00:00 AM,99,48,51
09/01/2021 12:00:00 PM,129,60,69
09/01/2021 01:00:00 PM,145,66,79
09/01/2021 02:00:00 PM,162,68,94
09/01/2021 03:00:00 PM,183,74,109
09/01/2021 04:00:00 PM,308,95,213
09/01/2021 05:00:00 PM,415,134,281
09/01/2021 06:00:00 PM,360,130,230
09/01/2021 07:00:00 PM,204,78,126
09/01/2021 08:00:00 PM,87,36,51
09/01/2021 09:00:00 PM,46,26,20
09/01/2021 10:00:00 PM,44,14,30
09/01/2021 11:00:00 PM,22,9,13
09/02/2021 12:00:00 AM,14,5,9
09/02/2021 01:00:00 AM,6,3,3
09/02/2021 02:00:00 AM,5,2,3
09/02/2021 03:00:00 AM,2,0,2
09/02/2021 04:00:00 AM,13,2,11
09/02/2021 05:00:00 AM,31,12,19
09/02/2021 06:00:00 AM,96,40,56
09/02/2021 07:00:00 AM,203,93,110
09/02/2021 08:00:00 AM,279,110,169
09/02/2021 09:00:00 AM,167,63,104
09/02/2021 10:00:00 AM,117,43,74
09/02/2021 11:00:00 AM,122,61,61
09/02/2021 12:00:00 PM,125,61,64
09/02/2021 01:00:00 PM,133,61,72
09/02/2021 02:00:00 PM,147,58,89
09/02/2021 03:00:00 PM,211,88,123
09/02/2021 04:00:00 PM,291,97,194
09/02/2021 05:00:00 PM,416,139,277
09/02/2021 06:00:00 PM,317,122,195
09/02/2021 07:00:00 PM,211,91,120
09/02/2021 08:00:00 PM,106,50,56
09/02/2021 09:00:00 PM,72,40,32
09/02/2021 10:00:00 PM,28,9,19
09/02/2021 11:00:00 PM,15,6,9
09/03/2021 12:00:00 AM,10,4,6
09/03/2021 01:00:00 AM,6,3,3
09/03/2021 02:00:00 AM,6,4,2
09/03/2021 03:00:00 AM,2,2,0
09/03/2021 04:00:00 AM,4,3,1
09/03/2021 05:00:00 AM,28,12,16
09/03/2021 06:00:00 AM,81,36,45
09/03/2021 07:00:00 AM,174,77,97
09/03/2021 08:00:00 AM,234,97,137
09/03/2021 09:00:00 AM,160,66,94
09/03/2021 10:00:00 AM,164,80,84
09/03/2021 11:00:00 AM,133,74,59
09/03/2021 12:00:00 PM,178,79,99
09/03/2021 01:00:00 PM,181,90,91
09/03/2021 02:00:00 PM,209,78,131
09/03/2021 03:00:00 PM,204,74,130
09/03/2021 04:00:00 PM,253,96,157
09/03/2021 05:00:00 PM,300,125,175
09/03/2021 06:00:00 PM,245,76,169
09/03/2021 07:00:00 PM,133,53,80
09/03/2021 08:00:00 PM,93,36,57
09/03/2021 09:00:00 PM,56,18,38
09/03/2021 10:00:00 PM,48,21,27
09/03/2021 11:00:00 PM,31,12,19
09/04/2021 12:00:00 AM,15,4,11
09/04/2021 01:00:00 AM,7,5,2
09/04/2021 02:00:00 AM,14,3,11
09/04/2021 03:00:00 AM,4,1,3
09/04/2021 04:00:00 AM,8,2,6
09/04/2021 05:00:00 AM,5,1,4
09/04/2021 06:00:00 AM,33,11,22
09/04/2021 07:00:00 AM,51,23,28
09/04/2021 08:00:00 AM,108,38,70
09/04/2021 09:00:00 AM,162,73,89
09/04/2021 10:00:00 AM,188,73,115
09/04/2021 11:00:00 AM,220,91,129
09/04/2021 12:00:00 PM,253,140,113
09/04/2021 01:00:00 PM,248,106,142
09/04/2021 02:00:00 PM,265,149,116
09/04/2021 03:00:00 PM,293,129,164
09/04/2021 04:00:00 PM,256,110,146
09/04/2021 05:00:00 PM,170,70,100
09/04/2021 06:00:00 PM,136,66,70
09/04/2021 07:00:00 PM,108,39,69
09/04/2021 08:00:00 PM,91,48,43
09/04/2021 09:00:00 PM,110,40,70
09/04/2021 10:00:00 PM,50,12,38
09/04/2021 11:00:00 PM,28,10,18
09/05/2021 12:00:00 AM,11,4,7
09/05/2021 01:00:00 AM,11,3,8
09/05/2021 02:00:00 AM,11,3,8
09/05/2021 03:00:00 AM,2,0,2
09/05/2021 04:00:00 AM,3,1,2
09/05/2021 05:00:00 AM,7,3,4
09/05/2021 06:00:00 AM,11,5,6
09/05/2021 07:00:00 AM,32,8,24
09/05/2021 08:00:00 AM,90,46,44
09/05/2021 09:00:00 AM,144,53,91
09/05/2021 10:00:00 AM,179,96,83
09/05/2021 11:00:00 AM,192,79,113
09/05/2021 12:00:00 PM,222,97,125
09/05/2021 01:00:00 PM,259,112,147
09/05/2021 02:00:00 PM,247,108,139
09/05/2021 03:00:00 PM,251,103,148
09/05/2021 04:00:00 PM,203,85,118
09/05/2021 05:00:00 PM,164,69,95
09/05/2021 06:00:00 PM,148,57,91
09/05/2021 07:00:00 PM,103,41,62
09/05/2021 08:00:00 PM,58,33,25
09/05/2021 09:00:00 PM,25,9,16
09/05/2021 10:00:00 PM,33,9,24
09/05/2021 11:00:00 PM,16,6,10
09/06/2021 12:00:00 AM,10,2,8
09/06/2021 01:00:00 AM,5,2,3
09/06/2021 02:00:00 AM,15,0,15
09/06/2021 03:00:00 AM,3,1,2
09/06/2021 04:00:00 AM,7,4,3
09/06/2021 05:00:00 AM,6,3,3
09/06/2021 06:00:00 AM,20,4,16
09/06/2021 07:00:00 AM,25,6,19
09/06/2021 08:00:00 AM,57,25,32
09/06/2021 09:00:00 AM,110,53,57
09/06/2021 10:00:00 AM,177,78,99
09/06/2021 11:00:00 AM,187,73,114
09/06/2021 12:00:00 PM,166,108,58
09/06/2021 01:00:00 PM,262,126,136
09/06/2021 02:00:00 PM,274,125,149
09/06/2021 03:00:00 PM,280,130,150
09/06/2021 04:00:00 PM,254,116,138
09/06/2021 05:00:00 PM,207,85,122
09/06/2021 06:00:00 PM,190,82,108
09/06/2021 07:00:00 PM,122,56,66
09/06/2021 08:00:00 PM,51,19,32
09/06/2021 09:00:00 PM,18,11,7
09/06/2021 10:00:00 PM,23,6,17
09/06/2021 11:00:00 PM,11,2,9
09/07/2021 12:00:00 AM,13,3,10
09/07/2021 01:00:00 AM,2,0,2
09/07/2021 02:00:00 AM,2,1,1
09/07/2021 03:00:00 AM,2,0,2
09/07/2021 04:00:00 AM,8,2,6
09/07/2021 05:00:00 AM,33,17,16
09/07/2021 06:00:00 AM,92,40,52
09/07/2021 07:00:00 AM,208,93,115
09/07/2021 08:00:00 AM,285,124,161
09/07/2021 09:00:00 AM,168,68,100
09/07/2021 10:00:00 AM,102,45,57
09/07/2021 11:00:00 AM,90,43,47
09/07/2021 12:00:00 PM,141,57,84
09/07/2021 01:00:00 PM,131,48,83
09/07/2021 02:00:00 PM,129,54,75
09/07/2021 03:00:00 PM,182,59,123
09/07/2021 04:00:00 PM,256,89,167
09/07/2021 05:00:00 PM,404,125,279
09/07/2021 06:00:00 PM,298,113,185
09/07/2021 07:00:00 PM,161,78,83
09/07/2021 08:00:00 PM,98,26,72
09/07/2021 09:00:00 PM,47,25,22
09/07/2021 10:00:00 PM,35,20,15
09/07/2021 11:00:00 PM,11,2,9
09/08/2021 12:00:00 AM,8,2,6
09/08/2021 01:00:00 AM,5,3,2
09/08/2021 02:00:00 AM,3,0,3
09/08/2021 03:00:00 AM,3,1,2
09/08/2021 04:00:00 AM,13,4,9
09/08/2021 05:00:00 AM,33,19,14
09/08/2021 06:00:00 AM,84,39,45
09/08/2021 07:00:00 AM,240,102,138
09/08/2021 08:00:00 AM,289,124,165
09/08/2021 09:00:00 AM,177,61,116
09/08/2021 10:00:00 AM,111,54,57
09/08/2021 11:00:00 AM,122,55,67
09/08/2021 12:00:00 PM,136,59,77
09/08/2021 01:00:00 PM,148,67,81
09/08/2021 02:00:00 PM,143,55,88
09/08/2021 03:00:00 PM,189,72,117
09/08/2021 04:00:00 PM,316,109,207
09/08/2021 05:00:00 PM,422,141,281
09/08/2021 06:00:00 PM,359,151,208
09/08/2021 07:00:00 PM,173,57,116
09/08/2021 08:00:00 PM,109,44,65
09/08/2021 09:00:00 PM,60,30,30
09/08/2021 10:00:00 PM,44,19,25
09/08/2021 11:00:00 PM,22,6,16
09/09/2021 12:00:00 AM,5,0,5
09/09/2021 01:00:00 AM,9,3,6
09/09/2021 02:00:00 AM,2,1,1
09/09/2021 03:00:00 AM,1,0,1
09/09/2021 04:00:00 AM,7,4,3
09/09/2021 05:00:00 AM,30,16,14
09/09/2021 06:00:00 AM,87,38,49
09/09/2021 07:00:00 AM,224,95,129
09/09/2021 08:00:00 AM,299,131,168
09/09/2021 09:00:00 AM,158,58,100
09/09/2021 10:00:00 AM,112,44,68
09/09/2021 11:00:00 AM,127,52,75
09/09/2021 12:00:00 PM,108,44,64
09/09/2021 01:00:00 PM,133,57,76
09/09/2021 02:00:00 PM,143,55,88
09/09/2021 03:00:00 PM,173,74,99
09/09/2021 04:00:00 PM,289,97,192
09/09/2021 05:00:00 PM,423,137,286
09/09/2021 06:00:00 PM,305,110,195
09/09/2021 07:00:00 PM,205,81,124
09/09/2021 08:00:00 PM,90,38,52
09/09/2021 09:00:00 PM,59,24,35
09/09/2021 10:00:00 PM,31,13,18
09/09/2021 11:00:00 PM,23,12,11
09/10/2021 12:00:00 AM,10,6,4
09/10/2021 01:00:00 AM,8,4,4
09/10/2021 02:00:00 AM,2,1,1
09/10/2021 03:00:00 AM,1,1,0
09/10/2021 04:00:00 AM,5,3,2
09/10/2021 05:00:00 AM,27,14,13
09/10/2021 06:00:00 AM,80,31,49
09/10/2021 07:00:00 AM,168,77,91
09/10/2021 08:00:00 AM,206,87,119
09/10/2021 09:00:00 AM,171,67,104
09/10/2021 10:00:00 AM,99,34,65
09/10/2021 11:00:00 AM,105,58,47
09/10/2021 12:00:00 PM,129,48,81
09/10/2021 01:00:00 PM,119,62,57
09/10/2021 02:00:00 PM,131,42,89
09/10/2021 03:00:00 PM,163,57,106
09/10/2021 04:00:00 PM,232,90,142
09/10/2021 05:00:00 PM,294,119,175
09/10/2021 06:00:00 PM,168,66,102
09/10/2021 07:00:00 PM,106,46,60
09/10/2021 08:00:00 PM,50,18,32
09/10/2021 09:00:00 PM,48,22,26
09/10/2021 10:00:00 PM,32,15,17
09/10/2021 11:00:00 PM,40,14,26
09/11/2021 12:00:00 AM,16,3,13
09/11/2021 01:00:00 AM,4,3,1
09/11/2021 02:00:00 AM,6,2,4
09/11/2021 03:00:00 AM,3,0,3
09/11/2021 04:00:00 AM,2,0,2
09/11/2021 05:00:00 AM,9,5,4
09/11/2021 06:00:00 AM,24,6,18
09/11/2021 07:00:00 AM,40,14,26
09/11/2021 08:00:00 AM,97,47,50
09/11/2021 09:00:00 AM,119,49,70
09/11/2021 10:00:00 AM,173,76,97
09/11/2021 11:00:00 AM,203,89,114
09/11/2021 12:00:00 PM,235,111,124
09/11/2021 01:00:00 PM,203,105,98
09/11/2021 02:00:00 PM,253,120,133
09/11/2021 03:00:00 PM,217,76,141
09/11/2021 04:00:00 PM,257,104,153
09/11/2021 05:00:00 PM,193,79,114
09/11/2021 06:00:00 PM,150,66,84
09/11/2021 07:00:00 PM,122,46,76
09/11/2021 08:00:00 PM,68,30,38
09/11/2021 09:00:00 PM,70,19,51
09/11/2021 10:00:00 PM,28,5,23
09/11/2021 11:00:00 PM,26,9,17
09/12/2021 12:00:00 AM,16,6,10
09/12/2021 01:00:00 AM,9,3,6
09/12/2021 02:00:00 AM,1,1,0
09/12/2021 03:00:00 AM,2,0,2
09/12/2021 04:00:00 AM,4,2,2
09/12/2021 05:00:00 AM,5,1,4
09/12/2021 06:00:00 AM,17,5,12
09/12/2021 07:00:00 AM,36,17,19
09/12/2021 08:00:00 AM,29,14,15
09/12/2021 09:00:00 AM,78,28,50
09/12/2021 10:00:00 AM,80,39,41
09/12/2021 11:00:00 AM,83,38,45
09/12/2021 12:00:00 PM,96,36,60
09/12/2021 01:00:00 PM,129,55,74
09/12/2021 02:00:00 PM,125,55,70
09/12/2021 03:00:00 PM,170,67,103
09/12/2021 04:00:00 PM,168,71,97
09/12/2021 05:00:00 PM,151,64,87
09/12/2021 06:00:00 PM,149,56,93
09/12/2021 07:00:00 PM,89,47,42
09/12/2021 08:00:00 PM,38,24,14
09/12/2021 09:00:00 PM,18,6,12
09/12/2021 10:00:00 PM,24,8,16
09/12/2021 11:00:00 PM,13,4,9
09/13/2021 12:00:00 AM,8,4,4
09/13/2021 01:00:00 AM,3,0,3
09/13/2021 02:00:00 AM,0,0,0
09/13/2021 03:00:00 AM,2,0,2
09/13/2021 04:00:00 AM,6,3,3
09/13/2021 05:00:00 AM,31,16,15
09/13/2021 06:00:00 AM,85,43,42
09/13/2021 07:00:00 AM,200,95,105
09/13/2021 08:00:00 AM,263,113,150
09/13/2021 09:00:00 AM,156,61,95
09/13/2021 10:00:00 AM,97,46,51
09/13/2021 11:00:00 AM,81,35,46
09/13/2021 12:00:00 PM,97,36,61
09/13/2021 01:00:00 PM,124,56,68
09/13/2021 02:00:00 PM,99,41,58
09/13/2021 03:00:00 PM,175,70,105
09/13/2021 04:00:00 PM,261,100,161
09/13/2021 05:00:00 PM,400,141,259
09/13/2021 06:00:00 PM,266,91,175
09/13/2021 07:00:00 PM,153,52,101
09/13/2021 08:00:00 PM,78,33,45
09/13/2021 09:00:00 PM,40,13,27
09/13/2021 10:00:00 PM,30,10,20
09/13/2021 11:00:00 PM,19,3,16
09/14/2021 12:00:00 AM,4,0,4
09/14/2021 01:00:00 AM,4,2,2
09/14/2021 02:00:00 AM,2,1,1
09/14/2021 03:00:00 AM,1,0,1
09/14/2021 04:00:00 AM,11,6,5
09/14/2021 05:00:00 AM,27,14,13
09/14/2021 06:00:00 AM,101,41,60
09/14/2021 07:00:00 AM,231,104,127
09/14/2021 08:00:00 AM,322,137,185
09/14/2021 09:00:00 AM,155,66,89
09/14/2021 10:00:00 AM,97,53,44
09/14/2021 11:00:00 AM,103,42,61
09/14/2021 12:00:00 PM,92,37,55
09/14/2021 01:00:00 PM,109,61,48
09/14/2021 02:00:00 PM,104,45,59
09/14/2021 03:00:00 PM,152,60,92
09/14/2021 04:00:00 PM,292,84,208
09/14/2021 05:00:00 PM,369,122,247
09/14/2021 06:00:00 PM,276,94,182
09/14/2021 07:00:00 PM,166,48,118
09/14/2021 08:00:00 PM,70,26,44
09/14/2021 09:00:00 PM,53,24,29
09/14/2021 10:00:00 PM,41,17,24
09/14/2021 11:00:00 PM,16,3,13
09/15/2021 12:00:00 AM,7,3,4
09/15/2021 01:00:00 AM,7,2,5
09/15/2021 02:00:00 AM,2,1,1
09/15/2021 03:00:00 AM,1,0,1
09/15/2021 04:00:00 AM,10,6,4
09/15/2021 05:00:00 AM,24,15,9
09/15/2021 06:00:00 AM,75,33,42
09/15/2021 07:00:00 AM,205,93,112
09/15/2021 08:00:00 AM,262,117,145
09/15/2021 09:00:00 AM,148,63,85
09/15/2021 10:00:00 AM,118,46,72
09/15/2021 11:00:00 AM,114,47,67
09/15/2021 12:00:00 PM,91,34,57
09/15/2021 01:00:00 PM,112,47,65
09/15/2021 02:00:00 PM,118,41,77
09/15/2021 03:00:00 PM,159,82,77
09/15/2021 04:00:00 PM,290,108,182
09/15/2021 05:00:00 PM,384,124,260
09/15/2021 06:00:00 PM,333,110,223
09/15/2021 07:00:00 PM,182,71,111
09/15/2021 08:00:00 PM,90,37,53
09/15/2021 09:00:00 PM,66,26,40
09/15/2021 10:00:00 PM,29,13,16
09/15/2021 11:00:00 PM,24,10,14
09/16/2021 12:00:00 AM,9,4,5
09/16/2021 01:00:00 AM,2,2,0
09/16/2021 02:00:00 AM,2,2,0
09/16/2021 03:00:00 AM,3,1,2
09/16/2021 04:00:00 AM,10,6,4
09/16/2021 05:00:00 AM,27,13,14
09/16/2021 06:00:00 AM,85,42,43
09/16/2021 07:00:00 AM,211,97,114
09/16/2021 08:00:00 AM,286,115,171
09/16/2021 09:00:00 AM,170,68,102
09/16/2021 10:00:00 AM,136,60,76
09/16/2021 11:00:00 AM,120,59,61
09/16/2021 12:00:00 PM,131,59,72
09/16/2021 01:00:00 PM,110,55,55
09/16/2021 02:00:00 PM,182,66,116
09/16/2021 03:00:00 PM,208,95,113
09/16/2021 04:00:00 PM,332,133,199
09/16/2021 05:00:00 PM,425,147,278
09/16/2021 06:00:00 PM,342,122,220
09/16/2021 07:00:00 PM,190,79,111
09/16/2021 08:00:00 PM,90,29,61
09/16/2021 09:00:00 PM,45,16,29
09/16/2021 10:00:00 PM,44,21,23
09/16/2021 11:00:00 PM,22,12,10
09/17/2021 12:00:00 AM,6,2,4
09/17/2021 01:00:00 AM,3,1,2
09/17/2021 02:00:00 AM,1,0,1
09/17/2021 03:00:00 AM,5,0,5
09/17/2021 04:00:00 AM,3,3,0
09/17/2021 05:00:00 AM,17,8,9
09/17/2021 06:00:00 AM,45,23,22
09/17/2021 07:00:00 AM,103,45,58
09/17/2021 08:00:00 AM,129,55,74
09/17/2021 09:00:00 AM,79,36,43
09/17/2021 10:00:00 AM,42,17,25
09/17/2021 11:00:00 AM,35,17,18
09/17/2021 12:00:00 PM,47,17,30
09/17/2021 01:00:00 PM,72,33,39
09/17/2021 02:00:00 PM,68,29,39
09/17/2021 03:00:00 PM,87,38,49
09/17/2021 04:00:00 PM,114,32,82
09/17/2021 05:00:00 PM,151,49,102
09/17/2021 06:00:00 PM,133,43,90
09/17/2021 07:00:00 PM,62,27,35
09/17/2021 08:00:00 PM,31,21,10
09/17/2021 09:00:00 PM,31,14,17
09/17/2021 10:00:00 PM,18,9,9
09/17/2021 11:00:00 PM,8,4,4
09/18/2021 12:00:00 AM,4,1,3
09/18/2021 01:00:00 AM,4,3,1
09/18/2021 02:00:00 AM,1,0,1
09/18/2021 03:00:00 AM,2,1,1
09/18/2021 04:00:00 AM,3,0,3
09/18/2021 05:00:00 AM,2,1,1
09/18/2021 06:00:00 AM,6,1,5
09/18/2021 07:00:00 AM,16,6,10
09/18/2021 08:00:00 AM,45,15,30
09/18/2021 09:00:00 AM,72,34,38
09/18/2021 10:00:00 AM,141,63,78
09/18/2021 11:00:00 AM,182,78,104
09/18/2021 12:00:00 PM,197,72,125
09/18/2021 01:00:00 PM,186,83,103
09/18/2021 02:00:00 PM,84,28,56
09/18/2021 03:00:00 PM,69,35,34
09/18/2021 04:00:00 PM,80,37,43
09/18/2021 05:00:00 PM,75,25,50
09/18/2021 06:00:00 PM,29,14,15
09/18/2021 07:00:00 PM,36,13,23
09/18/2021 08:00:00 PM,17,8,9
09/18/2021 09:00:00 PM,23,16,7
09/18/2021 10:00:00 PM,17,11,6
09/18/2021 11:00:00 PM,14,3,11
09/19/2021 12:00:00 AM,11,2,9
09/19/2021 01:00:00 AM,1,0,1
09/19/2021 02:00:00 AM,1,0,1
09/19/2021 03:00:00 AM,0,0,0
09/19/2021 04:00:00 AM,5,2,3
09/19/2021 05:00:00 AM,6,3,3
09/19/2021 06:00:00 AM,15,5,10
09/19/2021 07:00:00 AM,22,13,9
09/19/2021 08:00:00 AM,34,11,23
09/19/2021 09:00:00 AM,71,32,39
09/19/2021 10:00:00 AM,98,40,58
09/19/2021 11:00:00 AM,114,47,67
09/19/2021 12:00:00 PM,117,52,65
09/19/2021 01:00:00 PM,150,67,83
09/19/2021 02:00:00 PM,163,70,93
09/19/2021 03:00:00 PM,148,68,80
09/19/2021 04:00:00 PM,133,59,74
09/19/2021 05:00:00 PM,96,35,61
09/19/2021 06:00:00 PM,72,23,49
09/19/2021 07:00:00 PM,39,18,21
09/19/2021 08:00:00 PM,21,12,9
09/19/2021 09:00:00 PM,23,10,13
09/19/2021 10:00:00 PM,13,6,7
09/19/2021 11:00:00 PM,11,4,7
09/20/2021 12:00:00 AM,2,0,2
09/20/2021 01:00:00 AM,2,0,2
09/20/2021 02:00:00 AM,1,1,0
09/20/2021 03:00:00 AM,0,0,0
09/20/2021 04:00:00 AM,8,6,2
09/20/2021 05:00:00 AM,22,12,10
09/20/2021 06:00:00 AM,79,33,46
09/20/2021 07:00:00 AM,179,80,99
09/20/2021 08:00:00 AM,254,86,168
09/20/2021 09:00:00 AM,153,68,85
09/20/2021 10:00:00 AM,104,34,70
09/20/2021 11:00:00 AM,101,43,58
09/20/2021 12:00:00 PM,119,57,62
09/20/2021 01:00:00 PM,103,42,61
09/20/2021 02:00:00 PM,139,61,78
09/20/2021 03:00:00 PM,211,81,130
09/20/2021 04:00:00 PM,314,133,181
09/20/2021 05:00:00 PM,456,160,296
09/20/2021 06:00:00 PM,356,138,218
09/20/2021 07:00:00 PM,201,88,113
09/20/2021 08:00:00 PM,64,20,44
09/20/2021 09:00:00 PM,41,15,26
09/20/2021 10:00:00 PM,32,16,16
09/20/2021 11:00:00 PM,16,4,12
09/21/2021 12:00:00 AM,6,1,5
09/21/2021 01:00:00 AM,3,0,3
09/21/2021 02:00:00 AM,3,0,3
09/21/2021 03:00:00 AM,7,5,2
09/21/2021 04:00:00 AM,9,5,4
09/21/2021 05:00:00 AM,30,13,17
09/21/2021 06:00:00 AM,94,35,59
09/21/2021 07:00:00 AM,236,113,123
09/21/2021 08:00:00 AM,320,134,186
09/21/2021 09:00:00 AM,212,88,124
09/21/2021 10:00:00 AM,106,44,62
09/21/2021 11:00:00 AM,120,65,55
09/21/2021 12:00:00 PM,139,60,79
09/21/2021 01:00:00 PM,133,52,81
09/21/2021 02:00:00 PM,174,86,88
09/21/2021 03:00:00 PM,244,109,135
09/21/2021 04:00:00 PM,361,132,229
09/21/2021 05:00:00 PM,536,202,334
09/21/2021 06:00:00 PM,409,159,250
09/21/2021 07:00:00 PM,203,65,138
09/21/2021 08:00:00 PM,94,38,56
09/21/2021 09:00:00 PM,57,26,31
09/21/2021 10:00:00 PM,23,8,15
09/21/2021 11:00:00 PM,24,9,15
09/22/2021 12:00:00 AM,6,4,2
09/22/2021 01:00:00 AM,3,1,2
09/22/2021 02:00:00 AM,1,0,1
09/22/2021 03:00:00 AM,1,0,1
09/22/2021 04:00:00 AM,14,10,4
09/22/2021 05:00:00 AM,29,21,8
09/22/2021 06:00:00 AM,100,45,55
09/22/2021 07:00:00 AM,262,112,150
09/22/2021 08:00:00 AM,272,115,157
09/22/2021 09:00:00 AM,171,69,102
09/22/2021 10:00:00 AM,114,38,76
09/22/2021 11:00:00 AM,79,26,53
09/22/2021 12:00:00 PM,80,29,51
09/22/2021 01:00:00 PM,95,32,63
09/22/2021 02:00:00 PM,124,48,76
09/22/2021 03:00:00 PM,166,66,100
09/22/2021 04:00:00 PM,272,93,179
09/22/2021 05:00:00 PM,381,103,278
09/22/2021 06:00:00 PM,285,106,179
09/22/2021 07:00:00 PM,179,79,100
09/22/2021 08:00:00 PM,66,16,50
09/22/2021 09:00:00 PM,49,28,21
09/22/2021 10:00:00 PM,31,13,18
09/22/2021 11:00:00 PM,24,6,18
09/23/2021 12:00:00 AM,6,0,6
09/23/2021 01:00:00 AM,8,2,6
09/23/2021 02:00:00 AM,5,2,3
09/23/2021 03:00:00 AM,3,0,3
09/23/2021 04:00:00 AM,9,4,5
09/23/2021 05:00:00 AM,23,13,10
09/23/2021 06:00:00 AM,103,51,52
09/23/2021 07:00:00 AM,199,85,114
09/23/2021 08:00:00 AM,292,127,165
09/23/2021 09:00:00 AM,178,66,112
09/23/2021 10:00:00 AM,114,54,60
09/23/2021 11:00:00 AM,112,46,66
09/23/2021 12:00:00 PM,103,40,63
09/23/2021 01:00:00 PM,126,49,77
09/23/2021 02:00:00 PM,161,58,103
09/23/2021 03:00:00 PM,199,99,100
09/23/2021 04:00:00 PM,340,120,220
09/23/2021 05:00:00 PM,421,147,274
09/23/2021 06:00:00 PM,349,132,217
09/23/2021 07:00:00 PM,192,77,115
09/23/2021 08:00:00 PM,84,41,43
09/23/2021 09:00:00 PM,35,23,12
09/23/2021 10:00:00 PM,31,16,15
09/23/2021 11:00:00 PM,16,7,9
09/24/2021 12:00:00 AM,7,4,3
09/24/2021 01:00:00 AM,2,1,1
09/24/2021 02:00:00 AM,1,0,1
09/24/2021 03:00:00 AM,4,1,3
09/24/2021 04:00:00 AM,11,5,6
09/24/2021 05:00:00 AM,29,13,16
09/24/2021 06:00:00 AM,70,33,37
09/24/2021 07:00:00 AM,139,53,86
09/24/2021 08:00:00 AM,219,85,134
09/24/2021 09:00:00 AM,148,60,88
09/24/2021 10:00:00 AM,114,47,67
09/24/2021 11:00:00 AM,117,43,74
09/24/2021 12:00:00 PM,140,61,79
09/24/2021 01:00:00 PM,151,58,93
09/24/2021 02:00:00 PM,175,77,98
09/24/2021 03:00:00 PM,213,78,135
09/24/2021 04:00:00 PM,294,127,167
09/24/2021 05:00:00 PM,365,130,235
09/24/2021 06:00:00 PM,239,105,134
09/24/2021 07:00:00 PM,152,52,100
09/24/2021 08:00:00 PM,58,23,35
09/24/2021 09:00:00 PM,59,27,32
09/24/2021 10:00:00 PM,28,12,16
09/24/2021 11:00:00 PM,30,13,17
09/25/2021 12:00:00 AM,10,6,4
09/25/2021 01:00:00 AM,7,3,4
09/25/2021 02:00:00 AM,2,1,1
09/25/2021 03:00:00 AM,6,0,6
09/25/2021 04:00:00 AM,2,1,1
09/25/2021 05:00:00 AM,10,4,6
09/25/2021 06:00:00 AM,15,4,11
09/25/2021 07:00:00 AM,37,15,22
09/25/2021 08:00:00 AM,91,26,65
09/25/2021 09:00:00 AM,143,68,75
09/25/2021 10:00:00 AM,214,96,118
09/25/2021 11:00:00 AM,258,105,153
09/25/2021 12:00:00 PM,263,145,118
09/25/2021 01:00:00 PM,255,110,145
09/25/2021 02:00:00 PM,304,155,149
09/25/2021 03:00:00 PM,315,134,181
09/25/2021 04:00:00 PM,298,156,142
09/25/2021 05:00:00 PM,235,92,143
09/25/2021 06:00:00 PM,174,64,110
09/25/2021 07:00:00 PM,184,53,131
09/25/2021 08:00:00 PM,54,26,28
09/25/2021 09:00:00 PM,91,23,68
09/25/2021 10:00:00 PM,56,26,30
09/25/2021 11:00:00 PM,30,15,15
09/26/2021 12:00:00 AM,11,5,6
09/26/2021 01:00:00 AM,8,3,5
09/26/2021 02:00:00 AM,8,4,4
09/26/2021 03:00:00 AM,0,0,0
09/26/2021 04:00:00 AM,2,2,0
09/26/2021 05:00:00 AM,3,2,1
09/26/2021 06:00:00 AM,15,5,10
09/26/2021 07:00:00 AM,27,12,15
09/26/2021 08:00:00 AM,56,28,28
09/26/2021 09:00:00 AM,115,57,58
09/26/2021 10:00:00 AM,113,53,60
09/26/2021 11:00:00 AM,126,57,69
09/26/2021 12:00:00 PM,116,49,67
09/26/2021 01:00:00 PM,143,62,81
09/26/2021 02:00:00 PM,82,42,40
09/26/2021 03:00:00 PM,53,23,30
09/26/2021 04:00:00 PM,28,6,22
09/26/2021 05:00:00 PM,16,7,9
09/26/2021 06:00:00 PM,17,7,10
09/26/2021 07:00:00 PM,8,5,3
09/26/2021 08:00:00 PM,5,1,4
09/26/2021 09:00:00 PM,7,6,1
09/26/2021 10:00:00 PM,11,4,7
09/26/2021 11:00:00 PM,7,1,6
09/27/2021 12:00:00 AM,2,1,1
09/27/2021 01:00:00 AM,2,1,1
09/27/2021 02:00:00 AM,2,0,2
09/27/2021 03:00:00 AM,0,0,0
09/27/2021 04:00:00 AM,5,3,2
09/27/2021 05:00:00 AM,14,5,9
09/27/2021 06:00:00 AM,54,27,27
09/27/2021 07:00:00 AM,131,51,80
09/27/2021 08:00:00 AM,169,64,105
09/27/2021 09:00:00 AM,94,38,56
09/27/2021 10:00:00 AM,55,24,31
09/27/2021 11:00:00 AM,49,23,26
09/27/2021 12:00:00 PM,47,14,33
09/27/2021 01:00:00 PM,47,21,26
09/27/2021 02:00:00 PM,34,8,26
09/27/2021 03:00:00 PM,71,32,39
09/27/2021 04:00:00 PM,125,49,76
09/27/2021 05:00:00 PM,192,55,137
09/27/2021 06:00:00 PM,143,54,89
09/27/2021 07:00:00 PM,97,37,60
09/27/2021 08:00:00 PM,40,18,22
09/27/2021 09:00:00 PM,26,12,14
09/27/2021 10:00:00 PM,15,7,8
09/27/2021 11:00:00 PM,15,5,10
09/28/2021 12:00:00 AM,5,1,4
09/28/2021 01:00:00 AM,3,1,2
09/28/2021 02:00:00 AM,1,0,1
09/28/2021 03:00:00 AM,0,0,0
09/28/2021 04:00:00 AM,13,8,5
09/28/2021 05:00:00 AM,18,10,8
09/28/2021 06:00:00 AM,59,23,36
09/28/2021 07:00:00 AM,156,66,90
09/28/2021 08:00:00 AM,199,92,107
09/28/2021 09:00:00 AM,118,36,82
09/28/2021 10:00:00 AM,68,35,33
09/28/2021 11:00:00 AM,56,29,27
09/28/2021 12:00:00 PM,65,34,31
09/28/2021 01:00:00 PM,82,41,41
09/28/2021 02:00:00 PM,101,46,55
09/28/2021 03:00:00 PM,138,49,89
09/28/2021 04:00:00 PM,216,83,133
09/28/2021 05:00:00 PM,338,126,212
09/28/2021 06:00:00 PM,272,91,181
09/28/2021 07:00:00 PM,107,38,69
09/28/2021 08:00:00 PM,57,22,35
09/28/2021 09:00:00 PM,25,15,10
09/28/2021 10:00:00 PM,20,5,15
09/28/2021 11:00:00 PM,14,9,5
09/29/2021 12:00:00 AM,3,1,2
09/29/2021 01:00:00 AM,5,2,3
09/29/2021 02:00:00 AM,2,0,2
09/29/2021 03:00:00 AM,3,0,3
09/29/2021 04:00:00 AM,8,5,3
09/29/2021 05:00:00 AM,32,21,11
09/29/2021 06:00:00 AM,67,23,44
09/29/2021 07:00:00 AM,205,85,120
09/29/2021 08:00:00 AM,269,109,160
09/29/2021 09:00:00 AM,151,58,93
09/29/2021 10:00:00 AM,81,40,41
09/29/2021 11:00:00 AM,77,30,47
09/29/2021 12:00:00 PM,79,35,44
09/29/2021 01:00:00 PM,63,36,27
09/29/2021 02:00:00 PM,86,29,57
09/29/2021 03:00:00 PM,115,52,63
09/29/2021 04:00:00 PM,194,62,132
09/29/2021 05:00:00 PM,284,80,204
09/29/2021 06:00:00 PM,184,55,129
09/29/2021 07:00:00 PM,79,31,48
09/29/2021 08:00:00 PM,44,18,26
09/29/2021 09:00:00 PM,22,5,17
09/29/2021 10:00:00 PM,22,10,12
09/29/2021 11:00:00 PM,12,4,8
09/30/2021 12:00:00 AM,4,2,2
09/30/2021 01:00:00 AM,3,1,2
09/30/2021 02:00:00 AM,3,1,2
09/30/2021 03:00:00 AM,1,0,1
09/30/2021 04:00:00 AM,12,8,4
09/30/2021 05:00:00 AM,16,7,9
09/30/2021 06:00:00 AM,66,30,36
09/30/2021 07:00:00 AM,134,58,76
09/30/2021 08:00:00 AM,192,82,110
09/30/2021 09:00:00 AM,97,41,56
09/30/2021 10:00:00 AM,45,15,30
09/30/2021 11:00:00 AM,49,19,30
09/30/2021 12:00:00 PM,40,11,29
09/30/2021 01:00:00 PM,35,11,24
09/30/2021 02:00:00 PM,42,15,27
09/30/2021 03:00:00 PM,68,31,37
09/30/2021 04:00:00 PM,148,64,84
09/30/2021 05:00:00 PM,216,79,137
09/30/2021 06:00:00 PM,174,74,100
09/30/2021 07:00:00 PM,84,40,44
09/30/2021 08:00:00 PM,61,19,42
09/30/2021 09:00:00 PM,26,10,16
09/30/2021 10:00:00 PM,33,16,17
09/30/2021 11:00:00 PM,21,6,15
10/01/2021 12:00:00 AM,10,3,7
10/01/2021 01:00:00 AM,3,2,1
10/01/2021 02:00:00 AM,1,1,0
10/01/2021 03:00:00 AM,1,0,1
10/01/2021 04:00:00 AM,7,4,3
10/01/2021 05:00:00 AM,22,11,11
10/01/2021 06:00:00 AM,70,24,46
10/01/2021 07:00:00 AM,143,61,82
10/01/2021 08:00:00 AM,224,94,130
10/01/2021 09:00:00 AM,159,65,94
10/01/2021 10:00:00 AM,125,58,67
10/01/2021 11:00:00 AM,145,73,72
10/01/2021 12:00:00 PM,124,58,66
10/01/2021 01:00:00 PM,174,72,102
10/01/2021 02:00:00 PM,208,85,123
10/01/2021 03:00:00 PM,255,131,124
10/01/2021 04:00:00 PM,317,112,205
10/01/2021 05:00:00 PM,399,127,272
10/01/2021 06:00:00 PM,214,90,124
10/01/2021 07:00:00 PM,122,48,74
10/01/2021 08:00:00 PM,71,33,38
10/01/2021 09:00:00 PM,45,19,26
10/01/2021 10:00:00 PM,35,14,21
10/01/2021 11:00:00 PM,50,20,30
10/02/2021 12:00:00 AM,22,5,17
10/02/2021 01:00:00 AM,14,4,10
10/02/2021 02:00:00 AM,9,6,3
10/02/2021 03:00:00 AM,1,0,1
10/02/2021 04:00:00 AM,1,0,1
10/02/2021 05:00:00 AM,5,4,1
10/02/2021 06:00:00 AM,20,8,12
10/02/2021 07:00:00 AM,30,14,16
10/02/2021 08:00:00 AM,63,18,45
10/02/2021 09:00:00 AM,115,56,59
10/02/2021 10:00:00 AM,170,68,102
10/02/2021 11:00:00 AM,162,74,88
10/02/2021 12:00:00 PM,190,89,101
10/02/2021 01:00:00 PM,209,94,115
10/02/2021 02:00:00 PM,226,109,117
10/02/2021 03:00:00 PM,268,143,125
10/02/2021 04:00:00 PM,241,105,136
10/02/2021 05:00:00 PM,195,82,113
10/02/2021 06:00:00 PM,133,68,65
10/02/2021 07:00:00 PM,112,29,83
10/02/2021 08:00:00 PM,47,25,22
10/02/2021 09:00:00 PM,58,21,37
10/02/2021 10:00:00 PM,42,22,20
10/02/2021 11:00:00 PM,27,10,17
10/03/2021 12:00:00 AM,16,8,8
10/03/2021 01:00:00 AM,10,7,3
10/03/2021 02:00:00 AM,3,1,2
10/03/2021 03:00:00 AM,3,1,2
10/03/2021 04:00:00 AM,3,2,1
10/03/2021 05:00:00 AM,6,3,3
10/03/2021 06:00:00 AM,11,5,6
10/03/2021 07:00:00 AM,22,11,11
10/03/2021 08:00:00 AM,58,27,31
10/03/2021 09:00:00 AM,56,20,36
10/03/2021 10:00:00 AM,91,37,54
10/03/2021 11:00:00 AM,92,46,46
10/03/2021 12:00:00 PM,93,37,56
10/03/2021 01:00:00 PM,97,41,56
10/03/2021 02:00:00 PM,87,47,40
10/03/2021 03:00:00 PM,118,49,69
10/03/2021 04:00:00 PM,114,44,70
10/03/2021 05:00:00 PM,104,43,61
10/03/2021 06:00:00 PM,73,33,40
10/03/2021 07:00:00 PM,27,17,10
10/03/2021 08:00:00 PM,16,4,12
10/03/2021 09:00:00 PM,26,10,16
10/03/2021 10:00:00 PM,16,3,13
10/03/2021 11:00:00 PM,10,1,9
10/04/2021 12:00:00 AM,2,1,1
10/04/2021 01:00:00 AM,2,0,2
10/04/2021 02:00:00 AM,1,0,1
10/04/2021 03:00:00 AM,3,0,3
10/04/2021 04:00:00 AM,7,4,3
10/04/2021 05:00:00 AM,21,10,11
10/04/2021 06:00:00 AM,80,34,46
10/04/2021 07:00:00 AM,185,91,94
10/04/2021 08:00:00 AM,275,114,161
10/04/2021 09:00:00 AM,186,74,112
10/04/2021 10:00:00 AM,92,36,56
10/04/2021 11:00:00 AM,82,40,42
10/04/2021 12:00:00 PM,125,42,83
10/04/2021 01:00:00 PM,103,42,61
10/04/2021 02:00:00 PM,141,61,80
10/04/2021 03:00:00 PM,190,88,102
10/04/2021 04:00:00 PM,298,105,193
10/04/2021 05:00:00 PM,412,150,262
10/04/2021 06:00:00 PM,292,117,175
10/04/2021 07:00:00 PM,111,45,66
10/04/2021 08:00:00 PM,54,21,33
10/04/2021 09:00:00 PM,38,11,27
10/04/2021 10:00:00 PM,17,8,9
10/04/2021 11:00:00 PM,19,7,12
10/05/2021 12:00:00 AM,7,2,5
10/05/2021 01:00:00 AM,2,2,0
10/05/2021 02:00:00 AM,3,2,1
10/05/2021 03:00:00 AM,4,0,4
10/05/2021 04:00:00 AM,11,6,5
10/05/2021 05:00:00 AM,21,10,11
10/05/2021 06:00:00 AM,67,30,37
10/05/2021 07:00:00 AM,96,44,52
10/05/2021 08:00:00 AM,138,52,86
10/05/2021 09:00:00 AM,90,32,58
10/05/2021 10:00:00 AM,40,14,26
10/05/2021 11:00:00 AM,44,16,28
10/05/2021 12:00:00 PM,45,14,31
10/05/2021 01:00:00 PM,47,23,24
10/05/2021 02:00:00 PM,53,25,28
10/05/2021 03:00:00 PM,82,33,49
10/05/2021 04:00:00 PM,143,63,80
10/05/2021 05:00:00 PM,236,82,154
10/05/2021 06:00:00 PM,200,80,120
10/05/2021 07:00:00 PM,96,32,64
10/05/2021 08:00:00 PM,47,21,26
10/05/2021 09:00:00 PM,35,18,17
10/05/2021 10:00:00 PM,14,5,9
10/05/2021 11:00:00 PM,20,7,13
10/06/2021 12:00:00 AM,7,2,5
10/06/2021 01:00:00 AM,6,2,4
10/06/2021 02:00:00 AM,2,1,1
10/06/2021 03:00:00 AM,1,0,1
10/06/2021 04:00:00 AM,12,6,6
10/06/2021 05:00:00 AM,10,4,6
10/06/2021 06:00:00 AM,66,30,36
10/06/2021 07:00:00 AM,151,58,93
10/06/2021 08:00:00 AM,229,91,138
10/06/2021 09:00:00 AM,140,58,82
10/06/2021 10:00:00 AM,90,35,55
10/06/2021 11:00:00 AM,76,31,45
10/06/2021 12:00:00 PM,85,37,48
10/06/2021 01:00:00 PM,103,43,60
10/06/2021 02:00:00 PM,111,49,62
10/06/2021 03:00:00 PM,161,68,93
10/06/2021 04:00:00 PM,222,90,132
10/06/2021 05:00:00 PM,346,117,229
10/06/2021 06:00:00 PM,222,84,138
10/06/2021 07:00:00 PM,98,37,61
10/06/2021 08:00:00 PM,41,20,21
10/06/2021 09:00:00 PM,25,11,14
10/06/2021 10:00:00 PM,28,14,14
10/06/2021 11:00:00 PM,20,5,15
10/07/2021 12:00:00 AM,4,0,4
10/07/2021 01:00:00 AM,0,0,0
10/07/2021 02:00:00 AM,3,2,1
10/07/2021 03:00:00 AM,2,1,1
10/07/2021 04:00:00 AM,6,4,2
10/07/2021 05:00:00 AM,27,16,11
10/07/2021 06:00:00 AM,82,33,49
10/07/2021 07:00:00 AM,193,88,105
10/07/2021 08:00:00 AM,262,112,150
10/07/2021 09:00:00 AM,157,61,96
10/07/2021 10:00:00 AM,101,47,54
10/07/2021 11:00:00 AM,121,57,64
10/07/2021 12:00:00 PM,123,55,68
10/07/2021 01:00:00 PM,133,66,67
10/07/2021 02:00:00 PM,144,67,77
10/07/2021 03:00:00 PM,205,83,122
10/07/2021 04:00:00 PM,309,102,207
10/07/2021 05:00:00 PM,367,118,249
10/07/2021 06:00:00 PM,270,118,152
10/07/2021 07:00:00 PM,118,45,73
10/07/2021 08:00:00 PM,79,26,53
10/07/2021 09:00:00 PM,47,25,22
10/07/2021 10:00:00 PM,28,9,19
10/07/2021 11:00:00 PM,14,4,10
10/08/2021 12:00:00 AM,5,0,5
10/08/2021 01:00:00 AM,3,1,2
10/08/2021 02:00:00 AM,3,3,0
10/08/2021 03:00:00 AM,3,2,1
10/08/2021 04:00:00 AM,5,4,1
10/08/2021 05:00:00 AM,19,9,10
10/08/2021 06:00:00 AM,64,24,40
10/08/2021 07:00:00 AM,133,64,69
10/08/2021 08:00:00 AM,194,83,111
10/08/2021 09:00:00 AM,147,62,85
10/08/2021 10:00:00 AM,84,33,51
10/08/2021 11:00:00 AM,102,46,56
10/08/2021 12:00:00 PM,92,39,53
10/08/2021 01:00:00 PM,98,49,49
10/08/2021 02:00:00 PM,159,61,98
10/08/2021 03:00:00 PM,216,80,136
10/08/2021 04:00:00 PM,287,115,172
10/08/2021 05:00:00 PM,352,115,237
10/08/2021 06:00:00 PM,196,78,118
10/08/2021 07:00:00 PM,107,50,57
10/08/2021 08:00:00 PM,60,23,37
10/08/2021 09:00:00 PM,38,23,15
10/08/2021 10:00:00 PM,28,9,19
10/08/2021 11:00:00 PM,21,9,12
10/09/2021 12:00:00 AM,10,1,9
10/09/2021 01:00:00 AM,9,5,4
10/09/2021 02:00:00 AM,6,4,2
10/09/2021 03:00:00 AM,2,0,2
10/09/2021 04:00:00 AM,3,2,1
10/09/2021 05:00:00 AM,4,2,2
10/09/2021 06:00:00 AM,16,8,8
10/09/2021 07:00:00 AM,27,15,12
10/09/2021 08:00:00 AM,61,26,35
10/09/2021 09:00:00 AM,114,47,67
10/09/2021 10:00:00 AM,143,81,62
10/09/2021 11:00:00 AM,108,66,42
10/09/2021 12:00:00 PM,172,78,94
10/09/2021 01:00:00 PM,156,56,100
10/09/2021 02:00:00 PM,165,66,99
10/09/2021 03:00:00 PM,146,59,87
10/09/2021 04:00:00 PM,115,43,72
10/09/2021 05:00:00 PM,78,36,42
10/09/2021 06:00:00 PM,38,14,24
10/09/2021 07:00:00 PM,33,11,22
10/09/2021 08:00:00 PM,27,11,16
10/09/2021 09:00:00 PM,16,4,12
10/09/2021 10:00:00 PM,15,9,6
10/09/2021 11:00:00 PM,14,4,10
10/10/2021 12:00:00 AM,14,7,7
10/10/2021 01:00:00 AM,6,4,2
10/10/2021 02:00:00 AM,9,6,3
10/10/2021 03:00:00 AM,1,1,0
10/10/2021 04:00:00 AM,2,2,0
10/10/2021 05:00:00 AM,4,2,2
10/10/2021 06:00:00 AM,7,2,5
10/10/2021 07:00:00 AM,12,4,8
10/10/2021 08:00:00 AM,33,11,22
10/10/2021 09:00:00 AM,55,23,32
10/10/2021 10:00:00 AM,80,41,39
10/10/2021 11:00:00 AM,86,35,51
10/10/2021 12:00:00 PM,93,30,63
10/10/2021 01:00:00 PM,70,26,44
10/10/2021 02:00:00 PM,125,71,54
10/10/2021 03:00:00 PM,120,67,53
10/10/2021 04:00:00 PM,104,46,58
10/10/2021 05:00:00 PM,82,42,40
10/10/2021 06:00:00 PM,43,14,29
10/10/2021 07:00:00 PM,17,11,6
10/10/2021 08:00:00 PM,11,1,10
10/10/2021 09:00:00 PM,2,1,1
10/10/2021 10:00:00 PM,7,2,5
10/10/2021 11:00:00 PM,2,0,2
10/11/2021 12:00:00 AM,1,0,1
10/11/2021 01:00:00 AM,1,0,1
10/11/2021 02:00:00 AM,1,0,1
10/11/2021 03:00:00 AM,3,2,1
10/11/2021 04:00:00 AM,3,2,1
10/11/2021 05:00:00 AM,26,15,11
10/11/2021 06:00:00 AM,59,28,31
10/11/2021 07:00:00 AM,134,58,76
10/11/2021 08:00:00 AM,235,101,134
10/11/2021 09:00:00 AM,145,53,92
10/11/2021 10:00:00 AM,80,39,41
10/11/2021 11:00:00 AM,102,36,66
10/11/2021 12:00:00 PM,107,44,63
10/11/2021 01:00:00 PM,100,51,49
10/11/2021 02:00:00 PM,113,40,73
10/11/2021 03:00:00 PM,158,73,85
10/11/2021 04:00:00 PM,233,96,137
10/11/2021 05:00:00 PM,364,124,240
10/11/2021 06:00:00 PM,240,96,144
10/11/2021 07:00:00 PM,103,36,67
10/11/2021 08:00:00 PM,54,29,25
10/11/2021 09:00:00 PM,28,14,14
10/11/2021 10:00:00 PM,18,6,12
10/11/2021 11:00:00 PM,15,2,13
10/12/2021 12:00:00 AM,4,0,4
10/12/2021 01:00:00 AM,5,0,5
10/12/2021 02:00:00 AM,1,1,0
10/12/2021 03:00:00 AM,1,0,1
10/12/2021 04:00:00 AM,5,4,1
10/12/2021 05:00:00 AM,25,12,13
10/12/2021 06:00:00 AM,87,42,45
10/12/2021 07:00:00 AM,163,74,89
10/12/2021 08:00:00 AM,258,114,144
10/12/2021 09:00:00 AM,141,52,89
10/12/2021 10:00:00 AM,62,24,38
10/12/2021 11:00:00 AM,70,33,37
10/12/2021 12:00:00 PM,62,20,42
10/12/2021 01:00:00 PM,67,35,32
10/12/2021 02:00:00 PM,88,31,57
10/12/2021 03:00:00 PM,132,51,81
10/12/2021 04:00:00 PM,189,58,131
10/12/2021 05:00:00 PM,295,82,213
10/12/2021 06:00:00 PM,145,42,103
10/12/2021 07:00:00 PM,70,21,49
10/12/2021 08:00:00 PM,29,15,14
10/12/2021 09:00:00 PM,30,17,13
10/12/2021 10:00:00 PM,18,10,8
10/12/2021 11:00:00 PM,11,4,7
10/13/2021 12:00:00 AM,1,0,1
10/13/2021 01:00:00 AM,0,0,0
10/13/2021 02:00:00 AM,1,0,1
10/13/2021 03:00:00 AM,4,1,3
10/13/2021 04:00:00 AM,4,3,1
10/13/2021 05:00:00 AM,28,15,13
10/13/2021 06:00:00 AM,74,27,47
10/13/2021 07:00:00 AM,175,76,99
10/13/2021 08:00:00 AM,245,101,144
10/13/2021 09:00:00 AM,145,55,90
10/13/2021 10:00:00 AM,91,31,60
10/13/2021 11:00:00 AM,83,30,53
10/13/2021 12:00:00 PM,92,46,46
10/13/2021 01:00:00 PM,103,46,57
10/13/2021 02:00:00 PM,138,55,83
10/13/2021 03:00:00 PM,151,78,73
10/13/2021 04:00:00 PM,225,81,144
10/13/2021 05:00:00 PM,322,105,217
10/13/2021 06:00:00 PM,204,77,127
10/13/2021 07:00:00 PM,97,36,61
10/13/2021 08:00:00 PM,53,17,36
10/13/2021 09:00:00 PM,42,17,25
10/13/2021 10:00:00 PM,25,12,13
10/13/2021 11:00:00 PM,14,3,11
10/14/2021 12:00:00 AM,2,0,2
10/14/2021 01:00:00 AM,3,0,3
10/14/2021 02:00:00 AM,2,2,0
10/14/2021 03:00:00 AM,5,0,5
10/14/2021 04:00:00 AM,7,3,4
10/14/2021 05:00:00 AM,23,15,8
10/14/2021 06:00:00 AM,74,28,46
10/14/2021 07:00:00 AM,152,66,86
10/14/2021 08:00:00 AM,219,76,143
10/14/2021 09:00:00 AM,152,62,90
10/14/2021 10:00:00 AM,70,31,39
10/14/2021 11:00:00 AM,75,36,39
10/14/2021 12:00:00 PM,67,29,38
10/14/2021 01:00:00 PM,67,32,35
10/14/2021 02:00:00 PM,84,36,48
10/14/2021 03:00:00 PM,140,66,74
10/14/2021 04:00:00 PM,193,58,135
10/14/2021 05:00:00 PM,312,97,215
10/14/2021 06:00:00 PM,190,63,127
10/14/2021 07:00:00 PM,96,36,60
10/14/2021 08:00:00 PM,50,18,32
10/14/2021 09:00:00 PM,42,16,26
10/14/2021 10:00:00 PM,20,10,10
10/14/2021 11:00:00 PM,18,7,11
10/15/2021 12:00:00 AM,7,3,4
10/15/2021 01:00:00 AM,2,1,1
10/15/2021 02:00:00 AM,0,0,0
10/15/2021 03:00:00 AM,1,0,1
10/15/2021 04:00:00 AM,3,1,2
10/15/2021 05:00:00 AM,16,7,9
10/15/2021 06:00:00 AM,44,19,25
10/15/2021 07:00:00 AM,118,59,59
10/15/2021 08:00:00 AM,179,67,112
10/15/2021 09:00:00 AM,111,36,75
10/15/2021 10:00:00 AM,77,36,41
10/15/2021 11:00:00 AM,98,39,59
10/15/2021 12:00:00 PM,71,31,40
10/15/2021 01:00:00 PM,92,49,43
10/15/2021 02:00:00 PM,101,32,69
10/15/2021 03:00:00 PM,136,58,78
10/15/2021 04:00:00 PM,220,71,149
10/15/2021 05:00:00 PM,253,96,157
10/15/2021 06:00:00 PM,137,59,78
10/15/2021 07:00:00 PM,70,20,50
10/15/2021 08:00:00 PM,38,13,25
10/15/2021 09:00:00 PM,35,13,22
10/15/2021 10:00:00 PM,26,13,13
10/15/2021 11:00:00 PM,23,15,8
10/16/2021 12:00:00 AM,24,13,11
10/16/2021 01:00:00 AM,11,6,5
10/16/2021 02:00:00 AM,13,3,10
10/16/2021 03:00:00 AM,1,1,0
10/16/2021 04:00:00 AM,1,0,1
10/16/2021 05:00:00 AM,4,4,0
10/16/2021 06:00:00 AM,20,8,12
10/16/2021 07:00:00 AM,34,9,25
10/16/2021 08:00:00 AM,67,23,44
10/16/2021 09:00:00 AM,96,40,56
10/16/2021 10:00:00 AM,118,62,56
10/16/2021 11:00:00 AM,162,82,80
10/16/2021 12:00:00 PM,208,98,110
10/16/2021 01:00:00 PM,200,90,110
10/16/2021 02:00:00 PM,208,75,133
10/16/2021 03:00:00 PM,235,119,116
10/16/2021 04:00:00 PM,245,110,135
10/16/2021 05:00:00 PM,170,82,88
10/16/2021 06:00:00 PM,109,44,65
10/16/2021 07:00:00 PM,85,26,59
10/16/2021 08:00:00 PM,42,23,19
10/16/2021 09:00:00 PM,75,33,42
10/16/2021 10:00:00 PM,10,3,7
10/16/2021 11:00:00 PM,30,13,17
10/17/2021 12:00:00 AM,20,8,12
10/17/2021 01:00:00 AM,7,4,3
10/17/2021 02:00:00 AM,3,2,1
10/17/2021 03:00:00 AM,1,0,1
10/17/2021 04:00:00 AM,2,2,0
10/17/2021 05:00:00 AM,9,3,6
10/17/2021 06:00:00 AM,8,1,7
10/17/2021 07:00:00 AM,25,9,16
10/17/2021 08:00:00 AM,51,26,25
10/17/2021 09:00:00 AM,71,31,40
10/17/2021 10:00:00 AM,112,50,62
10/17/2021 11:00:00 AM,127,61,66
10/17/2021 12:00:00 PM,121,68,53
10/17/2021 01:00:00 PM,134,56,78
10/17/2021 02:00:00 PM,146,75,71
10/17/2021 03:00:00 PM,126,61,65
10/17/2021 04:00:00 PM,116,53,63
10/17/2021 05:00:00 PM,91,45,46
10/17/2021 06:00:00 PM,47,26,21
10/17/2021 07:00:00 PM,28,15,13
10/17/2021 08:00:00 PM,9,4,5
10/17/2021 09:00:00 PM,13,8,5
10/17/2021 10:00:00 PM,11,4,7
10/17/2021 11:00:00 PM,18,5,13
10/18/2021 12:00:00 AM,3,0,3
10/18/2021 01:00:00 AM,0,0,0
10/18/2021 02:00:00 AM,2,0,2
10/18/2021 03:00:00 AM,0,0,0
10/18/2021 04:00:00 AM,4,4,0
10/18/2021 05:00:00 AM,26,14,12
10/18/2021 06:00:00 AM,81,27,54
10/18/2021 07:00:00 AM,149,66,83
10/18/2021 08:00:00 AM,240,80,160
10/18/2021 09:00:00 AM,136,58,78
10/18/2021 10:00:00 AM,69,30,39
10/18/2021 11:00:00 AM,70,32,38
10/18/2021 12:00:00 PM,100,49,51
10/18/2021 01:00:00 PM,90,44,46
10/18/2021 02:00:00 PM,119,52,67
10/18/2021 03:00:00 PM,140,56,84
10/18/2021 04:00:00 PM,296,116,180
10/18/2021 05:00:00 PM,325,113,212
10/18/2021 06:00:00 PM,191,60,131
10/18/2021 07:00:00 PM,80,33,47
10/18/2021 08:00:00 PM,50,23,27
10/18/2021 09:00:00 PM,31,14,17
10/18/2021 10:00:00 PM,15,6,9
10/18/2021 11:00:00 PM,12,6,6
10/19/2021 12:00:00 AM,7,0,7
10/19/2021 01:00:00 AM,2,1,1
10/19/2021 02:00:00 AM,3,2,1
10/19/2021 03:00:00 AM,2,2,0
10/19/2021 04:00:00 AM,8,3,5
10/19/2021 05:00:00 AM,37,20,17
10/19/2021 06:00:00 AM,99,36,63
10/19/2021 07:00:00 AM,186,92,94
10/19/2021 08:00:00 AM,304,121,183
10/19/2021 09:00:00 AM,138,65,73
10/19/2021 10:00:00 AM,114,58,56
10/19/2021 11:00:00 AM,117,55,62
10/19/2021 12:00:00 PM,146,75,71
10/19/2021 01:00:00 PM,144,60,84
10/19/2021 02:00:00 PM,140,64,76
10/19/2021 03:00:00 PM,200,87,113
10/19/2021 04:00:00 PM,297,109,188
10/19/2021 05:00:00 PM,437,147,290
10/19/2021 06:00:00 PM,280,101,179
10/19/2021 07:00:00 PM,129,57,72
10/19/2021 08:00:00 PM,67,28,39
10/19/2021 09:00:00 PM,48,21,27
10/19/2021 10:00:00 PM,24,10,14
10/19/2021 11:00:00 PM,20,8,12
10/20/2021 12:00:00 AM,13,2,11
10/20/2021 01:00:00 AM,1,1,0
10/20/2021 02:00:00 AM,3,1,2
10/20/2021 03:00:00 AM,2,0,2
10/20/2021 04:00:00 AM,0,0,0
10/20/2021 05:00:00 AM,13,5,8
10/20/2021 06:00:00 AM,63,26,37
10/20/2021 07:00:00 AM,100,47,53
10/20/2021 08:00:00 AM,159,62,97
10/20/2021 09:00:00 AM,104,40,64
10/20/2021 10:00:00 AM,54,23,31
10/20/2021 11:00:00 AM,51,17,34
10/20/2021 12:00:00 PM,62,29,33
10/20/2021 01:00:00 PM,73,29,44
10/20/2021 02:00:00 PM,85,31,54
10/20/2021 03:00:00 PM,114,62,52
10/20/2021 04:00:00 PM,186,73,113
10/20/2021 05:00:00 PM,256,81,175
10/20/2021 06:00:00 PM,153,71,82
10/20/2021 07:00:00 PM,84,25,59
10/20/2021 08:00:00 PM,52,23,29
10/20/2021 09:00:00 PM,33,14,19
10/20/2021 10:00:00 PM,21,9,12
10/20/2021 11:00:00 PM,15,6,9
10/21/2021 12:00:00 AM,7,4,3
10/21/2021 01:00:00 AM,0,0,0
10/21/2021 02:00:00 AM,0,0,0
10/21/2021 03:00:00 AM,7,2,5
10/21/2021 04:00:00 AM,9,5,4
10/21/2021 05:00:00 AM,24,13,11
10/21/2021 06:00:00 AM,72,32,40
10/21/2021 07:00:00 AM,159,71,88
10/21/2021 08:00:00 AM,249,111,138
10/21/2021 09:00:00 AM,153,49,104
10/21/2021 10:00:00 AM,127,59,68
10/21/2021 11:00:00 AM,103,45,58
10/21/2021 12:00:00 PM,103,44,59
10/21/2021 01:00:00 PM,126,56,70
10/21/2021 02:00:00 PM,117,53,64
10/21/2021 03:00:00 PM,129,51,78
10/21/2021 04:00:00 PM,222,82,140
10/21/2021 05:00:00 PM,252,76,176
10/21/2021 06:00:00 PM,159,61,98
10/21/2021 07:00:00 PM,77,30,47
10/21/2021 08:00:00 PM,49,13,36
10/21/2021 09:00:00 PM,23,7,16
10/21/2021 10:00:00 PM,12,5,7
10/21/2021 11:00:00 PM,8,3,5
10/22/2021 12:00:00 AM,2,0,2
10/22/2021 01:00:00 AM,2,2,0
10/22/2021 02:00:00 AM,1,1,0
10/22/2021 03:00:00 AM,2,1,1
10/22/2021 04:00:00 AM,3,0,3
10/22/2021 05:00:00 AM,15,7,8
10/22/2021 06:00:00 AM,46,24,22
10/22/2021 07:00:00 AM,114,48,66
10/22/2021 08:00:00 AM,147,61,86
10/22/2021 09:00:00 AM,100,36,64
10/22/2021 10:00:00 AM,38,11,27
10/22/2021 11:00:00 AM,62,21,41
10/22/2021 12:00:00 PM,71,32,39
10/22/2021 01:00:00 PM,73,32,41
10/22/2021 02:00:00 PM,75,35,40
10/22/2021 03:00:00 PM,99,34,65
10/22/2021 04:00:00 PM,152,66,86
10/22/2021 05:00:00 PM,205,63,142
10/22/2021 06:00:00 PM,112,44,68
10/22/2021 07:00:00 PM,55,22,33
10/22/2021 08:00:00 PM,40,25,15
10/22/2021 09:00:00 PM,40,18,22
10/22/2021 10:00:00 PM,36,15,21
10/22/2021 11:00:00 PM,20,11,9
10/23/2021 12:00:00 AM,11,1,10
10/23/2021 01:00:00 AM,12,6,6
10/23/2021 02:00:00 AM,12,2,10
10/23/2021 03:00:00 AM,8,1,7
10/23/2021 04:00:00 AM,2,0,2
10/23/2021 05:00:00 AM,2,2,0
10/23/2021 06:00:00 AM,17,5,12
10/23/2021 07:00:00 AM,18,5,13
10/23/2021 08:00:00 AM,46,13,33
10/23/2021 09:00:00 AM,54,21,33
10/23/2021 10:00:00 AM,58,22,36
10/23/2021 11:00:00 AM,71,32,39
10/23/2021 12:00:00 PM,80,49,31
10/23/2021 01:00:00 PM,62,35,27
10/23/2021 02:00:00 PM,96,46,50
10/23/2021 03:00:00 PM,87,43,44
10/23/2021 04:00:00 PM,108,41,67
10/23/2021 05:00:00 PM,90,41,49
10/23/2021 06:00:00 PM,94,44,50
10/23/2021 07:00:00 PM,50,21,29
10/23/2021 08:00:00 PM,28,13,15
10/23/2021 09:00:00 PM,39,15,24
10/23/2021 10:00:00 PM,34,12,22
10/23/2021 11:00:00 PM,20,7,13
10/24/2021 12:00:00 AM,11,3,8
10/24/2021 01:00:00 AM,7,4,3
10/24/2021 02:00:00 AM,3,0,3
10/24/2021 03:00:00 AM,4,0,4
10/24/2021 04:00:00 AM,4,1,3
10/24/2021 05:00:00 AM,6,2,4
10/24/2021 06:00:00 AM,8,2,6
10/24/2021 07:00:00 AM,22,4,18
10/24/2021 08:00:00 AM,28,11,17
10/24/2021 09:00:00 AM,18,6,12
10/24/2021 10:00:00 AM,38,14,24
10/24/2021 11:00:00 AM,42,22,20
10/24/2021 12:00:00 PM,35,15,20
10/24/2021 01:00:00 PM,34,17,17
10/24/2021 02:00:00 PM,21,12,9
10/24/2021 03:00:00 PM,24,7,17
10/24/2021 04:00:00 PM,47,26,21
10/24/2021 05:00:00 PM,73,30,43
10/24/2021 06:00:00 PM,48,19,29
10/24/2021 07:00:00 PM,29,16,13
10/24/2021 08:00:00 PM,8,3,5
10/24/2021 09:00:00 PM,8,2,6
10/24/2021 10:00:00 PM,15,4,11
10/24/2021 11:00:00 PM,7,3,4
10/25/2021 12:00:00 AM,2,1,1
10/25/2021 01:00:00 AM,0,0,0
10/25/2021 02:00:00 AM,0,0,0
10/25/2021 03:00:00 AM,3,0,3
10/25/2021 04:00:00 AM,3,1,2
10/25/2021 05:00:00 AM,14,6,8
10/25/2021 06:00:00 AM,48,22,26
10/25/2021 07:00:00 AM,105,44,61
10/25/2021 08:00:00 AM,149,67,82
10/25/2021 09:00:00 AM,101,43,58
10/25/2021 10:00:00 AM,57,19,38
10/25/2021 11:00:00 AM,46,21,25
10/25/2021 12:00:00 PM,44,18,26
10/25/2021 01:00:00 PM,42,14,28
10/25/2021 02:00:00 PM,46,20,26
10/25/2021 03:00:00 PM,58,22,36
10/25/2021 04:00:00 PM,97,35,62
10/25/2021 05:00:00 PM,159,53,106
10/25/2021 06:00:00 PM,110,33,77
10/25/2021 07:00:00 PM,40,17,23
10/25/2021 08:00:00 PM,25,14,11
10/25/2021 09:00:00 PM,21,8,13
10/25/2021 10:00:00 PM,9,4,5
10/25/2021 11:00:00 PM,8,4,4
10/26/2021 12:00:00 AM,2,0,2
10/26/2021 01:00:00 AM,1,1,0
10/26/2021 02:00:00 AM,1,0,1
10/26/2021 03:00:00 AM,1,0,1
10/26/2021 04:00:00 AM,2,1,1
10/26/2021 05:00:00 AM,15,7,8
10/26/2021 06:00:00 AM,56,25,31
10/26/2021 07:00:00 AM,134,66,68
10/26/2021 08:00:00 AM,168,72,96
10/26/2021 09:00:00 AM,117,39,78
10/26/2021 10:00:00 AM,47,17,30
10/26/2021 11:00:00 AM,45,21,24
10/26/2021 12:00:00 PM,40,16,24
10/26/2021 01:00:00 PM,48,23,25
10/26/2021 02:00:00 PM,42,20,22
10/26/2021 03:00:00 PM,54,17,37
10/26/2021 04:00:00 PM,157,57,100
10/26/2021 05:00:00 PM,224,79,145
10/26/2021 06:00:00 PM,152,52,100
10/26/2021 07:00:00 PM,94,35,59
10/26/2021 08:00:00 PM,31,14,17
10/26/2021 09:00:00 PM,25,13,12
10/26/2021 10:00:00 PM,23,9,14
10/26/2021 11:00:00 PM,15,8,7
10/27/2021 12:00:00 AM,2,0,2
10/27/2021 01:00:00 AM,1,0,1
10/27/2021 02:00:00 AM,2,2,0
10/27/2021 03:00:00 AM,1,0,1
10/27/2021 04:00:00 AM,8,5,3
10/27/2021 05:00:00 AM,16,7,9
10/27/2021 06:00:00 AM,70,31,39
10/27/2021 07:00:00 AM,160,70,90
10/27/2021 08:00:00 AM,236,115,121
10/27/2021 09:00:00 AM,141,56,85
10/27/2021 10:00:00 AM,90,43,47
10/27/2021 11:00:00 AM,79,43,36
10/27/2021 12:00:00 PM,67,27,40
10/27/2021 01:00:00 PM,88,43,45
10/27/2021 02:00:00 PM,108,43,65
10/27/2021 03:00:00 PM,134,50,84
10/27/2021 04:00:00 PM,235,85,150
10/27/2021 05:00:00 PM,289,84,205
10/27/2021 06:00:00 PM,158,63,95
10/27/2021 07:00:00 PM,61,25,36
10/27/2021 08:00:00 PM,32,16,16
10/27/2021 09:00:00 PM,21,10,11
10/27/2021 10:00:00 PM,16,8,8
10/27/2021 11:00:00 PM,14,4,10
10/28/2021 12:00:00 AM,5,3,2
10/28/2021 01:00:00 AM,1,0,1
10/28/2021 02:00:00 AM,1,0,1
10/28/2021 03:00:00 AM,1,0,1
10/28/2021 04:00:00 AM,5,2,3
10/28/2021 05:00:00 AM,10,3,7
10/28/2021 06:00:00 AM,43,18,25
10/28/2021 07:00:00 AM,102,41,61
10/28/2021 08:00:00 AM,132,55,77
10/28/2021 09:00:00 AM,83,25,58
10/28/2021 10:00:00 AM,38,15,23
10/28/2021 11:00:00 AM,36,14,22
10/28/2021 12:00:00 PM,26,14,12
10/28/2021 01:00:00 PM,26,17,9
10/28/2021 02:00:00 PM,37,14,23
10/28/2021 03:00:00 PM,45,16,29
10/28/2021 04:00:00 PM,81,33,48
10/28/2021 05:00:00 PM,147,33,114
10/28/2021 06:00:00 PM,97,35,62
10/28/2021 07:00:00 PM,50,19,31
10/28/2021 08:00:00 PM,19,13,6
10/28/2021 09:00:00 PM,15,10,5
10/28/2021 10:00:00 PM,13,2,11
10/28/2021 11:00:00 PM,6,3,3
10/29/2021 12:00:00 AM,1,0,1
10/29/2021 01:00:00 AM,1,0,1
10/29/2021 02:00:00 AM,2,0,2
10/29/2021 03:00:00 AM,1,0,1
10/29/2021 04:00:00 AM,1,0,1
10/29/2021 05:00:00 AM,11,2,9
10/29/2021 06:00:00 AM,32,17,15
10/29/2021 07:00:00 AM,80,39,41
10/29/2021 08:00:00 AM,106,35,71
10/29/2021 09:00:00 AM,79,30,49
10/29/2021 10:00:00 AM,59,23,36
10/29/2021 11:00:00 AM,67,28,39
10/29/2021 12:00:00 PM,76,36,40
10/29/2021 01:00:00 PM,77,32,45
10/29/2021 02:00:00 PM,114,58,56
10/29/2021 03:00:00 PM,125,60,65
10/29/2021 04:00:00 PM,157,52,105
10/29/2021 05:00:00 PM,205,69,136
10/29/2021 06:00:00 PM,165,56,109
10/29/2021 07:00:00 PM,61,17,44
10/29/2021 08:00:00 PM,31,17,14
10/29/2021 09:00:00 PM,28,17,11
10/29/2021 10:00:00 PM,20,7,13
10/29/2021 11:00:00 PM,21,11,10
10/30/2021 12:00:00 AM,9,5,4
10/30/2021 01:00:00 AM,8,2,6
10/30/2021 02:00:00 AM,9,2,7
10/30/2021 03:00:00 AM,3,1,2
10/30/2021 04:00:00 AM,2,0,2
10/30/2021 05:00:00 AM,4,3,1
10/30/2021 06:00:00 AM,20,8,12
10/30/2021 07:00:00 AM,26,10,16
10/30/2021 08:00:00 AM,72,24,48
10/30/2021 09:00:00 AM,87,46,41
10/30/2021 10:00:00 AM,133,55,78
10/30/2021 11:00:00 AM,196,90,106
10/30/2021 12:00:00 PM,168,93,75
10/30/2021 01:00:00 PM,224,110,114
10/30/2021 02:00:00 PM,257,114,143
10/30/2021 03:00:00 PM,289,155,134
10/30/2021 04:00:00 PM,206,94,112
10/30/2021 05:00:00 PM,113,50,63
10/30/2021 06:00:00 PM,93,37,56
10/30/2021 07:00:00 PM,83,24,59
10/30/2021 08:00:00 PM,32,19,13
10/30/2021 09:00:00 PM,41,13,28
10/30/2021 10:00:00 PM,21,10,11
10/30/2021 11:00:00 PM,11,6,5
10/31/2021 12:00:00 AM,25,6,19
10/31/2021 01:00:00 AM,11,4,7
10/31/2021 02:00:00 AM,4,1,3
10/31/2021 03:00:00 AM,4,1,3
10/31/2021 04:00:00 AM,2,1,1
10/31/2021 05:00:00 AM,8,5,3
10/31/2021 06:00:00 AM,8,3,5
10/31/2021 07:00:00 AM,30,12,18
10/31/2021 08:00:00 AM,42,12,30
10/31/2021 09:00:00 AM,84,36,48
10/31/2021 10:00:00 AM,107,65,42
10/31/2021 11:00:00 AM,186,73,113
10/31/2021 12:00:00 PM,208,100,108
10/31/2021 01:00:00 PM,244,104,140
10/31/2021 02:00:00 PM,293,130,163
10/31/2021 03:00:00 PM,232,112,120
10/31/2021 04:00:00 PM,219,99,120
10/31/2021 05:00:00 PM,106,41,65
10/31/2021 06:00:00 PM,72,28,44
10/31/2021 07:00:00 PM,50,9,41
10/31/2021 08:00:00 PM,20,9,11
10/31/2021 09:00:00 PM,23,11,12
10/31/2021 10:00:00 PM,5,2,3
10/31/2021 11:00:00 PM,9,1,8
11/01/2021 12:00:00 AM,6,1,5
11/01/2021 01:00:00 AM,5,0,5
11/01/2021 02:00:00 AM,3,2,1
11/01/2021 03:00:00 AM,7,1,6
11/01/2021 04:00:00 AM,2,0,2
11/01/2021 05:00:00 AM,14,7,7
11/01/2021 06:00:00 AM,84,30,54
11/01/2021 07:00:00 AM,144,72,72
11/01/2021 08:00:00 AM,209,89,120
11/01/2021 09:00:00 AM,125,47,78
11/01/2021 10:00:00 AM,82,39,43
11/01/2021 11:00:00 AM,86,40,46
11/01/2021 12:00:00 PM,66,25,41
11/01/2021 01:00:00 PM,54,22,32
11/01/2021 02:00:00 PM,39,13,26
11/01/2021 03:00:00 PM,79,33,46
11/01/2021 04:00:00 PM,112,47,65
11/01/2021 05:00:00 PM,207,65,142
11/01/2021 06:00:00 PM,160,65,95
11/01/2021 07:00:00 PM,61,20,41
11/01/2021 08:00:00 PM,32,14,18
11/01/2021 09:00:00 PM,21,6,15
11/01/2021 10:00:00 PM,19,8,11
11/01/2021 11:00:00 PM,11,6,5
11/02/2021 12:00:00 AM,5,3,2
11/02/2021 01:00:00 AM,4,3,1
11/02/2021 02:00:00 AM,0,0,0
11/02/2021 03:00:00 AM,2,1,1
11/02/2021 04:00:00 AM,5,2,3
11/02/2021 05:00:00 AM,20,10,10
11/02/2021 06:00:00 AM,83,29,54
11/02/2021 07:00:00 AM,154,72,82
11/02/2021 08:00:00 AM,220,95,125
11/02/2021 09:00:00 AM,128,50,78
11/02/2021 10:00:00 AM,90,48,42
11/02/2021 11:00:00 AM,79,35,44
11/02/2021 12:00:00 PM,61,24,37
11/02/2021 01:00:00 PM,59,27,32
11/02/2021 02:00:00 PM,36,15,21
11/02/2021 03:00:00 PM,84,31,53
11/02/2021 04:00:00 PM,137,43,94
11/02/2021 05:00:00 PM,217,55,162
11/02/2021 06:00:00 PM,154,42,112
11/02/2021 07:00:00 PM,59,29,30
11/02/2021 08:00:00 PM,28,9,19
11/02/2021 09:00:00 PM,23,12,11
11/02/2021 10:00:00 PM,14,3,11
11/02/2021 11:00:00 PM,17,7,10
11/03/2021 12:00:00 AM,3,3,0
11/03/2021 01:00:00 AM,3,0,3
11/03/2021 02:00:00 AM,4,3,1
11/03/2021 03:00:00 AM,2,0,2
11/03/2021 04:00:00 AM,6,1,5
11/03/2021 05:00:00 AM,18,7,11
11/03/2021 06:00:00 AM,80,29,51
11/03/2021 07:00:00 AM,159,73,86
11/03/2021 08:00:00 AM,210,85,125
11/03/2021 09:00:00 AM,137,65,72
11/03/2021 10:00:00 AM,85,43,42
11/03/2021 11:00:00 AM,91,45,46
11/03/2021 12:00:00 PM,84,41,43
11/03/2021 01:00:00 PM,76,38,38
11/03/2021 02:00:00 PM,77,33,44
11/03/2021 03:00:00 PM,106,46,60
11/03/2021 04:00:00 PM,182,59,123
11/03/2021 05:00:00 PM,282,83,199
11/03/2021 06:00:00 PM,156,53,103
11/03/2021 07:00:00 PM,55,23,32
11/03/2021 08:00:00 PM,28,6,22
11/03/2021 09:00:00 PM,14,5,9
11/03/2021 10:00:00 PM,14,6,8
11/03/2021 11:00:00 PM,10,5,5
11/04/2021 12:00:00 AM,1,0,1
11/04/2021 01:00:00 AM,1,1,0
11/04/2021 02:00:00 AM,0,0,0
11/04/2021 03:00:00 AM,2,0,2
11/04/2021 04:00:00 AM,6,2,4
11/04/2021 05:00:00 AM,19,10,9
11/04/2021 06:00:00 AM,60,24,36
11/04/2021 07:00:00 AM,126,61,65
11/04/2021 08:00:00 AM,148,62,86
11/04/2021 09:00:00 AM,71,28,43
11/04/2021 10:00:00 AM,30,10,20
11/04/2021 11:00:00 AM,30,9,21
11/04/2021 12:00:00 PM,38,19,19
11/04/2021 01:00:00 PM,48,20,28
11/04/2021 02:00:00 PM,52,24,28
11/04/2021 03:00:00 PM,79,36,43
11/04/2021 04:00:00 PM,125,39,86
11/04/2021 05:00:00 PM,170,62,108
11/04/2021 06:00:00 PM,136,54,82
11/04/2021 07:00:00 PM,55,20,35
11/04/2021 08:00:00 PM,49,20,29
11/04/2021 09:00:00 PM,25,9,16
11/04/2021 10:00:00 PM,30,9,21
11/04/2021 11:00:00 PM,15,6,9
11/05/2021 12:00:00 AM,5,0,5
11/05/2021 01:00:00 AM,3,0,3
11/05/2021 02:00:00 AM,3,1,2
11/05/2021 03:00:00 AM,3,0,3
11/05/2021 04:00:00 AM,3,0,3
11/05/2021 05:00:00 AM,11,7,4
11/05/2021 06:00:00 AM,40,19,21
11/05/2021 07:00:00 AM,78,35,43
11/05/2021 08:00:00 AM,126,51,75
11/05/2021 09:00:00 AM,110,37,73
11/05/2021 10:00:00 AM,75,33,42
11/05/2021 11:00:00 AM,79,38,41
11/05/2021 12:00:00 PM,114,45,69
11/05/2021 01:00:00 PM,124,57,67
11/05/2021 02:00:00 PM,92,35,57
11/05/2021 03:00:00 PM,134,66,68
11/05/2021 04:00:00 PM,209,67,142
11/05/2021 05:00:00 PM,251,88,163
11/05/2021 06:00:00 PM,126,43,83
11/05/2021 07:00:00 PM,58,25,33
11/05/2021 08:00:00 PM,57,26,31
11/05/2021 09:00:00 PM,40,23,17
11/05/2021 10:00:00 PM,24,12,12
11/05/2021 11:00:00 PM,20,5,15
11/06/2021 12:00:00 AM,10,2,8
11/06/2021 01:00:00 AM,9,3,6
11/06/2021 02:00:00 AM,5,3,2
11/06/2021 03:00:00 AM,4,1,3
11/06/2021 04:00:00 AM,3,0,3
11/06/2021 05:00:00 AM,3,2,1
11/06/2021 06:00:00 AM,18,7,11
11/06/2021 07:00:00 AM,18,5,13
11/06/2021 08:00:00 AM,33,11,22
11/06/2021 09:00:00 AM,41,22,19
11/06/2021 10:00:00 AM,42,20,22
11/06/2021 11:00:00 AM,60,28,32
11/06/2021 12:00:00 PM,59,33,26
11/06/2021 01:00:00 PM,58,24,34
11/06/2021 02:00:00 PM,97,44,53
11/06/2021 03:00:00 PM,50,23,27
11/06/2021 04:00:00 PM,63,33,30
11/06/2021 05:00:00 PM,59,32,27
11/06/2021 06:00:00 PM,24,12,12
11/06/2021 07:00:00 PM,8,1,7
11/06/2021 08:00:00 PM,26,14,12
11/06/2021 09:00:00 PM,1,0,1
11/06/2021 10:00:00 PM,11,8,3
11/06/2021 11:00:00 PM,7,5,2
11/07/2021 12:00:00 AM,7,4,3
11/07/2021 01:00:00 AM,3,3,0
11/07/2021 02:00:00 AM,0,0,0
11/07/2021 03:00:00 AM,3,3,0
11/07/2021 04:00:00 AM,1,1,0
11/07/2021 05:00:00 AM,5,4,1
11/07/2021 06:00:00 AM,15,4,11
11/07/2021 07:00:00 AM,16,6,10
11/07/2021 08:00:00 AM,37,11,26
11/07/2021 09:00:00 AM,61,27,34
11/07/2021 10:00:00 AM,79,31,48
11/07/2021 11:00:00 AM,68,33,35
11/07/2021 12:00:00 PM,52,25,27
11/07/2021 01:00:00 PM,38,13,25
11/07/2021 02:00:00 PM,36,16,20
11/07/2021 03:00:00 PM,57,24,33
11/07/2021 04:00:00 PM,61,29,32
11/07/2021 05:00:00 PM,39,12,27
11/07/2021 06:00:00 PM,18,4,14
11/07/2021 07:00:00 PM,8,5,3
11/07/2021 08:00:00 PM,10,1,9
11/07/2021 09:00:00 PM,15,6,9
11/07/2021 10:00:00 PM,5,4,1
11/07/2021 11:00:00 PM,3,2,1
11/08/2021 12:00:00 AM,4,1,3
11/08/2021 01:00:00 AM,3,3,0
11/08/2021 02:00:00 AM,2,0,2
11/08/2021 03:00:00 AM,1,0,1
11/08/2021 04:00:00 AM,24,12,12
11/08/2021 05:00:00 AM,28,12,16
11/08/2021 06:00:00 AM,75,38,37
11/08/2021 07:00:00 AM,162,73,89
11/08/2021 08:00:00 AM,224,101,123
11/08/2021 09:00:00 AM,155,50,105
11/08/2021 10:00:00 AM,84,36,48
11/08/2021 11:00:00 AM,101,47,54
11/08/2021 12:00:00 PM,113,50,63
11/08/2021 01:00:00 PM,119,51,68
11/08/2021 02:00:00 PM,168,74,94
11/08/2021 03:00:00 PM,197,92,105
11/08/2021 04:00:00 PM,243,88,155
11/08/2021 05:00:00 PM,236,75,161
11/08/2021 06:00:00 PM,160,64,96
11/08/2021 07:00:00 PM,81,20,61
11/08/2021 08:00:00 PM,47,22,25
11/08/2021 09:00:00 PM,26,13,13
11/08/2021 10:00:00 PM,15,5,10
11/08/2021 11:00:00 PM,16,6,10
11/09/2021 12:00:00 AM,4,2,2
11/09/2021 01:00:00 AM,0,0,0
11/09/2021 02:00:00 AM,2,1,1
11/09/2021 03:00:00 AM,0,0,0
11/09/2021 04:00:00 AM,2,0,2
11/09/2021 05:00:00 AM,16,8,8
11/09/2021 06:00:00 AM,64,27,37
11/09/2021 07:00:00 AM,119,54,65
11/09/2021 08:00:00 AM,151,64,87
11/09/2021 09:00:00 AM,94,31,63
11/09/2021 10:00:00 AM,60,33,27
11/09/2021 11:00:00 AM,66,29,37
11/09/2021 12:00:00 PM,76,33,43
11/09/2021 01:00:00 PM,48,23,25
11/09/2021 02:00:00 PM,46,22,24
11/09/2021 03:00:00 PM,67,30,37
11/09/2021 04:00:00 PM,118,33,85
11/09/2021 05:00:00 PM,137,41,96
11/09/2021 06:00:00 PM,118,33,85
11/09/2021 07:00:00 PM,43,14,29
11/09/2021 08:00:00 PM,18,8,10
11/09/2021 09:00:00 PM,21,9,12
11/09/2021 10:00:00 PM,14,6,8
11/09/2021 11:00:00 PM,9,2,7
11/10/2021 12:00:00 AM,2,1,1
11/10/2021 01:00:00 AM,0,0,0
11/10/2021 02:00:00 AM,0,0,0
11/10/2021 03:00:00 AM,2,0,2
11/10/2021 04:00:00 AM,7,2,5
11/10/2021 05:00:00 AM,15,6,9
11/10/2021 06:00:00 AM,65,22,43
11/10/2021 07:00:00 AM,173,74,99
11/10/2021 08:00:00 AM,248,98,150
11/10/2021 09:00:00 AM,149,67,82
11/10/2021 10:00:00 AM,92,33,59
11/10/2021 11:00:00 AM,115,46,69
11/10/2021 12:00:00 PM,124,62,62
11/10/2021 01:00:00 PM,114,51,63
11/10/2021 02:00:00 PM,114,46,68
11/10/2021 03:00:00 PM,157,62,95
11/10/2021 04:00:00 PM,231,70,161
11/10/2021 05:00:00 PM,273,83,190
11/10/2021 06:00:00 PM,135,38,97
11/10/2021 07:00:00 PM,79,30,49
11/10/2021 08:00:00 PM,43,17,26
11/10/2021 09:00:00 PM,22,13,9
11/10/2021 10:00:00 PM,11,5,6
11/10/2021 11:00:00 PM,10,4,6
11/11/2021 12:00:00 AM,6,1,5
11/11/2021 01:00:00 AM,0,0,0
11/11/2021 02:00:00 AM,1,0,1
11/11/2021 03:00:00 AM,2,1,1
11/11/2021 04:00:00 AM,9,5,4
11/11/2021 05:00:00 AM,16,3,13
11/11/2021 06:00:00 AM,43,17,26
11/11/2021 07:00:00 AM,87,39,48
11/11/2021 08:00:00 AM,115,43,72
11/11/2021 09:00:00 AM,83,39,44
11/11/2021 10:00:00 AM,43,18,25
11/11/2021 11:00:00 AM,36,14,22
11/11/2021 12:00:00 PM,45,11,34
11/11/2021 01:00:00 PM,20,8,12
11/11/2021 02:00:00 PM,26,10,16
11/11/2021 03:00:00 PM,59,17,42
11/11/2021 04:00:00 PM,79,18,61
11/11/2021 05:00:00 PM,110,24,86
11/11/2021 06:00:00 PM,79,25,54
11/11/2021 07:00:00 PM,24,10,14
11/11/2021 08:00:00 PM,25,7,18
11/11/2021 09:00:00 PM,15,8,7
11/11/2021 10:00:00 PM,19,7,12
11/11/2021 11:00:00 PM,8,5,3
11/12/2021 12:00:00 AM,2,1,1
11/12/2021 01:00:00 AM,2,2,0
11/12/2021 02:00:00 AM,3,0,3
11/12/2021 03:00:00 AM,2,1,1
11/12/2021 04:00:00 AM,4,2,2
11/12/2021 05:00:00 AM,7,3,4
11/12/2021 06:00:00 AM,38,17,21
11/12/2021 07:00:00 AM,80,29,51
11/12/2021 08:00:00 AM,88,32,56
11/12/2021 09:00:00 AM,66,27,39
11/12/2021 10:00:00 AM,41,17,24
11/12/2021 11:00:00 AM,25,14,11
11/12/2021 12:00:00 PM,32,9,23
11/12/2021 01:00:00 PM,27,14,13
11/12/2021 02:00:00 PM,50,23,27
11/12/2021 03:00:00 PM,74,26,48
11/12/2021 04:00:00 PM,117,40,77
11/12/2021 05:00:00 PM,123,42,81
11/12/2021 06:00:00 PM,80,27,53
11/12/2021 07:00:00 PM,57,17,40
11/12/2021 08:00:00 PM,30,13,17
11/12/2021 09:00:00 PM,18,7,11
11/12/2021 10:00:00 PM,15,8,7
11/12/2021 11:00:00 PM,20,13,7
11/13/2021 12:00:00 AM,11,5,6
11/13/2021 01:00:00 AM,8,7,1
11/13/2021 02:00:00 AM,9,0,9
11/13/2021 03:00:00 AM,2,1,1
11/13/2021 04:00:00 AM,2,0,2
11/13/2021 05:00:00 AM,3,1,2
11/13/2021 06:00:00 AM,17,7,10
11/13/2021 07:00:00 AM,35,10,25
11/13/2021 08:00:00 AM,62,26,36
11/13/2021 09:00:00 AM,116,53,63
11/13/2021 10:00:00 AM,156,58,98
11/13/2021 11:00:00 AM,174,76,98
11/13/2021 12:00:00 PM,164,79,85
11/13/2021 01:00:00 PM,178,79,99
11/13/2021 02:00:00 PM,141,65,76
11/13/2021 03:00:00 PM,148,54,94
11/13/2021 04:00:00 PM,92,45,47
11/13/2021 05:00:00 PM,28,15,13
11/13/2021 06:00:00 PM,27,10,17
11/13/2021 07:00:00 PM,12,7,5
11/13/2021 08:00:00 PM,27,9,18
11/13/2021 09:00:00 PM,4,1,3
11/13/2021 10:00:00 PM,8,4,4
11/13/2021 11:00:00 PM,7,2,5
11/14/2021 12:00:00 AM,7,5,2
11/14/2021 01:00:00 AM,4,3,1
11/14/2021 02:00:00 AM,5,4,1
11/14/2021 03:00:00 AM,1,1,0
11/14/2021 04:00:00 AM,2,0,2
11/14/2021 05:00:00 AM,5,2,3
11/14/2021 06:00:00 AM,6,3,3
11/14/2021 07:00:00 AM,8,3,5
11/14/2021 08:00:00 AM,18,7,11
11/14/2021 09:00:00 AM,29,11,18
11/14/2021 10:00:00 AM,53,22,31
11/14/2021 11:00:00 AM,43,23,20
11/14/2021 12:00:00 PM,34,10,24
11/14/2021 01:00:00 PM,52,36,16
11/14/2021 02:00:00 PM,23,11,12
11/14/2021 03:00:00 PM,31,13,18
11/14/2021 04:00:00 PM,22,11,11
11/14/2021 05:00:00 PM,27,11,16
11/14/2021 06:00:00 PM,10,3,7
11/14/2021 07:00:00 PM,9,4,5
11/14/2021 08:00:00 PM,7,4,3
11/14/2021 09:00:00 PM,3,2,1
11/14/2021 10:00:00 PM,4,4,0
11/14/2021 11:00:00 PM,12,1,11
11/15/2021 12:00:00 AM,2,0,2
11/15/2021 01:00:00 AM,2,1,1
11/15/2021 02:00:00 AM,1,0,1
11/15/2021 03:00:00 AM,1,0,1
11/15/2021 04:00:00 AM,2,1,1
11/15/2021 05:00:00 AM,15,5,10
11/15/2021 06:00:00 AM,42,20,22
11/15/2021 07:00:00 AM,109,56,53
11/15/2021 08:00:00 AM,142,51,91
11/15/2021 09:00:00 AM,98,42,56
11/15/2021 10:00:00 AM,36,21,15
11/15/2021 11:00:00 AM,24,12,12
11/15/2021 12:00:00 PM,17,9,8
11/15/2021 01:00:00 PM,29,16,13
11/15/2021 02:00:00 PM,47,14,33
11/15/2021 03:00:00 PM,83,38,45
11/15/2021 04:00:00 PM,130,44,86
11/15/2021 05:00:00 PM,171,51,120
11/15/2021 06:00:00 PM,96,41,55
11/15/2021 07:00:00 PM,56,19,37
11/15/2021 08:00:00 PM,34,19,15
11/15/2021 09:00:00 PM,11,4,7
11/15/2021 10:00:00 PM,18,9,9
11/15/2021 11:00:00 PM,6,2,4
11/16/2021 12:00:00 AM,3,1,2
11/16/2021 01:00:00 AM,2,2,0
11/16/2021 02:00:00 AM,5,2,3
11/16/2021 03:00:00 AM,0,0,0
11/16/2021 04:00:00 AM,6,0,6
11/16/2021 05:00:00 AM,25,10,15
11/16/2021 06:00:00 AM,67,28,39
11/16/2021 07:00:00 AM,185,81,104
11/16/2021 08:00:00 AM,242,97,145
11/16/2021 09:00:00 AM,151,56,95
11/16/2021 10:00:00 AM,86,45,41
11/16/2021 11:00:00 AM,87,37,50
11/16/2021 12:00:00 PM,109,52,57
11/16/2021 01:00:00 PM,111,51,60
11/16/2021 02:00:00 PM,130,55,75
11/16/2021 03:00:00 PM,179,85,94
11/16/2021 04:00:00 PM,276,94,182
11/16/2021 05:00:00 PM,265,70,195
11/16/2021 06:00:00 PM,159,59,100
11/16/2021 07:00:00 PM,88,34,54
11/16/2021 08:00:00 PM,43,15,28
11/16/2021 09:00:00 PM,24,9,15
11/16/2021 10:00:00 PM,19,8,11
11/16/2021 11:00:00 PM,11,5,6
11/17/2021 12:00:00 AM,3,1,2
11/17/2021 01:00:00 AM,2,0,2
11/17/2021 02:00:00 AM,0,0,0
11/17/2021 03:00:00 AM,1,0,1
11/17/2021 04:00:00 AM,8,5,3
11/17/2021 05:00:00 AM,16,6,10
11/17/2021 06:00:00 AM,61,26,35
11/17/2021 07:00:00 AM,164,69,95
11/17/2021 08:00:00 AM,208,87,121
11/17/2021 09:00:00 AM,139,58,81
11/17/2021 10:00:00 AM,98,41,57
11/17/2021 11:00:00 AM,105,49,56
11/17/2021 12:00:00 PM,105,48,57
11/17/2021 01:00:00 PM,95,45,50
11/17/2021 02:00:00 PM,126,45,81
11/17/2021 03:00:00 PM,141,62,79
11/17/2021 04:00:00 PM,229,82,147
11/17/2021 05:00:00 PM,243,60,183
11/17/2021 06:00:00 PM,142,47,95
11/17/2021 07:00:00 PM,63,31,32
11/17/2021 08:00:00 PM,37,9,28
11/17/2021 09:00:00 PM,29,9,20
11/17/2021 10:00:00 PM,22,6,16
11/17/2021 11:00:00 PM,13,6,7
11/18/2021 12:00:00 AM,3,2,1
11/18/2021 01:00:00 AM,4,1,3
11/18/2021 02:00:00 AM,3,1,2
11/18/2021 03:00:00 AM,4,1,3
11/18/2021 04:00:00 AM,12,7,5
11/18/2021 05:00:00 AM,18,7,11
11/18/2021 06:00:00 AM,71,28,43
11/18/2021 07:00:00 AM,148,55,93
11/18/2021 08:00:00 AM,184,75,109
11/18/2021 09:00:00 AM,116,45,71
11/18/2021 10:00:00 AM,69,33,36
11/18/2021 11:00:00 AM,56,31,25
11/18/2021 12:00:00 PM,64,37,27
11/18/2021 01:00:00 PM,48,16,32
11/18/2021 02:00:00 PM,47,22,25
11/18/2021 03:00:00 PM,80,23,57
11/18/2021 04:00:00 PM,117,35,82
11/18/2021 05:00:00 PM,170,42,128
11/18/2021 06:00:00 PM,103,30,73
11/18/2021 07:00:00 PM,33,9,24
11/18/2021 08:00:00 PM,21,7,14
11/18/2021 09:00:00 PM,21,8,13
11/18/2021 10:00:00 PM,14,6,8
11/18/2021 11:00:00 PM,9,3,6
11/19/2021 12:00:00 AM,4,1,3
11/19/2021 01:00:00 AM,3,1,2
11/19/2021 02:00:00 AM,2,1,1
11/19/2021 03:00:00 AM,1,0,1
11/19/2021 04:00:00 AM,4,3,1
11/19/2021 05:00:00 AM,13,8,5
11/19/2021 06:00:00 AM,50,22,28
11/19/2021 07:00:00 AM,97,38,59
11/19/2021 08:00:00 AM,161,63,98
11/19/2021 09:00:00 AM,107,40,67
11/19/2021 10:00:00 AM,76,32,44
11/19/2021 11:00:00 AM,90,36,54
11/19/2021 12:00:00 PM,81,32,49
11/19/2021 01:00:00 PM,76,42,34
11/19/2021 02:00:00 PM,118,45,73
11/19/2021 03:00:00 PM,173,68,105
11/19/2021 04:00:00 PM,171,56,115
11/19/2021 05:00:00 PM,154,50,104
11/19/2021 06:00:00 PM,114,41,73
11/19/2021 07:00:00 PM,51,16,35
11/19/2021 08:00:00 PM,39,16,23
11/19/2021 09:00:00 PM,23,14,9
11/19/2021 10:00:00 PM,24,9,15
11/19/2021 11:00:00 PM,16,9,7
11/20/2021 12:00:00 AM,8,1,7
11/20/2021 01:00:00 AM,6,4,2
11/20/2021 02:00:00 AM,6,1,5
11/20/2021 03:00:00 AM,4,0,4
11/20/2021 04:00:00 AM,5,1,4
11/20/2021 05:00:00 AM,4,1,3
11/20/2021 06:00:00 AM,12,6,6
11/20/2021 07:00:00 AM,28,12,16
11/20/2021 08:00:00 AM,54,26,28
11/20/2021 09:00:00 AM,75,29,46
11/20/2021 10:00:00 AM,105,31,74
11/20/2021 11:00:00 AM,118,60,58
11/20/2021 12:00:00 PM,173,91,82
11/20/2021 01:00:00 PM,179,107,72
11/20/2021 02:00:00 PM,191,95,96
11/20/2021 03:00:00 PM,187,79,108
11/20/2021 04:00:00 PM,112,48,64
11/20/2021 05:00:00 PM,83,30,53
11/20/2021 06:00:00 PM,48,17,31
11/20/2021 07:00:00 PM,34,9,25
11/20/2021 08:00:00 PM,31,11,20
11/20/2021 09:00:00 PM,17,6,11
11/20/2021 10:00:00 PM,16,7,9
11/20/2021 11:00:00 PM,27,13,14
11/21/2021 12:00:00 AM,4,2,2
11/21/2021 01:00:00 AM,6,0,6
11/21/2021 02:00:00 AM,1,0,1
11/21/2021 03:00:00 AM,2,1,1
11/21/2021 04:00:00 AM,3,1,2
11/21/2021 05:00:00 AM,7,4,3
11/21/2021 06:00:00 AM,13,2,11
11/21/2021 07:00:00 AM,16,6,10
11/21/2021 08:00:00 AM,34,10,24
11/21/2021 09:00:00 AM,78,34,44
11/21/2021 10:00:00 AM,93,51,42
11/21/2021 11:00:00 AM,90,56,34
11/21/2021 12:00:00 PM,104,53,51
11/21/2021 01:00:00 PM,167,70,97
11/21/2021 02:00:00 PM,167,77,90
11/21/2021 03:00:00 PM,158,76,82
11/21/2021 04:00:00 PM,115,44,71
11/21/2021 05:00:00 PM,79,32,47
11/21/2021 06:00:00 PM,42,20,22
11/21/2021 07:00:00 PM,16,6,10
11/21/2021 08:00:00 PM,14,6,8
11/21/2021 09:00:00 PM,15,5,10
11/21/2021 10:00:00 PM,5,3,2
11/21/2021 11:00:00 PM,4,2,2
11/22/2021 12:00:00 AM,4,1,3
11/22/2021 01:00:00 AM,2,0,2
11/22/2021 02:00:00 AM,1,0,1
11/22/2021 03:00:00 AM,0,0,0
11/22/2021 04:00:00 AM,5,1,4
11/22/2021 05:00:00 AM,17,8,9
11/22/2021 06:00:00 AM,53,18,35
11/22/2021 07:00:00 AM,127,69,58
11/22/2021 08:00:00 AM,201,72,129
11/22/2021 09:00:00 AM,105,36,69
11/22/2021 10:00:00 AM,69,26,43
11/22/2021 11:00:00 AM,56,28,28
11/22/2021 12:00:00 PM,64,30,34
11/22/2021 01:00:00 PM,42,22,20
11/22/2021 02:00:00 PM,50,19,31
11/22/2021 03:00:00 PM,81,31,50
11/22/2021 04:00:00 PM,121,38,83
11/22/2021 05:00:00 PM,154,38,116
11/22/2021 06:00:00 PM,102,39,63
11/22/2021 07:00:00 PM,47,18,29
11/22/2021 08:00:00 PM,30,18,12
11/22/2021 09:00:00 PM,16,6,10
11/22/2021 10:00:00 PM,9,1,8
11/22/2021 11:00:00 PM,5,3,2
11/23/2021 12:00:00 AM,5,3,2
11/23/2021 01:00:00 AM,5,1,4
11/23/2021 02:00:00 AM,0,0,0
11/23/2021 03:00:00 AM,2,0,2
11/23/2021 04:00:00 AM,5,2,3
11/23/2021 05:00:00 AM,15,7,8
11/23/2021 06:00:00 AM,42,10,32
11/23/2021 07:00:00 AM,102,47,55
11/23/2021 08:00:00 AM,154,67,87
11/23/2021 09:00:00 AM,95,30,65
11/23/2021 10:00:00 AM,61,30,31
11/23/2021 11:00:00 AM,67,33,34
11/23/2021 12:00:00 PM,81,36,45
11/23/2021 01:00:00 PM,55,18,37
11/23/2021 02:00:00 PM,80,28,52
11/23/2021 03:00:00 PM,118,56,62
11/23/2021 04:00:00 PM,163,60,103
11/23/2021 05:00:00 PM,195,61,134
11/23/2021 06:00:00 PM,112,47,65
11/23/2021 07:00:00 PM,55,20,35
11/23/2021 08:00:00 PM,27,14,13
11/23/2021 09:00:00 PM,26,15,11
11/23/2021 10:00:00 PM,17,8,9
11/23/2021 11:00:00 PM,18,5,13
11/24/2021 12:00:00 AM,9,4,5
11/24/2021 01:00:00 AM,2,2,0
11/24/2021 02:00:00 AM,1,0,1
11/24/2021 03:00:00 AM,3,0,3
11/24/2021 04:00:00 AM,4,2,2
11/24/2021 05:00:00 AM,12,7,5
11/24/2021 06:00:00 AM,57,21,36
11/24/2021 07:00:00 AM,109,54,55
11/24/2021 08:00:00 AM,122,47,75
11/24/2021 09:00:00 AM,99,37,62
11/24/2021 10:00:00 AM,73,39,34
11/24/2021 11:00:00 AM,79,42,37
11/24/2021 12:00:00 PM,92,45,47
11/24/2021 01:00:00 PM,89,39,50
11/24/2021 02:00:00 PM,103,47,56
11/24/2021 03:00:00 PM,140,61,79
11/24/2021 04:00:00 PM,154,60,94
11/24/2021 05:00:00 PM,105,30,75
11/24/2021 06:00:00 PM,59,25,34
11/24/2021 07:00:00 PM,46,14,32
11/24/2021 08:00:00 PM,22,12,10
11/24/2021 09:00:00 PM,15,12,3
11/24/2021 10:00:00 PM,13,5,8
11/24/2021 11:00:00 PM,10,4,6
11/25/2021 12:00:00 AM,5,2,3
11/25/2021 01:00:00 AM,6,4,2
11/25/2021 02:00:00 AM,1,0,1
11/25/2021 03:00:00 AM,1,1,0
11/25/2021 04:00:00 AM,1,1,0
11/25/2021 05:00:00 AM,2,0,2
11/25/2021 06:00:00 AM,5,5,0
11/25/2021 07:00:00 AM,4,1,3
11/25/2021 08:00:00 AM,18,8,10
11/25/2021 09:00:00 AM,22,9,13
11/25/2021 10:00:00 AM,37,15,22
11/25/2021 11:00:00 AM,45,21,24
11/25/2021 12:00:00 PM,48,27,21
11/25/2021 01:00:00 PM,33,20,13
11/25/2021 02:00:00 PM,32,15,17
11/25/2021 03:00:00 PM,12,5,7
11/25/2021 04:00:00 PM,4,1,3
11/25/2021 05:00:00 PM,4,1,3
11/25/2021 06:00:00 PM,6,1,5
11/25/2021 07:00:00 PM,2,1,1
11/25/2021 08:00:00 PM,4,1,3
11/25/2021 09:00:00 PM,3,2,1
11/25/2021 10:00:00 PM,5,0,5
11/25/2021 11:00:00 PM,3,0,3
11/26/2021 12:00:00 AM,1,0,1
11/26/2021 01:00:00 AM,4,1,3
11/26/2021 02:00:00 AM,1,1,0
11/26/2021 03:00:00 AM,3,1,2
11/26/2021 04:00:00 AM,4,1,3
11/26/2021 05:00:00 AM,3,3,0
11/26/2021 06:00:00 AM,15,9,6
11/26/2021 07:00:00 AM,22,9,13
11/26/2021 08:00:00 AM,20,10,10
11/26/2021 09:00:00 AM,34,11,23
11/26/2021 10:00:00 AM,37,12,25
11/26/2021 11:00:00 AM,60,32,28
11/26/2021 12:00:00 PM,63,29,34
11/26/2021 01:00:00 PM,71,32,39
11/26/2021 02:00:00 PM,71,42,29
11/26/2021 03:00:00 PM,70,41,29
11/26/2021 04:00:00 PM,59,26,33
11/26/2021 05:00:00 PM,36,12,24
11/26/2021 06:00:00 PM,45,21,24
11/26/2021 07:00:00 PM,32,11,21
11/26/2021 08:00:00 PM,25,9,16
11/26/2021 09:00:00 PM,39,7,32
11/26/2021 10:00:00 PM,17,6,11
11/26/2021 11:00:00 PM,13,5,8
11/27/2021 12:00:00 AM,10,2,8
11/27/2021 01:00:00 AM,1,0,1
11/27/2021 02:00:00 AM,3,3,0
11/27/2021 03:00:00 AM,3,1,2
11/27/2021 04:00:00 AM,2,0,2
11/27/2021 05:00:00 AM,2,1,1
11/27/2021 06:00:00 AM,14,3,11
11/27/2021 07:00:00 AM,13,5,8
11/27/2021 08:00:00 AM,30,7,23
11/27/2021 09:00:00 AM,39,16,23
11/27/2021 10:00:00 AM,36,18,18
11/27/2021 11:00:00 AM,36,17,19
11/27/2021 12:00:00 PM,72,41,31
11/27/2021 01:00:00 PM,58,27,31
11/27/2021 02:00:00 PM,35,16,19
11/27/2021 03:00:00 PM,26,12,14
11/27/2021 04:00:00 PM,26,12,14
11/27/2021 05:00:00 PM,24,6,18
11/27/2021 06:00:00 PM,14,7,7
11/27/2021 07:00:00 PM,6,2,4
11/27/2021 08:00:00 PM,10,5,5
11/27/2021 09:00:00 PM,5,4,1
11/27/2021 10:00:00 PM,5,3,2
11/27/2021 11:00:00 PM,8,3,5
11/28/2021 12:00:00 AM,2,1,1
11/28/2021 01:00:00 AM,2,1,1
11/28/2021 02:00:00 AM,2,0,2
11/28/2021 03:00:00 AM,1,0,1
11/28/2021 04:00:00 AM,1,0,1
11/28/2021 05:00:00 AM,4,1,3
11/28/2021 06:00:00 AM,14,2,12
11/28/2021 07:00:00 AM,26,10,16
11/28/2021 08:00:00 AM,31,9,22
11/28/2021 09:00:00 AM,65,25,40
11/28/2021 10:00:00 AM,65,30,35
11/28/2021 11:00:00 AM,55,28,27
11/28/2021 12:00:00 PM,44,23,21
11/28/2021 01:00:00 PM,23,8,15
11/28/2021 02:00:00 PM,24,9,15
11/28/2021 03:00:00 PM,32,14,18
11/28/2021 04:00:00 PM,31,9,22
11/28/2021 05:00:00 PM,23,6,17
11/28/2021 06:00:00 PM,19,12,7
11/28/2021 07:00:00 PM,13,6,7
11/28/2021 08:00:00 PM,5,3,2
11/28/2021 09:00:00 PM,8,3,5
11/28/2021 10:00:00 PM,9,4,5
11/28/2021 11:00:00 PM,7,1,6
11/29/2021 12:00:00 AM,1,0,1
11/29/2021 01:00:00 AM,1,0,1
11/29/2021 02:00:00 AM,2,1,1
11/29/2021 03:00:00 AM,3,2,1
11/29/2021 04:00:00 AM,4,1,3
11/29/2021 05:00:00 AM,24,9,15
11/29/2021 06:00:00 AM,61,27,34
11/29/2021 07:00:00 AM,119,51,68
11/29/2021 08:00:00 AM,194,74,120
11/29/2021 09:00:00 AM,133,46,87
11/29/2021 10:00:00 AM,66,27,39
11/29/2021 11:00:00 AM,65,27,38
11/29/2021 12:00:00 PM,86,43,43
11/29/2021 01:00:00 PM,85,41,44
11/29/2021 02:00:00 PM,114,47,67
11/29/2021 03:00:00 PM,158,72,86
11/29/2021 04:00:00 PM,203,70,133
11/29/2021 05:00:00 PM,220,74,146
11/29/2021 06:00:00 PM,150,54,96
11/29/2021 07:00:00 PM,45,17,28
11/29/2021 08:00:00 PM,40,17,23
11/29/2021 09:00:00 PM,22,10,12
11/29/2021 10:00:00 PM,20,4,16
11/29/2021 11:00:00 PM,7,2,5
11/30/2021 12:00:00 AM,9,3,6
11/30/2021 01:00:00 AM,2,0,2
11/30/2021 02:00:00 AM,3,0,3
11/30/2021 03:00:00 AM,2,2,0
11/30/2021 04:00:00 AM,9,3,6
11/30/2021 05:00:00 AM,18,11,7
11/30/2021 06:00:00 AM,65,22,43
11/30/2021 07:00:00 AM,132,57,75
11/30/2021 08:00:00 AM,195,83,112
11/30/2021 09:00:00 AM,93,30,63
11/30/2021 10:00:00 AM,64,20,44
11/30/2021 11:00:00 AM,47,19,28
11/30/2021 12:00:00 PM,49,18,31
11/30/2021 01:00:00 PM,62,25,37
11/30/2021 02:00:00 PM,57,21,36
11/30/2021 03:00:00 PM,94,33,61
11/30/2021 04:00:00 PM,158,52,106
11/30/2021 05:00:00 PM,161,50,111
11/30/2021 06:00:00 PM,118,37,81
11/30/2021 07:00:00 PM,72,24,48
11/30/2021 08:00:00 PM,26,8,18
11/30/2021 09:00:00 PM,29,15,14
11/30/2021 10:00:00 PM,20,10,10
11/30/2021 11:00:00 PM,6,2,4
12/01/2021 12:00:00 AM,8,2,6
12/01/2021 01:00:00 AM,2,2,0
12/01/2021 02:00:00 AM,2,2,0
12/01/2021 03:00:00 AM,3,1,2
12/01/2021 04:00:00 AM,3,0,3
12/01/2021 05:00:00 AM,16,7,9
12/01/2021 06:00:00 AM,75,31,44
12/01/2021 07:00:00 AM,148,62,86
12/01/2021 08:00:00 AM,216,77,139
12/01/2021 09:00:00 AM,123,53,70
12/01/2021 10:00:00 AM,89,36,53
12/01/2021 11:00:00 AM,69,35,34
12/01/2021 12:00:00 PM,71,26,45
12/01/2021 01:00:00 PM,80,40,40
12/01/2021 02:00:00 PM,100,38,62
12/01/2021 03:00:00 PM,140,48,92
12/01/2021 04:00:00 PM,197,79,118
12/01/2021 05:00:00 PM,237,69,168
12/01/2021 06:00:00 PM,145,39,106
12/01/2021 07:00:00 PM,71,27,44
12/01/2021 08:00:00 PM,36,13,23
12/01/2021 09:00:00 PM,33,15,18
12/01/2021 10:00:00 PM,16,8,8
12/01/2021 11:00:00 PM,9,4,5
12/02/2021 12:00:00 AM,6,2,4
12/02/2021 01:00:00 AM,5,1,4
12/02/2021 02:00:00 AM,2,1,1
12/02/2021 03:00:00 AM,1,0,1
12/02/2021 04:00:00 AM,2,0,2
12/02/2021 05:00:00 AM,24,14,10
12/02/2021 06:00:00 AM,67,28,39
12/02/2021 07:00:00 AM,118,50,68
12/02/2021 08:00:00 AM,176,65,111
12/02/2021 09:00:00 AM,97,35,62
12/02/2021 10:00:00 AM,53,20,33
12/02/2021 11:00:00 AM,33,11,22
12/02/2021 12:00:00 PM,40,24,16
12/02/2021 01:00:00 PM,37,15,22
12/02/2021 02:00:00 PM,58,30,28
12/02/2021 03:00:00 PM,124,59,65
12/02/2021 04:00:00 PM,150,53,97
12/02/2021 05:00:00 PM,194,54,140
12/02/2021 06:00:00 PM,136,44,92
12/02/2021 07:00:00 PM,66,21,45
12/02/2021 08:00:00 PM,53,20,33
12/02/2021 09:00:00 PM,32,17,15
12/02/2021 10:00:00 PM,30,15,15
12/02/2021 11:00:00 PM,11,6,5
12/03/2021 12:00:00 AM,7,0,7
12/03/2021 01:00:00 AM,3,0,3
12/03/2021 02:00:00 AM,1,1,0
12/03/2021 03:00:00 AM,1,0,1
12/03/2021 04:00:00 AM,3,1,2
12/03/2021 05:00:00 AM,21,6,15
12/03/2021 06:00:00 AM,50,22,28
12/03/2021 07:00:00 AM,99,40,59
12/03/2021 08:00:00 AM,165,68,97
12/03/2021 09:00:00 AM,134,54,80
12/03/2021 10:00:00 AM,94,55,39
12/03/2021 11:00:00 AM,67,27,40
12/03/2021 12:00:00 PM,103,42,61
12/03/2021 01:00:00 PM,87,39,48
12/03/2021 02:00:00 PM,113,49,64
12/03/2021 03:00:00 PM,150,64,86
12/03/2021 04:00:00 PM,165,57,108
12/03/2021 05:00:00 PM,151,51,100
12/03/2021 06:00:00 PM,111,37,74
12/03/2021 07:00:00 PM,53,23,30
12/03/2021 08:00:00 PM,44,12,32
12/03/2021 09:00:00 PM,23,12,11
12/03/2021 10:00:00 PM,26,10,16
12/03/2021 11:00:00 PM,25,14,11
12/04/2021 12:00:00 AM,15,3,12
12/04/2021 01:00:00 AM,4,2,2
12/04/2021 02:00:00 AM,5,3,2
12/04/2021 03:00:00 AM,3,2,1
12/04/2021 04:00:00 AM,3,0,3
12/04/2021 05:00:00 AM,4,2,2
12/04/2021 06:00:00 AM,11,3,8
12/04/2021 07:00:00 AM,12,2,10
12/04/2021 08:00:00 AM,23,6,17
12/04/2021 09:00:00 AM,22,8,14
12/04/2021 10:00:00 AM,25,13,12
12/04/2021 11:00:00 AM,25,9,16
12/04/2021 12:00:00 PM,37,13,24
12/04/2021 01:00:00 PM,28,11,17
12/04/2021 02:00:00 PM,21,10,11
12/04/2021 03:00:00 PM,36,9,27
12/04/2021 04:00:00 PM,30,12,18
12/04/2021 05:00:00 PM,23,9,14
12/04/2021 06:00:00 PM,16,7,9
12/04/2021 07:00:00 PM,9,6,3
12/04/2021 08:00:00 PM,15,8,7
12/04/2021 09:00:00 PM,11,2,9
12/04/2021 10:00:00 PM,9,2,7
12/04/2021 11:00:00 PM,16,11,5
12/05/2021 12:00:00 AM,8,4,4
12/05/2021 01:00:00 AM,5,3,2
12/05/2021 02:00:00 AM,1,0,1
12/05/2021 03:00:00 AM,0,0,0
12/05/2021 04:00:00 AM,2,0,2
12/05/2021 05:00:00 AM,3,2,1
12/05/2021 06:00:00 AM,9,3,6
12/05/2021 07:00:00 AM,16,6,10
12/05/2021 08:00:00 AM,33,12,21
12/05/2021 09:00:00 AM,52,27,25
12/05/2021 10:00:00 AM,91,39,52
12/05/2021 11:00:00 AM,80,44,36
12/05/2021 12:00:00 PM,136,61,75
12/05/2021 01:00:00 PM,152,76,76
12/05/2021 02:00:00 PM,162,73,89
12/05/2021 03:00:00 PM,146,62,84
12/05/2021 04:00:00 PM,90,37,53
12/05/2021 05:00:00 PM,53,28,25
12/05/2021 06:00:00 PM,32,12,20
12/05/2021 07:00:00 PM,19,9,10
12/05/2021 08:00:00 PM,19,6,13
12/05/2021 09:00:00 PM,12,5,7
12/05/2021 10:00:00 PM,8,5,3
12/05/2021 11:00:00 PM,5,0,5
12/06/2021 12:00:00 AM,3,0,3
12/06/2021 01:00:00 AM,0,0,0
12/06/2021 02:00:00 AM,2,0,2
12/06/2021 03:00:00 AM,0,0,0
12/06/2021 04:00:00 AM,4,0,4
12/06/2021 05:00:00 AM,18,9,9
12/06/2021 06:00:00 AM,53,18,35
12/06/2021 07:00:00 AM,104,52,52
12/06/2021 08:00:00 AM,174,69,105
12/06/2021 09:00:00 AM,99,36,63
12/06/2021 10:00:00 AM,46,18,28
12/06/2021 11:00:00 AM,46,20,26
12/06/2021 12:00:00 PM,37,16,21
12/06/2021 01:00:00 PM,45,24,21
12/06/2021 02:00:00 PM,51,21,30
12/06/2021 03:00:00 PM,81,34,47
12/06/2021 04:00:00 PM,120,46,74
12/06/2021 05:00:00 PM,161,48,113
12/06/2021 06:00:00 PM,107,28,79
12/06/2021 07:00:00 PM,43,16,27
12/06/2021 08:00:00 PM,35,16,19
12/06/2021 09:00:00 PM,12,5,7
12/06/2021 10:00:00 PM,13,5,8
12/06/2021 11:00:00 PM,9,4,5
12/07/2021 12:00:00 AM,2,0,2
12/07/2021 01:00:00 AM,1,0,1
12/07/2021 02:00:00 AM,3,1,2
12/07/2021 03:00:00 AM,0,0,0
12/07/2021 04:00:00 AM,6,3,3
12/07/2021 05:00:00 AM,25,12,13
12/07/2021 06:00:00 AM,67,28,39
12/07/2021 07:00:00 AM,154,70,84
12/07/2021 08:00:00 AM,206,86,120
12/07/2021 09:00:00 AM,105,29,76
12/07/2021 10:00:00 AM,63,28,35
12/07/2021 11:00:00 AM,56,20,36
12/07/2021 12:00:00 PM,60,21,39
12/07/2021 01:00:00 PM,62,31,31
12/07/2021 02:00:00 PM,62,29,33
12/07/2021 03:00:00 PM,106,39,67
12/07/2021 04:00:00 PM,160,56,104
12/07/2021 05:00:00 PM,209,58,151
12/07/2021 06:00:00 PM,108,38,70
12/07/2021 07:00:00 PM,64,21,43
12/07/2021 08:00:00 PM,36,14,22
12/07/2021 09:00:00 PM,24,12,12
12/07/2021 10:00:00 PM,14,8,6
12/07/2021 11:00:00 PM,8,2,6
12/08/2021 12:00:00 AM,8,1,7
12/08/2021 01:00:00 AM,1,0,1
12/08/2021 02:00:00 AM,0,0,0
12/08/2021 03:00:00 AM,2,0,2
12/08/2021 04:00:00 AM,7,2,5
12/08/2021 05:00:00 AM,15,5,10
12/08/2021 06:00:00 AM,65,27,38
12/08/2021 07:00:00 AM,124,49,75
12/08/2021 08:00:00 AM,177,89,88
12/08/2021 09:00:00 AM,108,49,59
12/08/2021 10:00:00 AM,57,22,35
12/08/2021 11:00:00 AM,43,19,24
12/08/2021 12:00:00 PM,64,28,36
12/08/2021 01:00:00 PM,62,27,35
12/08/2021 02:00:00 PM,73,37,36
12/08/2021 03:00:00 PM,116,51,65
12/08/2021 04:00:00 PM,152,55,97
12/08/2021 05:00:00 PM,196,52,144
12/08/2021 06:00:00 PM,128,34,94
12/08/2021 07:00:00 PM,52,16,36
12/08/2021 08:00:00 PM,50,21,29
12/08/2021 09:00:00 PM,30,13,17
12/08/2021 10:00:00 PM,23,7,16
12/08/2021 11:00:00 PM,9,7,2
12/09/2021 12:00:00 AM,5,0,5
12/09/2021 01:00:00 AM,2,1,1
12/09/2021 02:00:00 AM,1,1,0
12/09/2021 03:00:00 AM,2,0,2
12/09/2021 04:00:00 AM,6,2,4
12/09/2021 05:00:00 AM,20,9,11
12/09/2021 06:00:00 AM,55,22,33
12/09/2021 07:00:00 AM,142,62,80
12/09/2021 08:00:00 AM,162,65,97
12/09/2021 09:00:00 AM,102,28,74
12/09/2021 10:00:00 AM,51,26,25
12/09/2021 11:00:00 AM,53,20,33
12/09/2021 12:00:00 PM,49,26,23
12/09/2021 01:00:00 PM,49,22,27
12/09/2021 02:00:00 PM,82,32,50
12/09/2021 03:00:00 PM,133,59,74
12/09/2021 04:00:00 PM,171,58,113
12/09/2021 05:00:00 PM,158,43,115
12/09/2021 06:00:00 PM,124,31,93
12/09/2021 07:00:00 PM,55,17,38
12/09/2021 08:00:00 PM,40,16,24
12/09/2021 09:00:00 PM,21,7,14
12/09/2021 10:00:00 PM,18,6,12
12/09/2021 11:00:00 PM,7,4,3
12/10/2021 12:00:00 AM,7,6,1
12/10/2021 01:00:00 AM,4,0,4
12/10/2021 02:00:00 AM,0,0,0
12/10/2021 03:00:00 AM,5,1,4
12/10/2021 04:00:00 AM,4,1,3
12/10/2021 05:00:00 AM,19,8,11
12/10/2021 06:00:00 AM,49,22,27
12/10/2021 07:00:00 AM,92,36,56
12/10/2021 08:00:00 AM,135,58,77
12/10/2021 09:00:00 AM,97,47,50
12/10/2021 10:00:00 AM,56,20,36
12/10/2021 11:00:00 AM,50,26,24
12/10/2021 12:00:00 PM,58,29,29
12/10/2021 01:00:00 PM,48,27,21
12/10/2021 02:00:00 PM,60,23,37
12/10/2021 03:00:00 PM,73,20,53
12/10/2021 04:00:00 PM,111,39,72
12/10/2021 05:00:00 PM,109,26,83
12/10/2021 06:00:00 PM,87,33,54
12/10/2021 07:00:00 PM,38,19,19
12/10/2021 08:00:00 PM,14,3,11
12/10/2021 09:00:00 PM,8,7,1
12/10/2021 10:00:00 PM,16,9,7
12/10/2021 11:00:00 PM,13,4,9
12/11/2021 12:00:00 AM,8,3,5
12/11/2021 01:00:00 AM,0,0,0
12/11/2021 02:00:00 AM,2,1,1
12/11/2021 03:00:00 AM,4,2,2
12/11/2021 04:00:00 AM,1,0,1
12/11/2021 05:00:00 AM,1,0,1
12/11/2021 06:00:00 AM,7,2,5
12/11/2021 07:00:00 AM,13,3,10
12/11/2021 08:00:00 AM,23,12,11
12/11/2021 09:00:00 AM,39,21,18
12/11/2021 10:00:00 AM,58,22,36
12/11/2021 11:00:00 AM,85,38,47
12/11/2021 12:00:00 PM,112,57,55
12/11/2021 01:00:00 PM,131,49,82
12/11/2021 02:00:00 PM,69,26,43
12/11/2021 03:00:00 PM,57,22,35
12/11/2021 04:00:00 PM,38,17,21
12/11/2021 05:00:00 PM,25,7,18
12/11/2021 06:00:00 PM,24,13,11
12/11/2021 07:00:00 PM,19,5,14
12/11/2021 08:00:00 PM,18,8,10
12/11/2021 09:00:00 PM,18,5,13
12/11/2021 10:00:00 PM,19,8,11
12/11/2021 11:00:00 PM,11,4,7
12/12/2021 12:00:00 AM,10,7,3
12/12/2021 01:00:00 AM,4,2,2
12/12/2021 02:00:00 AM,1,1,0
12/12/2021 03:00:00 AM,4,1,3
12/12/2021 04:00:00 AM,2,0,2
12/12/2021 05:00:00 AM,3,1,2
12/12/2021 06:00:00 AM,10,3,7
12/12/2021 07:00:00 AM,10,3,7
12/12/2021 08:00:00 AM,23,10,13
12/12/2021 09:00:00 AM,34,9,25
12/12/2021 10:00:00 AM,57,24,33
12/12/2021 11:00:00 AM,84,49,35
12/12/2021 12:00:00 PM,79,26,53
12/12/2021 01:00:00 PM,96,42,54
12/12/2021 02:00:00 PM,65,26,39
12/12/2021 03:00:00 PM,60,32,28
12/12/2021 04:00:00 PM,24,10,14
12/12/2021 05:00:00 PM,23,10,13
12/12/2021 06:00:00 PM,19,4,15
12/12/2021 07:00:00 PM,20,4,16
12/12/2021 08:00:00 PM,10,5,5
12/12/2021 09:00:00 PM,6,2,4
12/12/2021 10:00:00 PM,8,2,6
12/12/2021 11:00:00 PM,5,3,2
12/13/2021 12:00:00 AM,0,0,0
12/13/2021 01:00:00 AM,1,1,0
12/13/2021 02:00:00 AM,1,1,0
12/13/2021 03:00:00 AM,3,0,3
12/13/2021 04:00:00 AM,3,1,2
12/13/2021 05:00:00 AM,13,5,8
12/13/2021 06:00:00 AM,46,15,31
12/13/2021 07:00:00 AM,113,59,54
12/13/2021 08:00:00 AM,168,66,102
12/13/2021 09:00:00 AM,76,27,49
12/13/2021 10:00:00 AM,60,22,38
12/13/2021 11:00:00 AM,47,20,27
12/13/2021 12:00:00 PM,52,25,27
12/13/2021 01:00:00 PM,44,17,27
12/13/2021 02:00:00 PM,43,15,28
12/13/2021 03:00:00 PM,81,41,40
12/13/2021 04:00:00 PM,122,50,72
12/13/2021 05:00:00 PM,140,32,108
12/13/2021 06:00:00 PM,84,24,60
12/13/2021 07:00:00 PM,53,15,38
12/13/2021 08:00:00 PM,19,7,12
12/13/2021 09:00:00 PM,14,4,10
12/13/2021 10:00:00 PM,13,5,8
12/13/2021 11:00:00 PM,9,5,4
12/14/2021 12:00:00 AM,3,1,2
12/14/2021 01:00:00 AM,3,2,1
12/14/2021 02:00:00 AM,1,0,1
12/14/2021 03:00:00 AM,0,0,0
12/14/2021 04:00:00 AM,4,1,3
12/14/2021 05:00:00 AM,16,4,12
12/14/2021 06:00:00 AM,67,29,38
12/14/2021 07:00:00 AM,128,53,75
12/14/2021 08:00:00 AM,181,73,108
12/14/2021 09:00:00 AM,121,40,81
12/14/2021 10:00:00 AM,65,26,39
12/14/2021 11:00:00 AM,53,21,32
12/14/2021 12:00:00 PM,46,24,22
12/14/2021 01:00:00 PM,45,20,25
12/14/2021 02:00:00 PM,39,13,26
12/14/2021 03:00:00 PM,69,30,39
12/14/2021 04:00:00 PM,148,49,99
12/14/2021 05:00:00 PM,152,40,112
12/14/2021 06:00:00 PM,104,35,69
12/14/2021 07:00:00 PM,50,22,28
12/14/2021 08:00:00 PM,30,12,18
12/14/2021 09:00:00 PM,20,10,10
12/14/2021 10:00:00 PM,8,2,6
12/14/2021 11:00:00 PM,6,3,3
12/15/2021 12:00:00 AM,2,0,2
12/15/2021 01:00:00 AM,3,1,2
12/15/2021 02:00:00 AM,1,1,0
12/15/2021 03:00:00 AM,1,0,1
12/15/2021 04:00:00 AM,3,0,3
12/15/2021 05:00:00 AM,14,4,10
12/15/2021 06:00:00 AM,50,22,28
12/15/2021 07:00:00 AM,105,43,62
12/15/2021 08:00:00 AM,142,64,78
12/15/2021 09:00:00 AM,86,32,54
12/15/2021 10:00:00 AM,61,27,34
12/15/2021 11:00:00 AM,52,23,29
12/15/2021 12:00:00 PM,48,20,28
12/15/2021 01:00:00 PM,41,21,20
12/15/2021 02:00:00 PM,44,11,33
12/15/2021 03:00:00 PM,70,26,44
12/15/2021 04:00:00 PM,93,37,56
12/15/2021 05:00:00 PM,136,27,109
12/15/2021 06:00:00 PM,90,24,66
12/15/2021 07:00:00 PM,47,22,25
12/15/2021 08:00:00 PM,28,7,21
12/15/2021 09:00:00 PM,10,1,9
12/15/2021 10:00:00 PM,15,8,7
12/15/2021 11:00:00 PM,8,3,5
12/16/2021 12:00:00 AM,7,2,5
12/16/2021 01:00:00 AM,2,1,1
12/16/2021 02:00:00 AM,6,3,3
12/16/2021 03:00:00 AM,3,0,3
12/16/2021 04:00:00 AM,5,2,3
12/16/2021 05:00:00 AM,16,9,7
12/16/2021 06:00:00 AM,57,19,38
12/16/2021 07:00:00 AM,115,53,62
12/16/2021 08:00:00 AM,118,50,68
12/16/2021 09:00:00 AM,85,33,52
12/16/2021 10:00:00 AM,63,24,39
12/16/2021 11:00:00 AM,45,16,29
12/16/2021 12:00:00 PM,47,23,24
12/16/2021 01:00:00 PM,49,22,27
12/16/2021 02:00:00 PM,78,25,53
12/16/2021 03:00:00 PM,96,38,58
12/16/2021 04:00:00 PM,146,48,98
12/16/2021 05:00:00 PM,136,41,95
12/16/2021 06:00:00 PM,97,28,69
12/16/2021 07:00:00 PM,36,13,23
12/16/2021 08:00:00 PM,26,11,15
12/16/2021 09:00:00 PM,25,13,12
12/16/2021 10:00:00 PM,17,6,11
12/16/2021 11:00:00 PM,18,5,13
12/17/2021 12:00:00 AM,7,2,5
12/17/2021 01:00:00 AM,5,2,3
12/17/2021 02:00:00 AM,0,0,0
12/17/2021 03:00:00 AM,0,0,0
12/17/2021 04:00:00 AM,3,0,3
12/17/2021 05:00:00 AM,9,3,6
12/17/2021 06:00:00 AM,48,21,27
12/17/2021 07:00:00 AM,88,35,53
12/17/2021 08:00:00 AM,121,44,77
12/17/2021 09:00:00 AM,81,24,57
12/17/2021 10:00:00 AM,60,19,41
12/17/2021 11:00:00 AM,56,26,30
12/17/2021 12:00:00 PM,82,33,49
12/17/2021 01:00:00 PM,90,40,50
12/17/2021 02:00:00 PM,93,34,59
12/17/2021 03:00:00 PM,130,56,74
12/17/2021 04:00:00 PM,135,45,90
12/17/2021 05:00:00 PM,130,28,102
12/17/2021 06:00:00 PM,122,25,97
12/17/2021 07:00:00 PM,37,14,23
12/17/2021 08:00:00 PM,20,11,9
12/17/2021 09:00:00 PM,9,1,8
12/17/2021 10:00:00 PM,24,11,13
12/17/2021 11:00:00 PM,10,1,9
12/18/2021 12:00:00 AM,5,3,2
12/18/2021 01:00:00 AM,4,1,3
12/18/2021 02:00:00 AM,2,0,2
12/18/2021 03:00:00 AM,1,1,0
12/18/2021 04:00:00 AM,2,0,2
12/18/2021 05:00:00 AM,3,0,3
12/18/2021 06:00:00 AM,10,3,7
12/18/2021 07:00:00 AM,5,0,5
12/18/2021 08:00:00 AM,17,5,12
12/18/2021 09:00:00 AM,18,11,7
12/18/2021 10:00:00 AM,17,6,11
12/18/2021 11:00:00 AM,17,8,9
12/18/2021 12:00:00 PM,23,13,10
12/18/2021 01:00:00 PM,15,4,11
12/18/2021 02:00:00 PM,20,8,12
12/18/2021 03:00:00 PM,17,7,10
12/18/2021 04:00:00 PM,22,9,13
12/18/2021 05:00:00 PM,17,7,10
12/18/2021 06:00:00 PM,26,10,16
12/18/2021 07:00:00 PM,18,8,10
12/18/2021 08:00:00 PM,12,7,5
12/18/2021 09:00:00 PM,9,4,5
12/18/2021 10:00:00 PM,23,6,17
12/18/2021 11:00:00 PM,8,6,2
12/19/2021 12:00:00 AM,8,1,7
12/19/2021 01:00:00 AM,3,1,2
12/19/2021 02:00:00 AM,2,1,1
12/19/2021 03:00:00 AM,3,2,1
12/19/2021 04:00:00 AM,0,0,0
12/19/2021 05:00:00 AM,1,0,1
12/19/2021 06:00:00 AM,6,1,5
12/19/2021 07:00:00 AM,14,6,8
12/19/2021 08:00:00 AM,19,5,14
12/19/2021 09:00:00 AM,68,20,48
12/19/2021 10:00:00 AM,81,36,45
12/19/2021 11:00:00 AM,124,65,59
12/19/2021 12:00:00 PM,140,66,74
12/19/2021 01:00:00 PM,176,88,88
12/19/2021 02:00:00 PM,158,65,93
12/19/2021 03:00:00 PM,151,78,73
12/19/2021 04:00:00 PM,91,51,40
12/19/2021 05:00:00 PM,33,14,19
12/19/2021 06:00:00 PM,30,13,17
12/19/2021 07:00:00 PM,18,7,11
12/19/2021 08:00:00 PM,6,3,3
12/19/2021 09:00:00 PM,6,1,5
12/19/2021 10:00:00 PM,5,3,2
12/19/2021 11:00:00 PM,5,1,4
12/20/2021 12:00:00 AM,7,2,5
12/20/2021 01:00:00 AM,2,1,1
12/20/2021 02:00:00 AM,1,0,1
12/20/2021 03:00:00 AM,3,2,1
12/20/2021 04:00:00 AM,6,1,5
12/20/2021 05:00:00 AM,12,5,7
12/20/2021 06:00:00 AM,35,13,22
12/20/2021 07:00:00 AM,72,33,39
12/20/2021 08:00:00 AM,85,34,51
12/20/2021 09:00:00 AM,47,12,35
12/20/2021 10:00:00 AM,35,15,20
12/20/2021 11:00:00 AM,29,16,13
12/20/2021 12:00:00 PM,44,18,26
12/20/2021 01:00:00 PM,47,18,29
12/20/2021 02:00:00 PM,47,20,27
12/20/2021 03:00:00 PM,65,26,39
12/20/2021 04:00:00 PM,91,29,62
12/20/2021 05:00:00 PM,105,22,83
12/20/2021 06:00:00 PM,72,19,53
12/20/2021 07:00:00 PM,25,10,15
12/20/2021 08:00:00 PM,13,7,6
12/20/2021 09:00:00 PM,9,3,6
12/20/2021 10:00:00 PM,2,0,2
12/20/2021 11:00:00 PM,6,3,3
12/21/2021 12:00:00 AM,8,6,2
12/21/2021 01:00:00 AM,5,3,2
12/21/2021 02:00:00 AM,2,1,1
12/21/2021 03:00:00 AM,0,0,0
12/21/2021 04:00:00 AM,4,1,3
12/21/2021 05:00:00 AM,16,6,10
12/21/2021 06:00:00 AM,46,14,32
12/21/2021 07:00:00 AM,75,31,44
12/21/2021 08:00:00 AM,106,40,66
12/21/2021 09:00:00 AM,88,28,60
12/21/2021 10:00:00 AM,56,25,31
12/21/2021 11:00:00 AM,41,17,24
12/21/2021 12:00:00 PM,62,30,32
12/21/2021 01:00:00 PM,67,29,38
12/21/2021 02:00:00 PM,68,27,41
12/21/2021 03:00:00 PM,93,34,59
12/21/2021 04:00:00 PM,98,33,65
12/21/2021 05:00:00 PM,103,30,73
12/21/2021 06:00:00 PM,64,18,46
12/21/2021 07:00:00 PM,28,14,14
12/21/2021 08:00:00 PM,18,9,9
12/21/2021 09:00:00 PM,13,6,7
12/21/2021 10:00:00 PM,5,1,4
12/21/2021 11:00:00 PM,9,5,4
12/22/2021 12:00:00 AM,3,3,0
12/22/2021 01:00:00 AM,1,0,1
12/22/2021 02:00:00 AM,4,1,3
12/22/2021 03:00:00 AM,0,0,0
12/22/2021 04:00:00 AM,4,2,2
12/22/2021 05:00:00 AM,12,3,9
12/22/2021 06:00:00 AM,30,8,22
12/22/2021 07:00:00 AM,57,27,30
12/22/2021 08:00:00 AM,68,29,39
12/22/2021 09:00:00 AM,53,21,32
12/22/2021 10:00:00 AM,30,13,17
12/22/2021 11:00:00 AM,30,12,18
12/22/2021 12:00:00 PM,47,18,29
12/22/2021 01:00:00 PM,47,17,30
12/22/2021 02:00:00 PM,30,6,24
12/22/2021 03:00:00 PM,37,12,25
12/22/2021 04:00:00 PM,48,17,31
12/22/2021 05:00:00 PM,85,27,58
12/22/2021 06:00:00 PM,30,9,21
12/22/2021 07:00:00 PM,23,7,16
12/22/2021 08:00:00 PM,12,6,6
12/22/2021 09:00:00 PM,4,2,2
12/22/2021 10:00:00 PM,10,2,8
12/22/2021 11:00:00 PM,5,2,3
12/23/2021 12:00:00 AM,2,0,2
12/23/2021 01:00:00 AM,0,0,0
12/23/2021 02:00:00 AM,1,0,1
12/23/2021 03:00:00 AM,1,0,1
12/23/2021 04:00:00 AM,2,0,2
12/23/2021 05:00:00 AM,6,3,3
12/23/2021 06:00:00 AM,27,13,14
12/23/2021 07:00:00 AM,45,16,29
12/23/2021 08:00:00 AM,55,23,32
12/23/2021 09:00:00 AM,59,30,29
12/23/2021 10:00:00 AM,44,16,28
12/23/2021 11:00:00 AM,72,35,37
12/23/2021 12:00:00 PM,73,30,43
12/23/2021 01:00:00 PM,87,36,51
12/23/2021 02:00:00 PM,85,37,48
12/23/2021 03:00:00 PM,77,31,46
12/23/2021 04:00:00 PM,86,26,60
12/23/2021 05:00:00 PM,60,17,43
12/23/2021 06:00:00 PM,34,14,20
12/23/2021 07:00:00 PM,20,10,10
12/23/2021 08:00:00 PM,30,8,22
12/23/2021 09:00:00 PM,19,7,12
12/23/2021 10:00:00 PM,11,6,5
12/23/2021 11:00:00 PM,4,4,0
12/24/2021 12:00:00 AM,2,1,1
12/24/2021 01:00:00 AM,2,0,2
12/24/2021 02:00:00 AM,0,0,0
12/24/2021 03:00:00 AM,1,0,1
12/24/2021 04:00:00 AM,1,0,1
12/24/2021 05:00:00 AM,1,0,1
12/24/2021 06:00:00 AM,8,4,4
12/24/2021 07:00:00 AM,5,2,3
12/24/2021 08:00:00 AM,14,7,7
12/24/2021 09:00:00 AM,20,12,8
12/24/2021 10:00:00 AM,35,26,9
12/24/2021 11:00:00 AM,42,22,20
12/24/2021 12:00:00 PM,45,17,28
12/24/2021 01:00:00 PM,39,18,21
12/24/2021 02:00:00 PM,35,18,17
12/24/2021 03:00:00 PM,50,21,29
12/24/2021 04:00:00 PM,21,9,12
12/24/2021 05:00:00 PM,10,3,7
12/24/2021 06:00:00 PM,6,2,4
12/24/2021 07:00:00 PM,5,2,3
12/24/2021 08:00:00 PM,5,2,3
12/24/2021 09:00:00 PM,5,2,3
12/24/2021 10:00:00 PM,6,0,6
12/24/2021 11:00:00 PM,2,1,1
12/25/2021 12:00:00 AM,5,3,2
12/25/2021 01:00:00 AM,0,0,0
12/25/2021 02:00:00 AM,0,0,0
12/25/2021 03:00:00 AM,2,0,2
12/25/2021 04:00:00 AM,0,0,0
12/25/2021 05:00:00 AM,1,0,1
12/25/2021 06:00:00 AM,0,0,0
12/25/2021 07:00:00 AM,1,0,1
12/25/2021 08:00:00 AM,5,0,5
12/25/2021 09:00:00 AM,9,4,5
12/25/2021 10:00:00 AM,14,8,6
12/25/2021 11:00:00 AM,19,11,8
12/25/2021 12:00:00 PM,16,5,11
12/25/2021 01:00:00 PM,12,4,8
12/25/2021 02:00:00 PM,23,11,12
12/25/2021 03:00:00 PM,13,2,11
12/25/2021 04:00:00 PM,13,7,6
12/25/2021 05:00:00 PM,12,6,6
12/25/2021 06:00:00 PM,7,2,5
12/25/2021 07:00:00 PM,6,0,6
12/25/2021 08:00:00 PM,5,1,4
12/25/2021 09:00:00 PM,12,3,9
12/25/2021 10:00:00 PM,4,0,4
12/25/2021 11:00:00 PM,3,1,2
12/26/2021 12:00:00 AM,2,1,1
12/26/2021 01:00:00 AM,0,0,0
12/26/2021 02:00:00 AM,1,0,1
12/26/2021 03:00:00 AM,0,0,0
12/26/2021 04:00:00 AM,2,1,1
12/26/2021 05:00:00 AM,1,1,0
12/26/2021 06:00:00 AM,0,0,0
12/26/2021 07:00:00 AM,4,0,4
12/26/2021 08:00:00 AM,0,0,0
12/26/2021 09:00:00 AM,6,0,6
12/26/2021 10:00:00 AM,4,1,3
12/26/2021 11:00:00 AM,4,2,2
12/26/2021 12:00:00 PM,5,3,2
12/26/2021 01:00:00 PM,4,0,4
12/26/2021 02:00:00 PM,3,2,1
12/26/2021 03:00:00 PM,1,1,0
12/26/2021 04:00:00 PM,5,2,3
12/26/2021 05:00:00 PM,5,1,4
12/26/2021 06:00:00 PM,1,0,1
12/26/2021 07:00:00 PM,2,1,1
12/26/2021 08:00:00 PM,1,1,0
12/26/2021 09:00:00 PM,2,2,0
12/26/2021 10:00:00 PM,1,1,0
12/26/2021 11:00:00 PM,0,0,0
12/27/2021 12:00:00 AM,0,0,0
12/27/2021 01:00:00 AM,0,0,0
12/27/2021 02:00:00 AM,0,0,0
12/27/2021 03:00:00 AM,0,0,0
12/27/2021 04:00:00 AM,0,0,0
12/27/2021 05:00:00 AM,18,0,18
12/27/2021 06:00:00 AM,1,1,0
12/27/2021 07:00:00 AM,3,1,2
12/27/2021 08:00:00 AM,2,1,1
12/27/2021 09:00:00 AM,1,1,0
12/27/2021 10:00:00 AM,3,2,1
12/27/2021 11:00:00 AM,3,1,2
12/27/2021 12:00:00 PM,6,1,5
12/27/2021 01:00:00 PM,1,1,0
12/27/2021 02:00:00 PM,2,1,1
12/27/2021 03:00:00 PM,7,5,2
12/27/2021 04:00:00 PM,11,2,9
12/27/2021 05:00:00 PM,5,3,2
12/27/2021 06:00:00 PM,4,1,3
12/27/2021 07:00:00 PM,2,1,1
12/27/2021 08:00:00 PM,3,1,2
12/27/2021 09:00:00 PM,2,0,2
12/27/2021 10:00:00 PM,0,0,0
12/27/2021 11:00:00 PM,0,0,0
12/28/2021 12:00:00 AM,1,1,0
12/28/2021 01:00:00 AM,2,2,0
12/28/2021 02:00:00 AM,0,0,0
12/28/2021 03:00:00 AM,0,0,0
12/28/2021 04:00:00 AM,6,0,6
12/28/2021 05:00:00 AM,6,0,6
12/28/2021 06:00:00 AM,2,1,1
12/28/2021 07:00:00 AM,3,3,0
12/28/2021 08:00:00 AM,4,3,1
12/28/2021 09:00:00 AM,4,0,4
12/28/2021 10:00:00 AM,3,0,3
12/28/2021 11:00:00 AM,8,4,4
12/28/2021 12:00:00 PM,6,1,5
12/28/2021 01:00:00 PM,2,1,1
12/28/2021 02:00:00 PM,4,2,2
12/28/2021 03:00:00 PM,3,1,2
12/28/2021 04:00:00 PM,4,2,2
12/28/2021 05:00:00 PM,4,1,3
12/28/2021 06:00:00 PM,4,1,3
12/28/2021 07:00:00 PM,3,1,2
12/28/2021 08:00:00 PM,3,2,1
12/28/2021 09:00:00 PM,18,5,13
12/28/2021 10:00:00 PM,0,0,0
12/28/2021 11:00:00 PM,1,1,0
12/29/2021 12:00:00 AM,0,0,0
12/29/2021 01:00:00 AM,0,0,0
12/29/2021 02:00:00 AM,0,0,0
12/29/2021 03:00:00 AM,2,0,2
12/29/2021 04:00:00 AM,0,0,0
12/29/2021 05:00:00 AM,0,0,0
12/29/2021 06:00:00 AM,1,1,0
12/29/2021 07:00:00 AM,4,2,2
12/29/2021 08:00:00 AM,2,1,1
12/29/2021 09:00:00 AM,1,0,1
12/29/2021 10:00:00 AM,6,3,3
12/29/2021 11:00:00 AM,5,3,2
12/29/2021 12:00:00 PM,2,1,1
12/29/2021 01:00:00 PM,2,0,2
12/29/2021 02:00:00 PM,7,4,3
12/29/2021 03:00:00 PM,13,5,8
12/29/2021 04:00:00 PM,10,3,7
12/29/2021 05:00:00 PM,1,0,1
12/29/2021 06:00:00 PM,15,8,7
12/29/2021 07:00:00 PM,1,1,0
12/29/2021 08:00:00 PM,0,0,0
12/29/2021 09:00:00 PM,2,0,2
12/29/2021 10:00:00 PM,1,0,1
12/29/2021 11:00:00 PM,0,0,0
12/30/2021 12:00:00 AM,0,0,0
12/30/2021 01:00:00 AM,1,1,0
12/30/2021 02:00:00 AM,0,0,0
12/30/2021 03:00:00 AM,0,0,0
12/30/2021 04:00:00 AM,0,0,0
12/30/2021 05:00:00 AM,0,0,0
12/30/2021 06:00:00 AM,3,0,3
12/30/2021 07:00:00 AM,7,1,6
12/30/2021 08:00:00 AM,9,8,1
12/30/2021 09:00:00 AM,2,1,1
12/30/2021 10:00:00 AM,5,4,1
12/30/2021 11:00:00 AM,3,3,0
12/30/2021 12:00:00 PM,2,0,2
12/30/2021 01:00:00 PM,7,5,2
12/30/2021 02:00:00 PM,6,3,3
12/30/2021 03:00:00 PM,6,4,2
12/30/2021 04:00:00 PM,7,3,4
12/30/2021 05:00:00 PM,3,1,2
12/30/2021 06:00:00 PM,5,1,4
12/30/2021 07:00:00 PM,2,2,0
12/30/2021 08:00:00 PM,2,0,2
12/30/2021 09:00:00 PM,3,0,3
12/30/2021 10:00:00 PM,4,0,4
12/30/2021 11:00:00 PM,0,0,0
12/31/2021 12:00:00 AM,0,0,0
12/31/2021 01:00:00 AM,0,0,0
12/31/2021 02:00:00 AM,0,0,0
12/31/2021 03:00:00 AM,0,0,0
12/31/2021 04:00:00 AM,1,1,0
12/31/2021 05:00:00 AM,1,1,0
12/31/2021 06:00:00 AM,0,0,0
12/31/2021 07:00:00 AM,1,0,1
12/31/2021 08:00:00 AM,0,0,0
12/31/2021 09:00:00 AM,3,2,1
12/31/2021 10:00:00 AM,1,1,0
12/31/2021 11:00:00 AM,3,1,2
12/31/2021 12:00:00 PM,3,2,1
12/31/2021 01:00:00 PM,4,3,1
12/31/2021 02:00:00 PM,8,7,1
12/31/2021 03:00:00 PM,8,2,6
12/31/2021 04:00:00 PM,7,4,3
12/31/2021 05:00:00 PM,5,2,3
12/31/2021 06:00:00 PM,7,5,2
12/31/2021 07:00:00 PM,0,0,0
12/31/2021 08:00:00 PM,0,0,0
12/31/2021 09:00:00 PM,0,0,0
12/31/2021 10:00:00 PM,0,0,0
12/31/2021 11:00:00 PM,0,0,0
01/01/2022 12:00:00 AM,0,0,0
01/01/2022 01:00:00 AM,0,0,0
01/01/2022 02:00:00 AM,1,0,1
01/01/2022 03:00:00 AM,0,0,0
01/01/2022 04:00:00 AM,0,0,0
01/01/2022 05:00:00 AM,1,1,0
01/01/2022 06:00:00 AM,1,1,0
01/01/2022 07:00:00 AM,1,1,0
01/01/2022 08:00:00 AM,3,3,0
01/01/2022 09:00:00 AM,2,0,2
01/01/2022 10:00:00 AM,0,0,0
01/01/2022 11:00:00 AM,1,0,1
01/01/2022 12:00:00 PM,1,1,0
01/01/2022 01:00:00 PM,3,3,0
01/01/2022 02:00:00 PM,5,5,0
01/01/2022 03:00:00 PM,4,4,0
01/01/2022 04:00:00 PM,2,0,2
01/01/2022 05:00:00 PM,3,2,1
01/01/2022 06:00:00 PM,1,1,0
01/01/2022 07:00:00 PM,2,1,1
01/01/2022 08:00:00 PM,0,0,0
01/01/2022 09:00:00 PM,0,0,0
01/01/2022 10:00:00 PM,2,0,2
01/01/2022 11:00:00 PM,0,0,0
01/02/2022 12:00:00 AM,0,0,0
01/02/2022 01:00:00 AM,0,0,0
01/02/2022 02:00:00 AM,0,0,0
01/02/2022 03:00:00 AM,0,0,0
01/02/2022 04:00:00 AM,0,0,0
01/02/2022 05:00:00 AM,0,0,0
01/02/2022 06:00:00 AM,3,1,2
01/02/2022 07:00:00 AM,1,1,0
01/02/2022 08:00:00 AM,4,2,2
01/02/2022 09:00:00 AM,0,0,0
01/02/2022 10:00:00 AM,1,1,0
01/02/2022 11:00:00 AM,5,2,3
01/02/2022 12:00:00 PM,2,0,2
01/02/2022 01:00:00 PM,3,0,3
01/02/2022 02:00:00 PM,3,2,1
01/02/2022 03:00:00 PM,4,4,0
01/02/2022 04:00:00 PM,1,1,0
01/02/2022 05:00:00 PM,5,4,1
01/02/2022 06:00:00 PM,1,1,0
01/02/2022 07:00:00 PM,2,0,2
01/02/2022 08:00:00 PM,0,0,0
01/02/2022 09:00:00 PM,0,0,0
01/02/2022 10:00:00 PM,0,0,0
01/02/2022 11:00:00 PM,2,1,1
01/03/2022 12:00:00 AM,0,0,0
01/03/2022 01:00:00 AM,0,0,0
01/03/2022 02:00:00 AM,0,0,0
01/03/2022 03:00:00 AM,0,0,0
01/03/2022 04:00:00 AM,0,0,0
01/03/2022 05:00:00 AM,3,0,3
01/03/2022 06:00:00 AM,8,4,4
01/03/2022 07:00:00 AM,8,1,7
01/03/2022 08:00:00 AM,14,8,6
01/03/2022 09:00:00 AM,12,3,9
01/03/2022 10:00:00 AM,7,1,6
01/03/2022 11:00:00 AM,5,2,3
01/03/2022 12:00:00 PM,12,7,5
01/03/2022 01:00:00 PM,21,9,12
01/03/2022 02:00:00 PM,17,8,9
01/03/2022 03:00:00 PM,28,8,20
01/03/2022 04:00:00 PM,37,10,27
01/03/2022 05:00:00 PM,22,8,14
01/03/2022 06:00:00 PM,29,14,15
01/03/2022 07:00:00 PM,6,2,4
01/03/2022 08:00:00 PM,8,3,5
01/03/2022 09:00:00 PM,6,2,4
01/03/2022 10:00:00 PM,4,0,4
01/03/2022 11:00:00 PM,6,3,3
01/04/2022 12:00:00 AM,0,0,0
01/04/2022 01:00:00 AM,1,0,1
01/04/2022 02:00:00 AM,0,0,0
01/04/2022 03:00:00 AM,1,0,1
01/04/2022 04:00:00 AM,3,0,3
01/04/2022 05:00:00 AM,8,1,7
01/04/2022 06:00:00 AM,26,9,17
01/04/2022 07:00:00 AM,36,14,22
01/04/2022 08:00:00 AM,53,21,32
01/04/2022 09:00:00 AM,49,17,32
01/04/2022 10:00:00 AM,42,23,19
01/04/2022 11:00:00 AM,43,23,20
01/04/2022 12:00:00 PM,30,15,15
01/04/2022 01:00:00 PM,31,15,16
01/04/2022 02:00:00 PM,21,9,12
01/04/2022 03:00:00 PM,38,8,30
01/04/2022 04:00:00 PM,51,15,36
01/04/2022 05:00:00 PM,60,14,46
01/04/2022 06:00:00 PM,37,13,24
01/04/2022 07:00:00 PM,14,8,6
01/04/2022 08:00:00 PM,13,7,6
01/04/2022 09:00:00 PM,11,3,8
01/04/2022 10:00:00 PM,8,4,4
01/04/2022 11:00:00 PM,1,1,0
01/05/2022 12:00:00 AM,3,1,2
01/05/2022 01:00:00 AM,2,1,1
01/05/2022 02:00:00 AM,3,2,1
01/05/2022 03:00:00 AM,0,0,0
01/05/2022 04:00:00 AM,4,1,3
01/05/2022 05:00:00 AM,8,3,5
01/05/2022 06:00:00 AM,35,15,20
01/05/2022 07:00:00 AM,60,28,32
01/05/2022 08:00:00 AM,84,38,46
01/05/2022 09:00:00 AM,48,16,32
01/05/2022 10:00:00 AM,19,9,10
01/05/2022 11:00:00 AM,22,14,8
01/05/2022 12:00:00 PM,46,16,30
01/05/2022 01:00:00 PM,21,7,14
01/05/2022 02:00:00 PM,34,12,22
01/05/2022 03:00:00 PM,45,21,24
01/05/2022 04:00:00 PM,69,13,56
01/05/2022 05:00:00 PM,88,19,69
01/05/2022 06:00:00 PM,64,20,44
01/05/2022 07:00:00 PM,28,14,14
01/05/2022 08:00:00 PM,18,6,12
01/05/2022 09:00:00 PM,6,2,4
01/05/2022 10:00:00 PM,2,0,2
01/05/2022 11:00:00 PM,4,3,1
01/06/2022 12:00:00 AM,2,1,1
01/06/2022 01:00:00 AM,2,0,2
01/06/2022 02:00:00 AM,3,2,1
01/06/2022 03:00:00 AM,1,1,0
01/06/2022 04:00:00 AM,3,0,3
01/06/2022 05:00:00 AM,5,1,4
01/06/2022 06:00:00 AM,26,12,14
01/06/2022 07:00:00 AM,66,33,33
01/06/2022 08:00:00 AM,71,33,38
01/06/2022 09:00:00 AM,42,11,31
01/06/2022 10:00:00 AM,24,8,16
01/06/2022 11:00:00 AM,23,11,12
01/06/2022 12:00:00 PM,19,12,7
01/06/2022 01:00:00 PM,19,11,8
01/06/2022 02:00:00 PM,19,7,12
01/06/2022 03:00:00 PM,35,9,26
01/06/2022 04:00:00 PM,67,23,44
01/06/2022 05:00:00 PM,77,21,56
01/06/2022 06:00:00 PM,46,14,32
01/06/2022 07:00:00 PM,17,9,8
01/06/2022 08:00:00 PM,8,4,4
01/06/2022 09:00:00 PM,8,6,2
01/06/2022 10:00:00 PM,3,0,3
01/06/2022 11:00:00 PM,2,2,0
01/07/2022 12:00:00 AM,3,1,2
01/07/2022 01:00:00 AM,0,0,0
01/07/2022 02:00:00 AM,0,0,0
01/07/2022 03:00:00 AM,1,0,1
01/07/2022 04:00:00 AM,0,0,0
01/07/2022 05:00:00 AM,7,3,4
01/07/2022 06:00:00 AM,19,7,12
01/07/2022 07:00:00 AM,34,15,19
01/07/2022 08:00:00 AM,52,18,34
01/07/2022 09:00:00 AM,46,22,24
01/07/2022 10:00:00 AM,27,10,17
01/07/2022 11:00:00 AM,18,7,11
01/07/2022 12:00:00 PM,11,6,5
01/07/2022 01:00:00 PM,24,11,13
01/07/2022 02:00:00 PM,43,16,27
01/07/2022 03:00:00 PM,55,24,31
01/07/2022 04:00:00 PM,71,25,46
01/07/2022 05:00:00 PM,104,33,71
01/07/2022 06:00:00 PM,56,23,33
01/07/2022 07:00:00 PM,26,8,18
01/07/2022 08:00:00 PM,17,5,12
01/07/2022 09:00:00 PM,19,8,11
01/07/2022 10:00:00 PM,13,6,7
01/07/2022 11:00:00 PM,4,2,2
01/08/2022 12:00:00 AM,3,0,3
01/08/2022 01:00:00 AM,6,4,2
01/08/2022 02:00:00 AM,2,0,2
01/08/2022 03:00:00 AM,2,2,0
01/08/2022 04:00:00 AM,0,0,0
01/08/2022 05:00:00 AM,4,2,2
01/08/2022 06:00:00 AM,11,1,10
01/08/2022 07:00:00 AM,10,5,5
01/08/2022 08:00:00 AM,20,3,17
01/08/2022 09:00:00 AM,65,34,31
01/08/2022 10:00:00 AM,68,29,39
01/08/2022 11:00:00 AM,90,49,41
01/08/2022 12:00:00 PM,140,77,63
01/08/2022 01:00:00 PM,152,69,83
01/08/2022 02:00:00 PM,132,77,55
01/08/2022 03:00:00 PM,128,71,57
01/08/2022 04:00:00 PM,122,62,60
01/08/2022 05:00:00 PM,53,21,32
01/08/2022 06:00:00 PM,29,10,19
01/08/2022 07:00:00 PM,44,9,35
01/08/2022 08:00:00 PM,27,9,18
01/08/2022 09:00:00 PM,25,8,17
01/08/2022 10:00:00 PM,7,2,5
01/08/2022 11:00:00 PM,7,4,3
01/09/2022 12:00:00 AM,3,1,2
01/09/2022 01:00:00 AM,5,3,2
01/09/2022 02:00:00 AM,3,0,3
01/09/2022 03:00:00 AM,1,0,1
01/09/2022 04:00:00 AM,0,0,0
01/09/2022 05:00:00 AM,2,0,2
01/09/2022 06:00:00 AM,7,1,6
01/09/2022 07:00:00 AM,24,11,13
01/09/2022 08:00:00 AM,37,15,22
01/09/2022 09:00:00 AM,47,22,25
01/09/2022 10:00:00 AM,113,48,65
01/09/2022 11:00:00 AM,193,90,103
01/09/2022 12:00:00 PM,250,137,113
01/09/2022 01:00:00 PM,256,113,143
01/09/2022 02:00:00 PM,364,157,207
01/09/2022 03:00:00 PM,280,154,126
01/09/2022 04:00:00 PM,156,70,86
01/09/2022 05:00:00 PM,77,41,36
01/09/2022 06:00:00 PM,36,16,20
01/09/2022 07:00:00 PM,25,12,13
01/09/2022 08:00:00 PM,18,11,7
01/09/2022 09:00:00 PM,12,2,10
01/09/2022 10:00:00 PM,12,6,6
01/09/2022 11:00:00 PM,2,2,0
01/10/2022 12:00:00 AM,6,1,5
01/10/2022 01:00:00 AM,1,1,0
01/10/2022 02:00:00 AM,0,0,0
01/10/2022 03:00:00 AM,1,1,0
01/10/2022 04:00:00 AM,6,3,3
01/10/2022 05:00:00 AM,10,1,9
01/10/2022 06:00:00 AM,51,14,37
01/10/2022 07:00:00 AM,85,44,41
01/10/2022 08:00:00 AM,91,44,47
01/10/2022 09:00:00 AM,40,19,21
01/10/2022 10:00:00 AM,21,10,11
01/10/2022 11:00:00 AM,26,10,16
01/10/2022 12:00:00 PM,37,21,16
01/10/2022 01:00:00 PM,45,22,23
01/10/2022 02:00:00 PM,28,9,19
01/10/2022 03:00:00 PM,61,27,34
01/10/2022 04:00:00 PM,93,32,61
01/10/2022 05:00:00 PM,123,33,90
01/10/2022 06:00:00 PM,72,20,52
01/10/2022 07:00:00 PM,26,8,18
01/10/2022 08:00:00 PM,22,9,13
01/10/2022 09:00:00 PM,19,10,9
01/10/2022 10:00:00 PM,6,2,4
01/10/2022 11:00:00 PM,5,4,1
01/11/2022 12:00:00 AM,4,2,2
01/11/2022 01:00:00 AM,2,1,1
01/11/2022 02:00:00 AM,0,0,0
01/11/2022 03:00:00 AM,0,0,0
01/11/2022 04:00:00 AM,2,0,2
01/11/2022 05:00:00 AM,16,7,9
01/11/2022 06:00:00 AM,45,17,28
01/11/2022 07:00:00 AM,68,33,35
01/11/2022 08:00:00 AM,97,37,60
01/11/2022 09:00:00 AM,58,23,35
01/11/2022 10:00:00 AM,34,14,20
01/11/2022 11:00:00 AM,33,9,24
01/11/2022 12:00:00 PM,23,8,15
01/11/2022 01:00:00 PM,28,9,19
01/11/2022 02:00:00 PM,38,18,20
01/11/2022 03:00:00 PM,54,23,31
01/11/2022 04:00:00 PM,83,24,59
01/11/2022 05:00:00 PM,101,25,76
01/11/2022 06:00:00 PM,59,19,40
01/11/2022 07:00:00 PM,22,7,15
01/11/2022 08:00:00 PM,15,2,13
01/11/2022 09:00:00 PM,15,6,9
01/11/2022 10:00:00 PM,9,4,5
01/11/2022 11:00:00 PM,4,1,3
01/12/2022 12:00:00 AM,0,0,0
01/12/2022 01:00:00 AM,3,2,1
01/12/2022 02:00:00 AM,1,0,1
01/12/2022 03:00:00 AM,0,0,0
01/12/2022 04:00:00 AM,4,2,2
01/12/2022 05:00:00 AM,13,5,8
01/12/2022 06:00:00 AM,35,12,23
01/12/2022 07:00:00 AM,85,36,49
01/12/2022 08:00:00 AM,95,41,54
01/12/2022 09:00:00 AM,85,27,58
01/12/2022 10:00:00 AM,35,15,20
01/12/2022 11:00:00 AM,39,14,25
01/12/2022 12:00:00 PM,32,17,15
01/12/2022 01:00:00 PM,43,23,20
01/12/2022 02:00:00 PM,73,34,39
01/12/2022 03:00:00 PM,105,50,55
01/12/2022 04:00:00 PM,126,57,69
01/12/2022 05:00:00 PM,136,38,98
01/12/2022 06:00:00 PM,123,33,90
01/12/2022 07:00:00 PM,36,16,20
01/12/2022 08:00:00 PM,35,9,26
01/12/2022 09:00:00 PM,17,7,10
01/12/2022 10:00:00 PM,9,5,4
01/12/2022 11:00:00 PM,10,2,8
01/13/2022 12:00:00 AM,7,6,1
01/13/2022 01:00:00 AM,1,0,1
01/13/2022 02:00:00 AM,2,1,1
01/13/2022 03:00:00 AM,1,0,1
01/13/2022 04:00:00 AM,6,1,5
01/13/2022 05:00:00 AM,13,7,6
01/13/2022 06:00:00 AM,38,14,24
01/13/2022 07:00:00 AM,82,34,48
01/13/2022 08:00:00 AM,89,44,45
01/13/2022 09:00:00 AM,73,31,42
01/13/2022 10:00:00 AM,39,13,26
01/13/2022 11:00:00 AM,48,21,27
01/13/2022 12:00:00 PM,65,27,38
01/13/2022 01:00:00 PM,71,28,43
01/13/2022 02:00:00 PM,122,54,68
01/13/2022 03:00:00 PM,129,52,77
01/13/2022 04:00:00 PM,183,68,115
01/13/2022 05:00:00 PM,141,47,94
01/13/2022 06:00:00 PM,127,47,80
01/13/2022 07:00:00 PM,46,18,28
01/13/2022 08:00:00 PM,27,9,18
01/13/2022 09:00:00 PM,29,13,16
01/13/2022 10:00:00 PM,10,5,5
01/13/2022 11:00:00 PM,23,8,15
01/14/2022 12:00:00 AM,3,2,1
01/14/2022 01:00:00 AM,3,2,1
01/14/2022 02:00:00 AM,1,0,1
01/14/2022 03:00:00 AM,2,0,2
01/14/2022 04:00:00 AM,3,0,3
01/14/2022 05:00:00 AM,16,5,11
01/14/2022 06:00:00 AM,31,9,22
01/14/2022 07:00:00 AM,83,33,50
01/14/2022 08:00:00 AM,117,46,71
01/14/2022 09:00:00 AM,105,28,77
01/14/2022 10:00:00 AM,58,31,27
01/14/2022 11:00:00 AM,67,38,29
01/14/2022 12:00:00 PM,76,29,47
01/14/2022 01:00:00 PM,103,47,56
01/14/2022 02:00:00 PM,137,57,80
01/14/2022 03:00:00 PM,173,76,97
01/14/2022 04:00:00 PM,173,70,103
01/14/2022 05:00:00 PM,146,44,102
01/14/2022 06:00:00 PM,84,25,59
01/14/2022 07:00:00 PM,43,16,27
01/14/2022 08:00:00 PM,28,12,16
01/14/2022 09:00:00 PM,21,11,10
01/14/2022 10:00:00 PM,17,7,10
01/14/2022 11:00:00 PM,10,7,3
01/15/2022 12:00:00 AM,9,4,5
01/15/2022 01:00:00 AM,4,0,4
01/15/2022 02:00:00 AM,3,3,0
01/15/2022 03:00:00 AM,3,0,3
01/15/2022 04:00:00 AM,6,1,5
01/15/2022 05:00:00 AM,8,5,3
01/15/2022 06:00:00 AM,14,5,9
01/15/2022 07:00:00 AM,18,6,12
01/15/2022 08:00:00 AM,37,16,21
01/15/2022 09:00:00 AM,69,37,32
01/15/2022 10:00:00 AM,96,46,50
01/15/2022 11:00:00 AM,119,52,67
01/15/2022 12:00:00 PM,157,73,84
01/15/2022 01:00:00 PM,131,59,72
01/15/2022 02:00:00 PM,148,71,77
01/15/2022 03:00:00 PM,143,68,75
01/15/2022 04:00:00 PM,117,44,73
01/15/2022 05:00:00 PM,59,27,32
01/15/2022 06:00:00 PM,51,28,23
01/15/2022 07:00:00 PM,31,12,19
01/15/2022 08:00:00 PM,21,12,9
01/15/2022 09:00:00 PM,30,9,21
01/15/2022 10:00:00 PM,26,11,15
01/15/2022 11:00:00 PM,13,2,11
01/16/2022 12:00:00 AM,5,1,4
01/16/2022 01:00:00 AM,10,3,7
01/16/2022 02:00:00 AM,2,0,2
01/16/2022 03:00:00 AM,3,0,3
01/16/2022 04:00:00 AM,2,1,1
01/16/2022 05:00:00 AM,1,0,1
01/16/2022 06:00:00 AM,4,1,3
01/16/2022 07:00:00 AM,11,6,5
01/16/2022 08:00:00 AM,38,12,26
01/16/2022 09:00:00 AM,54,29,25
01/16/2022 10:00:00 AM,64,21,43
01/16/2022 11:00:00 AM,126,64,62
01/16/2022 12:00:00 PM,115,58,57
01/16/2022 01:00:00 PM,118,68,50
01/16/2022 02:00:00 PM,137,74,63
01/16/2022 03:00:00 PM,124,65,59
01/16/2022 04:00:00 PM,110,55,55
01/16/2022 05:00:00 PM,54,24,30
01/16/2022 06:00:00 PM,27,7,20
01/16/2022 07:00:00 PM,20,4,16
01/16/2022 08:00:00 PM,16,4,12
01/16/2022 09:00:00 PM,8,3,5
01/16/2022 10:00:00 PM,4,1,3
01/16/2022 11:00:00 PM,2,0,2
01/17/2022 12:00:00 AM,6,1,5
01/17/2022 01:00:00 AM,2,0,2
01/17/2022 02:00:00 AM,2,1,1
01/17/2022 03:00:00 AM,0,0,0
01/17/2022 04:00:00 AM,6,1,5
01/17/2022 05:00:00 AM,8,2,6
01/17/2022 06:00:00 AM,20,4,16
01/17/2022 07:00:00 AM,32,15,17
01/17/2022 08:00:00 AM,63,29,34
01/17/2022 09:00:00 AM,59,26,33
01/17/2022 10:00:00 AM,60,26,34
01/17/2022 11:00:00 AM,97,48,49
01/17/2022 12:00:00 PM,94,52,42
01/17/2022 01:00:00 PM,144,62,82
01/17/2022 02:00:00 PM,168,79,89
01/17/2022 03:00:00 PM,145,62,83
01/17/2022 04:00:00 PM,151,68,83
01/17/2022 05:00:00 PM,88,39,49
01/17/2022 06:00:00 PM,50,20,30
01/17/2022 07:00:00 PM,19,10,9
01/17/2022 08:00:00 PM,25,16,9
01/17/2022 09:00:00 PM,23,13,10
01/17/2022 10:00:00 PM,9,6,3
01/17/2022 11:00:00 PM,6,3,3
01/18/2022 12:00:00 AM,4,0,4
01/18/2022 01:00:00 AM,0,0,0
01/18/2022 02:00:00 AM,0,0,0
01/18/2022 03:00:00 AM,1,0,1
01/18/2022 04:00:00 AM,2,0,2
01/18/2022 05:00:00 AM,17,7,10
01/18/2022 06:00:00 AM,71,31,40
01/18/2022 07:00:00 AM,109,44,65
01/18/2022 08:00:00 AM,147,63,84
01/18/2022 09:00:00 AM,98,35,63
01/18/2022 10:00:00 AM,35,11,24
01/18/2022 11:00:00 AM,32,12,20
01/18/2022 12:00:00 PM,35,16,19
01/18/2022 01:00:00 PM,43,17,26
01/18/2022 02:00:00 PM,45,19,26
01/18/2022 03:00:00 PM,83,46,37
01/18/2022 04:00:00 PM,138,50,88
01/18/2022 05:00:00 PM,178,42,136
01/18/2022 06:00:00 PM,116,31,85
01/18/2022 07:00:00 PM,36,10,26
01/18/2022 08:00:00 PM,32,11,21
01/18/2022 09:00:00 PM,19,5,14
01/18/2022 10:00:00 PM,7,5,2
01/18/2022 11:00:00 PM,7,4,3
01/19/2022 12:00:00 AM,3,0,3
01/19/2022 01:00:00 AM,3,0,3
01/19/2022 02:00:00 AM,2,1,1
01/19/2022 03:00:00 AM,2,0,2
01/19/2022 04:00:00 AM,5,2,3
01/19/2022 05:00:00 AM,11,4,7
01/19/2022 06:00:00 AM,53,21,32
01/19/2022 07:00:00 AM,123,57,66
01/19/2022 08:00:00 AM,146,62,84
01/19/2022 09:00:00 AM,108,44,64
01/19/2022 10:00:00 AM,63,34,29
01/19/2022 11:00:00 AM,56,30,26
01/19/2022 12:00:00 PM,67,31,36
01/19/2022 01:00:00 PM,69,30,39
01/19/2022 02:00:00 PM,84,43,41
01/19/2022 03:00:00 PM,100,46,54
01/19/2022 04:00:00 PM,122,51,71
01/19/2022 05:00:00 PM,175,42,133
01/19/2022 06:00:00 PM,100,33,67
01/19/2022 07:00:00 PM,35,13,22
01/19/2022 08:00:00 PM,19,5,14
01/19/2022 09:00:00 PM,19,6,13
01/19/2022 10:00:00 PM,10,4,6
01/19/2022 11:00:00 PM,5,3,2
01/20/2022 12:00:00 AM,3,0,3
01/20/2022 01:00:00 AM,1,1,0
01/20/2022 02:00:00 AM,1,0,1
01/20/2022 03:00:00 AM,2,1,1
01/20/2022 04:00:00 AM,5,1,4
01/20/2022 05:00:00 AM,17,6,11
01/20/2022 06:00:00 AM,38,16,22
01/20/2022 07:00:00 AM,96,42,54
01/20/2022 08:00:00 AM,120,49,71
01/20/2022 09:00:00 AM,71,24,47
01/20/2022 10:00:00 AM,49,25,24
01/20/2022 11:00:00 AM,51,28,23
01/20/2022 12:00:00 PM,40,20,20
01/20/2022 01:00:00 PM,47,24,23
01/20/2022 02:00:00 PM,52,22,30
01/20/2022 03:00:00 PM,78,30,48
01/20/2022 04:00:00 PM,91,36,55
01/20/2022 05:00:00 PM,122,26,96
01/20/2022 06:00:00 PM,116,48,68
01/20/2022 07:00:00 PM,35,8,27
01/20/2022 08:00:00 PM,28,11,17
01/20/2022 09:00:00 PM,20,7,13
01/20/2022 10:00:00 PM,20,5,15
01/20/2022 11:00:00 PM,10,3,7
01/21/2022 12:00:00 AM,1,0,1
01/21/2022 01:00:00 AM,3,1,2
01/21/2022 02:00:00 AM,0,0,0
01/21/2022 03:00:00 AM,2,0,2
01/21/2022 04:00:00 AM,4,1,3
01/21/2022 05:00:00 AM,18,7,11
01/21/2022 06:00:00 AM,40,17,23
01/21/2022 07:00:00 AM,83,31,52
01/21/2022 08:00:00 AM,132,49,83
01/21/2022 09:00:00 AM,107,37,70
01/21/2022 10:00:00 AM,73,35,38
01/21/2022 11:00:00 AM,80,38,42
01/21/2022 12:00:00 PM,83,35,48
01/21/2022 01:00:00 PM,102,46,56
01/21/2022 02:00:00 PM,101,47,54
01/21/2022 03:00:00 PM,136,51,85
01/21/2022 04:00:00 PM,196,80,116
01/21/2022 05:00:00 PM,189,69,120
01/21/2022 06:00:00 PM,106,33,73
01/21/2022 07:00:00 PM,57,26,31
01/21/2022 08:00:00 PM,35,11,24
01/21/2022 09:00:00 PM,28,11,17
01/21/2022 10:00:00 PM,19,10,9
01/21/2022 11:00:00 PM,10,2,8
01/22/2022 12:00:00 AM,10,4,6
01/22/2022 01:00:00 AM,6,0,6
01/22/2022 02:00:00 AM,2,0,2
01/22/2022 03:00:00 AM,4,0,4
01/22/2022 04:00:00 AM,6,4,2
01/22/2022 05:00:00 AM,1,1,0
01/22/2022 06:00:00 AM,11,3,8
01/22/2022 07:00:00 AM,16,9,7
01/22/2022 08:00:00 AM,63,25,38
01/22/2022 09:00:00 AM,70,21,49
01/22/2022 10:00:00 AM,113,51,62
01/22/2022 11:00:00 AM,165,91,74
01/22/2022 12:00:00 PM,167,83,84
01/22/2022 01:00:00 PM,205,120,85
01/22/2022 02:00:00 PM,243,96,147
01/22/2022 03:00:00 PM,211,115,96
01/22/2022 04:00:00 PM,161,84,77
01/22/2022 05:00:00 PM,104,46,58
01/22/2022 06:00:00 PM,39,14,25
01/22/2022 07:00:00 PM,39,10,29
01/22/2022 08:00:00 PM,36,12,24
01/22/2022 09:00:00 PM,24,10,14
01/22/2022 10:00:00 PM,16,5,11
01/22/2022 11:00:00 PM,9,3,6
01/23/2022 12:00:00 AM,3,2,1
01/23/2022 01:00:00 AM,5,1,4
01/23/2022 02:00:00 AM,5,1,4
01/23/2022 03:00:00 AM,3,1,2
01/23/2022 04:00:00 AM,3,1,2
01/23/2022 05:00:00 AM,3,1,2
01/23/2022 06:00:00 AM,10,5,5
01/23/2022 07:00:00 AM,14,3,11
01/23/2022 08:00:00 AM,43,20,23
01/23/2022 09:00:00 AM,54,24,30
01/23/2022 10:00:00 AM,83,25,58
01/23/2022 11:00:00 AM,103,45,58
01/23/2022 12:00:00 PM,130,62,68
01/23/2022 01:00:00 PM,126,67,59
01/23/2022 02:00:00 PM,142,73,69
01/23/2022 03:00:00 PM,125,80,45
01/23/2022 04:00:00 PM,114,58,56
01/23/2022 05:00:00 PM,65,36,29
01/23/2022 06:00:00 PM,39,20,19
01/23/2022 07:00:00 PM,17,6,11
01/23/2022 08:00:00 PM,14,4,10
01/23/2022 09:00:00 PM,17,5,12
01/23/2022 10:00:00 PM,8,1,7
01/23/2022 11:00:00 PM,6,2,4
01/24/2022 12:00:00 AM,1,0,1
01/24/2022 01:00:00 AM,0,0,0
01/24/2022 02:00:00 AM,0,0,0
01/24/2022 03:00:00 AM,1,0,1
01/24/2022 04:00:00 AM,3,0,3
01/24/2022 05:00:00 AM,17,8,9
01/24/2022 06:00:00 AM,53,22,31
01/24/2022 07:00:00 AM,113,50,63
01/24/2022 08:00:00 AM,134,58,76
01/24/2022 09:00:00 AM,94,31,63
01/24/2022 10:00:00 AM,43,20,23
01/24/2022 11:00:00 AM,57,29,28
01/24/2022 12:00:00 PM,55,26,29
01/24/2022 01:00:00 PM,51,24,27
01/24/2022 02:00:00 PM,51,15,36
01/24/2022 03:00:00 PM,80,36,44
01/24/2022 04:00:00 PM,114,42,72
01/24/2022 05:00:00 PM,172,52,120
01/24/2022 06:00:00 PM,110,31,79
01/24/2022 07:00:00 PM,62,20,42
01/24/2022 08:00:00 PM,41,20,21
01/24/2022 09:00:00 PM,22,11,11
01/24/2022 10:00:00 PM,10,2,8
01/24/2022 11:00:00 PM,9,4,5
01/25/2022 12:00:00 AM,3,0,3
01/25/2022 01:00:00 AM,3,0,3
01/25/2022 02:00:00 AM,2,1,1
01/25/2022 03:00:00 AM,0,0,0
01/25/2022 04:00:00 AM,4,0,4
01/25/2022 05:00:00 AM,15,5,10
01/25/2022 06:00:00 AM,63,24,39
01/25/2022 07:00:00 AM,124,54,70
01/25/2022 08:00:00 AM,145,63,82
01/25/2022 09:00:00 AM,86,19,67
01/25/2022 10:00:00 AM,35,17,18
01/25/2022 11:00:00 AM,45,17,28
01/25/2022 12:00:00 PM,61,30,31
01/25/2022 01:00:00 PM,56,33,23
01/25/2022 02:00:00 PM,84,35,49
01/25/2022 03:00:00 PM,146,61,85
01/25/2022 04:00:00 PM,178,68,110
01/25/2022 05:00:00 PM,188,58,130
01/25/2022 06:00:00 PM,111,41,70
01/25/2022 07:00:00 PM,55,19,36
01/25/2022 08:00:00 PM,29,11,18
01/25/2022 09:00:00 PM,31,14,17
01/25/2022 10:00:00 PM,14,1,13
01/25/2022 11:00:00 PM,8,2,6
01/26/2022 12:00:00 AM,8,4,4
01/26/2022 01:00:00 AM,2,1,1
01/26/2022 02:00:00 AM,1,1,0
01/26/2022 03:00:00 AM,2,0,2
01/26/2022 04:00:00 AM,3,1,2
01/26/2022 05:00:00 AM,14,5,9
01/26/2022 06:00:00 AM,60,27,33
01/26/2022 07:00:00 AM,130,55,75
01/26/2022 08:00:00 AM,156,66,90
01/26/2022 09:00:00 AM,108,49,59
01/26/2022 10:00:00 AM,55,25,30
01/26/2022 11:00:00 AM,39,18,21
01/26/2022 12:00:00 PM,57,25,32
01/26/2022 01:00:00 PM,57,34,23
01/26/2022 02:00:00 PM,71,36,35
01/26/2022 03:00:00 PM,100,46,54
01/26/2022 04:00:00 PM,160,51,109
01/26/2022 05:00:00 PM,181,62,119
01/26/2022 06:00:00 PM,126,36,90
01/26/2022 07:00:00 PM,60,20,40
01/26/2022 08:00:00 PM,39,19,20
01/26/2022 09:00:00 PM,23,10,13
01/26/2022 10:00:00 PM,13,3,10
01/26/2022 11:00:00 PM,14,5,9
01/27/2022 12:00:00 AM,3,1,2
01/27/2022 01:00:00 AM,3,0,3
01/27/2022 02:00:00 AM,1,0,1
01/27/2022 03:00:00 AM,1,1,0
01/27/2022 04:00:00 AM,5,2,3
01/27/2022 05:00:00 AM,11,4,7
01/27/2022 06:00:00 AM,61,28,33
01/27/2022 07:00:00 AM,124,54,70
01/27/2022 08:00:00 AM,140,59,81
01/27/2022 09:00:00 AM,93,31,62
01/27/2022 10:00:00 AM,40,12,28
01/27/2022 11:00:00 AM,39,15,24
01/27/2022 12:00:00 PM,72,31,41
01/27/2022 01:00:00 PM,93,52,41
01/27/2022 02:00:00 PM,99,47,52
01/27/2022 03:00:00 PM,127,61,66
01/27/2022 04:00:00 PM,179,74,105
01/27/2022 05:00:00 PM,220,69,151
01/27/2022 06:00:00 PM,135,55,80
01/27/2022 07:00:00 PM,53,17,36
01/27/2022 08:00:00 PM,26,13,13
01/27/2022 09:00:00 PM,29,14,15
01/27/2022 10:00:00 PM,12,5,7
01/27/2022 11:00:00 PM,13,5,8
01/28/2022 12:00:00 AM,8,2,6
01/28/2022 01:00:00 AM,7,2,5
01/28/2022 02:00:00 AM,1,0,1
01/28/2022 03:00:00 AM,1,1,0
01/28/2022 04:00:00 AM,3,1,2
01/28/2022 05:00:00 AM,16,6,10
01/28/2022 06:00:00 AM,37,17,20
01/28/2022 07:00:00 AM,86,39,47
01/28/2022 08:00:00 AM,122,44,78
01/28/2022 09:00:00 AM,82,29,53
01/28/2022 10:00:00 AM,35,15,20
01/28/2022 11:00:00 AM,52,20,32
01/28/2022 12:00:00 PM,90,48,42
01/28/2022 01:00:00 PM,95,47,48
01/28/2022 02:00:00 PM,130,51,79
01/28/2022 03:00:00 PM,162,79,83
01/28/2022 04:00:00 PM,184,80,104
01/28/2022 05:00:00 PM,176,51,125
01/28/2022 06:00:00 PM,102,35,67
01/28/2022 07:00:00 PM,59,23,36
01/28/2022 08:00:00 PM,28,17,11
01/28/2022 09:00:00 PM,22,10,12
01/28/2022 10:00:00 PM,24,11,13
01/28/2022 11:00:00 PM,8,5,3
01/29/2022 12:00:00 AM,7,4,3
01/29/2022 01:00:00 AM,2,0,2
01/29/2022 02:00:00 AM,11,5,6
01/29/2022 03:00:00 AM,1,0,1
01/29/2022 04:00:00 AM,3,0,3
01/29/2022 05:00:00 AM,5,3,2
01/29/2022 06:00:00 AM,5,1,4
01/29/2022 07:00:00 AM,19,9,10
01/29/2022 08:00:00 AM,50,15,35
01/29/2022 09:00:00 AM,58,25,33
01/29/2022 10:00:00 AM,89,34,55
01/29/2022 11:00:00 AM,115,47,68
01/29/2022 12:00:00 PM,151,81,70
01/29/2022 01:00:00 PM,171,71,100
01/29/2022 02:00:00 PM,189,93,96
01/29/2022 03:00:00 PM,176,79,97
01/29/2022 04:00:00 PM,156,66,90
01/29/2022 05:00:00 PM,68,27,41
01/29/2022 06:00:00 PM,46,24,22
01/29/2022 07:00:00 PM,51,25,26
01/29/2022 08:00:00 PM,32,12,20
01/29/2022 09:00:00 PM,22,7,15
01/29/2022 10:00:00 PM,8,5,3
01/29/2022 11:00:00 PM,14,5,9
01/30/2022 12:00:00 AM,13,1,12
01/30/2022 01:00:00 AM,3,1,2
01/30/2022 02:00:00 AM,5,3,2
01/30/2022 03:00:00 AM,2,1,1
01/30/2022 04:00:00 AM,0,0,0
01/30/2022 05:00:00 AM,3,2,1
01/30/2022 06:00:00 AM,9,4,5
01/30/2022 07:00:00 AM,15,4,11
01/30/2022 08:00:00 AM,35,13,22
01/30/2022 09:00:00 AM,34,14,20
01/30/2022 10:00:00 AM,64,28,36
01/30/2022 11:00:00 AM,64,30,34
01/30/2022 12:00:00 PM,47,22,25
01/30/2022 01:00:00 PM,49,24,25
01/30/2022 02:00:00 PM,19,8,11
01/30/2022 03:00:00 PM,43,24,19
01/30/2022 04:00:00 PM,38,18,20
01/30/2022 05:00:00 PM,15,8,7
01/30/2022 06:00:00 PM,23,12,11
01/30/2022 07:00:00 PM,10,5,5
01/30/2022 08:00:00 PM,7,4,3
01/30/2022 09:00:00 PM,5,1,4
01/30/2022 10:00:00 PM,2,0,2
01/30/2022 11:00:00 PM,2,0,2
01/31/2022 12:00:00 AM,0,0,0
01/31/2022 01:00:00 AM,0,0,0
01/31/2022 02:00:00 AM,1,0,1
01/31/2022 03:00:00 AM,0,0,0
01/31/2022 04:00:00 AM,2,1,1
01/31/2022 05:00:00 AM,12,4,8
01/31/2022 06:00:00 AM,60,21,39
01/31/2022 07:00:00 AM,103,53,50
01/31/2022 08:00:00 AM,176,84,92
01/31/2022 09:00:00 AM,93,33,60
01/31/2022 10:00:00 AM,47,19,28
01/31/2022 11:00:00 AM,41,18,23
01/31/2022 12:00:00 PM,41,20,21
01/31/2022 01:00:00 PM,82,44,38
01/31/2022 02:00:00 PM,85,31,54
01/31/2022 03:00:00 PM,130,45,85
01/31/2022 04:00:00 PM,202,87,115
01/31/2022 05:00:00 PM,207,57,150
01/31/2022 06:00:00 PM,110,33,77
01/31/2022 07:00:00 PM,45,15,30
01/31/2022 08:00:00 PM,43,21,22
01/31/2022 09:00:00 PM,24,10,14
01/31/2022 10:00:00 PM,13,3,10
01/31/2022 11:00:00 PM,7,3,4
02/01/2022 12:00:00 AM,4,1,3
02/01/2022 01:00:00 AM,2,1,1
02/01/2022 02:00:00 AM,2,1,1
02/01/2022 03:00:00 AM,1,0,1
02/01/2022 04:00:00 AM,6,2,4
02/01/2022 05:00:00 AM,20,6,14
02/01/2022 06:00:00 AM,57,21,36
02/01/2022 07:00:00 AM,136,57,79
02/01/2022 08:00:00 AM,160,71,89
02/01/2022 09:00:00 AM,119,43,76
02/01/2022 10:00:00 AM,65,22,43
02/01/2022 11:00:00 AM,54,25,29
02/01/2022 12:00:00 PM,58,23,35
02/01/2022 01:00:00 PM,75,36,39
02/01/2022 02:00:00 PM,61,21,40
02/01/2022 03:00:00 PM,113,41,72
02/01/2022 04:00:00 PM,146,62,84
02/01/2022 05:00:00 PM,193,60,133
02/01/2022 06:00:00 PM,124,31,93
02/01/2022 07:00:00 PM,42,18,24
02/01/2022 08:00:00 PM,40,24,16
02/01/2022 09:00:00 PM,16,6,10
02/01/2022 10:00:00 PM,13,4,9
02/01/2022 11:00:00 PM,8,5,3
02/02/2022 12:00:00 AM,3,2,1
02/02/2022 01:00:00 AM,1,0,1
02/02/2022 02:00:00 AM,1,0,1
02/02/2022 03:00:00 AM,0,0,0
02/02/2022 04:00:00 AM,3,1,2
02/02/2022 05:00:00 AM,9,4,5
02/02/2022 06:00:00 AM,55,22,33
02/02/2022 07:00:00 AM,107,45,62
02/02/2022 08:00:00 AM,169,68,101
02/02/2022 09:00:00 AM,103,36,67
02/02/2022 10:00:00 AM,51,17,34
02/02/2022 11:00:00 AM,43,21,22
02/02/2022 12:00:00 PM,44,20,24
02/02/2022 01:00:00 PM,38,11,27
02/02/2022 02:00:00 PM,59,30,29
02/02/2022 03:00:00 PM,86,40,46
02/02/2022 04:00:00 PM,118,42,76
02/02/2022 05:00:00 PM,144,31,113
02/02/2022 06:00:00 PM,93,30,63
02/02/2022 07:00:00 PM,29,10,19
02/02/2022 08:00:00 PM,29,12,17
02/02/2022 09:00:00 PM,15,6,9
02/02/2022 10:00:00 PM,9,4,5
02/02/2022 11:00:00 PM,9,1,8
02/03/2022 12:00:00 AM,2,1,1
02/03/2022 01:00:00 AM,2,1,1
02/03/2022 02:00:00 AM,0,0,0
02/03/2022 03:00:00 AM,0,0,0
02/03/2022 04:00:00 AM,9,4,5
02/03/2022 05:00:00 AM,16,6,10
02/03/2022 06:00:00 AM,35,12,23
02/03/2022 07:00:00 AM,113,46,67
02/03/2022 08:00:00 AM,139,60,79
02/03/2022 09:00:00 AM,69,25,44
02/03/2022 10:00:00 AM,38,13,25
02/03/2022 11:00:00 AM,33,11,22
02/03/2022 12:00:00 PM,30,13,17
02/03/2022 01:00:00 PM,42,18,24
02/03/2022 02:00:00 PM,52,23,29
02/03/2022 03:00:00 PM,78,39,39
02/03/2022 04:00:00 PM,126,47,79
02/03/2022 05:00:00 PM,171,59,112
02/03/2022 06:00:00 PM,119,38,81
02/03/2022 07:00:00 PM,54,22,32
02/03/2022 08:00:00 PM,42,14,28
02/03/2022 09:00:00 PM,17,4,13
02/03/2022 10:00:00 PM,10,4,6
02/03/2022 11:00:00 PM,12,4,8
02/04/2022 12:00:00 AM,4,2,2
02/04/2022 01:00:00 AM,7,1,6
02/04/2022 02:00:00 AM,2,1,1
02/04/2022 03:00:00 AM,2,0,2
02/04/2022 04:00:00 AM,6,2,4
02/04/2022 05:00:00 AM,14,6,8
02/04/2022 06:00:00 AM,33,11,22
02/04/2022 07:00:00 AM,91,39,52
02/04/2022 08:00:00 AM,133,55,78
02/04/2022 09:00:00 AM,80,31,49
02/04/2022 10:00:00 AM,41,18,23
02/04/2022 11:00:00 AM,41,17,24
02/04/2022 12:00:00 PM,75,46,29
02/04/2022 01:00:00 PM,69,16,53
02/04/2022 02:00:00 PM,74,30,44
02/04/2022 03:00:00 PM,85,43,42
02/04/2022 04:00:00 PM,114,36,78
02/04/2022 05:00:00 PM,138,49,89
02/04/2022 06:00:00 PM,92,44,48
02/04/2022 07:00:00 PM,37,16,21
02/04/2022 08:00:00 PM,26,8,18
02/04/2022 09:00:00 PM,20,8,12
02/04/2022 10:00:00 PM,15,7,8
02/04/2022 11:00:00 PM,14,9,5
02/05/2022 12:00:00 AM,14,4,10
02/05/2022 01:00:00 AM,10,4,6
02/05/2022 02:00:00 AM,5,2,3
02/05/2022 03:00:00 AM,6,4,2
02/05/2022 04:00:00 AM,3,0,3
02/05/2022 05:00:00 AM,3,2,1
02/05/2022 06:00:00 AM,13,8,5
02/05/2022 07:00:00 AM,25,10,15
02/05/2022 08:00:00 AM,44,13,31
02/05/2022 09:00:00 AM,70,24,46
02/05/2022 10:00:00 AM,87,35,52
02/05/2022 11:00:00 AM,130,62,68
02/05/2022 12:00:00 PM,119,59,60
02/05/2022 01:00:00 PM,147,91,56
02/05/2022 02:00:00 PM,176,86,90
02/05/2022 03:00:00 PM,137,65,72
02/05/2022 04:00:00 PM,122,52,70
02/05/2022 05:00:00 PM,105,38,67
02/05/2022 06:00:00 PM,56,23,33
02/05/2022 07:00:00 PM,35,6,29
02/05/2022 08:00:00 PM,38,10,28
02/05/2022 09:00:00 PM,35,9,26
02/05/2022 10:00:00 PM,25,9,16
02/05/2022 11:00:00 PM,16,11,5
02/06/2022 12:00:00 AM,5,4,1
02/06/2022 01:00:00 AM,1,0,1
02/06/2022 02:00:00 AM,3,0,3
02/06/2022 03:00:00 AM,2,1,1
02/06/2022 04:00:00 AM,1,0,1
02/06/2022 05:00:00 AM,6,4,2
02/06/2022 06:00:00 AM,9,4,5
02/06/2022 07:00:00 AM,22,9,13
02/06/2022 08:00:00 AM,35,14,21
02/06/2022 09:00:00 AM,59,24,35
02/06/2022 10:00:00 AM,126,75,51
02/06/2022 11:00:00 AM,130,68,62
02/06/2022 12:00:00 PM,204,95,109
02/06/2022 01:00:00 PM,229,97,132
02/06/2022 02:00:00 PM,266,137,129
02/06/2022 03:00:00 PM,279,122,157
02/06/2022 04:00:00 PM,192,78,114
02/06/2022 05:00:00 PM,116,53,63
02/06/2022 06:00:00 PM,47,16,31
02/06/2022 07:00:00 PM,23,11,12
02/06/2022 08:00:00 PM,18,6,12
02/06/2022 09:00:00 PM,7,4,3
02/06/2022 10:00:00 PM,5,1,4
02/06/2022 11:00:00 PM,3,0,3
02/07/2022 12:00:00 AM,3,2,1
02/07/2022 01:00:00 AM,0,0,0
02/07/2022 02:00:00 AM,0,0,0
02/07/2022 03:00:00 AM,1,1,0
02/07/2022 04:00:00 AM,6,2,4
02/07/2022 05:00:00 AM,17,8,9
02/07/2022 06:00:00 AM,55,15,40
02/07/2022 07:00:00 AM,112,53,59
02/07/2022 08:00:00 AM,181,86,95
02/07/2022 09:00:00 AM,112,48,64
02/07/2022 10:00:00 AM,55,19,36
02/07/2022 11:00:00 AM,43,16,27
02/07/2022 12:00:00 PM,43,23,20
02/07/2022 01:00:00 PM,44,24,20
02/07/2022 02:00:00 PM,65,28,37
02/07/2022 03:00:00 PM,87,36,51
02/07/2022 04:00:00 PM,153,56,97
02/07/2022 05:00:00 PM,210,52,158
02/07/2022 06:00:00 PM,142,44,98
02/07/2022 07:00:00 PM,50,24,26
02/07/2022 08:00:00 PM,45,16,29
02/07/2022 09:00:00 PM,20,11,9
02/07/2022 10:00:00 PM,12,2,10
02/07/2022 11:00:00 PM,7,4,3
02/08/2022 12:00:00 AM,3,0,3
02/08/2022 01:00:00 AM,3,1,2
02/08/2022 02:00:00 AM,1,0,1
02/08/2022 03:00:00 AM,1,1,0
02/08/2022 04:00:00 AM,5,1,4
02/08/2022 05:00:00 AM,17,6,11
02/08/2022 06:00:00 AM,66,28,38
02/08/2022 07:00:00 AM,145,77,68
02/08/2022 08:00:00 AM,200,82,118
02/08/2022 09:00:00 AM,109,45,64
02/08/2022 10:00:00 AM,71,24,47
02/08/2022 11:00:00 AM,61,29,32
02/08/2022 12:00:00 PM,75,39,36
02/08/2022 01:00:00 PM,62,34,28
02/08/2022 02:00:00 PM,91,35,56
02/08/2022 03:00:00 PM,125,53,72
02/08/2022 04:00:00 PM,180,73,107
02/08/2022 05:00:00 PM,249,81,168
02/08/2022 06:00:00 PM,136,48,88
02/08/2022 07:00:00 PM,61,22,39
02/08/2022 08:00:00 PM,28,9,19
02/08/2022 09:00:00 PM,28,12,16
02/08/2022 10:00:00 PM,12,6,6
02/08/2022 11:00:00 PM,10,5,5
02/09/2022 12:00:00 AM,3,2,1
02/09/2022 01:00:00 AM,1,0,1
02/09/2022 02:00:00 AM,0,0,0
02/09/2022 03:00:00 AM,1,0,1
02/09/2022 04:00:00 AM,6,1,5
02/09/2022 05:00:00 AM,16,5,11
02/09/2022 06:00:00 AM,59,19,40
02/09/2022 07:00:00 AM,152,74,78
02/09/2022 08:00:00 AM,192,74,118
02/09/2022 09:00:00 AM,144,52,92
02/09/2022 10:00:00 AM,57,26,31
02/09/2022 11:00:00 AM,82,38,44
02/09/2022 12:00:00 PM,94,39,55
02/09/2022 01:00:00 PM,94,42,52
02/09/2022 02:00:00 PM,108,60,48
02/09/2022 03:00:00 PM,143,59,84
02/09/2022 04:00:00 PM,206,77,129
02/09/2022 05:00:00 PM,223,62,161
02/09/2022 06:00:00 PM,156,55,101
02/09/2022 07:00:00 PM,63,22,41
02/09/2022 08:00:00 PM,35,15,20
02/09/2022 09:00:00 PM,23,13,10
02/09/2022 10:00:00 PM,20,7,13
02/09/2022 11:00:00 PM,10,3,7
02/10/2022 12:00:00 AM,7,3,4
02/10/2022 01:00:00 AM,5,0,5
02/10/2022 02:00:00 AM,2,1,1
02/10/2022 03:00:00 AM,1,0,1
02/10/2022 04:00:00 AM,3,2,1
02/10/2022 05:00:00 AM,14,7,7
02/10/2022 06:00:00 AM,63,28,35
02/10/2022 07:00:00 AM,130,56,74
02/10/2022 08:00:00 AM,172,66,106
02/10/2022 09:00:00 AM,88,27,61
02/10/2022 10:00:00 AM,40,17,23
02/10/2022 11:00:00 AM,49,18,31
02/10/2022 12:00:00 PM,71,30,41
02/10/2022 01:00:00 PM,61,33,28
02/10/2022 02:00:00 PM,61,24,37
02/10/2022 03:00:00 PM,101,41,60
02/10/2022 04:00:00 PM,158,57,101
02/10/2022 05:00:00 PM,217,72,145
02/10/2022 06:00:00 PM,152,62,90
02/10/2022 07:00:00 PM,61,25,36
02/10/2022 08:00:00 PM,52,15,37
02/10/2022 09:00:00 PM,30,15,15
02/10/2022 10:00:00 PM,14,6,8
02/10/2022 11:00:00 PM,20,7,13
02/11/2022 12:00:00 AM,1,0,1
02/11/2022 01:00:00 AM,0,0,0
02/11/2022 02:00:00 AM,1,0,1
02/11/2022 03:00:00 AM,0,0,0
02/11/2022 04:00:00 AM,8,2,6
02/11/2022 05:00:00 AM,14,5,9
02/11/2022 06:00:00 AM,50,21,29
02/11/2022 07:00:00 AM,99,47,52
02/11/2022 08:00:00 AM,150,63,87
02/11/2022 09:00:00 AM,122,36,86
02/11/2022 10:00:00 AM,53,27,26
02/11/2022 11:00:00 AM,66,29,37
02/11/2022 12:00:00 PM,72,41,31
02/11/2022 01:00:00 PM,84,33,51
02/11/2022 02:00:00 PM,112,56,56
02/11/2022 03:00:00 PM,165,72,93
02/11/2022 04:00:00 PM,216,77,139
02/11/2022 05:00:00 PM,236,83,153
02/11/2022 06:00:00 PM,119,42,77
02/11/2022 07:00:00 PM,53,25,28
02/11/2022 08:00:00 PM,36,19,17
02/11/2022 09:00:00 PM,26,7,19
02/11/2022 10:00:00 PM,28,8,20
02/11/2022 11:00:00 PM,20,5,15
02/12/2022 12:00:00 AM,11,6,5
02/12/2022 01:00:00 AM,5,3,2
02/12/2022 02:00:00 AM,11,4,7
02/12/2022 03:00:00 AM,1,0,1
02/12/2022 04:00:00 AM,4,1,3
02/12/2022 05:00:00 AM,2,2,0
02/12/2022 06:00:00 AM,9,5,4
02/12/2022 07:00:00 AM,20,6,14
02/12/2022 08:00:00 AM,60,23,37
02/12/2022 09:00:00 AM,110,37,73
02/12/2022 10:00:00 AM,141,47,94
02/12/2022 11:00:00 AM,172,83,89
02/12/2022 12:00:00 PM,319,120,199
02/12/2022 01:00:00 PM,302,150,152
02/12/2022 02:00:00 PM,286,141,145
02/12/2022 03:00:00 PM,284,132,152
02/12/2022 04:00:00 PM,234,108,126
02/12/2022 05:00:00 PM,138,43,95
02/12/2022 06:00:00 PM,89,32,57
02/12/2022 07:00:00 PM,55,16,39
02/12/2022 08:00:00 PM,23,12,11
02/12/2022 09:00:00 PM,38,11,27
02/12/2022 10:00:00 PM,9,3,6
02/12/2022 11:00:00 PM,16,10,6
02/13/2022 12:00:00 AM,3,2,1
02/13/2022 01:00:00 AM,6,0,6
02/13/2022 02:00:00 AM,2,1,1
02/13/2022 03:00:00 AM,3,1,2
02/13/2022 04:00:00 AM,2,0,2
02/13/2022 05:00:00 AM,3,1,2
02/13/2022 06:00:00 AM,10,5,5
02/13/2022 07:00:00 AM,18,6,12
02/13/2022 08:00:00 AM,28,12,16
02/13/2022 09:00:00 AM,70,28,42
02/13/2022 10:00:00 AM,95,35,60
02/13/2022 11:00:00 AM,126,66,60
02/13/2022 12:00:00 PM,191,100,91
02/13/2022 01:00:00 PM,248,126,122
02/13/2022 02:00:00 PM,241,108,133
02/13/2022 03:00:00 PM,203,89,114
02/13/2022 04:00:00 PM,137,67,70
02/13/2022 05:00:00 PM,75,37,38
02/13/2022 06:00:00 PM,51,20,31
02/13/2022 07:00:00 PM,33,15,18
02/13/2022 08:00:00 PM,15,10,5
02/13/2022 09:00:00 PM,10,2,8
02/13/2022 10:00:00 PM,16,6,10
02/13/2022 11:00:00 PM,5,2,3
02/14/2022 12:00:00 AM,0,0,0
02/14/2022 01:00:00 AM,2,0,2
02/14/2022 02:00:00 AM,3,3,0
02/14/2022 03:00:00 AM,2,0,2
02/14/2022 04:00:00 AM,5,3,2
02/14/2022 05:00:00 AM,18,8,10
02/14/2022 06:00:00 AM,36,20,16
02/14/2022 07:00:00 AM,103,49,54
02/14/2022 08:00:00 AM,156,68,88
02/14/2022 09:00:00 AM,75,30,45
02/14/2022 10:00:00 AM,36,13,23
02/14/2022 11:00:00 AM,29,16,13
02/14/2022 12:00:00 PM,30,13,17
02/14/2022 01:00:00 PM,27,15,12
02/14/2022 02:00:00 PM,45,26,19
02/14/2022 03:00:00 PM,85,31,54
02/14/2022 04:00:00 PM,115,43,72
02/14/2022 05:00:00 PM,201,65,136
02/14/2022 06:00:00 PM,93,32,61
02/14/2022 07:00:00 PM,43,21,22
02/14/2022 08:00:00 PM,30,17,13
02/14/2022 09:00:00 PM,18,4,14
02/14/2022 10:00:00 PM,11,4,7
02/14/2022 11:00:00 PM,4,1,3
02/15/2022 12:00:00 AM,4,1,3
02/15/2022 01:00:00 AM,1,0,1
02/15/2022 02:00:00 AM,2,0,2
02/15/2022 03:00:00 AM,3,1,2
02/15/2022 04:00:00 AM,9,3,6
02/15/2022 05:00:00 AM,20,9,11
02/15/2022 06:00:00 AM,78,30,48
02/15/2022 07:00:00 AM,154,69,85
02/15/2022 08:00:00 AM,195,88,107
02/15/2022 09:00:00 AM,126,46,80
02/15/2022 10:00:00 AM,58,26,32
02/15/2022 11:00:00 AM,53,18,35
02/15/2022 12:00:00 PM,64,34,30
02/15/2022 01:00:00 PM,53,31,22
02/15/2022 02:00:00 PM,68,26,42
02/15/2022 03:00:00 PM,120,47,73
02/15/2022 04:00:00 PM,204,75,129
02/15/2022 05:00:00 PM,269,84,185
02/15/2022 06:00:00 PM,146,54,92
02/15/2022 07:00:00 PM,61,23,38
02/15/2022 08:00:00 PM,48,19,29
02/15/2022 09:00:00 PM,24,14,10
02/15/2022 10:00:00 PM,11,4,7
02/15/2022 11:00:00 PM,12,5,7
02/16/2022 12:00:00 AM,0,0,0
02/16/2022 01:00:00 AM,1,1,0
02/16/2022 02:00:00 AM,7,4,3
02/16/2022 03:00:00 AM,1,1,0
02/16/2022 04:00:00 AM,6,1,5
02/16/2022 05:00:00 AM,22,9,13
02/16/2022 06:00:00 AM,74,33,41
02/16/2022 07:00:00 AM,171,85,86
02/16/2022 08:00:00 AM,197,73,124
02/16/2022 09:00:00 AM,128,56,72
02/16/2022 10:00:00 AM,75,20,55
02/16/2022 11:00:00 AM,69,32,37
02/16/2022 12:00:00 PM,74,34,40
02/16/2022 01:00:00 PM,81,39,42
02/16/2022 02:00:00 PM,82,36,46
02/16/2022 03:00:00 PM,132,48,84
02/16/2022 04:00:00 PM,211,78,133
02/16/2022 05:00:00 PM,275,83,192
02/16/2022 06:00:00 PM,190,67,123
02/16/2022 07:00:00 PM,72,32,40
02/16/2022 08:00:00 PM,41,19,22
02/16/2022 09:00:00 PM,23,11,12
02/16/2022 10:00:00 PM,20,10,10
02/16/2022 11:00:00 PM,9,3,6
02/17/2022 12:00:00 AM,6,3,3
02/17/2022 01:00:00 AM,2,1,1
02/17/2022 02:00:00 AM,4,0,4
02/17/2022 03:00:00 AM,3,0,3
02/17/2022 04:00:00 AM,8,4,4
02/17/2022 05:00:00 AM,19,7,12
02/17/2022 06:00:00 AM,74,34,40
02/17/2022 07:00:00 AM,157,67,90
02/17/2022 08:00:00 AM,179,76,103
02/17/2022 09:00:00 AM,102,31,71
02/17/2022 10:00:00 AM,64,24,40
02/17/2022 11:00:00 AM,72,37,35
02/17/2022 12:00:00 PM,62,31,31
02/17/2022 01:00:00 PM,55,26,29
02/17/2022 02:00:00 PM,73,31,42
02/17/2022 03:00:00 PM,121,52,69
02/17/2022 04:00:00 PM,143,48,95
02/17/2022 05:00:00 PM,227,79,148
02/17/2022 06:00:00 PM,158,47,111
02/17/2022 07:00:00 PM,92,60,32
02/17/2022 08:00:00 PM,56,24,32
02/17/2022 09:00:00 PM,25,10,15
02/17/2022 10:00:00 PM,17,8,9
02/17/2022 11:00:00 PM,7,4,3
02/18/2022 12:00:00 AM,2,1,1
02/18/2022 01:00:00 AM,1,0,1
02/18/2022 02:00:00 AM,0,0,0
02/18/2022 03:00:00 AM,1,1,0
02/18/2022 04:00:00 AM,7,3,4
02/18/2022 05:00:00 AM,13,4,9
02/18/2022 06:00:00 AM,48,24,24
02/18/2022 07:00:00 AM,112,58,54
02/18/2022 08:00:00 AM,147,56,91
02/18/2022 09:00:00 AM,97,32,65
02/18/2022 10:00:00 AM,63,29,34
02/18/2022 11:00:00 AM,77,37,40
02/18/2022 12:00:00 PM,83,47,36
02/18/2022 01:00:00 PM,92,52,40
02/18/2022 02:00:00 PM,102,41,61
02/18/2022 03:00:00 PM,146,69,77
02/18/2022 04:00:00 PM,189,75,114
02/18/2022 05:00:00 PM,228,77,151
02/18/2022 06:00:00 PM,110,46,64
02/18/2022 07:00:00 PM,62,28,34
02/18/2022 08:00:00 PM,41,14,27
02/18/2022 09:00:00 PM,36,15,21
02/18/2022 10:00:00 PM,24,12,12
02/18/2022 11:00:00 PM,19,3,16
02/19/2022 12:00:00 AM,9,5,4
02/19/2022 01:00:00 AM,7,1,6
02/19/2022 02:00:00 AM,3,1,2
02/19/2022 03:00:00 AM,5,2,3
02/19/2022 04:00:00 AM,2,0,2
02/19/2022 05:00:00 AM,4,2,2
02/19/2022 06:00:00 AM,15,5,10
02/19/2022 07:00:00 AM,26,16,10
02/19/2022 08:00:00 AM,47,15,32
02/19/2022 09:00:00 AM,79,20,59
02/19/2022 10:00:00 AM,65,34,31
02/19/2022 11:00:00 AM,80,39,41
02/19/2022 12:00:00 PM,82,37,45
02/19/2022 01:00:00 PM,101,56,45
02/19/2022 02:00:00 PM,103,44,59
02/19/2022 03:00:00 PM,101,39,62
02/19/2022 04:00:00 PM,86,41,45
02/19/2022 05:00:00 PM,69,26,43
02/19/2022 06:00:00 PM,37,18,19
02/19/2022 07:00:00 PM,46,22,24
02/19/2022 08:00:00 PM,23,9,14
02/19/2022 09:00:00 PM,37,12,25
02/19/2022 10:00:00 PM,16,12,4
02/19/2022 11:00:00 PM,17,7,10
02/20/2022 12:00:00 AM,8,6,2
02/20/2022 01:00:00 AM,6,1,5
02/20/2022 02:00:00 AM,3,2,1
02/20/2022 03:00:00 AM,1,1,0
02/20/2022 04:00:00 AM,3,0,3
02/20/2022 05:00:00 AM,3,2,1
02/20/2022 06:00:00 AM,9,2,7
02/20/2022 07:00:00 AM,24,10,14
02/20/2022 08:00:00 AM,25,10,15
02/20/2022 09:00:00 AM,24,13,11
02/20/2022 10:00:00 AM,42,13,29
02/20/2022 11:00:00 AM,89,55,34
02/20/2022 12:00:00 PM,116,66,50
02/20/2022 01:00:00 PM,119,57,62
02/20/2022 02:00:00 PM,140,66,74
02/20/2022 03:00:00 PM,132,55,77
02/20/2022 04:00:00 PM,94,51,43
02/20/2022 05:00:00 PM,63,24,39
02/20/2022 06:00:00 PM,31,13,18
02/20/2022 07:00:00 PM,14,4,10
02/20/2022 08:00:00 PM,11,8,3
02/20/2022 09:00:00 PM,8,2,6
02/20/2022 10:00:00 PM,6,1,5
02/20/2022 11:00:00 PM,8,1,7
02/21/2022 12:00:00 AM,5,3,2
02/21/2022 01:00:00 AM,3,0,3
02/21/2022 02:00:00 AM,1,1,0
02/21/2022 03:00:00 AM,0,0,0
02/21/2022 04:00:00 AM,2,0,2
02/21/2022 05:00:00 AM,11,4,7
02/21/2022 06:00:00 AM,26,9,17
02/21/2022 07:00:00 AM,29,17,12
02/21/2022 08:00:00 AM,51,27,24
02/21/2022 09:00:00 AM,44,21,23
02/21/2022 10:00:00 AM,41,19,22
02/21/2022 11:00:00 AM,55,21,34
02/21/2022 12:00:00 PM,70,28,42
02/21/2022 01:00:00 PM,46,25,21
02/21/2022 02:00:00 PM,102,42,60
02/21/2022 03:00:00 PM,93,36,57
02/21/2022 04:00:00 PM,104,39,65
02/21/2022 05:00:00 PM,114,36,78
02/21/2022 06:00:00 PM,65,21,44
02/21/2022 07:00:00 PM,28,13,15
02/21/2022 08:00:00 PM,19,9,10
02/21/2022 09:00:00 PM,11,6,5
02/21/2022 10:00:00 PM,4,3,1
02/21/2022 11:00:00 PM,4,1,3
02/22/2022 12:00:00 AM,2,2,0
02/22/2022 01:00:00 AM,0,0,0
02/22/2022 02:00:00 AM,0,0,0
02/22/2022 03:00:00 AM,0,0,0
02/22/2022 04:00:00 AM,3,1,2
02/22/2022 05:00:00 AM,8,5,3
02/22/2022 06:00:00 AM,36,11,25
02/22/2022 07:00:00 AM,61,25,36
02/22/2022 08:00:00 AM,79,30,49
02/22/2022 09:00:00 AM,44,13,31
02/22/2022 10:00:00 AM,27,9,18
02/22/2022 11:00:00 AM,18,10,8
02/22/2022 12:00:00 PM,23,7,16
02/22/2022 01:00:00 PM,28,13,15
02/22/2022 02:00:00 PM,31,8,23
02/22/2022 03:00:00 PM,40,17,23
02/22/2022 04:00:00 PM,59,21,38
02/22/2022 05:00:00 PM,108,26,82
02/22/2022 06:00:00 PM,65,20,45
02/22/2022 07:00:00 PM,32,14,18
02/22/2022 08:00:00 PM,16,9,7
02/22/2022 09:00:00 PM,17,7,10
02/22/2022 10:00:00 PM,9,3,6
02/22/2022 11:00:00 PM,7,2,5
02/23/2022 12:00:00 AM,2,1,1
02/23/2022 01:00:00 AM,4,2,2
02/23/2022 02:00:00 AM,0,0,0
02/23/2022 03:00:00 AM,0,0,0
02/23/2022 04:00:00 AM,3,1,2
02/23/2022 05:00:00 AM,13,6,7
02/23/2022 06:00:00 AM,31,12,19
02/23/2022 07:00:00 AM,64,32,32
02/23/2022 08:00:00 AM,97,33,64
02/23/2022 09:00:00 AM,74,24,50
02/23/2022 10:00:00 AM,38,19,19
02/23/2022 11:00:00 AM,51,24,27
02/23/2022 12:00:00 PM,41,19,22
02/23/2022 01:00:00 PM,53,26,27
02/23/2022 02:00:00 PM,62,32,30
02/23/2022 03:00:00 PM,86,28,58
02/23/2022 04:00:00 PM,127,51,76
02/23/2022 05:00:00 PM,159,53,106
02/23/2022 06:00:00 PM,97,37,60
02/23/2022 07:00:00 PM,47,20,27
02/23/2022 08:00:00 PM,20,10,10
02/23/2022 09:00:00 PM,18,8,10
02/23/2022 10:00:00 PM,14,3,11
02/23/2022 11:00:00 PM,9,5,4
02/24/2022 12:00:00 AM,1,0,1
02/24/2022 01:00:00 AM,0,0,0
02/24/2022 02:00:00 AM,1,1,0
02/24/2022 03:00:00 AM,0,0,0
02/24/2022 04:00:00 AM,6,2,4
02/24/2022 05:00:00 AM,11,5,6
02/24/2022 06:00:00 AM,29,9,20
02/24/2022 07:00:00 AM,65,25,40
02/24/2022 08:00:00 AM,95,33,62
02/24/2022 09:00:00 AM,76,23,53
02/24/2022 10:00:00 AM,36,13,23
02/24/2022 11:00:00 AM,43,18,25
02/24/2022 12:00:00 PM,46,27,19
02/24/2022 01:00:00 PM,61,31,30
02/24/2022 02:00:00 PM,67,32,35
02/24/2022 03:00:00 PM,81,29,52
02/24/2022 04:00:00 PM,145,53,92
02/24/2022 05:00:00 PM,169,66,103
02/24/2022 06:00:00 PM,99,36,63
02/24/2022 07:00:00 PM,44,16,28
02/24/2022 08:00:00 PM,29,11,18
02/24/2022 09:00:00 PM,25,8,17
02/24/2022 10:00:00 PM,20,6,14
02/24/2022 11:00:00 PM,14,7,7
02/25/2022 12:00:00 AM,4,1,3
02/25/2022 01:00:00 AM,1,1,0
02/25/2022 02:00:00 AM,1,1,0
02/25/2022 03:00:00 AM,1,1,0
02/25/2022 04:00:00 AM,4,1,3
02/25/2022 05:00:00 AM,7,2,5
02/25/2022 06:00:00 AM,26,7,19
02/25/2022 07:00:00 AM,73,27,46
02/25/2022 08:00:00 AM,82,27,55
02/25/2022 09:00:00 AM,90,29,61
02/25/2022 10:00:00 AM,46,19,27
02/25/2022 11:00:00 AM,63,31,32
02/25/2022 12:00:00 PM,74,40,34
02/25/2022 01:00:00 PM,115,60,55
02/25/2022 02:00:00 PM,142,59,83
02/25/2022 03:00:00 PM,174,91,83
02/25/2022 04:00:00 PM,180,81,99
02/25/2022 05:00:00 PM,223,74,149
02/25/2022 06:00:00 PM,117,37,80
02/25/2022 07:00:00 PM,57,19,38
02/25/2022 08:00:00 PM,34,17,17
02/25/2022 09:00:00 PM,21,7,14
02/25/2022 10:00:00 PM,20,14,6
02/25/2022 11:00:00 PM,21,8,13
02/26/2022 12:00:00 AM,20,5,15
02/26/2022 01:00:00 AM,2,1,1
02/26/2022 02:00:00 AM,1,0,1
02/26/2022 03:00:00 AM,0,0,0
02/26/2022 04:00:00 AM,5,1,4
02/26/2022 05:00:00 AM,6,2,4
02/26/2022 06:00:00 AM,4,0,4
02/26/2022 07:00:00 AM,19,10,9
02/26/2022 08:00:00 AM,46,20,26
02/26/2022 09:00:00 AM,50,15,35
02/26/2022 10:00:00 AM,90,43,47
02/26/2022 11:00:00 AM,104,53,51
02/26/2022 12:00:00 PM,131,62,69
02/26/2022 01:00:00 PM,127,70,57
02/26/2022 02:00:00 PM,123,64,59
02/26/2022 03:00:00 PM,75,35,40
02/26/2022 04:00:00 PM,44,19,25
02/26/2022 05:00:00 PM,25,11,14
02/26/2022 06:00:00 PM,23,7,16
02/26/2022 07:00:00 PM,8,3,5
02/26/2022 08:00:00 PM,6,4,2
02/26/2022 09:00:00 PM,2,2,0
02/26/2022 10:00:00 PM,0,0,0
02/26/2022 11:00:00 PM,8,1,7
02/27/2022 12:00:00 AM,1,1,0
02/27/2022 01:00:00 AM,0,0,0
02/27/2022 02:00:00 AM,0,0,0
02/27/2022 03:00:00 AM,1,0,1
02/27/2022 04:00:00 AM,1,0,1
02/27/2022 05:00:00 AM,7,6,1
02/27/2022 06:00:00 AM,12,8,4
02/27/2022 07:00:00 AM,30,17,13
02/27/2022 08:00:00 AM,45,26,19
02/27/2022 09:00:00 AM,25,12,13
02/27/2022 10:00:00 AM,61,27,34
02/27/2022 11:00:00 AM,57,31,26
02/27/2022 12:00:00 PM,35,14,21
02/27/2022 01:00:00 PM,42,18,24
02/27/2022 02:00:00 PM,36,14,22
02/27/2022 03:00:00 PM,42,13,29
02/27/2022 04:00:00 PM,27,11,16
02/27/2022 05:00:00 PM,27,8,19
02/27/2022 06:00:00 PM,13,2,11
02/27/2022 07:00:00 PM,17,4,13
02/27/2022 08:00:00 PM,4,1,3
02/27/2022 09:00:00 PM,3,1,2
02/27/2022 10:00:00 PM,4,2,2
02/27/2022 11:00:00 PM,3,1,2
02/28/2022 12:00:00 AM,0,0,0
02/28/2022 01:00:00 AM,1,1,0
02/28/2022 02:00:00 AM,0,0,0
02/28/2022 03:00:00 AM,1,0,1
02/28/2022 04:00:00 AM,2,1,1
02/28/2022 05:00:00 AM,14,6,8
02/28/2022 06:00:00 AM,33,18,15
02/28/2022 07:00:00 AM,67,32,35
02/28/2022 08:00:00 AM,62,24,38
02/28/2022 09:00:00 AM,47,18,29
02/28/2022 10:00:00 AM,17,5,12
02/28/2022 11:00:00 AM,29,16,13
02/28/2022 12:00:00 PM,11,7,4
02/28/2022 01:00:00 PM,9,5,4
02/28/2022 02:00:00 PM,21,7,14
02/28/2022 03:00:00 PM,20,5,15
02/28/2022 04:00:00 PM,53,17,36
02/28/2022 05:00:00 PM,79,21,58
02/28/2022 06:00:00 PM,62,16,46
02/28/2022 07:00:00 PM,29,14,15
02/28/2022 08:00:00 PM,25,11,14
02/28/2022 09:00:00 PM,12,6,6
02/28/2022 10:00:00 PM,11,5,6
02/28/2022 11:00:00 PM,6,4,2
03/01/2022 12:00:00 AM,2,2,0
03/01/2022 01:00:00 AM,0,0,0
03/01/2022 02:00:00 AM,2,0,2
03/01/2022 03:00:00 AM,1,0,1
03/01/2022 04:00:00 AM,7,2,5
03/01/2022 05:00:00 AM,13,6,7
03/01/2022 06:00:00 AM,59,24,35
03/01/2022 07:00:00 AM,116,57,59
03/01/2022 08:00:00 AM,157,70,87
03/01/2022 09:00:00 AM,101,33,68
03/01/2022 10:00:00 AM,51,19,32
03/01/2022 11:00:00 AM,62,31,31
03/01/2022 12:00:00 PM,78,33,45
03/01/2022 01:00:00 PM,71,32,39
03/01/2022 02:00:00 PM,82,35,47
03/01/2022 03:00:00 PM,125,63,62
03/01/2022 04:00:00 PM,204,80,124
03/01/2022 05:00:00 PM,295,99,196
03/01/2022 06:00:00 PM,153,59,94
03/01/2022 07:00:00 PM,68,29,39
03/01/2022 08:00:00 PM,45,17,28
03/01/2022 09:00:00 PM,25,13,12
03/01/2022 10:00:00 PM,16,7,9
03/01/2022 11:00:00 PM,15,6,9
03/02/2022 12:00:00 AM,5,1,4
03/02/2022 01:00:00 AM,0,0,0
03/02/2022 02:00:00 AM,3,1,2
03/02/2022 03:00:00 AM,0,0,0
03/02/2022 04:00:00 AM,4,1,3
03/02/2022 05:00:00 AM,18,6,12
03/02/2022 06:00:00 AM,60,29,31
03/02/2022 07:00:00 AM,136,67,69
03/02/2022 08:00:00 AM,196,81,115
03/02/2022 09:00:00 AM,99,36,63
03/02/2022 10:00:00 AM,47,21,26
03/02/2022 11:00:00 AM,46,20,26
03/02/2022 12:00:00 PM,31,6,25
03/02/2022 01:00:00 PM,32,16,16
03/02/2022 02:00:00 PM,50,21,29
03/02/2022 03:00:00 PM,72,31,41
03/02/2022 04:00:00 PM,130,52,78
03/02/2022 05:00:00 PM,192,54,138
03/02/2022 06:00:00 PM,143,44,99
03/02/2022 07:00:00 PM,56,24,32
03/02/2022 08:00:00 PM,42,13,29
03/02/2022 09:00:00 PM,27,11,16
03/02/2022 10:00:00 PM,22,5,17
03/02/2022 11:00:00 PM,15,2,13
03/03/2022 12:00:00 AM,4,2,2
03/03/2022 01:00:00 AM,0,0,0
03/03/2022 02:00:00 AM,1,0,1
03/03/2022 03:00:00 AM,0,0,0
03/03/2022 04:00:00 AM,6,2,4
03/03/2022 05:00:00 AM,20,6,14
03/03/2022 06:00:00 AM,60,25,35
03/03/2022 07:00:00 AM,138,67,71
03/03/2022 08:00:00 AM,176,68,108
03/03/2022 09:00:00 AM,102,35,67
03/03/2022 10:00:00 AM,49,22,27
03/03/2022 11:00:00 AM,54,23,31
03/03/2022 12:00:00 PM,49,25,24
03/03/2022 01:00:00 PM,70,36,34
03/03/2022 02:00:00 PM,71,28,43
03/03/2022 03:00:00 PM,126,62,64
03/03/2022 04:00:00 PM,192,64,128
03/03/2022 05:00:00 PM,269,100,169
03/03/2022 06:00:00 PM,173,60,113
03/03/2022 07:00:00 PM,78,31,47
03/03/2022 08:00:00 PM,50,24,26
03/03/2022 09:00:00 PM,32,16,16
03/03/2022 10:00:00 PM,12,7,5
03/03/2022 11:00:00 PM,8,5,3
03/04/2022 12:00:00 AM,9,1,8
03/04/2022 01:00:00 AM,2,2,0
03/04/2022 02:00:00 AM,2,1,1
03/04/2022 03:00:00 AM,1,1,0
03/04/2022 04:00:00 AM,7,3,4
03/04/2022 05:00:00 AM,11,4,7
03/04/2022 06:00:00 AM,53,26,27
03/04/2022 07:00:00 AM,107,47,60
03/04/2022 08:00:00 AM,147,53,94
03/04/2022 09:00:00 AM,104,42,62
03/04/2022 10:00:00 AM,68,20,48
03/04/2022 11:00:00 AM,67,39,28
03/04/2022 12:00:00 PM,69,34,35
03/04/2022 01:00:00 PM,69,29,40
03/04/2022 02:00:00 PM,88,36,52
03/04/2022 03:00:00 PM,102,42,60
03/04/2022 04:00:00 PM,204,77,127
03/04/2022 05:00:00 PM,261,90,171
03/04/2022 06:00:00 PM,132,43,89
03/04/2022 07:00:00 PM,72,30,42
03/04/2022 08:00:00 PM,29,10,19
03/04/2022 09:00:00 PM,28,9,19
03/04/2022 10:00:00 PM,15,6,9
03/04/2022 11:00:00 PM,12,3,9
03/05/2022 12:00:00 AM,13,4,9
03/05/2022 01:00:00 AM,6,1,5
03/05/2022 02:00:00 AM,1,0,1
03/05/2022 03:00:00 AM,2,1,1
03/05/2022 04:00:00 AM,4,2,2
03/05/2022 05:00:00 AM,3,2,1
03/05/2022 06:00:00 AM,14,4,10
03/05/2022 07:00:00 AM,27,10,17
03/05/2022 08:00:00 AM,79,22,57
03/05/2022 09:00:00 AM,76,36,40
03/05/2022 10:00:00 AM,87,43,44
03/05/2022 11:00:00 AM,127,57,70
03/05/2022 12:00:00 PM,148,81,67
03/05/2022 01:00:00 PM,186,110,76
03/05/2022 02:00:00 PM,244,115,129
03/05/2022 03:00:00 PM,245,111,134
03/05/2022 04:00:00 PM,244,99,145
03/05/2022 05:00:00 PM,153,78,75
03/05/2022 06:00:00 PM,99,45,54
03/05/2022 07:00:00 PM,53,20,33
03/05/2022 08:00:00 PM,46,14,32
03/05/2022 09:00:00 PM,31,11,20
03/05/2022 10:00:00 PM,18,3,15
03/05/2022 11:00:00 PM,29,8,21
03/06/2022 12:00:00 AM,9,1,8
03/06/2022 01:00:00 AM,6,2,4
03/06/2022 02:00:00 AM,4,3,1
03/06/2022 03:00:00 AM,1,0,1
03/06/2022 04:00:00 AM,5,1,4
03/06/2022 05:00:00 AM,7,4,3
03/06/2022 06:00:00 AM,9,2,7
03/06/2022 07:00:00 AM,21,8,13
03/06/2022 08:00:00 AM,32,12,20
03/06/2022 09:00:00 AM,82,37,45
03/06/2022 10:00:00 AM,105,34,71
03/06/2022 11:00:00 AM,105,43,62
03/06/2022 12:00:00 PM,167,85,82
03/06/2022 01:00:00 PM,191,91,100
03/06/2022 02:00:00 PM,246,124,122
03/06/2022 03:00:00 PM,248,132,116
03/06/2022 04:00:00 PM,237,118,119
03/06/2022 05:00:00 PM,138,61,77
03/06/2022 06:00:00 PM,81,39,42
03/06/2022 07:00:00 PM,31,13,18
03/06/2022 08:00:00 PM,14,10,4
03/06/2022 09:00:00 PM,16,4,12
03/06/2022 10:00:00 PM,2,1,1
03/06/2022 11:00:00 PM,4,1,3
03/07/2022 12:00:00 AM,1,0,1
03/07/2022 01:00:00 AM,0,0,0
03/07/2022 02:00:00 AM,2,1,1
03/07/2022 03:00:00 AM,1,0,1
03/07/2022 04:00:00 AM,6,2,4
03/07/2022 05:00:00 AM,16,5,11
03/07/2022 06:00:00 AM,71,30,41
03/07/2022 07:00:00 AM,153,73,80
03/07/2022 08:00:00 AM,218,79,139
03/07/2022 09:00:00 AM,102,30,72
03/07/2022 10:00:00 AM,56,19,37
03/07/2022 11:00:00 AM,54,33,21
03/07/2022 12:00:00 PM,60,19,41
03/07/2022 01:00:00 PM,62,30,32
03/07/2022 02:00:00 PM,77,24,53
03/07/2022 03:00:00 PM,134,57,77
03/07/2022 04:00:00 PM,207,77,130
03/07/2022 05:00:00 PM,321,106,215
03/07/2022 06:00:00 PM,171,66,105
03/07/2022 07:00:00 PM,55,16,39
03/07/2022 08:00:00 PM,33,21,12
03/07/2022 09:00:00 PM,27,9,18
03/07/2022 10:00:00 PM,11,2,9
03/07/2022 11:00:00 PM,10,3,7
03/08/2022 12:00:00 AM,3,1,2
03/08/2022 01:00:00 AM,3,1,2
03/08/2022 02:00:00 AM,4,2,2
03/08/2022 03:00:00 AM,2,0,2
03/08/2022 04:00:00 AM,8,3,5
03/08/2022 05:00:00 AM,18,8,10
03/08/2022 06:00:00 AM,55,22,33
03/08/2022 07:00:00 AM,129,61,68
03/08/2022 08:00:00 AM,161,59,102
03/08/2022 09:00:00 AM,84,30,54
03/08/2022 10:00:00 AM,44,14,30
03/08/2022 11:00:00 AM,48,23,25
03/08/2022 12:00:00 PM,38,18,20
03/08/2022 01:00:00 PM,54,20,34
03/08/2022 02:00:00 PM,41,16,25
03/08/2022 03:00:00 PM,90,43,47
03/08/2022 04:00:00 PM,161,52,109
03/08/2022 05:00:00 PM,261,88,173
03/08/2022 06:00:00 PM,150,56,94
03/08/2022 07:00:00 PM,66,16,50
03/08/2022 08:00:00 PM,40,20,20
03/08/2022 09:00:00 PM,37,18,19
03/08/2022 10:00:00 PM,19,6,13
03/08/2022 11:00:00 PM,6,0,6
03/09/2022 12:00:00 AM,6,3,3
03/09/2022 01:00:00 AM,4,3,1
03/09/2022 02:00:00 AM,1,0,1
03/09/2022 03:00:00 AM,1,1,0
03/09/2022 04:00:00 AM,11,6,5
03/09/2022 05:00:00 AM,18,8,10
03/09/2022 06:00:00 AM,60,23,37
03/09/2022 07:00:00 AM,164,81,83
03/09/2022 08:00:00 AM,259,121,138
03/09/2022 09:00:00 AM,157,60,97
03/09/2022 10:00:00 AM,74,33,41
03/09/2022 11:00:00 AM,102,42,60
03/09/2022 12:00:00 PM,113,56,57
03/09/2022 01:00:00 PM,116,60,56
03/09/2022 02:00:00 PM,133,71,62
03/09/2022 03:00:00 PM,151,58,93
03/09/2022 04:00:00 PM,227,86,141
03/09/2022 05:00:00 PM,323,102,221
03/09/2022 06:00:00 PM,209,96,113
03/09/2022 07:00:00 PM,71,25,46
03/09/2022 08:00:00 PM,44,20,24
03/09/2022 09:00:00 PM,31,18,13
03/09/2022 10:00:00 PM,25,8,17
03/09/2022 11:00:00 PM,18,2,16
03/10/2022 12:00:00 AM,5,0,5
03/10/2022 01:00:00 AM,4,2,2
03/10/2022 02:00:00 AM,1,1,0
03/10/2022 03:00:00 AM,0,0,0
03/10/2022 04:00:00 AM,7,2,5
03/10/2022 05:00:00 AM,17,8,9
03/10/2022 06:00:00 AM,66,31,35
03/10/2022 07:00:00 AM,153,72,81
03/10/2022 08:00:00 AM,223,97,126
03/10/2022 09:00:00 AM,136,61,75
03/10/2022 10:00:00 AM,77,30,47
03/10/2022 11:00:00 AM,85,47,38
03/10/2022 12:00:00 PM,95,41,54
03/10/2022 01:00:00 PM,73,34,39
03/10/2022 02:00:00 PM,80,34,46
03/10/2022 03:00:00 PM,128,58,70
03/10/2022 04:00:00 PM,186,73,113
03/10/2022 05:00:00 PM,270,79,191
03/10/2022 06:00:00 PM,173,45,128
03/10/2022 07:00:00 PM,71,27,44
03/10/2022 08:00:00 PM,41,18,23
03/10/2022 09:00:00 PM,22,9,13
03/10/2022 10:00:00 PM,19,8,11
03/10/2022 11:00:00 PM,4,1,3
03/11/2022 12:00:00 AM,5,1,4
03/11/2022 01:00:00 AM,4,3,1
03/11/2022 02:00:00 AM,1,1,0
03/11/2022 03:00:00 AM,0,0,0
03/11/2022 04:00:00 AM,7,2,5
03/11/2022 05:00:00 AM,15,4,11
03/11/2022 06:00:00 AM,57,32,25
03/11/2022 07:00:00 AM,111,48,63
03/11/2022 08:00:00 AM,169,63,106
03/11/2022 09:00:00 AM,126,43,83
03/11/2022 10:00:00 AM,69,32,37
03/11/2022 11:00:00 AM,66,30,36
03/11/2022 12:00:00 PM,71,34,37
03/11/2022 01:00:00 PM,87,32,55
03/11/2022 02:00:00 PM,86,44,42
03/11/2022 03:00:00 PM,149,55,94
03/11/2022 04:00:00 PM,177,65,112
03/11/2022 05:00:00 PM,205,67,138
03/11/2022 06:00:00 PM,149,55,94
03/11/2022 07:00:00 PM,68,30,38
03/11/2022 08:00:00 PM,44,21,23
03/11/2022 09:00:00 PM,54,17,37
03/11/2022 10:00:00 PM,40,10,30
03/11/2022 11:00:00 PM,22,10,12
03/12/2022 12:00:00 AM,16,8,8
03/12/2022 01:00:00 AM,8,5,3
03/12/2022 02:00:00 AM,1,0,1
03/12/2022 03:00:00 AM,6,2,4
03/12/2022 04:00:00 AM,3,0,3
03/12/2022 05:00:00 AM,3,0,3
03/12/2022 06:00:00 AM,15,7,8
03/12/2022 07:00:00 AM,28,14,14
03/12/2022 08:00:00 AM,55,23,32
03/12/2022 09:00:00 AM,105,39,66
03/12/2022 10:00:00 AM,127,51,76
03/12/2022 11:00:00 AM,205,80,125
03/12/2022 12:00:00 PM,192,92,100
03/12/2022 01:00:00 PM,243,121,122
03/12/2022 02:00:00 PM,248,119,129
03/12/2022 03:00:00 PM,119,49,70
03/12/2022 04:00:00 PM,61,29,32
03/12/2022 05:00:00 PM,42,22,20
03/12/2022 06:00:00 PM,27,8,19
03/12/2022 07:00:00 PM,13,4,9
03/12/2022 08:00:00 PM,9,6,3
03/12/2022 09:00:00 PM,8,3,5
03/12/2022 10:00:00 PM,8,3,5
03/12/2022 11:00:00 PM,5,2,3
03/13/2022 12:00:00 AM,10,3,7
03/13/2022 01:00:00 AM,1,1,0
03/13/2022 02:00:00 AM,,,
03/13/2022 03:00:00 AM,1,1,0
03/13/2022 04:00:00 AM,3,1,2
03/13/2022 05:00:00 AM,1,0,1
03/13/2022 06:00:00 AM,7,1,6
03/13/2022 07:00:00 AM,15,8,7
03/13/2022 08:00:00 AM,22,11,11
03/13/2022 09:00:00 AM,39,21,18
03/13/2022 10:00:00 AM,106,38,68
03/13/2022 11:00:00 AM,149,69,80
03/13/2022 12:00:00 PM,161,75,86
03/13/2022 01:00:00 PM,172,86,86
03/13/2022 02:00:00 PM,193,86,107
03/13/2022 03:00:00 PM,125,68,57
03/13/2022 04:00:00 PM,86,37,49
03/13/2022 05:00:00 PM,93,44,49
03/13/2022 06:00:00 PM,37,15,22
03/13/2022 07:00:00 PM,22,6,16
03/13/2022 08:00:00 PM,21,14,7
03/13/2022 09:00:00 PM,16,3,13
03/13/2022 10:00:00 PM,11,3,8
03/13/2022 11:00:00 PM,4,1,3
03/14/2022 12:00:00 AM,0,0,0
03/14/2022 01:00:00 AM,1,0,1
03/14/2022 02:00:00 AM,2,1,1
03/14/2022 03:00:00 AM,0,0,0
03/14/2022 04:00:00 AM,4,1,3
03/14/2022 05:00:00 AM,14,4,10
03/14/2022 06:00:00 AM,48,22,26
03/14/2022 07:00:00 AM,92,44,48
03/14/2022 08:00:00 AM,177,76,101
03/14/2022 09:00:00 AM,84,30,54
03/14/2022 10:00:00 AM,56,21,35
03/14/2022 11:00:00 AM,42,13,29
03/14/2022 12:00:00 PM,34,19,15
03/14/2022 01:00:00 PM,33,15,18
03/14/2022 02:00:00 PM,41,15,26
03/14/2022 03:00:00 PM,54,23,31
03/14/2022 04:00:00 PM,85,27,58
03/14/2022 05:00:00 PM,160,41,119
03/14/2022 06:00:00 PM,103,28,75
03/14/2022 07:00:00 PM,39,11,28
03/14/2022 08:00:00 PM,28,10,18
03/14/2022 09:00:00 PM,7,2,5
03/14/2022 10:00:00 PM,7,6,1
03/14/2022 11:00:00 PM,8,4,4
03/15/2022 12:00:00 AM,4,1,3
03/15/2022 01:00:00 AM,1,1,0
03/15/2022 02:00:00 AM,2,0,2
03/15/2022 03:00:00 AM,2,1,1
03/15/2022 04:00:00 AM,4,2,2
03/15/2022 05:00:00 AM,20,6,14
03/15/2022 06:00:00 AM,65,24,41
03/15/2022 07:00:00 AM,134,57,77
03/15/2022 08:00:00 AM,200,85,115
03/15/2022 09:00:00 AM,116,43,73
03/15/2022 10:00:00 AM,61,23,38
03/15/2022 11:00:00 AM,48,20,28
03/15/2022 12:00:00 PM,58,23,35
03/15/2022 01:00:00 PM,58,23,35
03/15/2022 02:00:00 PM,80,39,41
03/15/2022 03:00:00 PM,107,36,71
03/15/2022 04:00:00 PM,182,57,125
03/15/2022 05:00:00 PM,292,96,196
03/15/2022 06:00:00 PM,162,53,109
03/15/2022 07:00:00 PM,101,41,60
03/15/2022 08:00:00 PM,50,20,30
03/15/2022 09:00:00 PM,35,14,21
03/15/2022 10:00:00 PM,5,1,4
03/15/2022 11:00:00 PM,11,3,8
03/16/2022 12:00:00 AM,2,0,2
03/16/2022 01:00:00 AM,2,1,1
03/16/2022 02:00:00 AM,0,0,0
03/16/2022 03:00:00 AM,1,1,0
03/16/2022 04:00:00 AM,8,4,4
03/16/2022 05:00:00 AM,18,7,11
03/16/2022 06:00:00 AM,71,30,41
03/16/2022 07:00:00 AM,166,78,88
03/16/2022 08:00:00 AM,218,93,125
03/16/2022 09:00:00 AM,134,56,78
03/16/2022 10:00:00 AM,80,16,64
03/16/2022 11:00:00 AM,79,40,39
03/16/2022 12:00:00 PM,81,44,37
03/16/2022 01:00:00 PM,86,37,49
03/16/2022 02:00:00 PM,97,45,52
03/16/2022 03:00:00 PM,149,56,93
03/16/2022 04:00:00 PM,246,99,147
03/16/2022 05:00:00 PM,355,117,238
03/16/2022 06:00:00 PM,286,101,185
03/16/2022 07:00:00 PM,106,54,52
03/16/2022 08:00:00 PM,48,15,33
03/16/2022 09:00:00 PM,34,14,20
03/16/2022 10:00:00 PM,32,12,20
03/16/2022 11:00:00 PM,11,4,7
03/17/2022 12:00:00 AM,10,2,8
03/17/2022 01:00:00 AM,5,2,3
03/17/2022 02:00:00 AM,0,0,0
03/17/2022 03:00:00 AM,1,1,0
03/17/2022 04:00:00 AM,4,1,3
03/17/2022 05:00:00 AM,20,7,13
03/17/2022 06:00:00 AM,58,18,40
03/17/2022 07:00:00 AM,140,61,79
03/17/2022 08:00:00 AM,207,85,122
03/17/2022 09:00:00 AM,125,40,85
03/17/2022 10:00:00 AM,57,24,33
03/17/2022 11:00:00 AM,51,21,30
03/17/2022 12:00:00 PM,52,23,29
03/17/2022 01:00:00 PM,55,19,36
03/17/2022 02:00:00 PM,67,27,40
03/17/2022 03:00:00 PM,80,20,60
03/17/2022 04:00:00 PM,134,43,91
03/17/2022 05:00:00 PM,227,65,162
03/17/2022 06:00:00 PM,171,44,127
03/17/2022 07:00:00 PM,70,19,51
03/17/2022 08:00:00 PM,47,21,26
03/17/2022 09:00:00 PM,17,6,11
03/17/2022 10:00:00 PM,28,14,14
03/17/2022 11:00:00 PM,10,5,5
03/18/2022 12:00:00 AM,1,0,1
03/18/2022 01:00:00 AM,2,0,2
03/18/2022 02:00:00 AM,1,0,1
03/18/2022 03:00:00 AM,0,0,0
03/18/2022 04:00:00 AM,5,1,4
03/18/2022 05:00:00 AM,13,4,9
03/18/2022 06:00:00 AM,55,20,35
03/18/2022 07:00:00 AM,106,47,59
03/18/2022 08:00:00 AM,193,73,120
03/18/2022 09:00:00 AM,109,44,65
03/18/2022 10:00:00 AM,78,25,53
03/18/2022 11:00:00 AM,80,39,41
03/18/2022 12:00:00 PM,89,44,45
03/18/2022 01:00:00 PM,82,42,40
03/18/2022 02:00:00 PM,105,42,63
03/18/2022 03:00:00 PM,136,51,85
03/18/2022 04:00:00 PM,194,79,115
03/18/2022 05:00:00 PM,248,91,157
03/18/2022 06:00:00 PM,183,68,115
03/18/2022 07:00:00 PM,95,54,41
03/18/2022 08:00:00 PM,28,10,18
03/18/2022 09:00:00 PM,18,12,6
03/18/2022 10:00:00 PM,16,9,7
03/18/2022 11:00:00 PM,5,3,2
03/19/2022 12:00:00 AM,9,2,7
03/19/2022 01:00:00 AM,5,1,4
03/19/2022 02:00:00 AM,3,3,0
03/19/2022 03:00:00 AM,1,0,1
03/19/2022 04:00:00 AM,4,1,3
03/19/2022 05:00:00 AM,0,0,0
03/19/2022 06:00:00 AM,9,3,6
03/19/2022 07:00:00 AM,14,7,7
03/19/2022 08:00:00 AM,36,16,20
03/19/2022 09:00:00 AM,44,12,32
03/19/2022 10:00:00 AM,60,32,28
03/19/2022 11:00:00 AM,69,35,34
03/19/2022 12:00:00 PM,67,28,39
03/19/2022 01:00:00 PM,94,41,53
03/19/2022 02:00:00 PM,89,43,46
03/19/2022 03:00:00 PM,49,22,27
03/19/2022 04:00:00 PM,38,21,17
03/19/2022 05:00:00 PM,28,10,18
03/19/2022 06:00:00 PM,31,11,20
03/19/2022 07:00:00 PM,21,5,16
03/19/2022 08:00:00 PM,11,8,3
03/19/2022 09:00:00 PM,9,2,7
03/19/2022 10:00:00 PM,10,2,8
03/19/2022 11:00:00 PM,9,3,6
03/20/2022 12:00:00 AM,8,3,5
03/20/2022 01:00:00 AM,3,0,3
03/20/2022 02:00:00 AM,4,2,2
03/20/2022 03:00:00 AM,1,0,1
03/20/2022 04:00:00 AM,5,2,3
03/20/2022 05:00:00 AM,6,3,3
03/20/2022 06:00:00 AM,8,1,7
03/20/2022 07:00:00 AM,18,7,11
03/20/2022 08:00:00 AM,29,12,17
03/20/2022 09:00:00 AM,79,44,35
03/20/2022 10:00:00 AM,104,41,63
03/20/2022 11:00:00 AM,129,62,67
03/20/2022 12:00:00 PM,153,63,90
03/20/2022 01:00:00 PM,116,67,49
03/20/2022 02:00:00 PM,110,39,71
03/20/2022 03:00:00 PM,54,21,33
03/20/2022 04:00:00 PM,40,23,17
03/20/2022 05:00:00 PM,28,15,13
03/20/2022 06:00:00 PM,29,15,14
03/20/2022 07:00:00 PM,12,5,7
03/20/2022 08:00:00 PM,11,6,5
03/20/2022 09:00:00 PM,9,3,6
03/20/2022 10:00:00 PM,6,2,4
03/20/2022 11:00:00 PM,6,0,6
03/21/2022 12:00:00 AM,3,2,1
03/21/2022 01:00:00 AM,1,0,1
03/21/2022 02:00:00 AM,2,1,1
03/21/2022 03:00:00 AM,1,0,1
03/21/2022 04:00:00 AM,5,2,3
03/21/2022 05:00:00 AM,11,4,7
03/21/2022 06:00:00 AM,35,18,17
03/21/2022 07:00:00 AM,74,36,38
03/21/2022 08:00:00 AM,119,51,68
03/21/2022 09:00:00 AM,62,23,39
03/21/2022 10:00:00 AM,22,9,13
03/21/2022 11:00:00 AM,25,8,17
03/21/2022 12:00:00 PM,35,16,19
03/21/2022 01:00:00 PM,34,17,17
03/21/2022 02:00:00 PM,51,13,38
03/21/2022 03:00:00 PM,76,29,47
03/21/2022 04:00:00 PM,117,45,72
03/21/2022 05:00:00 PM,150,47,103
03/21/2022 06:00:00 PM,87,24,63
03/21/2022 07:00:00 PM,48,20,28
03/21/2022 08:00:00 PM,21,6,15
03/21/2022 09:00:00 PM,23,7,16
03/21/2022 10:00:00 PM,11,7,4
03/21/2022 11:00:00 PM,14,8,6
03/22/2022 12:00:00 AM,4,0,4
03/22/2022 01:00:00 AM,2,1,1
03/22/2022 02:00:00 AM,8,2,6
03/22/2022 03:00:00 AM,2,1,1
03/22/2022 04:00:00 AM,10,4,6
03/22/2022 05:00:00 AM,22,10,12
03/22/2022 06:00:00 AM,82,36,46
03/22/2022 07:00:00 AM,180,90,90
03/22/2022 08:00:00 AM,255,102,153
03/22/2022 09:00:00 AM,144,56,88
03/22/2022 10:00:00 AM,64,22,42
03/22/2022 11:00:00 AM,63,25,38
03/22/2022 12:00:00 PM,76,36,40
03/22/2022 01:00:00 PM,103,34,69
03/22/2022 02:00:00 PM,112,46,66
03/22/2022 03:00:00 PM,222,91,131
03/22/2022 04:00:00 PM,311,110,201
03/22/2022 05:00:00 PM,473,161,312
03/22/2022 06:00:00 PM,367,131,236
03/22/2022 07:00:00 PM,190,70,120
03/22/2022 08:00:00 PM,83,30,53
03/22/2022 09:00:00 PM,54,24,30
03/22/2022 10:00:00 PM,28,11,17
03/22/2022 11:00:00 PM,12,2,10
03/23/2022 12:00:00 AM,8,1,7
03/23/2022 01:00:00 AM,4,1,3
03/23/2022 02:00:00 AM,3,1,2
03/23/2022 03:00:00 AM,0,0,0
03/23/2022 04:00:00 AM,8,3,5
03/23/2022 05:00:00 AM,20,7,13
03/23/2022 06:00:00 AM,64,30,34
03/23/2022 07:00:00 AM,160,68,92
03/23/2022 08:00:00 AM,217,88,129
03/23/2022 09:00:00 AM,121,46,75
03/23/2022 10:00:00 AM,73,27,46
03/23/2022 11:00:00 AM,76,30,46
03/23/2022 12:00:00 PM,79,27,52
03/23/2022 01:00:00 PM,32,10,22
03/23/2022 02:00:00 PM,32,14,18
03/23/2022 03:00:00 PM,61,27,34
03/23/2022 04:00:00 PM,132,44,88
03/23/2022 05:00:00 PM,240,57,183
03/23/2022 06:00:00 PM,142,51,91
03/23/2022 07:00:00 PM,47,21,26
03/23/2022 08:00:00 PM,25,8,17
03/23/2022 09:00:00 PM,17,7,10
03/23/2022 10:00:00 PM,10,7,3
03/23/2022 11:00:00 PM,11,3,8
03/24/2022 12:00:00 AM,2,0,2
03/24/2022 01:00:00 AM,1,1,0
03/24/2022 02:00:00 AM,1,1,0
03/24/2022 03:00:00 AM,1,0,1
03/24/2022 04:00:00 AM,8,5,3
03/24/2022 05:00:00 AM,20,9,11
03/24/2022 06:00:00 AM,60,30,30
03/24/2022 07:00:00 AM,158,79,79
03/24/2022 08:00:00 AM,247,102,145
03/24/2022 09:00:00 AM,153,56,97
03/24/2022 10:00:00 AM,85,37,48
03/24/2022 11:00:00 AM,76,42,34
03/24/2022 12:00:00 PM,76,34,42
03/24/2022 01:00:00 PM,103,47,56
03/24/2022 02:00:00 PM,139,57,82
03/24/2022 03:00:00 PM,170,67,103
03/24/2022 04:00:00 PM,261,97,164
03/24/2022 05:00:00 PM,354,106,248
03/24/2022 06:00:00 PM,280,99,181
03/24/2022 07:00:00 PM,120,33,87
03/24/2022 08:00:00 PM,57,23,34
03/24/2022 09:00:00 PM,38,12,26
03/24/2022 10:00:00 PM,22,10,12
03/24/2022 11:00:00 PM,17,4,13
03/25/2022 12:00:00 AM,4,2,2
03/25/2022 01:00:00 AM,8,0,8
03/25/2022 02:00:00 AM,4,2,2
03/25/2022 03:00:00 AM,2,1,1
03/25/2022 04:00:00 AM,6,3,3
03/25/2022 05:00:00 AM,23,6,17
03/25/2022 06:00:00 AM,56,22,34
03/25/2022 07:00:00 AM,115,44,71
03/25/2022 08:00:00 AM,185,81,104
03/25/2022 09:00:00 AM,117,48,69
03/25/2022 10:00:00 AM,82,34,48
03/25/2022 11:00:00 AM,85,47,38
03/25/2022 12:00:00 PM,99,43,56
03/25/2022 01:00:00 PM,94,36,58
03/25/2022 02:00:00 PM,115,51,64
03/25/2022 03:00:00 PM,147,59,88
03/25/2022 04:00:00 PM,223,89,134
03/25/2022 05:00:00 PM,310,105,205
03/25/2022 06:00:00 PM,225,71,154
03/25/2022 07:00:00 PM,131,53,78
03/25/2022 08:00:00 PM,57,24,33
03/25/2022 09:00:00 PM,29,9,20
03/25/2022 10:00:00 PM,30,14,16
03/25/2022 11:00:00 PM,32,17,15
03/26/2022 12:00:00 AM,5,3,2
03/26/2022 01:00:00 AM,9,2,7
03/26/2022 02:00:00 AM,2,0,2
03/26/2022 03:00:00 AM,2,0,2
03/26/2022 04:00:00 AM,4,0,4
03/26/2022 05:00:00 AM,8,3,5
03/26/2022 06:00:00 AM,15,6,9
03/26/2022 07:00:00 AM,31,8,23
03/26/2022 08:00:00 AM,56,23,33
03/26/2022 09:00:00 AM,46,20,26
03/26/2022 10:00:00 AM,99,38,61
03/26/2022 11:00:00 AM,104,56,48
03/26/2022 12:00:00 PM,182,81,101
03/26/2022 01:00:00 PM,175,74,101
03/26/2022 02:00:00 PM,172,86,86
03/26/2022 03:00:00 PM,170,92,78
03/26/2022 04:00:00 PM,166,73,93
03/26/2022 05:00:00 PM,93,39,54
03/26/2022 06:00:00 PM,83,40,43
03/26/2022 07:00:00 PM,60,24,36
03/26/2022 08:00:00 PM,25,11,14
03/26/2022 09:00:00 PM,46,6,40
03/26/2022 10:00:00 PM,18,6,12
03/26/2022 11:00:00 PM,15,11,4
03/27/2022 12:00:00 AM,13,3,10
03/27/2022 01:00:00 AM,8,6,2
03/27/2022 02:00:00 AM,7,0,7
03/27/2022 03:00:00 AM,4,2,2
03/27/2022 04:00:00 AM,3,0,3
03/27/2022 05:00:00 AM,3,1,2
03/27/2022 06:00:00 AM,8,5,3
03/27/2022 07:00:00 AM,27,13,14
03/27/2022 08:00:00 AM,50,22,28
03/27/2022 09:00:00 AM,88,31,57
03/27/2022 10:00:00 AM,168,71,97
03/27/2022 11:00:00 AM,212,86,126
03/27/2022 12:00:00 PM,250,118,132
03/27/2022 01:00:00 PM,264,127,137
03/27/2022 02:00:00 PM,255,113,142
03/27/2022 03:00:00 PM,305,143,162
03/27/2022 04:00:00 PM,218,99,119
03/27/2022 05:00:00 PM,195,97,98
03/27/2022 06:00:00 PM,130,62,68
03/27/2022 07:00:00 PM,78,34,44
03/27/2022 08:00:00 PM,30,10,20
03/27/2022 09:00:00 PM,22,7,15
03/27/2022 10:00:00 PM,18,6,12
03/27/2022 11:00:00 PM,13,3,10
03/28/2022 12:00:00 AM,5,3,2
03/28/2022 01:00:00 AM,2,0,2
03/28/2022 02:00:00 AM,0,0,0
03/28/2022 03:00:00 AM,0,0,0
03/28/2022 04:00:00 AM,7,2,5
03/28/2022 05:00:00 AM,21,10,11
03/28/2022 06:00:00 AM,88,35,53
03/28/2022 07:00:00 AM,158,73,85
03/28/2022 08:00:00 AM,240,101,139
03/28/2022 09:00:00 AM,126,50,76
03/28/2022 10:00:00 AM,82,22,60
03/28/2022 11:00:00 AM,65,24,41
03/28/2022 12:00:00 PM,45,25,20
03/28/2022 01:00:00 PM,50,23,27
03/28/2022 02:00:00 PM,74,27,47
03/28/2022 03:00:00 PM,99,39,60
03/28/2022 04:00:00 PM,208,71,137
03/28/2022 05:00:00 PM,302,84,218
03/28/2022 06:00:00 PM,207,73,134
03/28/2022 07:00:00 PM,119,51,68
03/28/2022 08:00:00 PM,53,22,31
03/28/2022 09:00:00 PM,25,15,10
03/28/2022 10:00:00 PM,13,7,6
03/28/2022 11:00:00 PM,21,9,12
03/29/2022 12:00:00 AM,8,6,2
03/29/2022 01:00:00 AM,4,1,3
03/29/2022 02:00:00 AM,3,0,3
03/29/2022 03:00:00 AM,2,2,0
03/29/2022 04:00:00 AM,8,7,1
03/29/2022 05:00:00 AM,25,12,13
03/29/2022 06:00:00 AM,91,42,49
03/29/2022 07:00:00 AM,201,98,103
03/29/2022 08:00:00 AM,298,125,173
03/29/2022 09:00:00 AM,156,69,87
03/29/2022 10:00:00 AM,102,47,55
03/29/2022 11:00:00 AM,94,45,49
03/29/2022 12:00:00 PM,93,42,51
03/29/2022 01:00:00 PM,87,44,43
03/29/2022 02:00:00 PM,141,58,83
03/29/2022 03:00:00 PM,200,90,110
03/29/2022 04:00:00 PM,299,116,183
03/29/2022 05:00:00 PM,433,149,284
03/29/2022 06:00:00 PM,318,101,217
03/29/2022 07:00:00 PM,157,66,91
03/29/2022 08:00:00 PM,62,23,39
03/29/2022 09:00:00 PM,43,22,21
03/29/2022 10:00:00 PM,17,7,10
03/29/2022 11:00:00 PM,14,5,9
03/30/2022 12:00:00 AM,6,1,5
03/30/2022 01:00:00 AM,1,1,0
03/30/2022 02:00:00 AM,0,0,0
03/30/2022 03:00:00 AM,3,1,2
03/30/2022 04:00:00 AM,6,2,4
03/30/2022 05:00:00 AM,17,7,10
03/30/2022 06:00:00 AM,67,25,42
03/30/2022 07:00:00 AM,181,90,91
03/30/2022 08:00:00 AM,224,100,124
03/30/2022 09:00:00 AM,139,58,81
03/30/2022 10:00:00 AM,83,29,54
03/30/2022 11:00:00 AM,68,35,33
03/30/2022 12:00:00 PM,76,32,44
03/30/2022 01:00:00 PM,88,40,48
03/30/2022 02:00:00 PM,67,26,41
03/30/2022 03:00:00 PM,98,37,61
03/30/2022 04:00:00 PM,171,57,114
03/30/2022 05:00:00 PM,272,64,208
03/30/2022 06:00:00 PM,169,50,119
03/30/2022 07:00:00 PM,68,25,43
03/30/2022 08:00:00 PM,35,12,23
03/30/2022 09:00:00 PM,14,5,9
03/30/2022 10:00:00 PM,24,7,17
03/30/2022 11:00:00 PM,11,3,8
03/31/2022 12:00:00 AM,4,3,1
03/31/2022 01:00:00 AM,2,0,2
03/31/2022 02:00:00 AM,2,0,2
03/31/2022 03:00:00 AM,2,0,2
03/31/2022 04:00:00 AM,11,6,5
03/31/2022 05:00:00 AM,22,7,15
03/31/2022 06:00:00 AM,73,29,44
03/31/2022 07:00:00 AM,184,90,94
03/31/2022 08:00:00 AM,259,101,158
03/31/2022 09:00:00 AM,168,68,100
03/31/2022 10:00:00 AM,82,39,43
03/31/2022 11:00:00 AM,70,27,43
03/31/2022 12:00:00 PM,99,54,45
03/31/2022 01:00:00 PM,100,40,60
03/31/2022 02:00:00 PM,133,60,73
03/31/2022 03:00:00 PM,166,58,108
03/31/2022 04:00:00 PM,263,93,170
03/31/2022 05:00:00 PM,405,128,277
03/31/2022 06:00:00 PM,282,94,188
03/31/2022 07:00:00 PM,136,45,91
03/31/2022 08:00:00 PM,94,35,59
03/31/2022 09:00:00 PM,48,26,22
03/31/2022 10:00:00 PM,33,15,18
03/31/2022 11:00:00 PM,24,5,19
04/01/2022 12:00:00 AM,11,4,7
04/01/2022 01:00:00 AM,1,0,1
04/01/2022 02:00:00 AM,2,0,2
04/01/2022 03:00:00 AM,0,0,0
04/01/2022 04:00:00 AM,12,4,8
04/01/2022 05:00:00 AM,23,7,16
04/01/2022 06:00:00 AM,53,21,32
04/01/2022 07:00:00 AM,114,48,66
04/01/2022 08:00:00 AM,209,78,131
04/01/2022 09:00:00 AM,147,60,87
04/01/2022 10:00:00 AM,94,42,52
04/01/2022 11:00:00 AM,99,59,40
04/01/2022 12:00:00 PM,102,41,61
04/01/2022 01:00:00 PM,130,53,77
04/01/2022 02:00:00 PM,136,51,85
04/01/2022 03:00:00 PM,185,76,109
04/01/2022 04:00:00 PM,234,94,140
04/01/2022 05:00:00 PM,288,105,183
04/01/2022 06:00:00 PM,204,90,114
04/01/2022 07:00:00 PM,102,38,64
04/01/2022 08:00:00 PM,49,16,33
04/01/2022 09:00:00 PM,20,6,14
04/01/2022 10:00:00 PM,29,12,17
04/01/2022 11:00:00 PM,16,8,8
04/02/2022 12:00:00 AM,10,5,5
04/02/2022 01:00:00 AM,11,5,6
04/02/2022 02:00:00 AM,9,5,4
04/02/2022 03:00:00 AM,3,0,3
04/02/2022 04:00:00 AM,4,3,1
04/02/2022 05:00:00 AM,1,1,0
04/02/2022 06:00:00 AM,14,5,9
04/02/2022 07:00:00 AM,22,11,11
04/02/2022 08:00:00 AM,51,23,28
04/02/2022 09:00:00 AM,106,50,56
04/02/2022 10:00:00 AM,139,64,75
04/02/2022 11:00:00 AM,180,49,131
04/02/2022 12:00:00 PM,203,104,99
04/02/2022 01:00:00 PM,251,115,136
04/02/2022 02:00:00 PM,250,91,159
04/02/2022 03:00:00 PM,253,142,111
04/02/2022 04:00:00 PM,219,87,132
04/02/2022 05:00:00 PM,198,96,102
04/02/2022 06:00:00 PM,154,75,79
04/02/2022 07:00:00 PM,123,41,82
04/02/2022 08:00:00 PM,49,16,33
04/02/2022 09:00:00 PM,70,17,53
04/02/2022 10:00:00 PM,34,11,23
04/02/2022 11:00:00 PM,18,6,12
04/03/2022 12:00:00 AM,14,2,12
04/03/2022 01:00:00 AM,7,2,5
04/03/2022 02:00:00 AM,8,4,4
04/03/2022 03:00:00 AM,2,2,0
04/03/2022 04:00:00 AM,4,3,1
04/03/2022 05:00:00 AM,3,1,2
04/03/2022 06:00:00 AM,16,8,8
04/03/2022 07:00:00 AM,18,7,11
04/03/2022 08:00:00 AM,43,16,27
04/03/2022 09:00:00 AM,72,30,42
04/03/2022 10:00:00 AM,103,37,66
04/03/2022 11:00:00 AM,103,51,52
04/03/2022 12:00:00 PM,93,54,39
04/03/2022 01:00:00 PM,71,34,37
04/03/2022 02:00:00 PM,39,21,18
04/03/2022 03:00:00 PM,46,20,26
04/03/2022 04:00:00 PM,31,12,19
04/03/2022 05:00:00 PM,33,16,17
04/03/2022 06:00:00 PM,29,7,22
04/03/2022 07:00:00 PM,12,9,3
04/03/2022 08:00:00 PM,14,8,6
04/03/2022 09:00:00 PM,12,5,7
04/03/2022 10:00:00 PM,3,0,3
04/03/2022 11:00:00 PM,3,1,2
04/04/2022 12:00:00 AM,0,0,0
04/04/2022 01:00:00 AM,0,0,0
04/04/2022 02:00:00 AM,1,0,1
04/04/2022 03:00:00 AM,0,0,0
04/04/2022 04:00:00 AM,1,0,1
04/04/2022 05:00:00 AM,15,4,11
04/04/2022 06:00:00 AM,45,23,22
04/04/2022 07:00:00 AM,114,56,58
04/04/2022 08:00:00 AM,193,82,111
04/04/2022 09:00:00 AM,92,40,52
04/04/2022 10:00:00 AM,53,16,37
04/04/2022 11:00:00 AM,48,21,27
04/04/2022 12:00:00 PM,47,21,26
04/04/2022 01:00:00 PM,40,14,26
04/04/2022 02:00:00 PM,59,28,31
04/04/2022 03:00:00 PM,77,36,41
04/04/2022 04:00:00 PM,124,46,78
04/04/2022 05:00:00 PM,184,42,142
04/04/2022 06:00:00 PM,147,48,99
04/04/2022 07:00:00 PM,75,32,43
04/04/2022 08:00:00 PM,29,17,12
04/04/2022 09:00:00 PM,20,8,12
04/04/2022 10:00:00 PM,12,2,10
04/04/2022 11:00:00 PM,8,4,4
04/05/2022 12:00:00 AM,4,2,2
04/05/2022 01:00:00 AM,3,1,2
04/05/2022 02:00:00 AM,1,0,1
04/05/2022 03:00:00 AM,1,0,1
04/05/2022 04:00:00 AM,4,2,2
04/05/2022 05:00:00 AM,23,9,14
04/05/2022 06:00:00 AM,71,27,44
04/05/2022 07:00:00 AM,196,101,95
04/05/2022 08:00:00 AM,296,126,170
04/05/2022 09:00:00 AM,188,74,114
04/05/2022 10:00:00 AM,85,42,43
04/05/2022 11:00:00 AM,84,35,49
04/05/2022 12:00:00 PM,75,29,46
04/05/2022 01:00:00 PM,100,48,52
04/05/2022 02:00:00 PM,103,40,63
04/05/2022 03:00:00 PM,134,46,88
04/05/2022 04:00:00 PM,235,92,143
04/05/2022 05:00:00 PM,386,120,266
04/05/2022 06:00:00 PM,289,95,194
04/05/2022 07:00:00 PM,134,50,84
04/05/2022 08:00:00 PM,87,32,55
04/05/2022 09:00:00 PM,27,14,13
04/05/2022 10:00:00 PM,16,8,8
04/05/2022 11:00:00 PM,15,5,10
04/06/2022 12:00:00 AM,9,1,8
04/06/2022 01:00:00 AM,2,2,0
04/06/2022 02:00:00 AM,1,1,0
04/06/2022 03:00:00 AM,1,0,1
04/06/2022 04:00:00 AM,6,2,4
04/06/2022 05:00:00 AM,24,7,17
04/06/2022 06:00:00 AM,75,31,44
04/06/2022 07:00:00 AM,206,92,114
04/06/2022 08:00:00 AM,298,126,172
04/06/2022 09:00:00 AM,205,74,131
04/06/2022 10:00:00 AM,86,31,55
04/06/2022 11:00:00 AM,105,51,54
04/06/2022 12:00:00 PM,118,52,66
04/06/2022 01:00:00 PM,124,47,77
04/06/2022 02:00:00 PM,131,47,84
04/06/2022 03:00:00 PM,174,81,93
04/06/2022 04:00:00 PM,296,94,202
04/06/2022 05:00:00 PM,429,140,289
04/06/2022 06:00:00 PM,332,117,215
04/06/2022 07:00:00 PM,166,67,99
04/06/2022 08:00:00 PM,71,21,50
04/06/2022 09:00:00 PM,55,18,37
04/06/2022 10:00:00 PM,48,12,36
04/06/2022 11:00:00 PM,31,7,24
04/07/2022 12:00:00 AM,5,1,4
04/07/2022 01:00:00 AM,4,0,4
04/07/2022 02:00:00 AM,2,0,2
04/07/2022 03:00:00 AM,2,1,1
04/07/2022 04:00:00 AM,9,5,4
04/07/2022 05:00:00 AM,28,9,19
04/07/2022 06:00:00 AM,76,33,43
04/07/2022 07:00:00 AM,215,101,114
04/07/2022 08:00:00 AM,345,149,196
04/07/2022 09:00:00 AM,197,61,136
04/07/2022 10:00:00 AM,105,54,51
04/07/2022 11:00:00 AM,124,58,66
04/07/2022 12:00:00 PM,161,67,94
04/07/2022 01:00:00 PM,182,63,119
04/07/2022 02:00:00 PM,209,91,118
04/07/2022 03:00:00 PM,325,149,176
04/07/2022 04:00:00 PM,466,186,280
04/07/2022 05:00:00 PM,635,210,425
04/07/2022 06:00:00 PM,490,194,296
04/07/2022 07:00:00 PM,292,129,163
04/07/2022 08:00:00 PM,172,98,74
04/07/2022 09:00:00 PM,73,36,37
04/07/2022 10:00:00 PM,48,24,24
04/07/2022 11:00:00 PM,31,14,17
04/08/2022 12:00:00 AM,11,7,4
04/08/2022 01:00:00 AM,4,1,3
04/08/2022 02:00:00 AM,1,0,1
04/08/2022 03:00:00 AM,0,0,0
04/08/2022 04:00:00 AM,2,0,2
04/08/2022 05:00:00 AM,20,6,14
04/08/2022 06:00:00 AM,53,24,29
04/08/2022 07:00:00 AM,117,43,74
04/08/2022 08:00:00 AM,157,59,98
04/08/2022 09:00:00 AM,129,43,86
04/08/2022 10:00:00 AM,73,38,35
04/08/2022 11:00:00 AM,82,36,46
04/08/2022 12:00:00 PM,93,37,56
04/08/2022 01:00:00 PM,82,38,44
04/08/2022 02:00:00 PM,88,41,47
04/08/2022 03:00:00 PM,127,49,78
04/08/2022 04:00:00 PM,157,58,99
04/08/2022 05:00:00 PM,197,65,132
04/08/2022 06:00:00 PM,125,38,87
04/08/2022 07:00:00 PM,60,24,36
04/08/2022 08:00:00 PM,47,12,35
04/08/2022 09:00:00 PM,36,7,29
04/08/2022 10:00:00 PM,26,13,13
04/08/2022 11:00:00 PM,15,8,7
04/09/2022 12:00:00 AM,14,5,9
04/09/2022 01:00:00 AM,9,1,8
04/09/2022 02:00:00 AM,2,0,2
04/09/2022 03:00:00 AM,0,0,0
04/09/2022 04:00:00 AM,4,1,3
04/09/2022 05:00:00 AM,5,0,5
04/09/2022 06:00:00 AM,15,2,13
04/09/2022 07:00:00 AM,44,24,20
04/09/2022 08:00:00 AM,77,35,42
04/09/2022 09:00:00 AM,77,49,28
04/09/2022 10:00:00 AM,96,48,48
04/09/2022 11:00:00 AM,127,53,74
04/09/2022 12:00:00 PM,144,73,71
04/09/2022 01:00:00 PM,98,35,63
04/09/2022 02:00:00 PM,117,48,69
04/09/2022 03:00:00 PM,107,60,47
04/09/2022 04:00:00 PM,115,49,66
04/09/2022 05:00:00 PM,133,58,75
04/09/2022 06:00:00 PM,45,17,28
04/09/2022 07:00:00 PM,53,15,38
04/09/2022 08:00:00 PM,25,8,17
04/09/2022 09:00:00 PM,25,10,15
04/09/2022 10:00:00 PM,17,6,11
04/09/2022 11:00:00 PM,5,1,4
04/10/2022 12:00:00 AM,6,1,5
04/10/2022 01:00:00 AM,1,0,1
04/10/2022 02:00:00 AM,2,2,0
04/10/2022 03:00:00 AM,0,0,0
04/10/2022 04:00:00 AM,1,1,0
04/10/2022 05:00:00 AM,1,0,1
04/10/2022 06:00:00 AM,7,1,6
04/10/2022 07:00:00 AM,15,3,12
04/10/2022 08:00:00 AM,18,7,11
04/10/2022 09:00:00 AM,17,7,10
04/10/2022 10:00:00 AM,22,8,14
04/10/2022 11:00:00 AM,39,21,18
04/10/2022 12:00:00 PM,53,23,30
04/10/2022 01:00:00 PM,92,42,50
04/10/2022 02:00:00 PM,108,56,52
04/10/2022 03:00:00 PM,96,47,49
04/10/2022 04:00:00 PM,64,32,32
04/10/2022 05:00:00 PM,51,23,28
04/10/2022 06:00:00 PM,44,21,23
04/10/2022 07:00:00 PM,27,8,19
04/10/2022 08:00:00 PM,11,4,7
04/10/2022 09:00:00 PM,8,4,4
04/10/2022 10:00:00 PM,9,4,5
04/10/2022 11:00:00 PM,7,2,5
04/11/2022 12:00:00 AM,2,0,2
04/11/2022 01:00:00 AM,1,0,1
04/11/2022 02:00:00 AM,0,0,0
04/11/2022 03:00:00 AM,2,0,2
04/11/2022 04:00:00 AM,3,2,1
04/11/2022 05:00:00 AM,17,5,12
04/11/2022 06:00:00 AM,60,25,35
04/11/2022 07:00:00 AM,109,43,66
04/11/2022 08:00:00 AM,165,82,83
04/11/2022 09:00:00 AM,114,41,73
04/11/2022 10:00:00 AM,61,24,37
04/11/2022 11:00:00 AM,45,17,28
04/11/2022 12:00:00 PM,55,23,32
04/11/2022 01:00:00 PM,57,19,38
04/11/2022 02:00:00 PM,68,30,38
04/11/2022 03:00:00 PM,108,50,58
04/11/2022 04:00:00 PM,167,55,112
04/11/2022 05:00:00 PM,237,74,163
04/11/2022 06:00:00 PM,190,66,124
04/11/2022 07:00:00 PM,99,31,68
04/11/2022 08:00:00 PM,59,23,36
04/11/2022 09:00:00 PM,23,10,13
04/11/2022 10:00:00 PM,17,3,14
04/11/2022 11:00:00 PM,12,5,7
04/12/2022 12:00:00 AM,5,3,2
04/12/2022 01:00:00 AM,0,0,0
04/12/2022 02:00:00 AM,0,0,0
04/12/2022 03:00:00 AM,0,0,0
04/12/2022 04:00:00 AM,7,3,4
04/12/2022 05:00:00 AM,22,6,16
04/12/2022 06:00:00 AM,64,22,42
04/12/2022 07:00:00 AM,117,48,69
04/12/2022 08:00:00 AM,202,78,124
04/12/2022 09:00:00 AM,143,51,92
04/12/2022 10:00:00 AM,56,15,41
04/12/2022 11:00:00 AM,42,21,21
04/12/2022 12:00:00 PM,59,31,28
04/12/2022 01:00:00 PM,69,31,38
04/12/2022 02:00:00 PM,71,20,51
04/12/2022 03:00:00 PM,95,30,65
04/12/2022 04:00:00 PM,146,50,96
04/12/2022 05:00:00 PM,234,72,162
04/12/2022 06:00:00 PM,189,62,127
04/12/2022 07:00:00 PM,95,37,58
04/12/2022 08:00:00 PM,47,15,32
04/12/2022 09:00:00 PM,26,13,13
04/12/2022 10:00:00 PM,15,7,8
04/12/2022 11:00:00 PM,11,6,5
04/13/2022 12:00:00 AM,4,1,3
04/13/2022 01:00:00 AM,1,1,0
04/13/2022 02:00:00 AM,0,0,0
04/13/2022 03:00:00 AM,3,1,2
04/13/2022 04:00:00 AM,5,2,3
04/13/2022 05:00:00 AM,21,10,11
04/13/2022 06:00:00 AM,47,16,31
04/13/2022 07:00:00 AM,143,63,80
04/13/2022 08:00:00 AM,223,85,138
04/13/2022 09:00:00 AM,158,56,102
04/13/2022 10:00:00 AM,71,26,45
04/13/2022 11:00:00 AM,46,29,17
04/13/2022 12:00:00 PM,59,21,38
04/13/2022 01:00:00 PM,61,26,35
04/13/2022 02:00:00 PM,63,27,36
04/13/2022 03:00:00 PM,99,38,61
04/13/2022 04:00:00 PM,184,67,117
04/13/2022 05:00:00 PM,302,80,222
04/13/2022 06:00:00 PM,191,56,135
04/13/2022 07:00:00 PM,105,48,57
04/13/2022 08:00:00 PM,48,25,23
04/13/2022 09:00:00 PM,34,22,12
04/13/2022 10:00:00 PM,14,6,8
04/13/2022 11:00:00 PM,17,9,8
04/14/2022 12:00:00 AM,3,0,3
04/14/2022 01:00:00 AM,3,2,1
04/14/2022 02:00:00 AM,1,0,1
04/14/2022 03:00:00 AM,4,1,3
04/14/2022 04:00:00 AM,7,3,4
04/14/2022 05:00:00 AM,30,10,20
04/14/2022 06:00:00 AM,58,25,33
04/14/2022 07:00:00 AM,142,66,76
04/14/2022 08:00:00 AM,209,100,109
04/14/2022 09:00:00 AM,125,41,84
04/14/2022 10:00:00 AM,40,18,22
04/14/2022 11:00:00 AM,55,30,25
04/14/2022 12:00:00 PM,83,41,42
04/14/2022 01:00:00 PM,74,27,47
04/14/2022 02:00:00 PM,71,24,47
04/14/2022 03:00:00 PM,107,39,68
04/14/2022 04:00:00 PM,186,57,129
04/14/2022 05:00:00 PM,275,91,184
04/14/2022 06:00:00 PM,183,57,126
04/14/2022 07:00:00 PM,110,40,70
04/14/2022 08:00:00 PM,74,30,44
04/14/2022 09:00:00 PM,33,16,17
04/14/2022 10:00:00 PM,20,5,15
04/14/2022 11:00:00 PM,11,8,3
04/15/2022 12:00:00 AM,2,1,1
04/15/2022 01:00:00 AM,5,3,2
04/15/2022 02:00:00 AM,1,0,1
04/15/2022 03:00:00 AM,1,0,1
04/15/2022 04:00:00 AM,3,2,1
04/15/2022 05:00:00 AM,18,4,14
04/15/2022 06:00:00 AM,45,19,26
04/15/2022 07:00:00 AM,96,45,51
04/15/2022 08:00:00 AM,150,54,96
04/15/2022 09:00:00 AM,114,35,79
04/15/2022 10:00:00 AM,60,20,40
04/15/2022 11:00:00 AM,71,29,42
04/15/2022 12:00:00 PM,93,42,51
04/15/2022 01:00:00 PM,116,51,65
04/15/2022 02:00:00 PM,131,51,80
04/15/2022 03:00:00 PM,169,70,99
04/15/2022 04:00:00 PM,217,86,131
04/15/2022 05:00:00 PM,295,119,176
04/15/2022 06:00:00 PM,198,74,124
04/15/2022 07:00:00 PM,131,57,74
04/15/2022 08:00:00 PM,67,26,41
04/15/2022 09:00:00 PM,38,21,17
04/15/2022 10:00:00 PM,48,22,26
04/15/2022 11:00:00 PM,28,9,19
04/16/2022 12:00:00 AM,8,3,5
04/16/2022 01:00:00 AM,5,3,2
04/16/2022 02:00:00 AM,5,4,1
04/16/2022 03:00:00 AM,1,0,1
04/16/2022 04:00:00 AM,4,2,2
04/16/2022 05:00:00 AM,4,1,3
04/16/2022 06:00:00 AM,16,2,14
04/16/2022 07:00:00 AM,29,15,14
04/16/2022 08:00:00 AM,64,34,30
04/16/2022 09:00:00 AM,84,34,50
04/16/2022 10:00:00 AM,91,40,51
04/16/2022 11:00:00 AM,128,53,75
04/16/2022 12:00:00 PM,111,50,61
04/16/2022 01:00:00 PM,138,64,74
04/16/2022 02:00:00 PM,106,47,59
04/16/2022 03:00:00 PM,77,33,44
04/16/2022 04:00:00 PM,83,42,41
04/16/2022 05:00:00 PM,78,35,43
04/16/2022 06:00:00 PM,37,16,21
04/16/2022 07:00:00 PM,48,23,25
04/16/2022 08:00:00 PM,23,9,14
04/16/2022 09:00:00 PM,39,8,31
04/16/2022 10:00:00 PM,20,5,15
04/16/2022 11:00:00 PM,15,9,6
04/17/2022 12:00:00 AM,7,4,3
04/17/2022 01:00:00 AM,12,2,10
04/17/2022 02:00:00 AM,8,4,4
04/17/2022 03:00:00 AM,4,2,2
04/17/2022 04:00:00 AM,2,2,0
04/17/2022 05:00:00 AM,8,3,5
04/17/2022 06:00:00 AM,9,3,6
04/17/2022 07:00:00 AM,12,3,9
04/17/2022 08:00:00 AM,55,13,42
04/17/2022 09:00:00 AM,95,37,58
04/17/2022 10:00:00 AM,148,61,87
04/17/2022 11:00:00 AM,189,92,97
04/17/2022 12:00:00 PM,231,115,116
04/17/2022 01:00:00 PM,250,115,135
04/17/2022 02:00:00 PM,277,137,140
04/17/2022 03:00:00 PM,269,126,143
04/17/2022 04:00:00 PM,233,95,138
04/17/2022 05:00:00 PM,182,102,80
04/17/2022 06:00:00 PM,108,45,63
04/17/2022 07:00:00 PM,61,30,31
04/17/2022 08:00:00 PM,36,13,23
04/17/2022 09:00:00 PM,24,9,15
04/17/2022 10:00:00 PM,6,5,1
04/17/2022 11:00:00 PM,6,1,5
04/18/2022 12:00:00 AM,3,1,2
04/18/2022 01:00:00 AM,0,0,0
04/18/2022 02:00:00 AM,0,0,0
04/18/2022 03:00:00 AM,0,0,0
04/18/2022 04:00:00 AM,3,1,2
04/18/2022 05:00:00 AM,17,5,12
04/18/2022 06:00:00 AM,55,20,35
04/18/2022 07:00:00 AM,116,61,55
04/18/2022 08:00:00 AM,163,65,98
04/18/2022 09:00:00 AM,89,29,60
04/18/2022 10:00:00 AM,57,13,44
04/18/2022 11:00:00 AM,42,24,18
04/18/2022 12:00:00 PM,31,12,19
04/18/2022 01:00:00 PM,20,11,9
04/18/2022 02:00:00 PM,39,16,23
04/18/2022 03:00:00 PM,61,15,46
04/18/2022 04:00:00 PM,108,37,71
04/18/2022 05:00:00 PM,159,39,120
04/18/2022 06:00:00 PM,103,31,72
04/18/2022 07:00:00 PM,45,14,31
04/18/2022 08:00:00 PM,28,10,18
04/18/2022 09:00:00 PM,11,7,4
04/18/2022 10:00:00 PM,20,8,12
04/18/2022 11:00:00 PM,15,5,10
04/19/2022 12:00:00 AM,4,1,3
04/19/2022 01:00:00 AM,1,1,0
04/19/2022 02:00:00 AM,0,0,0
04/19/2022 03:00:00 AM,2,0,2
04/19/2022 04:00:00 AM,9,3,6
04/19/2022 05:00:00 AM,16,7,9
04/19/2022 06:00:00 AM,80,28,52
04/19/2022 07:00:00 AM,147,66,81
04/19/2022 08:00:00 AM,243,107,136
04/19/2022 09:00:00 AM,150,58,92
04/19/2022 10:00:00 AM,94,42,52
04/19/2022 11:00:00 AM,85,45,40
04/19/2022 12:00:00 PM,78,38,40
04/19/2022 01:00:00 PM,101,46,55
04/19/2022 02:00:00 PM,113,50,63
04/19/2022 03:00:00 PM,171,65,106
04/19/2022 04:00:00 PM,268,101,167
04/19/2022 05:00:00 PM,363,117,246
04/19/2022 06:00:00 PM,309,110,199
04/19/2022 07:00:00 PM,149,57,92
04/19/2022 08:00:00 PM,80,24,56
04/19/2022 09:00:00 PM,38,15,23
04/19/2022 10:00:00 PM,24,11,13
04/19/2022 11:00:00 PM,10,4,6
04/20/2022 12:00:00 AM,10,4,6
04/20/2022 01:00:00 AM,1,0,1
04/20/2022 02:00:00 AM,2,1,1
04/20/2022 03:00:00 AM,1,1,0
04/20/2022 04:00:00 AM,5,1,4
04/20/2022 05:00:00 AM,26,10,16
04/20/2022 06:00:00 AM,65,29,36
04/20/2022 07:00:00 AM,184,91,93
04/20/2022 08:00:00 AM,253,113,140
04/20/2022 09:00:00 AM,155,55,100
04/20/2022 10:00:00 AM,91,38,53
04/20/2022 11:00:00 AM,63,26,37
04/20/2022 12:00:00 PM,60,27,33
04/20/2022 01:00:00 PM,50,24,26
04/20/2022 02:00:00 PM,76,25,51
04/20/2022 03:00:00 PM,72,29,43
04/20/2022 04:00:00 PM,149,40,109
04/20/2022 05:00:00 PM,247,70,177
04/20/2022 06:00:00 PM,143,49,94
04/20/2022 07:00:00 PM,63,27,36
04/20/2022 08:00:00 PM,38,12,26
04/20/2022 09:00:00 PM,26,14,12
04/20/2022 10:00:00 PM,15,6,9
04/20/2022 11:00:00 PM,13,4,9
04/21/2022 12:00:00 AM,4,0,4
04/21/2022 01:00:00 AM,2,1,1
04/21/2022 02:00:00 AM,3,1,2
04/21/2022 03:00:00 AM,1,1,0
04/21/2022 04:00:00 AM,9,2,7
04/21/2022 05:00:00 AM,22,8,14
04/21/2022 06:00:00 AM,47,18,29
04/21/2022 07:00:00 AM,153,73,80
04/21/2022 08:00:00 AM,196,88,108
04/21/2022 09:00:00 AM,128,47,81
04/21/2022 10:00:00 AM,61,23,38
04/21/2022 11:00:00 AM,58,26,32
04/21/2022 12:00:00 PM,74,37,37
04/21/2022 01:00:00 PM,77,37,40
04/21/2022 02:00:00 PM,100,42,58
04/21/2022 03:00:00 PM,113,40,73
04/21/2022 04:00:00 PM,172,59,113
04/21/2022 05:00:00 PM,300,99,201
04/21/2022 06:00:00 PM,161,49,112
04/21/2022 07:00:00 PM,55,17,38
04/21/2022 08:00:00 PM,62,27,35
04/21/2022 09:00:00 PM,26,13,13
04/21/2022 10:00:00 PM,15,4,11
04/21/2022 11:00:00 PM,12,7,5
04/22/2022 12:00:00 AM,3,1,2
04/22/2022 01:00:00 AM,1,1,0
04/22/2022 02:00:00 AM,3,3,0
04/22/2022 03:00:00 AM,2,2,0
04/22/2022 04:00:00 AM,4,1,3
04/22/2022 05:00:00 AM,21,10,11
04/22/2022 06:00:00 AM,64,27,37
04/22/2022 07:00:00 AM,123,58,65
04/22/2022 08:00:00 AM,222,94,128
04/22/2022 09:00:00 AM,154,51,103
04/22/2022 10:00:00 AM,96,48,48
04/22/2022 11:00:00 AM,96,45,51
04/22/2022 12:00:00 PM,105,51,54
04/22/2022 01:00:00 PM,125,56,69
04/22/2022 02:00:00 PM,189,75,114
04/22/2022 03:00:00 PM,211,90,121
04/22/2022 04:00:00 PM,304,123,181
04/22/2022 05:00:00 PM,363,143,220
04/22/2022 06:00:00 PM,295,89,206
04/22/2022 07:00:00 PM,154,59,95
04/22/2022 08:00:00 PM,87,30,57
04/22/2022 09:00:00 PM,43,17,26
04/22/2022 10:00:00 PM,35,18,17
04/22/2022 11:00:00 PM,21,3,18
04/23/2022 12:00:00 AM,16,4,12
04/23/2022 01:00:00 AM,14,7,7
04/23/2022 02:00:00 AM,7,3,4
04/23/2022 03:00:00 AM,6,4,2
04/23/2022 04:00:00 AM,2,1,1
04/23/2022 05:00:00 AM,2,0,2
04/23/2022 06:00:00 AM,10,6,4
04/23/2022 07:00:00 AM,30,12,18
04/23/2022 08:00:00 AM,82,33,49
04/23/2022 09:00:00 AM,97,39,58
04/23/2022 10:00:00 AM,136,68,68
04/23/2022 11:00:00 AM,157,46,111
04/23/2022 12:00:00 PM,229,94,135
04/23/2022 01:00:00 PM,236,98,138
04/23/2022 02:00:00 PM,271,112,159
04/23/2022 03:00:00 PM,284,134,150
04/23/2022 04:00:00 PM,297,143,154
04/23/2022 05:00:00 PM,209,95,114
04/23/2022 06:00:00 PM,161,70,91
04/23/2022 07:00:00 PM,151,39,112
04/23/2022 08:00:00 PM,62,31,31
04/23/2022 09:00:00 PM,90,21,69
04/23/2022 10:00:00 PM,31,6,25
04/23/2022 11:00:00 PM,30,13,17
04/24/2022 12:00:00 AM,8,7,1
04/24/2022 01:00:00 AM,9,3,6
04/24/2022 02:00:00 AM,1,0,1
04/24/2022 03:00:00 AM,0,0,0
04/24/2022 04:00:00 AM,1,1,0
04/24/2022 05:00:00 AM,5,3,2
04/24/2022 06:00:00 AM,14,5,9
04/24/2022 07:00:00 AM,28,11,17
04/24/2022 08:00:00 AM,74,34,40
04/24/2022 09:00:00 AM,98,43,55
04/24/2022 10:00:00 AM,186,94,92
04/24/2022 11:00:00 AM,240,111,129
04/24/2022 12:00:00 PM,280,142,138
04/24/2022 01:00:00 PM,323,155,168
04/24/2022 02:00:00 PM,664,464,200
04/24/2022 03:00:00 PM,375,177,198
04/24/2022 04:00:00 PM,292,137,155
04/24/2022 05:00:00 PM,204,115,89
04/24/2022 06:00:00 PM,136,47,89
04/24/2022 07:00:00 PM,90,50,40
04/24/2022 08:00:00 PM,43,15,28
04/24/2022 09:00:00 PM,26,13,13
04/24/2022 10:00:00 PM,12,8,4
04/24/2022 11:00:00 PM,9,4,5
04/25/2022 12:00:00 AM,5,3,2
04/25/2022 01:00:00 AM,1,1,0
04/25/2022 02:00:00 AM,0,0,0
04/25/2022 03:00:00 AM,2,0,2
04/25/2022 04:00:00 AM,3,1,2
04/25/2022 05:00:00 AM,14,5,9
04/25/2022 06:00:00 AM,55,25,30
04/25/2022 07:00:00 AM,157,81,76
04/25/2022 08:00:00 AM,212,87,125
04/25/2022 09:00:00 AM,154,55,99
04/25/2022 10:00:00 AM,63,23,40
04/25/2022 11:00:00 AM,62,30,32
04/25/2022 12:00:00 PM,68,30,38
04/25/2022 01:00:00 PM,69,41,28
04/25/2022 02:00:00 PM,89,44,45
04/25/2022 03:00:00 PM,102,41,61
04/25/2022 04:00:00 PM,191,54,137
04/25/2022 05:00:00 PM,302,91,211
04/25/2022 06:00:00 PM,180,50,130
04/25/2022 07:00:00 PM,100,31,69
04/25/2022 08:00:00 PM,43,16,27
04/25/2022 09:00:00 PM,28,10,18
04/25/2022 10:00:00 PM,20,9,11
04/25/2022 11:00:00 PM,11,3,8
04/26/2022 12:00:00 AM,7,4,3
04/26/2022 01:00:00 AM,2,0,2
04/26/2022 02:00:00 AM,3,3,0
04/26/2022 03:00:00 AM,3,1,2
04/26/2022 04:00:00 AM,7,2,5
04/26/2022 05:00:00 AM,25,12,13
04/26/2022 06:00:00 AM,83,34,49
04/26/2022 07:00:00 AM,200,90,110
04/26/2022 08:00:00 AM,290,112,178
04/26/2022 09:00:00 AM,164,63,101
04/26/2022 10:00:00 AM,84,36,48
04/26/2022 11:00:00 AM,45,14,31
04/26/2022 12:00:00 PM,58,22,36
04/26/2022 01:00:00 PM,63,25,38
04/26/2022 02:00:00 PM,77,27,50
04/26/2022 03:00:00 PM,113,48,65
04/26/2022 04:00:00 PM,221,66,155
04/26/2022 05:00:00 PM,387,107,280
04/26/2022 06:00:00 PM,217,63,154
04/26/2022 07:00:00 PM,130,44,86
04/26/2022 08:00:00 PM,68,30,38
04/26/2022 09:00:00 PM,54,33,21
04/26/2022 10:00:00 PM,23,10,13
04/26/2022 11:00:00 PM,13,1,12
04/27/2022 12:00:00 AM,4,0,4
04/27/2022 01:00:00 AM,1,1,0
04/27/2022 02:00:00 AM,1,0,1
04/27/2022 03:00:00 AM,2,0,2
04/27/2022 04:00:00 AM,6,3,3
04/27/2022 05:00:00 AM,23,12,11
04/27/2022 06:00:00 AM,87,36,51
04/27/2022 07:00:00 AM,226,110,116
04/27/2022 08:00:00 AM,320,136,184
04/27/2022 09:00:00 AM,172,68,104
04/27/2022 10:00:00 AM,117,48,69
04/27/2022 11:00:00 AM,93,36,57
04/27/2022 12:00:00 PM,110,52,58
04/27/2022 01:00:00 PM,108,41,67
04/27/2022 02:00:00 PM,108,47,61
04/27/2022 03:00:00 PM,188,89,99
04/27/2022 04:00:00 PM,296,123,173
04/27/2022 05:00:00 PM,417,116,301
04/27/2022 06:00:00 PM,284,96,188
04/27/2022 07:00:00 PM,140,58,82
04/27/2022 08:00:00 PM,78,27,51
04/27/2022 09:00:00 PM,55,21,34
04/27/2022 10:00:00 PM,33,13,20
04/27/2022 11:00:00 PM,14,5,9
04/28/2022 12:00:00 AM,6,2,4
04/28/2022 01:00:00 AM,3,0,3
04/28/2022 02:00:00 AM,3,0,3
04/28/2022 03:00:00 AM,2,1,1
04/28/2022 04:00:00 AM,9,2,7
04/28/2022 05:00:00 AM,24,9,15
04/28/2022 06:00:00 AM,73,27,46
04/28/2022 07:00:00 AM,205,102,103
04/28/2022 08:00:00 AM,269,101,168
04/28/2022 09:00:00 AM,173,60,113
04/28/2022 10:00:00 AM,97,44,53
04/28/2022 11:00:00 AM,69,34,35
04/28/2022 12:00:00 PM,78,41,37
04/28/2022 01:00:00 PM,73,31,42
04/28/2022 02:00:00 PM,98,50,48
04/28/2022 03:00:00 PM,148,57,91
04/28/2022 04:00:00 PM,283,97,186
04/28/2022 05:00:00 PM,359,101,258
04/28/2022 06:00:00 PM,243,80,163
04/28/2022 07:00:00 PM,155,60,95
04/28/2022 08:00:00 PM,77,26,51
04/28/2022 09:00:00 PM,35,15,20
04/28/2022 10:00:00 PM,21,8,13
04/28/2022 11:00:00 PM,13,4,9
04/29/2022 12:00:00 AM,6,3,3
04/29/2022 01:00:00 AM,2,0,2
04/29/2022 02:00:00 AM,3,2,1
04/29/2022 03:00:00 AM,1,0,1
04/29/2022 04:00:00 AM,11,3,8
04/29/2022 05:00:00 AM,17,9,8
04/29/2022 06:00:00 AM,69,40,29
04/29/2022 07:00:00 AM,139,67,72
04/29/2022 08:00:00 AM,200,82,118
04/29/2022 09:00:00 AM,132,41,91
04/29/2022 10:00:00 AM,79,31,48
04/29/2022 11:00:00 AM,87,42,45
04/29/2022 12:00:00 PM,100,40,60
04/29/2022 01:00:00 PM,219,68,151
04/29/2022 02:00:00 PM,249,75,174
04/29/2022 03:00:00 PM,216,96,120
04/29/2022 04:00:00 PM,271,120,151
04/29/2022 05:00:00 PM,332,126,206
04/29/2022 06:00:00 PM,226,90,136
04/29/2022 07:00:00 PM,126,63,63
04/29/2022 08:00:00 PM,67,34,33
04/29/2022 09:00:00 PM,95,48,47
04/29/2022 10:00:00 PM,40,7,33
04/29/2022 11:00:00 PM,22,9,13
04/30/2022 12:00:00 AM,7,3,4
04/30/2022 01:00:00 AM,6,0,6
04/30/2022 02:00:00 AM,3,2,1
04/30/2022 03:00:00 AM,2,2,0
04/30/2022 04:00:00 AM,2,0,2
04/30/2022 05:00:00 AM,4,3,1
04/30/2022 06:00:00 AM,15,9,6
04/30/2022 07:00:00 AM,17,7,10
04/30/2022 08:00:00 AM,33,15,18
04/30/2022 09:00:00 AM,34,11,23
04/30/2022 10:00:00 AM,49,21,28
04/30/2022 11:00:00 AM,84,35,49
04/30/2022 12:00:00 PM,112,44,68
04/30/2022 01:00:00 PM,171,78,93
04/30/2022 02:00:00 PM,208,112,96
04/30/2022 03:00:00 PM,238,105,133
04/30/2022 04:00:00 PM,255,100,155
04/30/2022 05:00:00 PM,187,85,102
04/30/2022 06:00:00 PM,152,79,73
04/30/2022 07:00:00 PM,164,63,101
04/30/2022 08:00:00 PM,70,33,37
04/30/2022 09:00:00 PM,79,15,64
04/30/2022 10:00:00 PM,40,13,27
04/30/2022 11:00:00 PM,24,9,15
05/01/2022 12:00:00 AM,14,6,8
05/01/2022 01:00:00 AM,9,3,6
05/01/2022 02:00:00 AM,6,2,4
05/01/2022 03:00:00 AM,2,0,2
05/01/2022 04:00:00 AM,4,1,3
05/01/2022 05:00:00 AM,9,3,6
05/01/2022 06:00:00 AM,19,9,10
05/01/2022 07:00:00 AM,22,7,15
05/01/2022 08:00:00 AM,67,33,34
05/01/2022 09:00:00 AM,123,76,47
05/01/2022 10:00:00 AM,167,96,71
05/01/2022 11:00:00 AM,201,106,95
05/01/2022 12:00:00 PM,293,132,161
05/01/2022 01:00:00 PM,308,143,165
05/01/2022 02:00:00 PM,260,119,141
05/01/2022 03:00:00 PM,264,123,141
05/01/2022 04:00:00 PM,280,168,112
05/01/2022 05:00:00 PM,180,86,94
05/01/2022 06:00:00 PM,146,63,83
05/01/2022 07:00:00 PM,74,34,40
05/01/2022 08:00:00 PM,42,17,25
05/01/2022 09:00:00 PM,28,10,18
05/01/2022 10:00:00 PM,14,4,10
05/01/2022 11:00:00 PM,14,5,9
05/02/2022 12:00:00 AM,8,2,6
05/02/2022 01:00:00 AM,0,0,0
05/02/2022 02:00:00 AM,0,0,0
05/02/2022 03:00:00 AM,1,0,1
05/02/2022 04:00:00 AM,5,2,3
05/02/2022 05:00:00 AM,13,4,9
05/02/2022 06:00:00 AM,49,25,24
05/02/2022 07:00:00 AM,92,42,50
05/02/2022 08:00:00 AM,122,49,73
05/02/2022 09:00:00 AM,76,23,53
05/02/2022 10:00:00 AM,49,12,37
05/02/2022 11:00:00 AM,39,17,22
05/02/2022 12:00:00 PM,38,17,21
05/02/2022 01:00:00 PM,54,30,24
05/02/2022 02:00:00 PM,58,27,31
05/02/2022 03:00:00 PM,94,38,56
05/02/2022 04:00:00 PM,140,43,97
05/02/2022 05:00:00 PM,196,49,147
05/02/2022 06:00:00 PM,173,69,104
05/02/2022 07:00:00 PM,62,25,37
05/02/2022 08:00:00 PM,50,21,29
05/02/2022 09:00:00 PM,18,8,10
05/02/2022 10:00:00 PM,17,5,12
05/02/2022 11:00:00 PM,18,5,13
05/03/2022 12:00:00 AM,1,1,0
05/03/2022 01:00:00 AM,1,0,1
05/03/2022 02:00:00 AM,1,1,0
05/03/2022 03:00:00 AM,0,0,0
05/03/2022 04:00:00 AM,9,4,5
05/03/2022 05:00:00 AM,29,12,17
05/03/2022 06:00:00 AM,99,34,65
05/03/2022 07:00:00 AM,188,85,103
05/03/2022 08:00:00 AM,251,118,133
05/03/2022 09:00:00 AM,163,45,118
05/03/2022 10:00:00 AM,80,31,49
05/03/2022 11:00:00 AM,73,28,45
05/03/2022 12:00:00 PM,66,28,38
05/03/2022 01:00:00 PM,71,33,38
05/03/2022 02:00:00 PM,90,40,50
05/03/2022 03:00:00 PM,149,61,88
05/03/2022 04:00:00 PM,227,79,148
05/03/2022 05:00:00 PM,377,83,294
05/03/2022 06:00:00 PM,236,68,168
05/03/2022 07:00:00 PM,121,46,75
05/03/2022 08:00:00 PM,84,24,60
05/03/2022 09:00:00 PM,42,19,23
05/03/2022 10:00:00 PM,26,12,14
05/03/2022 11:00:00 PM,22,3,19
05/04/2022 12:00:00 AM,4,0,4
05/04/2022 01:00:00 AM,8,4,4
05/04/2022 02:00:00 AM,1,0,1
05/04/2022 03:00:00 AM,2,0,2
05/04/2022 04:00:00 AM,8,4,4
05/04/2022 05:00:00 AM,18,8,10
05/04/2022 06:00:00 AM,85,33,52
05/04/2022 07:00:00 AM,219,102,117
05/04/2022 08:00:00 AM,342,155,187
05/04/2022 09:00:00 AM,214,70,144
05/04/2022 10:00:00 AM,113,41,72
05/04/2022 11:00:00 AM,102,53,49
05/04/2022 12:00:00 PM,108,52,56
05/04/2022 01:00:00 PM,109,47,62
05/04/2022 02:00:00 PM,121,50,71
05/04/2022 03:00:00 PM,236,96,140
05/04/2022 04:00:00 PM,355,133,222
05/04/2022 05:00:00 PM,458,147,311
05/04/2022 06:00:00 PM,362,120,242
05/04/2022 07:00:00 PM,160,61,99
05/04/2022 08:00:00 PM,107,38,69
05/04/2022 09:00:00 PM,63,24,39
05/04/2022 10:00:00 PM,48,12,36
05/04/2022 11:00:00 PM,28,7,21
05/05/2022 12:00:00 AM,9,1,8
05/05/2022 01:00:00 AM,3,1,2
05/05/2022 02:00:00 AM,1,0,1
05/05/2022 03:00:00 AM,3,3,0
05/05/2022 04:00:00 AM,5,2,3
05/05/2022 05:00:00 AM,24,9,15
05/05/2022 06:00:00 AM,69,31,38
05/05/2022 07:00:00 AM,173,90,83
05/05/2022 08:00:00 AM,203,78,125
05/05/2022 09:00:00 AM,108,39,69
05/05/2022 10:00:00 AM,44,16,28
05/05/2022 11:00:00 AM,35,20,15
05/05/2022 12:00:00 PM,25,11,14
05/05/2022 01:00:00 PM,31,12,19
05/05/2022 02:00:00 PM,35,15,20
05/05/2022 03:00:00 PM,74,34,40
05/05/2022 04:00:00 PM,153,55,98
05/05/2022 05:00:00 PM,189,51,138
05/05/2022 06:00:00 PM,142,53,89
05/05/2022 07:00:00 PM,71,13,58
05/05/2022 08:00:00 PM,32,12,20
05/05/2022 09:00:00 PM,23,14,9
05/05/2022 10:00:00 PM,20,5,15
05/05/2022 11:00:00 PM,13,6,7
05/06/2022 12:00:00 AM,10,2,8
05/06/2022 01:00:00 AM,1,0,1
05/06/2022 02:00:00 AM,2,1,1
05/06/2022 03:00:00 AM,3,1,2
05/06/2022 04:00:00 AM,4,1,3
05/06/2022 05:00:00 AM,12,1,11
05/06/2022 06:00:00 AM,45,22,23
05/06/2022 07:00:00 AM,117,42,75
05/06/2022 08:00:00 AM,153,69,84
05/06/2022 09:00:00 AM,112,36,76
05/06/2022 10:00:00 AM,54,30,24
05/06/2022 11:00:00 AM,39,18,21
05/06/2022 12:00:00 PM,41,13,28
05/06/2022 01:00:00 PM,24,15,9
05/06/2022 02:00:00 PM,47,20,27
05/06/2022 03:00:00 PM,99,36,63
05/06/2022 04:00:00 PM,167,65,102
05/06/2022 05:00:00 PM,163,49,114
05/06/2022 06:00:00 PM,108,36,72
05/06/2022 07:00:00 PM,59,23,36
05/06/2022 08:00:00 PM,22,7,15
05/06/2022 09:00:00 PM,20,10,10
05/06/2022 10:00:00 PM,26,13,13
05/06/2022 11:00:00 PM,16,3,13
05/07/2022 12:00:00 AM,8,4,4
05/07/2022 01:00:00 AM,7,3,4
05/07/2022 02:00:00 AM,2,0,2
05/07/2022 03:00:00 AM,4,3,1
05/07/2022 04:00:00 AM,2,1,1
05/07/2022 05:00:00 AM,2,0,2
05/07/2022 06:00:00 AM,12,4,8
05/07/2022 07:00:00 AM,22,10,12
05/07/2022 08:00:00 AM,60,31,29
05/07/2022 09:00:00 AM,65,24,41
05/07/2022 10:00:00 AM,107,51,56
05/07/2022 11:00:00 AM,159,81,78
05/07/2022 12:00:00 PM,116,48,68
05/07/2022 01:00:00 PM,182,98,84
05/07/2022 02:00:00 PM,114,57,57
05/07/2022 03:00:00 PM,130,68,62
05/07/2022 04:00:00 PM,101,55,46
05/07/2022 05:00:00 PM,72,38,34
05/07/2022 06:00:00 PM,69,27,42
05/07/2022 07:00:00 PM,45,16,29
05/07/2022 08:00:00 PM,29,13,16
05/07/2022 09:00:00 PM,24,13,11
05/07/2022 10:00:00 PM,13,4,9
05/07/2022 11:00:00 PM,18,10,8
05/08/2022 12:00:00 AM,15,8,7
05/08/2022 01:00:00 AM,7,1,6
05/08/2022 02:00:00 AM,4,1,3
05/08/2022 03:00:00 AM,1,0,1
05/08/2022 04:00:00 AM,3,2,1
05/08/2022 05:00:00 AM,6,2,4
05/08/2022 06:00:00 AM,13,3,10
05/08/2022 07:00:00 AM,30,13,17
05/08/2022 08:00:00 AM,52,24,28
05/08/2022 09:00:00 AM,83,41,42
05/08/2022 10:00:00 AM,133,67,66
05/08/2022 11:00:00 AM,138,84,54
05/08/2022 12:00:00 PM,242,154,88
05/08/2022 01:00:00 PM,157,80,77
05/08/2022 02:00:00 PM,220,108,112
05/08/2022 03:00:00 PM,269,115,154
05/08/2022 04:00:00 PM,196,108,88
05/08/2022 05:00:00 PM,217,93,124
05/08/2022 06:00:00 PM,141,57,84
05/08/2022 07:00:00 PM,88,43,45
05/08/2022 08:00:00 PM,45,21,24
05/08/2022 09:00:00 PM,21,10,11
05/08/2022 10:00:00 PM,13,6,7
05/08/2022 11:00:00 PM,6,2,4
05/09/2022 12:00:00 AM,4,1,3
05/09/2022 01:00:00 AM,2,1,1
05/09/2022 02:00:00 AM,1,0,1
05/09/2022 03:00:00 AM,1,1,0
05/09/2022 04:00:00 AM,2,0,2
05/09/2022 05:00:00 AM,20,7,13
05/09/2022 06:00:00 AM,73,26,47
05/09/2022 07:00:00 AM,180,82,98
05/09/2022 08:00:00 AM,260,99,161
05/09/2022 09:00:00 AM,121,47,74
05/09/2022 10:00:00 AM,68,27,41
05/09/2022 11:00:00 AM,54,26,28
05/09/2022 12:00:00 PM,106,55,51
05/09/2022 01:00:00 PM,98,44,54
05/09/2022 02:00:00 PM,131,44,87
05/09/2022 03:00:00 PM,167,86,81
05/09/2022 04:00:00 PM,244,95,149
05/09/2022 05:00:00 PM,346,96,250
05/09/2022 06:00:00 PM,204,62,142
05/09/2022 07:00:00 PM,116,45,71
05/09/2022 08:00:00 PM,64,27,37
05/09/2022 09:00:00 PM,29,15,14
05/09/2022 10:00:00 PM,19,5,14
05/09/2022 11:00:00 PM,10,4,6
05/10/2022 12:00:00 AM,4,0,4
05/10/2022 01:00:00 AM,1,0,1
05/10/2022 02:00:00 AM,1,1,0
05/10/2022 03:00:00 AM,1,0,1
05/10/2022 04:00:00 AM,7,4,3
05/10/2022 05:00:00 AM,25,11,14
05/10/2022 06:00:00 AM,105,47,58
05/10/2022 07:00:00 AM,200,89,111
05/10/2022 08:00:00 AM,252,107,145
05/10/2022 09:00:00 AM,129,39,90
05/10/2022 10:00:00 AM,89,31,58
05/10/2022 11:00:00 AM,92,40,52
05/10/2022 12:00:00 PM,97,40,57
05/10/2022 01:00:00 PM,120,63,57
05/10/2022 02:00:00 PM,114,47,67
05/10/2022 03:00:00 PM,186,73,113
05/10/2022 04:00:00 PM,308,102,206
05/10/2022 05:00:00 PM,429,146,283
05/10/2022 06:00:00 PM,333,133,200
05/10/2022 07:00:00 PM,257,96,161
05/10/2022 08:00:00 PM,112,48,64
05/10/2022 09:00:00 PM,73,36,37
05/10/2022 10:00:00 PM,42,24,18
05/10/2022 11:00:00 PM,23,6,17
05/11/2022 12:00:00 AM,9,3,6
05/11/2022 01:00:00 AM,0,0,0
05/11/2022 02:00:00 AM,0,0,0
05/11/2022 03:00:00 AM,1,0,1
05/11/2022 04:00:00 AM,7,5,2
05/11/2022 05:00:00 AM,21,8,13
05/11/2022 06:00:00 AM,95,41,54
05/11/2022 07:00:00 AM,240,107,133
05/11/2022 08:00:00 AM,361,151,210
05/11/2022 09:00:00 AM,224,85,139
05/11/2022 10:00:00 AM,131,64,67
05/11/2022 11:00:00 AM,112,51,61
05/11/2022 12:00:00 PM,115,55,60
05/11/2022 01:00:00 PM,120,61,59
05/11/2022 02:00:00 PM,126,52,74
05/11/2022 03:00:00 PM,205,84,121
05/11/2022 04:00:00 PM,306,119,187
05/11/2022 05:00:00 PM,467,139,328
05/11/2022 06:00:00 PM,348,118,230
05/11/2022 07:00:00 PM,174,59,115
05/11/2022 08:00:00 PM,104,44,60
05/11/2022 09:00:00 PM,46,23,23
05/11/2022 10:00:00 PM,29,11,18
05/11/2022 11:00:00 PM,14,5,9
05/12/2022 12:00:00 AM,3,1,2
05/12/2022 01:00:00 AM,3,3,0
05/12/2022 02:00:00 AM,1,1,0
05/12/2022 03:00:00 AM,0,0,0
05/12/2022 04:00:00 AM,4,2,2
05/12/2022 05:00:00 AM,21,5,16
05/12/2022 06:00:00 AM,53,27,26
05/12/2022 07:00:00 AM,151,67,84
05/12/2022 08:00:00 AM,218,86,132
05/12/2022 09:00:00 AM,125,44,81
05/12/2022 10:00:00 AM,57,27,30
05/12/2022 11:00:00 AM,22,11,11
05/12/2022 12:00:00 PM,26,9,17
05/12/2022 01:00:00 PM,22,7,15
05/12/2022 02:00:00 PM,31,10,21
05/12/2022 03:00:00 PM,62,19,43
05/12/2022 04:00:00 PM,116,36,80
05/12/2022 05:00:00 PM,225,45,180
05/12/2022 06:00:00 PM,166,61,105
05/12/2022 07:00:00 PM,93,37,56
05/12/2022 08:00:00 PM,56,22,34
05/12/2022 09:00:00 PM,23,14,9
05/12/2022 10:00:00 PM,24,11,13
05/12/2022 11:00:00 PM,8,3,5
05/13/2022 12:00:00 AM,10,1,9
05/13/2022 01:00:00 AM,2,0,2
05/13/2022 02:00:00 AM,1,0,1
05/13/2022 03:00:00 AM,0,0,0
05/13/2022 04:00:00 AM,5,2,3
05/13/2022 05:00:00 AM,18,5,13
05/13/2022 06:00:00 AM,69,31,38
05/13/2022 07:00:00 AM,152,64,88
05/13/2022 08:00:00 AM,212,94,118
05/13/2022 09:00:00 AM,169,56,113
05/13/2022 10:00:00 AM,106,42,64
05/13/2022 11:00:00 AM,98,57,41
05/13/2022 12:00:00 PM,116,54,62
05/13/2022 01:00:00 PM,123,55,68
05/13/2022 02:00:00 PM,144,61,83
05/13/2022 03:00:00 PM,205,91,114
05/13/2022 04:00:00 PM,262,92,170
05/13/2022 05:00:00 PM,325,95,230
05/13/2022 06:00:00 PM,230,91,139
05/13/2022 07:00:00 PM,118,60,58
05/13/2022 08:00:00 PM,56,28,28
05/13/2022 09:00:00 PM,45,13,32
05/13/2022 10:00:00 PM,46,17,29
05/13/2022 11:00:00 PM,19,5,14
05/14/2022 12:00:00 AM,22,13,9
05/14/2022 01:00:00 AM,10,6,4
05/14/2022 02:00:00 AM,5,4,1
05/14/2022 03:00:00 AM,1,1,0
05/14/2022 04:00:00 AM,1,0,1
05/14/2022 05:00:00 AM,3,1,2
05/14/2022 06:00:00 AM,18,9,9
05/14/2022 07:00:00 AM,20,14,6
05/14/2022 08:00:00 AM,36,16,20
05/14/2022 09:00:00 AM,83,28,55
05/14/2022 10:00:00 AM,84,42,42
05/14/2022 11:00:00 AM,103,54,49
05/14/2022 12:00:00 PM,181,74,107
05/14/2022 01:00:00 PM,225,90,135
05/14/2022 02:00:00 PM,237,113,124
05/14/2022 03:00:00 PM,516,394,122
05/14/2022 04:00:00 PM,252,115,137
05/14/2022 05:00:00 PM,210,88,122
05/14/2022 06:00:00 PM,157,65,92
05/14/2022 07:00:00 PM,159,57,102
05/14/2022 08:00:00 PM,79,33,46
05/14/2022 09:00:00 PM,81,18,63
05/14/2022 10:00:00 PM,34,6,28
05/14/2022 11:00:00 PM,20,10,10
05/15/2022 12:00:00 AM,13,1,12
05/15/2022 01:00:00 AM,4,2,2
05/15/2022 02:00:00 AM,5,3,2
05/15/2022 03:00:00 AM,1,0,1
05/15/2022 04:00:00 AM,1,0,1
05/15/2022 05:00:00 AM,7,2,5
05/15/2022 06:00:00 AM,9,5,4
05/15/2022 07:00:00 AM,16,5,11
05/15/2022 08:00:00 AM,25,15,10
05/15/2022 09:00:00 AM,24,11,13
05/15/2022 10:00:00 AM,38,12,26
05/15/2022 11:00:00 AM,32,21,11
05/15/2022 12:00:00 PM,53,37,16
05/15/2022 01:00:00 PM,31,12,19
05/15/2022 02:00:00 PM,26,7,19
05/15/2022 03:00:00 PM,34,17,17
05/15/2022 04:00:00 PM,18,11,7
05/15/2022 05:00:00 PM,30,12,18
05/15/2022 06:00:00 PM,42,17,25
05/15/2022 07:00:00 PM,49,27,22
05/15/2022 08:00:00 PM,30,11,19
05/15/2022 09:00:00 PM,12,3,9
05/15/2022 10:00:00 PM,12,3,9
05/15/2022 11:00:00 PM,4,0,4
05/16/2022 12:00:00 AM,1,1,0
05/16/2022 01:00:00 AM,0,0,0
05/16/2022 02:00:00 AM,1,1,0
05/16/2022 03:00:00 AM,1,1,0
05/16/2022 04:00:00 AM,7,5,2
05/16/2022 05:00:00 AM,22,9,13
05/16/2022 06:00:00 AM,71,34,37
05/16/2022 07:00:00 AM,202,110,92
05/16/2022 08:00:00 AM,284,116,168
05/16/2022 09:00:00 AM,154,58,96
05/16/2022 10:00:00 AM,98,49,49
05/16/2022 11:00:00 AM,103,50,53
05/16/2022 12:00:00 PM,95,49,46
05/16/2022 01:00:00 PM,100,54,46
05/16/2022 02:00:00 PM,130,49,81
05/16/2022 03:00:00 PM,157,68,89
05/16/2022 04:00:00 PM,277,107,170
05/16/2022 05:00:00 PM,422,142,280
05/16/2022 06:00:00 PM,324,109,215
05/16/2022 07:00:00 PM,194,97,97
05/16/2022 08:00:00 PM,107,52,55
05/16/2022 09:00:00 PM,52,25,27
05/16/2022 10:00:00 PM,25,11,14
05/16/2022 11:00:00 PM,15,5,10
05/17/2022 12:00:00 AM,5,3,2
05/17/2022 01:00:00 AM,0,0,0
05/17/2022 02:00:00 AM,3,3,0
05/17/2022 03:00:00 AM,1,1,0
05/17/2022 04:00:00 AM,8,5,3
05/17/2022 05:00:00 AM,23,8,15
05/17/2022 06:00:00 AM,104,50,54
05/17/2022 07:00:00 AM,219,96,123
05/17/2022 08:00:00 AM,326,140,186
05/17/2022 09:00:00 AM,192,65,127
05/17/2022 10:00:00 AM,110,43,67
05/17/2022 11:00:00 AM,88,43,45
05/17/2022 12:00:00 PM,99,48,51
05/17/2022 01:00:00 PM,107,48,59
05/17/2022 02:00:00 PM,134,63,71
05/17/2022 03:00:00 PM,171,44,127
05/17/2022 04:00:00 PM,292,104,188
05/17/2022 05:00:00 PM,425,128,297
05/17/2022 06:00:00 PM,313,107,206
05/17/2022 07:00:00 PM,166,56,110
05/17/2022 08:00:00 PM,92,33,59
05/17/2022 09:00:00 PM,66,31,35
05/17/2022 10:00:00 PM,26,9,17
05/17/2022 11:00:00 PM,14,5,9
05/18/2022 12:00:00 AM,3,0,3
05/18/2022 01:00:00 AM,2,1,1
05/18/2022 02:00:00 AM,5,0,5
05/18/2022 03:00:00 AM,2,2,0
05/18/2022 04:00:00 AM,6,3,3
05/18/2022 05:00:00 AM,15,5,10
05/18/2022 06:00:00 AM,47,17,30
05/18/2022 07:00:00 AM,140,59,81
05/18/2022 08:00:00 AM,179,79,100
05/18/2022 09:00:00 AM,102,35,67
05/18/2022 10:00:00 AM,56,20,36
05/18/2022 11:00:00 AM,67,25,42
05/18/2022 12:00:00 PM,57,27,30
05/18/2022 01:00:00 PM,84,40,44
05/18/2022 02:00:00 PM,86,34,52
05/18/2022 03:00:00 PM,118,36,82
05/18/2022 04:00:00 PM,215,87,128
05/18/2022 05:00:00 PM,303,97,206
05/18/2022 06:00:00 PM,236,77,159
05/18/2022 07:00:00 PM,132,51,81
05/18/2022 08:00:00 PM,78,24,54
05/18/2022 09:00:00 PM,56,19,37
05/18/2022 10:00:00 PM,22,13,9
05/18/2022 11:00:00 PM,22,8,14
05/19/2022 12:00:00 AM,6,2,4
05/19/2022 01:00:00 AM,0,0,0
05/19/2022 02:00:00 AM,2,1,1
05/19/2022 03:00:00 AM,1,1,0
05/19/2022 04:00:00 AM,9,4,5
05/19/2022 05:00:00 AM,27,7,20
05/19/2022 06:00:00 AM,77,34,43
05/19/2022 07:00:00 AM,228,103,125
05/19/2022 08:00:00 AM,328,145,183
05/19/2022 09:00:00 AM,188,70,118
05/19/2022 10:00:00 AM,98,49,49
05/19/2022 11:00:00 AM,83,43,40
05/19/2022 12:00:00 PM,104,48,56
05/19/2022 01:00:00 PM,107,38,69
05/19/2022 02:00:00 PM,119,50,69
05/19/2022 03:00:00 PM,201,80,121
05/19/2022 04:00:00 PM,308,93,215
05/19/2022 05:00:00 PM,480,154,326
05/19/2022 06:00:00 PM,338,119,219
05/19/2022 07:00:00 PM,172,79,93
05/19/2022 08:00:00 PM,125,54,71
05/19/2022 09:00:00 PM,43,21,22
05/19/2022 10:00:00 PM,41,16,25
05/19/2022 11:00:00 PM,14,6,8
05/20/2022 12:00:00 AM,13,6,7
05/20/2022 01:00:00 AM,4,2,2
05/20/2022 02:00:00 AM,2,0,2
05/20/2022 03:00:00 AM,0,0,0
05/20/2022 04:00:00 AM,2,0,2
05/20/2022 05:00:00 AM,27,9,18
05/20/2022 06:00:00 AM,94,33,61
05/20/2022 07:00:00 AM,222,91,131
05/20/2022 08:00:00 AM,310,119,191
05/20/2022 09:00:00 AM,193,65,128
05/20/2022 10:00:00 AM,93,49,44
05/20/2022 11:00:00 AM,83,32,51
05/20/2022 12:00:00 PM,103,46,57
05/20/2022 01:00:00 PM,114,54,60
05/20/2022 02:00:00 PM,151,69,82
05/20/2022 03:00:00 PM,197,77,120
05/20/2022 04:00:00 PM,310,108,202
05/20/2022 05:00:00 PM,369,130,239
05/20/2022 06:00:00 PM,292,107,185
05/20/2022 07:00:00 PM,176,73,103
05/20/2022 08:00:00 PM,113,50,63
05/20/2022 09:00:00 PM,62,29,33
05/20/2022 10:00:00 PM,50,24,26
05/20/2022 11:00:00 PM,26,16,10
05/21/2022 12:00:00 AM,14,5,9
05/21/2022 01:00:00 AM,12,7,5
05/21/2022 02:00:00 AM,5,3,2
05/21/2022 03:00:00 AM,3,2,1
05/21/2022 04:00:00 AM,8,3,5
05/21/2022 05:00:00 AM,17,8,9
05/21/2022 06:00:00 AM,22,9,13
05/21/2022 07:00:00 AM,39,24,15
05/21/2022 08:00:00 AM,101,45,56
05/21/2022 09:00:00 AM,133,64,69
05/21/2022 10:00:00 AM,194,66,128
05/21/2022 11:00:00 AM,231,82,149
05/21/2022 12:00:00 PM,235,100,135
05/21/2022 01:00:00 PM,310,150,160
05/21/2022 02:00:00 PM,367,188,179
05/21/2022 03:00:00 PM,320,130,190
05/21/2022 04:00:00 PM,313,159,154
05/21/2022 05:00:00 PM,235,121,114
05/21/2022 06:00:00 PM,215,97,118
05/21/2022 07:00:00 PM,230,94,136
05/21/2022 08:00:00 PM,133,71,62
05/21/2022 09:00:00 PM,169,27,142
05/21/2022 10:00:00 PM,74,21,53
05/21/2022 11:00:00 PM,38,13,25
05/22/2022 12:00:00 AM,21,9,12
05/22/2022 01:00:00 AM,15,6,9
05/22/2022 02:00:00 AM,4,0,4
05/22/2022 03:00:00 AM,0,0,0
05/22/2022 04:00:00 AM,3,1,2
05/22/2022 05:00:00 AM,5,0,5
05/22/2022 06:00:00 AM,15,8,7
05/22/2022 07:00:00 AM,36,16,20
05/22/2022 08:00:00 AM,95,46,49
05/22/2022 09:00:00 AM,144,68,76
05/22/2022 10:00:00 AM,210,95,115
05/22/2022 11:00:00 AM,264,110,154
05/22/2022 12:00:00 PM,319,146,173
05/22/2022 01:00:00 PM,341,168,173
05/22/2022 02:00:00 PM,374,186,188
05/22/2022 03:00:00 PM,298,144,154
05/22/2022 04:00:00 PM,291,149,142
05/22/2022 05:00:00 PM,244,123,121
05/22/2022 06:00:00 PM,230,125,105
05/22/2022 07:00:00 PM,116,58,58
05/22/2022 08:00:00 PM,87,32,55
05/22/2022 09:00:00 PM,41,22,19
05/22/2022 10:00:00 PM,22,8,14
05/22/2022 11:00:00 PM,15,6,9
05/23/2022 12:00:00 AM,6,2,4
05/23/2022 01:00:00 AM,1,0,1
05/23/2022 02:00:00 AM,0,0,0
05/23/2022 03:00:00 AM,1,1,0
05/23/2022 04:00:00 AM,4,1,3
05/23/2022 05:00:00 AM,25,10,15
05/23/2022 06:00:00 AM,69,34,35
05/23/2022 07:00:00 AM,185,94,91
05/23/2022 08:00:00 AM,272,112,160
05/23/2022 09:00:00 AM,161,49,112
05/23/2022 10:00:00 AM,82,37,45
05/23/2022 11:00:00 AM,73,37,36
05/23/2022 12:00:00 PM,112,57,55
05/23/2022 01:00:00 PM,112,59,53
05/23/2022 02:00:00 PM,122,42,80
05/23/2022 03:00:00 PM,164,67,97
05/23/2022 04:00:00 PM,256,86,170
05/23/2022 05:00:00 PM,393,119,274
05/23/2022 06:00:00 PM,263,95,168
05/23/2022 07:00:00 PM,145,55,90
05/23/2022 08:00:00 PM,105,44,61
05/23/2022 09:00:00 PM,43,21,22
05/23/2022 10:00:00 PM,33,9,24
05/23/2022 11:00:00 PM,10,2,8
05/24/2022 12:00:00 AM,11,4,7
05/24/2022 01:00:00 AM,5,2,3
05/24/2022 02:00:00 AM,3,3,0
05/24/2022 03:00:00 AM,4,2,2
05/24/2022 04:00:00 AM,8,4,4
05/24/2022 05:00:00 AM,28,12,16
05/24/2022 06:00:00 AM,107,50,57
05/24/2022 07:00:00 AM,270,122,148
05/24/2022 08:00:00 AM,349,148,201
05/24/2022 09:00:00 AM,203,79,124
05/24/2022 10:00:00 AM,100,46,54
05/24/2022 11:00:00 AM,90,49,41
05/24/2022 12:00:00 PM,102,34,68
05/24/2022 01:00:00 PM,112,44,68
05/24/2022 02:00:00 PM,128,62,66
05/24/2022 03:00:00 PM,170,65,105
05/24/2022 04:00:00 PM,290,88,202
05/24/2022 05:00:00 PM,426,124,302
05/24/2022 06:00:00 PM,229,72,157
05/24/2022 07:00:00 PM,119,45,74
05/24/2022 08:00:00 PM,44,17,27
05/24/2022 09:00:00 PM,38,18,20
05/24/2022 10:00:00 PM,37,11,26
05/24/2022 11:00:00 PM,15,8,7
05/25/2022 12:00:00 AM,4,1,3
05/25/2022 01:00:00 AM,1,0,1
05/25/2022 02:00:00 AM,1,0,1
05/25/2022 03:00:00 AM,3,3,0
05/25/2022 04:00:00 AM,8,4,4
05/25/2022 05:00:00 AM,30,13,17
05/25/2022 06:00:00 AM,93,48,45
05/25/2022 07:00:00 AM,243,115,128
05/25/2022 08:00:00 AM,290,111,179
05/25/2022 09:00:00 AM,206,65,141
05/25/2022 10:00:00 AM,105,44,61
05/25/2022 11:00:00 AM,107,54,53
05/25/2022 12:00:00 PM,129,53,76
05/25/2022 01:00:00 PM,91,40,51
05/25/2022 02:00:00 PM,128,56,72
05/25/2022 03:00:00 PM,237,98,139
05/25/2022 04:00:00 PM,329,126,203
05/25/2022 05:00:00 PM,470,152,318
05/25/2022 06:00:00 PM,366,122,244
05/25/2022 07:00:00 PM,240,96,144
05/25/2022 08:00:00 PM,142,52,90
05/25/2022 09:00:00 PM,71,33,38
05/25/2022 10:00:00 PM,47,17,30
05/25/2022 11:00:00 PM,15,4,11
05/26/2022 12:00:00 AM,6,1,5
05/26/2022 01:00:00 AM,3,2,1
05/26/2022 02:00:00 AM,3,2,1
05/26/2022 03:00:00 AM,4,1,3
05/26/2022 04:00:00 AM,10,3,7
05/26/2022 05:00:00 AM,27,8,19
05/26/2022 06:00:00 AM,83,36,47
05/26/2022 07:00:00 AM,189,86,103
05/26/2022 08:00:00 AM,310,133,177
05/26/2022 09:00:00 AM,148,60,88
05/26/2022 10:00:00 AM,86,45,41
05/26/2022 11:00:00 AM,69,30,39
05/26/2022 12:00:00 PM,90,33,57
05/26/2022 01:00:00 PM,102,43,59
05/26/2022 02:00:00 PM,105,42,63
05/26/2022 03:00:00 PM,156,63,93
05/26/2022 04:00:00 PM,248,78,170
05/26/2022 05:00:00 PM,301,72,229
05/26/2022 06:00:00 PM,189,61,128
05/26/2022 07:00:00 PM,101,34,67
05/26/2022 08:00:00 PM,42,13,29
05/26/2022 09:00:00 PM,33,16,17
05/26/2022 10:00:00 PM,30,17,13
05/26/2022 11:00:00 PM,20,9,11
05/27/2022 12:00:00 AM,7,1,6
05/27/2022 01:00:00 AM,7,4,3
05/27/2022 02:00:00 AM,5,4,1
05/27/2022 03:00:00 AM,1,1,0
05/27/2022 04:00:00 AM,6,0,6
05/27/2022 05:00:00 AM,17,4,13
05/27/2022 06:00:00 AM,62,29,33
05/27/2022 07:00:00 AM,134,59,75
05/27/2022 08:00:00 AM,193,77,116
05/27/2022 09:00:00 AM,137,52,85
05/27/2022 10:00:00 AM,101,46,55
05/27/2022 11:00:00 AM,103,42,61
05/27/2022 12:00:00 PM,118,53,65
05/27/2022 01:00:00 PM,125,46,79
05/27/2022 02:00:00 PM,167,73,94
05/27/2022 03:00:00 PM,224,113,111
05/27/2022 04:00:00 PM,232,78,154
05/27/2022 05:00:00 PM,285,110,175
05/27/2022 06:00:00 PM,201,71,130
05/27/2022 07:00:00 PM,146,53,93
05/27/2022 08:00:00 PM,83,32,51
05/27/2022 09:00:00 PM,53,26,27
05/27/2022 10:00:00 PM,56,21,35
05/27/2022 11:00:00 PM,23,13,10
05/28/2022 12:00:00 AM,16,3,13
05/28/2022 01:00:00 AM,15,8,7
05/28/2022 02:00:00 AM,7,4,3
05/28/2022 03:00:00 AM,3,0,3
05/28/2022 04:00:00 AM,3,1,2
05/28/2022 05:00:00 AM,8,2,6
05/28/2022 06:00:00 AM,24,14,10
05/28/2022 07:00:00 AM,32,15,17
05/28/2022 08:00:00 AM,45,20,25
05/28/2022 09:00:00 AM,49,19,30
05/28/2022 10:00:00 AM,86,35,51
05/28/2022 11:00:00 AM,136,59,77
05/28/2022 12:00:00 PM,112,41,71
05/28/2022 01:00:00 PM,123,51,72
05/28/2022 02:00:00 PM,124,45,79
05/28/2022 03:00:00 PM,82,39,43
05/28/2022 04:00:00 PM,113,47,66
05/28/2022 05:00:00 PM,52,15,37
05/28/2022 06:00:00 PM,51,23,28
05/28/2022 07:00:00 PM,29,9,20
05/28/2022 08:00:00 PM,25,7,18
05/28/2022 09:00:00 PM,22,11,11
05/28/2022 10:00:00 PM,18,7,11
05/28/2022 11:00:00 PM,7,2,5
05/29/2022 12:00:00 AM,1,1,0
05/29/2022 01:00:00 AM,8,2,6
05/29/2022 02:00:00 AM,3,0,3
05/29/2022 03:00:00 AM,3,1,2
05/29/2022 04:00:00 AM,2,0,2
05/29/2022 05:00:00 AM,7,1,6
05/29/2022 06:00:00 AM,9,3,6
05/29/2022 07:00:00 AM,15,4,11
05/29/2022 08:00:00 AM,17,8,9
05/29/2022 09:00:00 AM,68,29,39
05/29/2022 10:00:00 AM,91,30,61
05/29/2022 11:00:00 AM,89,29,60
05/29/2022 12:00:00 PM,110,40,70
05/29/2022 01:00:00 PM,97,45,52
05/29/2022 02:00:00 PM,60,18,42
05/29/2022 03:00:00 PM,41,17,24
05/29/2022 04:00:00 PM,13,3,10
05/29/2022 05:00:00 PM,28,6,22
05/29/2022 06:00:00 PM,21,12,9
05/29/2022 07:00:00 PM,14,6,8
05/29/2022 08:00:00 PM,8,3,5
05/29/2022 09:00:00 PM,7,2,5
05/29/2022 10:00:00 PM,10,3,7
05/29/2022 11:00:00 PM,11,5,6
05/30/2022 12:00:00 AM,2,0,2
05/30/2022 01:00:00 AM,0,0,0
05/30/2022 02:00:00 AM,0,0,0
05/30/2022 03:00:00 AM,3,1,2
05/30/2022 04:00:00 AM,3,2,1
05/30/2022 05:00:00 AM,5,0,5
05/30/2022 06:00:00 AM,17,7,10
05/30/2022 07:00:00 AM,37,12,25
05/30/2022 08:00:00 AM,70,29,41
05/30/2022 09:00:00 AM,121,59,62
05/30/2022 10:00:00 AM,151,63,88
05/30/2022 11:00:00 AM,196,93,103
05/30/2022 12:00:00 PM,227,120,107
05/30/2022 01:00:00 PM,252,122,130
05/30/2022 02:00:00 PM,255,124,131
05/30/2022 03:00:00 PM,249,115,134
05/30/2022 04:00:00 PM,223,106,117
05/30/2022 05:00:00 PM,176,66,110
05/30/2022 06:00:00 PM,142,48,94
05/30/2022 07:00:00 PM,70,32,38
05/30/2022 08:00:00 PM,65,28,37
05/30/2022 09:00:00 PM,46,15,31
05/30/2022 10:00:00 PM,28,9,19
05/30/2022 11:00:00 PM,10,4,6
05/31/2022 12:00:00 AM,5,1,4
05/31/2022 01:00:00 AM,2,0,2
05/31/2022 02:00:00 AM,1,1,0
05/31/2022 03:00:00 AM,2,1,1
05/31/2022 04:00:00 AM,9,3,6
05/31/2022 05:00:00 AM,32,12,20
05/31/2022 06:00:00 AM,99,35,64
05/31/2022 07:00:00 AM,251,113,138
05/31/2022 08:00:00 AM,322,141,181
05/31/2022 09:00:00 AM,190,81,109
05/31/2022 10:00:00 AM,106,43,63
05/31/2022 11:00:00 AM,86,33,53
05/31/2022 12:00:00 PM,104,49,55
05/31/2022 01:00:00 PM,123,48,75
05/31/2022 02:00:00 PM,144,57,87
05/31/2022 03:00:00 PM,201,82,119
05/31/2022 04:00:00 PM,328,108,220
05/31/2022 05:00:00 PM,489,167,322
05/31/2022 06:00:00 PM,397,146,251
05/31/2022 07:00:00 PM,213,82,131
05/31/2022 08:00:00 PM,159,66,93
05/31/2022 09:00:00 PM,81,38,43
05/31/2022 10:00:00 PM,24,10,14
05/31/2022 11:00:00 PM,14,8,6
06/01/2022 12:00:00 AM,5,0,5
06/01/2022 01:00:00 AM,2,0,2
06/01/2022 02:00:00 AM,2,2,0
06/01/2022 03:00:00 AM,0,0,0
06/01/2022 04:00:00 AM,9,5,4
06/01/2022 05:00:00 AM,41,14,27
06/01/2022 06:00:00 AM,115,55,60
06/01/2022 07:00:00 AM,272,128,144
06/01/2022 08:00:00 AM,373,145,228
06/01/2022 09:00:00 AM,223,86,137
06/01/2022 10:00:00 AM,139,50,89
06/01/2022 11:00:00 AM,98,38,60
06/01/2022 12:00:00 PM,121,66,55
06/01/2022 01:00:00 PM,137,67,70
06/01/2022 02:00:00 PM,142,51,91
06/01/2022 03:00:00 PM,198,68,130
06/01/2022 04:00:00 PM,304,99,205
06/01/2022 05:00:00 PM,505,126,379
06/01/2022 06:00:00 PM,265,91,174
06/01/2022 07:00:00 PM,162,61,101
06/01/2022 08:00:00 PM,84,35,49
06/01/2022 09:00:00 PM,49,16,33
06/01/2022 10:00:00 PM,41,10,31
06/01/2022 11:00:00 PM,18,6,12
06/02/2022 12:00:00 AM,11,3,8
06/02/2022 01:00:00 AM,2,0,2
06/02/2022 02:00:00 AM,3,0,3
06/02/2022 03:00:00 AM,4,2,2
06/02/2022 04:00:00 AM,9,3,6
06/02/2022 05:00:00 AM,27,11,16
06/02/2022 06:00:00 AM,105,47,58
06/02/2022 07:00:00 AM,242,101,141
06/02/2022 08:00:00 AM,318,138,180
06/02/2022 09:00:00 AM,217,86,131
06/02/2022 10:00:00 AM,100,47,53
06/02/2022 11:00:00 AM,130,56,74
06/02/2022 12:00:00 PM,117,54,63
06/02/2022 01:00:00 PM,135,57,78
06/02/2022 02:00:00 PM,125,47,78
06/02/2022 03:00:00 PM,166,60,106
06/02/2022 04:00:00 PM,257,81,176
06/02/2022 05:00:00 PM,405,115,290
06/02/2022 06:00:00 PM,230,61,169
06/02/2022 07:00:00 PM,102,42,60
06/02/2022 08:00:00 PM,72,25,47
06/02/2022 09:00:00 PM,65,19,46
06/02/2022 10:00:00 PM,38,13,25
06/02/2022 11:00:00 PM,16,10,6
06/03/2022 12:00:00 AM,10,3,7
06/03/2022 01:00:00 AM,7,4,3
06/03/2022 02:00:00 AM,1,1,0
06/03/2022 03:00:00 AM,2,1,1
06/03/2022 04:00:00 AM,6,2,4
06/03/2022 05:00:00 AM,19,10,9
06/03/2022 06:00:00 AM,31,16,15
06/03/2022 07:00:00 AM,80,27,53
06/03/2022 08:00:00 AM,144,65,79
06/03/2022 09:00:00 AM,77,28,49
06/03/2022 10:00:00 AM,42,22,20
06/03/2022 11:00:00 AM,60,25,35
06/03/2022 12:00:00 PM,52,27,25
06/03/2022 01:00:00 PM,53,25,28
06/03/2022 02:00:00 PM,78,32,46
06/03/2022 03:00:00 PM,113,51,62
06/03/2022 04:00:00 PM,167,62,105
06/03/2022 05:00:00 PM,253,77,176
06/03/2022 06:00:00 PM,183,75,108
06/03/2022 07:00:00 PM,99,48,51
06/03/2022 08:00:00 PM,33,16,17
06/03/2022 09:00:00 PM,42,12,30
06/03/2022 10:00:00 PM,30,5,25
06/03/2022 11:00:00 PM,28,8,20
06/04/2022 12:00:00 AM,8,3,5
06/04/2022 01:00:00 AM,7,5,2
06/04/2022 02:00:00 AM,3,0,3
06/04/2022 03:00:00 AM,5,4,1
06/04/2022 04:00:00 AM,4,0,4
06/04/2022 05:00:00 AM,5,0,5
06/04/2022 06:00:00 AM,18,7,11
06/04/2022 07:00:00 AM,30,15,15
06/04/2022 08:00:00 AM,88,36,52
06/04/2022 09:00:00 AM,130,55,75
06/04/2022 10:00:00 AM,225,92,133
06/04/2022 11:00:00 AM,275,135,140
06/04/2022 12:00:00 PM,306,149,157
06/04/2022 01:00:00 PM,271,147,124
06/04/2022 02:00:00 PM,272,160,112
06/04/2022 03:00:00 PM,221,108,113
06/04/2022 04:00:00 PM,135,67,68
06/04/2022 05:00:00 PM,80,41,39
06/04/2022 06:00:00 PM,88,43,45
06/04/2022 07:00:00 PM,58,29,29
06/04/2022 08:00:00 PM,25,13,12
06/04/2022 09:00:00 PM,19,10,9
06/04/2022 10:00:00 PM,11,4,7
06/04/2022 11:00:00 PM,18,12,6
06/05/2022 12:00:00 AM,17,7,10
06/05/2022 01:00:00 AM,9,4,5
06/05/2022 02:00:00 AM,6,3,3
06/05/2022 03:00:00 AM,0,0,0
06/05/2022 04:00:00 AM,2,0,2
06/05/2022 05:00:00 AM,7,1,6
06/05/2022 06:00:00 AM,12,4,8
06/05/2022 07:00:00 AM,7,5,2
06/05/2022 08:00:00 AM,15,6,9
06/05/2022 09:00:00 AM,18,11,7
06/05/2022 10:00:00 AM,65,31,34
06/05/2022 11:00:00 AM,108,50,58
06/05/2022 12:00:00 PM,119,48,71
06/05/2022 01:00:00 PM,133,64,69
06/05/2022 02:00:00 PM,154,73,81
06/05/2022 03:00:00 PM,133,64,69
06/05/2022 04:00:00 PM,128,56,72
06/05/2022 05:00:00 PM,143,79,64
06/05/2022 06:00:00 PM,86,39,47
06/05/2022 07:00:00 PM,62,21,41
06/05/2022 08:00:00 PM,55,27,28
06/05/2022 09:00:00 PM,27,14,13
06/05/2022 10:00:00 PM,21,9,12
06/05/2022 11:00:00 PM,6,2,4
06/06/2022 12:00:00 AM,6,4,2
06/06/2022 01:00:00 AM,3,1,2
06/06/2022 02:00:00 AM,2,0,2
06/06/2022 03:00:00 AM,0,0,0
06/06/2022 04:00:00 AM,5,1,4
06/06/2022 05:00:00 AM,30,12,18
06/06/2022 06:00:00 AM,94,47,47
06/06/2022 07:00:00 AM,191,83,108
06/06/2022 08:00:00 AM,276,109,167
06/06/2022 09:00:00 AM,152,55,97
06/06/2022 10:00:00 AM,99,43,56
06/06/2022 11:00:00 AM,103,43,60
06/06/2022 12:00:00 PM,136,55,81
06/06/2022 01:00:00 PM,110,41,69
06/06/2022 02:00:00 PM,159,60,99
06/06/2022 03:00:00 PM,163,66,97
06/06/2022 04:00:00 PM,282,95,187
06/06/2022 05:00:00 PM,448,145,303
06/06/2022 06:00:00 PM,357,118,239
06/06/2022 07:00:00 PM,189,79,110
06/06/2022 08:00:00 PM,126,55,71
06/06/2022 09:00:00 PM,58,23,35
06/06/2022 10:00:00 PM,31,18,13
06/06/2022 11:00:00 PM,17,8,9
06/07/2022 12:00:00 AM,3,1,2
06/07/2022 01:00:00 AM,2,1,1
06/07/2022 02:00:00 AM,2,2,0
06/07/2022 03:00:00 AM,2,1,1
06/07/2022 04:00:00 AM,8,3,5
06/07/2022 05:00:00 AM,37,18,19
06/07/2022 06:00:00 AM,120,48,72
06/07/2022 07:00:00 AM,316,136,180
06/07/2022 08:00:00 AM,390,167,223
06/07/2022 09:00:00 AM,232,99,133
06/07/2022 10:00:00 AM,180,86,94
06/07/2022 11:00:00 AM,148,70,78
06/07/2022 12:00:00 PM,134,67,67
06/07/2022 01:00:00 PM,143,55,88
06/07/2022 02:00:00 PM,191,87,104
06/07/2022 03:00:00 PM,248,79,169
06/07/2022 04:00:00 PM,393,132,261
06/07/2022 05:00:00 PM,585,192,393
06/07/2022 06:00:00 PM,386,130,256
06/07/2022 07:00:00 PM,225,95,130
06/07/2022 08:00:00 PM,152,66,86
06/07/2022 09:00:00 PM,71,22,49
06/07/2022 10:00:00 PM,51,15,36
06/07/2022 11:00:00 PM,27,8,19
06/08/2022 12:00:00 AM,14,8,6
06/08/2022 01:00:00 AM,5,2,3
06/08/2022 02:00:00 AM,2,1,1
06/08/2022 03:00:00 AM,6,3,3
06/08/2022 04:00:00 AM,9,3,6
06/08/2022 05:00:00 AM,31,11,20
06/08/2022 06:00:00 AM,97,45,52
06/08/2022 07:00:00 AM,259,114,145
06/08/2022 08:00:00 AM,360,151,209
06/08/2022 09:00:00 AM,211,70,141
06/08/2022 10:00:00 AM,116,51,65
06/08/2022 11:00:00 AM,103,37,66
06/08/2022 12:00:00 PM,112,47,65
06/08/2022 01:00:00 PM,137,54,83
06/08/2022 02:00:00 PM,157,70,87
06/08/2022 03:00:00 PM,164,66,98
06/08/2022 04:00:00 PM,355,114,241
06/08/2022 05:00:00 PM,545,157,388
06/08/2022 06:00:00 PM,384,148,236
06/08/2022 07:00:00 PM,252,100,152
06/08/2022 08:00:00 PM,177,85,92
06/08/2022 09:00:00 PM,119,58,61
06/08/2022 10:00:00 PM,51,22,29
06/08/2022 11:00:00 PM,36,12,24
06/09/2022 12:00:00 AM,7,2,5
06/09/2022 01:00:00 AM,5,2,3
06/09/2022 02:00:00 AM,2,1,1
06/09/2022 03:00:00 AM,5,2,3
06/09/2022 04:00:00 AM,14,5,9
06/09/2022 05:00:00 AM,23,8,15
06/09/2022 06:00:00 AM,63,31,32
06/09/2022 07:00:00 AM,155,70,85
06/09/2022 08:00:00 AM,184,77,107
06/09/2022 09:00:00 AM,99,29,70
06/09/2022 10:00:00 AM,42,18,24
06/09/2022 11:00:00 AM,37,22,15
06/09/2022 12:00:00 PM,28,10,18
06/09/2022 01:00:00 PM,17,5,12
06/09/2022 02:00:00 PM,39,20,19
06/09/2022 03:00:00 PM,45,15,30
06/09/2022 04:00:00 PM,94,25,69
06/09/2022 05:00:00 PM,179,33,146
06/09/2022 06:00:00 PM,98,25,73
06/09/2022 07:00:00 PM,43,15,28
06/09/2022 08:00:00 PM,27,4,23
06/09/2022 09:00:00 PM,10,5,5
06/09/2022 10:00:00 PM,11,5,6
06/09/2022 11:00:00 PM,12,8,4
06/10/2022 12:00:00 AM,5,1,4
06/10/2022 01:00:00 AM,0,0,0
06/10/2022 02:00:00 AM,0,0,0
06/10/2022 03:00:00 AM,1,0,1
06/10/2022 04:00:00 AM,8,2,6
06/10/2022 05:00:00 AM,18,6,12
06/10/2022 06:00:00 AM,61,27,34
06/10/2022 07:00:00 AM,143,58,85
06/10/2022 08:00:00 AM,198,81,117
06/10/2022 09:00:00 AM,151,65,86
06/10/2022 10:00:00 AM,110,48,62
06/10/2022 11:00:00 AM,137,63,74
06/10/2022 12:00:00 PM,107,49,58
06/10/2022 01:00:00 PM,118,57,61
06/10/2022 02:00:00 PM,121,45,76
06/10/2022 03:00:00 PM,132,51,81
06/10/2022 04:00:00 PM,176,62,114
06/10/2022 05:00:00 PM,168,42,126
06/10/2022 06:00:00 PM,113,40,73
06/10/2022 07:00:00 PM,53,25,28
06/10/2022 08:00:00 PM,23,8,15
06/10/2022 09:00:00 PM,28,15,13
06/10/2022 10:00:00 PM,21,6,15
06/10/2022 11:00:00 PM,25,8,17
06/11/2022 12:00:00 AM,10,6,4
06/11/2022 01:00:00 AM,4,2,2
06/11/2022 02:00:00 AM,3,0,3
06/11/2022 03:00:00 AM,3,1,2
06/11/2022 04:00:00 AM,2,0,2
06/11/2022 05:00:00 AM,10,2,8
06/11/2022 06:00:00 AM,27,10,17
06/11/2022 07:00:00 AM,36,19,17
06/11/2022 08:00:00 AM,95,41,54
06/11/2022 09:00:00 AM,117,46,71
06/11/2022 10:00:00 AM,153,68,85
06/11/2022 11:00:00 AM,254,127,127
06/11/2022 12:00:00 PM,228,95,133
06/11/2022 01:00:00 PM,282,149,133
06/11/2022 02:00:00 PM,338,153,185
06/11/2022 03:00:00 PM,340,178,162
06/11/2022 04:00:00 PM,286,139,147
06/11/2022 05:00:00 PM,282,145,137
06/11/2022 06:00:00 PM,230,110,120
06/11/2022 07:00:00 PM,233,75,158
06/11/2022 08:00:00 PM,121,61,60
06/11/2022 09:00:00 PM,130,38,92
06/11/2022 10:00:00 PM,50,13,37
06/11/2022 11:00:00 PM,37,24,13
06/12/2022 12:00:00 AM,36,9,27
06/12/2022 01:00:00 AM,15,4,11
06/12/2022 02:00:00 AM,3,1,2
06/12/2022 03:00:00 AM,3,1,2
06/12/2022 04:00:00 AM,7,4,3
06/12/2022 05:00:00 AM,8,4,4
06/12/2022 06:00:00 AM,27,8,19
06/12/2022 07:00:00 AM,25,10,15
06/12/2022 08:00:00 AM,39,12,27
06/12/2022 09:00:00 AM,60,31,29
06/12/2022 10:00:00 AM,72,30,42
06/12/2022 11:00:00 AM,91,44,47
06/12/2022 12:00:00 PM,115,50,65
06/12/2022 01:00:00 PM,152,65,87
06/12/2022 02:00:00 PM,143,61,82
06/12/2022 03:00:00 PM,185,80,105
06/12/2022 04:00:00 PM,145,72,73
06/12/2022 05:00:00 PM,99,41,58
06/12/2022 06:00:00 PM,44,23,21
06/12/2022 07:00:00 PM,50,21,29
06/12/2022 08:00:00 PM,23,7,16
06/12/2022 09:00:00 PM,19,9,10
06/12/2022 10:00:00 PM,6,4,2
06/12/2022 11:00:00 PM,9,4,5
06/13/2022 12:00:00 AM,3,2,1
06/13/2022 01:00:00 AM,4,0,4
06/13/2022 02:00:00 AM,2,2,0
06/13/2022 03:00:00 AM,2,2,0
06/13/2022 04:00:00 AM,4,3,1
06/13/2022 05:00:00 AM,21,8,13
06/13/2022 06:00:00 AM,73,34,39
06/13/2022 07:00:00 AM,161,72,89
06/13/2022 08:00:00 AM,222,90,132
06/13/2022 09:00:00 AM,123,38,85
06/13/2022 10:00:00 AM,80,38,42
06/13/2022 11:00:00 AM,64,26,38
06/13/2022 12:00:00 PM,88,43,45
06/13/2022 01:00:00 PM,74,29,45
06/13/2022 02:00:00 PM,83,34,49
06/13/2022 03:00:00 PM,106,45,61
06/13/2022 04:00:00 PM,208,62,146
06/13/2022 05:00:00 PM,306,93,213
06/13/2022 06:00:00 PM,194,63,131
06/13/2022 07:00:00 PM,113,38,75
06/13/2022 08:00:00 PM,71,24,47
06/13/2022 09:00:00 PM,27,12,15
06/13/2022 10:00:00 PM,24,11,13
06/13/2022 11:00:00 PM,19,7,12
06/14/2022 12:00:00 AM,5,3,2
06/14/2022 01:00:00 AM,3,2,1
06/14/2022 02:00:00 AM,1,0,1
06/14/2022 03:00:00 AM,4,0,4
06/14/2022 04:00:00 AM,6,1,5
06/14/2022 05:00:00 AM,20,11,9
06/14/2022 06:00:00 AM,126,59,67
06/14/2022 07:00:00 AM,249,110,139
06/14/2022 08:00:00 AM,301,122,179
06/14/2022 09:00:00 AM,200,82,118
06/14/2022 10:00:00 AM,112,40,72
06/14/2022 11:00:00 AM,113,45,68
06/14/2022 12:00:00 PM,106,41,65
06/14/2022 01:00:00 PM,97,33,64
06/14/2022 02:00:00 PM,147,66,81
06/14/2022 03:00:00 PM,168,71,97
06/14/2022 04:00:00 PM,280,81,199
06/14/2022 05:00:00 PM,485,155,330
06/14/2022 06:00:00 PM,270,91,179
06/14/2022 07:00:00 PM,202,76,126
06/14/2022 08:00:00 PM,77,30,47
06/14/2022 09:00:00 PM,71,29,42
06/14/2022 10:00:00 PM,55,20,35
06/14/2022 11:00:00 PM,11,7,4
06/15/2022 12:00:00 AM,6,4,2
06/15/2022 01:00:00 AM,1,1,0
06/15/2022 02:00:00 AM,2,1,1
06/15/2022 03:00:00 AM,2,1,1
06/15/2022 04:00:00 AM,11,4,7
06/15/2022 05:00:00 AM,31,13,18
06/15/2022 06:00:00 AM,106,49,57
06/15/2022 07:00:00 AM,246,98,148
06/15/2022 08:00:00 AM,337,151,186
06/15/2022 09:00:00 AM,215,66,149
06/15/2022 10:00:00 AM,136,41,95
06/15/2022 11:00:00 AM,107,65,42
06/15/2022 12:00:00 PM,121,54,67
06/15/2022 01:00:00 PM,132,46,86
06/15/2022 02:00:00 PM,151,46,105
06/15/2022 03:00:00 PM,171,58,113
06/15/2022 04:00:00 PM,275,85,190
06/15/2022 05:00:00 PM,426,123,303
06/15/2022 06:00:00 PM,287,111,176
06/15/2022 07:00:00 PM,160,56,104
06/15/2022 08:00:00 PM,135,59,76
06/15/2022 09:00:00 PM,60,28,32
06/15/2022 10:00:00 PM,31,11,20
06/15/2022 11:00:00 PM,19,11,8
06/16/2022 12:00:00 AM,7,2,5
06/16/2022 01:00:00 AM,3,2,1
06/16/2022 02:00:00 AM,2,1,1
06/16/2022 03:00:00 AM,1,1,0
06/16/2022 04:00:00 AM,9,3,6
06/16/2022 05:00:00 AM,37,17,20
06/16/2022 06:00:00 AM,93,43,50
06/16/2022 07:00:00 AM,195,84,111
06/16/2022 08:00:00 AM,301,134,167
06/16/2022 09:00:00 AM,142,54,88
06/16/2022 10:00:00 AM,128,46,82
06/16/2022 11:00:00 AM,124,64,60
06/16/2022 12:00:00 PM,116,59,57
06/16/2022 01:00:00 PM,142,66,76
06/16/2022 02:00:00 PM,139,50,89
06/16/2022 03:00:00 PM,235,86,149
06/16/2022 04:00:00 PM,312,115,197
06/16/2022 05:00:00 PM,503,162,341
06/16/2022 06:00:00 PM,387,136,251
06/16/2022 07:00:00 PM,240,93,147
06/16/2022 08:00:00 PM,173,74,99
06/16/2022 09:00:00 PM,95,53,42
06/16/2022 10:00:00 PM,53,28,25
06/16/2022 11:00:00 PM,18,6,12
06/17/2022 12:00:00 AM,14,5,9
06/17/2022 01:00:00 AM,6,5,1
06/17/2022 02:00:00 AM,1,0,1
06/17/2022 03:00:00 AM,2,1,1
06/17/2022 04:00:00 AM,7,1,6
06/17/2022 05:00:00 AM,23,6,17
06/17/2022 06:00:00 AM,56,22,34
06/17/2022 07:00:00 AM,113,47,66
06/17/2022 08:00:00 AM,200,95,105
06/17/2022 09:00:00 AM,122,57,65
06/17/2022 10:00:00 AM,78,26,52
06/17/2022 11:00:00 AM,60,34,26
06/17/2022 12:00:00 PM,68,24,44
06/17/2022 01:00:00 PM,65,27,38
06/17/2022 02:00:00 PM,78,26,52
06/17/2022 03:00:00 PM,89,29,60
06/17/2022 04:00:00 PM,129,31,98
06/17/2022 05:00:00 PM,157,52,105
06/17/2022 06:00:00 PM,83,28,55
06/17/2022 07:00:00 PM,77,28,49
06/17/2022 08:00:00 PM,52,17,35
06/17/2022 09:00:00 PM,42,18,24
06/17/2022 10:00:00 PM,23,7,16
06/17/2022 11:00:00 PM,30,10,20
06/18/2022 12:00:00 AM,16,3,13
06/18/2022 01:00:00 AM,6,3,3
06/18/2022 02:00:00 AM,3,0,3
06/18/2022 03:00:00 AM,3,0,3
06/18/2022 04:00:00 AM,1,0,1
06/18/2022 05:00:00 AM,4,2,2
06/18/2022 06:00:00 AM,18,5,13
06/18/2022 07:00:00 AM,35,10,25
06/18/2022 08:00:00 AM,94,43,51
06/18/2022 09:00:00 AM,110,54,56
06/18/2022 10:00:00 AM,145,75,70
06/18/2022 11:00:00 AM,203,79,124
06/18/2022 12:00:00 PM,233,78,155
06/18/2022 01:00:00 PM,279,99,180
06/18/2022 02:00:00 PM,264,90,174
06/18/2022 03:00:00 PM,242,107,135
06/18/2022 04:00:00 PM,273,99,174
06/18/2022 05:00:00 PM,202,97,105
06/18/2022 06:00:00 PM,196,103,93
06/18/2022 07:00:00 PM,145,74,71
06/18/2022 08:00:00 PM,90,45,45
06/18/2022 09:00:00 PM,76,32,44
06/18/2022 10:00:00 PM,36,15,21
06/18/2022 11:00:00 PM,32,13,19
06/19/2022 12:00:00 AM,20,9,11
06/19/2022 01:00:00 AM,7,2,5
06/19/2022 02:00:00 AM,7,5,2
06/19/2022 03:00:00 AM,5,2,3
06/19/2022 04:00:00 AM,3,1,2
06/19/2022 05:00:00 AM,9,4,5
06/19/2022 06:00:00 AM,28,12,16
06/19/2022 07:00:00 AM,22,9,13
06/19/2022 08:00:00 AM,72,27,45
06/19/2022 09:00:00 AM,109,41,68
06/19/2022 10:00:00 AM,151,74,77
06/19/2022 11:00:00 AM,143,70,73
06/19/2022 12:00:00 PM,263,115,148
06/19/2022 01:00:00 PM,278,122,156
06/19/2022 02:00:00 PM,270,120,150
06/19/2022 03:00:00 PM,285,146,139
06/19/2022 04:00:00 PM,240,108,132
06/19/2022 05:00:00 PM,250,138,112
06/19/2022 06:00:00 PM,200,82,118
06/19/2022 07:00:00 PM,107,56,51
06/19/2022 08:00:00 PM,94,58,36
06/19/2022 09:00:00 PM,44,29,15
06/19/2022 10:00:00 PM,19,10,9
06/19/2022 11:00:00 PM,10,5,5
06/20/2022 12:00:00 AM,10,3,7
06/20/2022 01:00:00 AM,8,5,3
06/20/2022 02:00:00 AM,7,1,6
06/20/2022 03:00:00 AM,4,4,0
06/20/2022 04:00:00 AM,9,4,5
06/20/2022 05:00:00 AM,22,6,16
06/20/2022 06:00:00 AM,56,23,33
06/20/2022 07:00:00 AM,104,45,59
06/20/2022 08:00:00 AM,165,78,87
06/20/2022 09:00:00 AM,101,35,66
06/20/2022 10:00:00 AM,102,45,57
06/20/2022 11:00:00 AM,117,54,63
06/20/2022 12:00:00 PM,138,60,78
06/20/2022 01:00:00 PM,165,80,85
06/20/2022 02:00:00 PM,168,72,96
06/20/2022 03:00:00 PM,242,94,148
06/20/2022 04:00:00 PM,252,108,144
06/20/2022 05:00:00 PM,336,137,199
06/20/2022 06:00:00 PM,329,147,182
06/20/2022 07:00:00 PM,204,92,112
06/20/2022 08:00:00 PM,131,57,74
06/20/2022 09:00:00 PM,110,46,64
06/20/2022 10:00:00 PM,42,17,25
06/20/2022 11:00:00 PM,24,7,17
06/21/2022 12:00:00 AM,13,2,11
06/21/2022 01:00:00 AM,3,1,2
06/21/2022 02:00:00 AM,9,5,4
06/21/2022 03:00:00 AM,0,0,0
06/21/2022 04:00:00 AM,14,5,9
06/21/2022 05:00:00 AM,37,13,24
06/21/2022 06:00:00 AM,105,53,52
06/21/2022 07:00:00 AM,270,127,143
06/21/2022 08:00:00 AM,352,161,191
06/21/2022 09:00:00 AM,200,71,129
06/21/2022 10:00:00 AM,120,54,66
06/21/2022 11:00:00 AM,120,51,69
06/21/2022 12:00:00 PM,138,68,70
06/21/2022 01:00:00 PM,143,58,85
06/21/2022 02:00:00 PM,169,71,98
06/21/2022 03:00:00 PM,267,92,175
06/21/2022 04:00:00 PM,362,120,242
06/21/2022 05:00:00 PM,561,177,384
06/21/2022 06:00:00 PM,478,191,287
06/21/2022 07:00:00 PM,282,108,174
06/21/2022 08:00:00 PM,210,88,122
06/21/2022 09:00:00 PM,136,75,61
06/21/2022 10:00:00 PM,77,34,43
06/21/2022 11:00:00 PM,21,7,14
06/22/2022 12:00:00 AM,15,12,3
06/22/2022 01:00:00 AM,3,1,2
06/22/2022 02:00:00 AM,2,1,1
06/22/2022 03:00:00 AM,2,0,2
06/22/2022 04:00:00 AM,10,2,8
06/22/2022 05:00:00 AM,34,12,22
06/22/2022 06:00:00 AM,102,47,55
06/22/2022 07:00:00 AM,221,88,133
06/22/2022 08:00:00 AM,284,122,162
06/22/2022 09:00:00 AM,173,57,116
06/22/2022 10:00:00 AM,112,47,65
06/22/2022 11:00:00 AM,111,41,70
06/22/2022 12:00:00 PM,129,56,73
06/22/2022 01:00:00 PM,101,36,65
06/22/2022 02:00:00 PM,101,48,53
06/22/2022 03:00:00 PM,156,62,94
06/22/2022 04:00:00 PM,270,80,190
06/22/2022 05:00:00 PM,443,113,330
06/22/2022 06:00:00 PM,282,95,187
06/22/2022 07:00:00 PM,171,54,117
06/22/2022 08:00:00 PM,114,51,63
06/22/2022 09:00:00 PM,54,26,28
06/22/2022 10:00:00 PM,41,16,25
06/22/2022 11:00:00 PM,20,6,14
06/23/2022 12:00:00 AM,3,1,2
06/23/2022 01:00:00 AM,2,1,1
06/23/2022 02:00:00 AM,3,1,2
06/23/2022 03:00:00 AM,3,2,1
06/23/2022 04:00:00 AM,15,5,10
06/23/2022 05:00:00 AM,31,13,18
06/23/2022 06:00:00 AM,101,43,58
06/23/2022 07:00:00 AM,282,119,163
06/23/2022 08:00:00 AM,346,167,179
06/23/2022 09:00:00 AM,229,97,132
06/23/2022 10:00:00 AM,118,34,84
06/23/2022 11:00:00 AM,131,54,77
06/23/2022 12:00:00 PM,138,54,84
06/23/2022 01:00:00 PM,133,58,75
06/23/2022 02:00:00 PM,180,73,107
06/23/2022 03:00:00 PM,231,80,151
06/23/2022 04:00:00 PM,385,123,262
06/23/2022 05:00:00 PM,535,158,377
06/23/2022 06:00:00 PM,392,148,244
06/23/2022 07:00:00 PM,246,91,155
06/23/2022 08:00:00 PM,148,59,89
06/23/2022 09:00:00 PM,110,54,56
06/23/2022 10:00:00 PM,52,24,28
06/23/2022 11:00:00 PM,24,12,12
06/24/2022 12:00:00 AM,18,9,9
06/24/2022 01:00:00 AM,5,1,4
06/24/2022 02:00:00 AM,3,2,1
06/24/2022 03:00:00 AM,3,1,2
06/24/2022 04:00:00 AM,11,3,8
06/24/2022 05:00:00 AM,26,10,16
06/24/2022 06:00:00 AM,84,35,49
06/24/2022 07:00:00 AM,160,54,106
06/24/2022 08:00:00 AM,243,105,138
06/24/2022 09:00:00 AM,156,61,95
06/24/2022 10:00:00 AM,125,61,64
06/24/2022 11:00:00 AM,159,67,92
06/24/2022 12:00:00 PM,148,73,75
06/24/2022 01:00:00 PM,167,77,90
06/24/2022 02:00:00 PM,177,75,102
06/24/2022 03:00:00 PM,264,96,168
06/24/2022 04:00:00 PM,316,117,199
06/24/2022 05:00:00 PM,413,157,256
06/24/2022 06:00:00 PM,307,116,191
06/24/2022 07:00:00 PM,213,76,137
06/24/2022 08:00:00 PM,163,61,102
06/24/2022 09:00:00 PM,139,65,74
06/24/2022 10:00:00 PM,86,41,45
06/24/2022 11:00:00 PM,49,22,27
06/25/2022 12:00:00 AM,36,14,22
06/25/2022 01:00:00 AM,17,12,5
06/25/2022 02:00:00 AM,7,1,6
06/25/2022 03:00:00 AM,2,1,1
06/25/2022 04:00:00 AM,3,2,1
06/25/2022 05:00:00 AM,12,7,5
06/25/2022 06:00:00 AM,36,10,26
06/25/2022 07:00:00 AM,72,27,45
06/25/2022 08:00:00 AM,137,55,82
06/25/2022 09:00:00 AM,181,80,101
06/25/2022 10:00:00 AM,216,97,119
06/25/2022 11:00:00 AM,309,147,162
06/25/2022 12:00:00 PM,246,97,149
06/25/2022 01:00:00 PM,231,136,95
06/25/2022 02:00:00 PM,321,123,198
06/25/2022 03:00:00 PM,245,109,136
06/25/2022 04:00:00 PM,248,133,115
06/25/2022 05:00:00 PM,211,92,119
06/25/2022 06:00:00 PM,158,82,76
06/25/2022 07:00:00 PM,227,78,149
06/25/2022 08:00:00 PM,119,36,83
06/25/2022 09:00:00 PM,152,55,97
06/25/2022 10:00:00 PM,72,38,34
06/25/2022 11:00:00 PM,28,14,14
06/26/2022 12:00:00 AM,12,6,6
06/26/2022 01:00:00 AM,15,4,11
06/26/2022 02:00:00 AM,10,3,7
06/26/2022 03:00:00 AM,3,0,3
06/26/2022 04:00:00 AM,7,1,6
06/26/2022 05:00:00 AM,11,3,8
06/26/2022 06:00:00 AM,33,16,17
06/26/2022 07:00:00 AM,54,21,33
06/26/2022 08:00:00 AM,132,62,70
06/26/2022 09:00:00 AM,169,82,87
06/26/2022 10:00:00 AM,217,93,124
06/26/2022 11:00:00 AM,271,118,153
06/26/2022 12:00:00 PM,319,164,155
06/26/2022 01:00:00 PM,295,190,105
06/26/2022 02:00:00 PM,276,92,184
06/26/2022 03:00:00 PM,256,98,158
06/26/2022 04:00:00 PM,251,107,144
06/26/2022 05:00:00 PM,185,81,104
06/26/2022 06:00:00 PM,159,82,77
06/26/2022 07:00:00 PM,139,74,65
06/26/2022 08:00:00 PM,116,57,59
06/26/2022 09:00:00 PM,75,32,43
06/26/2022 10:00:00 PM,42,12,30
06/26/2022 11:00:00 PM,11,3,8
06/27/2022 12:00:00 AM,5,4,1
06/27/2022 01:00:00 AM,8,2,6
06/27/2022 02:00:00 AM,5,2,3
06/27/2022 03:00:00 AM,1,1,0
06/27/2022 04:00:00 AM,9,2,7
06/27/2022 05:00:00 AM,25,6,19
06/27/2022 06:00:00 AM,95,43,52
06/27/2022 07:00:00 AM,220,97,123
06/27/2022 08:00:00 AM,274,119,155
06/27/2022 09:00:00 AM,187,70,117
06/27/2022 10:00:00 AM,116,54,62
06/27/2022 11:00:00 AM,111,42,69
06/27/2022 12:00:00 PM,114,57,57
06/27/2022 01:00:00 PM,112,58,54
06/27/2022 02:00:00 PM,119,56,63
06/27/2022 03:00:00 PM,150,57,93
06/27/2022 04:00:00 PM,234,89,145
06/27/2022 05:00:00 PM,372,104,268
06/27/2022 06:00:00 PM,252,84,168
06/27/2022 07:00:00 PM,187,73,114
06/27/2022 08:00:00 PM,130,47,83
06/27/2022 09:00:00 PM,128,47,81
06/27/2022 10:00:00 PM,40,17,23
06/27/2022 11:00:00 PM,23,8,15
06/28/2022 12:00:00 AM,7,4,3
06/28/2022 01:00:00 AM,6,1,5
06/28/2022 02:00:00 AM,2,0,2
06/28/2022 03:00:00 AM,3,1,2
06/28/2022 04:00:00 AM,14,4,10
06/28/2022 05:00:00 AM,25,10,15
06/28/2022 06:00:00 AM,115,54,61
06/28/2022 07:00:00 AM,279,112,167
06/28/2022 08:00:00 AM,346,144,202
06/28/2022 09:00:00 AM,228,97,131
06/28/2022 10:00:00 AM,98,37,61
06/28/2022 11:00:00 AM,90,34,56
06/28/2022 12:00:00 PM,113,49,64
06/28/2022 01:00:00 PM,108,54,54
06/28/2022 02:00:00 PM,116,55,61
06/28/2022 03:00:00 PM,186,58,128
06/28/2022 04:00:00 PM,319,99,220
06/28/2022 05:00:00 PM,470,135,335
06/28/2022 06:00:00 PM,278,82,196
06/28/2022 07:00:00 PM,177,62,115
06/28/2022 08:00:00 PM,108,40,68
06/28/2022 09:00:00 PM,60,26,34
06/28/2022 10:00:00 PM,42,11,31
06/28/2022 11:00:00 PM,22,10,12
06/29/2022 12:00:00 AM,6,2,4
06/29/2022 01:00:00 AM,10,7,3
06/29/2022 02:00:00 AM,3,1,2
06/29/2022 03:00:00 AM,0,0,0
06/29/2022 04:00:00 AM,14,2,12
06/29/2022 05:00:00 AM,27,11,16
06/29/2022 06:00:00 AM,79,39,40
06/29/2022 07:00:00 AM,236,104,132
06/29/2022 08:00:00 AM,313,132,181
06/29/2022 09:00:00 AM,230,92,138
06/29/2022 10:00:00 AM,129,61,68
06/29/2022 11:00:00 AM,127,69,58
06/29/2022 12:00:00 PM,141,54,87
06/29/2022 01:00:00 PM,121,50,71
06/29/2022 02:00:00 PM,127,71,56
06/29/2022 03:00:00 PM,195,75,120
06/29/2022 04:00:00 PM,290,105,185
06/29/2022 05:00:00 PM,494,155,339
06/29/2022 06:00:00 PM,327,117,210
06/29/2022 07:00:00 PM,177,64,113
06/29/2022 08:00:00 PM,123,58,65
06/29/2022 09:00:00 PM,96,40,56
06/29/2022 10:00:00 PM,39,13,26
06/29/2022 11:00:00 PM,13,8,5
06/30/2022 12:00:00 AM,18,7,11
06/30/2022 01:00:00 AM,6,1,5
06/30/2022 02:00:00 AM,4,3,1
06/30/2022 03:00:00 AM,1,1,0
06/30/2022 04:00:00 AM,8,3,5
06/30/2022 05:00:00 AM,25,6,19
06/30/2022 06:00:00 AM,109,54,55
06/30/2022 07:00:00 AM,218,91,127
06/30/2022 08:00:00 AM,289,120,169
06/30/2022 09:00:00 AM,235,78,157
06/30/2022 10:00:00 AM,125,62,63
06/30/2022 11:00:00 AM,113,41,72
06/30/2022 12:00:00 PM,146,71,75
06/30/2022 01:00:00 PM,157,63,94
06/30/2022 02:00:00 PM,157,71,86
06/30/2022 03:00:00 PM,194,74,120
06/30/2022 04:00:00 PM,352,129,223
06/30/2022 05:00:00 PM,469,136,333
06/30/2022 06:00:00 PM,386,139,247
06/30/2022 07:00:00 PM,217,89,128
06/30/2022 08:00:00 PM,148,48,100
06/30/2022 09:00:00 PM,119,63,56
06/30/2022 10:00:00 PM,42,16,26
06/30/2022 11:00:00 PM,19,4,15
07/01/2022 12:00:00 AM,15,4,11
07/01/2022 01:00:00 AM,14,3,11
07/01/2022 02:00:00 AM,0,0,0
07/01/2022 03:00:00 AM,3,3,0
07/01/2022 04:00:00 AM,5,0,5
07/01/2022 05:00:00 AM,24,11,13
07/01/2022 06:00:00 AM,76,31,45
07/01/2022 07:00:00 AM,139,63,76
07/01/2022 08:00:00 AM,212,97,115
07/01/2022 09:00:00 AM,183,60,123
07/01/2022 10:00:00 AM,140,66,74
07/01/2022 11:00:00 AM,147,65,82
07/01/2022 12:00:00 PM,161,63,98
07/01/2022 01:00:00 PM,186,65,121
07/01/2022 02:00:00 PM,212,99,113
07/01/2022 03:00:00 PM,265,120,145
07/01/2022 04:00:00 PM,334,110,224
07/01/2022 05:00:00 PM,373,126,247
07/01/2022 06:00:00 PM,228,88,140
07/01/2022 07:00:00 PM,199,78,121
07/01/2022 08:00:00 PM,119,51,68
07/01/2022 09:00:00 PM,118,57,61
07/01/2022 10:00:00 PM,71,27,44
07/01/2022 11:00:00 PM,35,9,26
07/02/2022 12:00:00 AM,24,9,15
07/02/2022 01:00:00 AM,5,1,4
07/02/2022 02:00:00 AM,6,1,5
07/02/2022 03:00:00 AM,2,2,0
07/02/2022 04:00:00 AM,8,0,8
07/02/2022 05:00:00 AM,12,2,10
07/02/2022 06:00:00 AM,39,14,25
07/02/2022 07:00:00 AM,45,11,34
07/02/2022 08:00:00 AM,105,35,70
07/02/2022 09:00:00 AM,135,77,58
07/02/2022 10:00:00 AM,177,88,89
07/02/2022 11:00:00 AM,198,85,113
07/02/2022 12:00:00 PM,224,87,137
07/02/2022 01:00:00 PM,247,115,132
07/02/2022 02:00:00 PM,185,74,111
07/02/2022 03:00:00 PM,234,120,114
07/02/2022 04:00:00 PM,245,101,144
07/02/2022 05:00:00 PM,248,117,131
07/02/2022 06:00:00 PM,186,74,112
07/02/2022 07:00:00 PM,173,53,120
07/02/2022 08:00:00 PM,93,34,59
07/02/2022 09:00:00 PM,105,21,84
07/02/2022 10:00:00 PM,54,20,34
07/02/2022 11:00:00 PM,22,10,12
07/03/2022 12:00:00 AM,25,13,12
07/03/2022 01:00:00 AM,12,7,5
07/03/2022 02:00:00 AM,6,2,4
07/03/2022 03:00:00 AM,4,0,4
07/03/2022 04:00:00 AM,5,2,3
07/03/2022 05:00:00 AM,9,2,7
07/03/2022 06:00:00 AM,18,8,10
07/03/2022 07:00:00 AM,24,6,18
07/03/2022 08:00:00 AM,27,15,12
07/03/2022 09:00:00 AM,30,17,13
07/03/2022 10:00:00 AM,63,25,38
07/03/2022 11:00:00 AM,51,18,33
07/03/2022 12:00:00 PM,72,38,34
07/03/2022 01:00:00 PM,36,16,20
07/03/2022 02:00:00 PM,56,31,25
07/03/2022 03:00:00 PM,56,20,36
07/03/2022 04:00:00 PM,66,28,38
07/03/2022 05:00:00 PM,38,18,20
07/03/2022 06:00:00 PM,42,18,24
07/03/2022 07:00:00 PM,33,18,15
07/03/2022 08:00:00 PM,18,10,8
07/03/2022 09:00:00 PM,15,8,7
07/03/2022 10:00:00 PM,13,6,7
07/03/2022 11:00:00 PM,9,3,6
07/04/2022 12:00:00 AM,5,1,4
07/04/2022 01:00:00 AM,5,4,1
07/04/2022 02:00:00 AM,1,1,0
07/04/2022 03:00:00 AM,4,2,2
07/04/2022 04:00:00 AM,6,3,3
07/04/2022 05:00:00 AM,7,3,4
07/04/2022 06:00:00 AM,22,4,18
07/04/2022 07:00:00 AM,33,16,17
07/04/2022 08:00:00 AM,68,31,37
07/04/2022 09:00:00 AM,116,54,62
07/04/2022 10:00:00 AM,154,66,88
07/04/2022 11:00:00 AM,219,116,103
07/04/2022 12:00:00 PM,221,108,113
07/04/2022 01:00:00 PM,276,97,179
07/04/2022 02:00:00 PM,263,126,137
07/04/2022 03:00:00 PM,265,125,140
07/04/2022 04:00:00 PM,276,128,148
07/04/2022 05:00:00 PM,310,138,172
07/04/2022 06:00:00 PM,243,107,136
07/04/2022 07:00:00 PM,211,84,127
07/04/2022 08:00:00 PM,199,92,107
07/04/2022 09:00:00 PM,164,68,96
07/04/2022 10:00:00 PM,155,50,105
07/04/2022 11:00:00 PM,229,98,131
07/05/2022 12:00:00 AM,42,11,31
07/05/2022 01:00:00 AM,4,3,1
07/05/2022 02:00:00 AM,5,4,1
07/05/2022 03:00:00 AM,4,3,1
07/05/2022 04:00:00 AM,14,5,9
07/05/2022 05:00:00 AM,17,5,12
07/05/2022 06:00:00 AM,80,32,48
07/05/2022 07:00:00 AM,181,79,102
07/05/2022 08:00:00 AM,274,122,152
07/05/2022 09:00:00 AM,188,76,112
07/05/2022 10:00:00 AM,122,52,70
07/05/2022 11:00:00 AM,123,51,72
07/05/2022 12:00:00 PM,125,54,71
07/05/2022 01:00:00 PM,127,60,67
07/05/2022 02:00:00 PM,137,66,71
07/05/2022 03:00:00 PM,203,66,137
07/05/2022 04:00:00 PM,269,81,188
07/05/2022 05:00:00 PM,341,92,249
07/05/2022 06:00:00 PM,222,84,138
07/05/2022 07:00:00 PM,135,56,79
07/05/2022 08:00:00 PM,57,25,32
07/05/2022 09:00:00 PM,46,17,29
07/05/2022 10:00:00 PM,22,9,13
07/05/2022 11:00:00 PM,6,2,4
07/06/2022 12:00:00 AM,2,1,1
07/06/2022 01:00:00 AM,3,1,2
07/06/2022 02:00:00 AM,1,0,1
07/06/2022 03:00:00 AM,3,2,1
07/06/2022 04:00:00 AM,12,4,8
07/06/2022 05:00:00 AM,20,5,15
07/06/2022 06:00:00 AM,99,42,57
07/06/2022 07:00:00 AM,206,83,123
07/06/2022 08:00:00 AM,299,124,175
07/06/2022 09:00:00 AM,209,86,123
07/06/2022 10:00:00 AM,114,44,70
07/06/2022 11:00:00 AM,149,67,82
07/06/2022 12:00:00 PM,124,55,69
07/06/2022 01:00:00 PM,111,54,57
07/06/2022 02:00:00 PM,110,41,69
07/06/2022 03:00:00 PM,187,64,123
07/06/2022 04:00:00 PM,313,105,208
07/06/2022 05:00:00 PM,441,145,296
07/06/2022 06:00:00 PM,369,118,251
07/06/2022 07:00:00 PM,202,80,122
07/06/2022 08:00:00 PM,132,61,71
07/06/2022 09:00:00 PM,78,46,32
07/06/2022 10:00:00 PM,36,17,19
07/06/2022 11:00:00 PM,15,4,11
07/07/2022 12:00:00 AM,5,2,3
07/07/2022 01:00:00 AM,4,0,4
07/07/2022 02:00:00 AM,7,4,3
07/07/2022 03:00:00 AM,5,4,1
07/07/2022 04:00:00 AM,8,2,6
07/07/2022 05:00:00 AM,32,14,18
07/07/2022 06:00:00 AM,112,60,52
07/07/2022 07:00:00 AM,233,89,144
07/07/2022 08:00:00 AM,346,150,196
07/07/2022 09:00:00 AM,217,89,128
07/07/2022 10:00:00 AM,140,60,80
07/07/2022 11:00:00 AM,148,82,66
07/07/2022 12:00:00 PM,146,59,87
07/07/2022 01:00:00 PM,135,57,78
07/07/2022 02:00:00 PM,156,68,88
07/07/2022 03:00:00 PM,205,73,132
07/07/2022 04:00:00 PM,385,146,239
07/07/2022 05:00:00 PM,552,164,388
07/07/2022 06:00:00 PM,441,153,288
07/07/2022 07:00:00 PM,251,108,143
07/07/2022 08:00:00 PM,193,73,120
07/07/2022 09:00:00 PM,99,46,53
07/07/2022 10:00:00 PM,53,30,23
07/07/2022 11:00:00 PM,40,18,22
07/08/2022 12:00:00 AM,7,1,6
07/08/2022 01:00:00 AM,3,0,3
07/08/2022 02:00:00 AM,1,1,0
07/08/2022 03:00:00 AM,3,3,0
07/08/2022 04:00:00 AM,7,2,5
07/08/2022 05:00:00 AM,21,3,18
07/08/2022 06:00:00 AM,78,36,42
07/08/2022 07:00:00 AM,147,60,87
07/08/2022 08:00:00 AM,200,92,108
07/08/2022 09:00:00 AM,162,68,94
07/08/2022 10:00:00 AM,128,50,78
07/08/2022 11:00:00 AM,138,56,82
07/08/2022 12:00:00 PM,127,50,77
07/08/2022 01:00:00 PM,158,64,94
07/08/2022 02:00:00 PM,185,77,108
07/08/2022 03:00:00 PM,190,75,115
07/08/2022 04:00:00 PM,295,116,179
07/08/2022 05:00:00 PM,354,122,232
07/08/2022 06:00:00 PM,262,106,156
07/08/2022 07:00:00 PM,237,86,151
07/08/2022 08:00:00 PM,172,73,99
07/08/2022 09:00:00 PM,109,68,41
07/08/2022 10:00:00 PM,62,30,32
07/08/2022 11:00:00 PM,41,18,23
07/09/2022 12:00:00 AM,26,13,13
07/09/2022 01:00:00 AM,14,8,6
07/09/2022 02:00:00 AM,9,3,6
07/09/2022 03:00:00 AM,4,1,3
07/09/2022 04:00:00 AM,3,0,3
07/09/2022 05:00:00 AM,10,5,5
07/09/2022 06:00:00 AM,35,14,21
07/09/2022 07:00:00 AM,61,26,35
07/09/2022 08:00:00 AM,95,40,55
07/09/2022 09:00:00 AM,148,58,90
07/09/2022 10:00:00 AM,173,64,109
07/09/2022 11:00:00 AM,253,125,128
07/09/2022 12:00:00 PM,593,425,168
07/09/2022 01:00:00 PM,275,126,149
07/09/2022 02:00:00 PM,277,125,152
07/09/2022 03:00:00 PM,267,114,153
07/09/2022 04:00:00 PM,336,144,192
07/09/2022 05:00:00 PM,240,100,140
07/09/2022 06:00:00 PM,210,106,104
07/09/2022 07:00:00 PM,204,63,141
07/09/2022 08:00:00 PM,98,55,43
07/09/2022 09:00:00 PM,119,26,93
07/09/2022 10:00:00 PM,52,29,23
07/09/2022 11:00:00 PM,43,22,21
07/10/2022 12:00:00 AM,13,7,6
07/10/2022 01:00:00 AM,15,5,10
07/10/2022 02:00:00 AM,10,4,6
07/10/2022 03:00:00 AM,6,0,6
07/10/2022 04:00:00 AM,6,3,3
07/10/2022 05:00:00 AM,3,0,3
07/10/2022 06:00:00 AM,27,12,15
07/10/2022 07:00:00 AM,48,17,31
07/10/2022 08:00:00 AM,90,43,47
07/10/2022 09:00:00 AM,130,68,62
07/10/2022 10:00:00 AM,180,63,117
07/10/2022 11:00:00 AM,174,89,85
07/10/2022 12:00:00 PM,233,91,142
07/10/2022 01:00:00 PM,212,104,108
07/10/2022 02:00:00 PM,274,128,146
07/10/2022 03:00:00 PM,243,118,125
07/10/2022 04:00:00 PM,216,123,93
07/10/2022 05:00:00 PM,254,116,138
07/10/2022 06:00:00 PM,210,94,116
07/10/2022 07:00:00 PM,146,66,80
07/10/2022 08:00:00 PM,111,58,53
07/10/2022 09:00:00 PM,83,35,48
07/10/2022 10:00:00 PM,25,12,13
07/10/2022 11:00:00 PM,11,4,7
07/11/2022 12:00:00 AM,12,5,7
07/11/2022 01:00:00 AM,12,3,9
07/11/2022 02:00:00 AM,2,1,1
07/11/2022 03:00:00 AM,2,1,1
07/11/2022 04:00:00 AM,11,4,7
07/11/2022 05:00:00 AM,24,7,17
07/11/2022 06:00:00 AM,103,43,60
07/11/2022 07:00:00 AM,255,98,157
07/11/2022 08:00:00 AM,342,133,209
07/11/2022 09:00:00 AM,196,94,102
07/11/2022 10:00:00 AM,129,44,85
07/11/2022 11:00:00 AM,123,52,71
07/11/2022 12:00:00 PM,122,40,82
07/11/2022 01:00:00 PM,115,53,62
07/11/2022 02:00:00 PM,173,72,101
07/11/2022 03:00:00 PM,208,88,120
07/11/2022 04:00:00 PM,326,115,211
07/11/2022 05:00:00 PM,516,156,360
07/11/2022 06:00:00 PM,379,136,243
07/11/2022 07:00:00 PM,259,108,151
07/11/2022 08:00:00 PM,134,49,85
07/11/2022 09:00:00 PM,133,58,75
07/11/2022 10:00:00 PM,45,15,30
07/11/2022 11:00:00 PM,25,16,9
07/12/2022 12:00:00 AM,11,7,4
07/12/2022 01:00:00 AM,3,1,2
07/12/2022 02:00:00 AM,0,0,0
07/12/2022 03:00:00 AM,9,4,5
07/12/2022 04:00:00 AM,12,1,11
07/12/2022 05:00:00 AM,35,9,26
07/12/2022 06:00:00 AM,131,54,77
07/12/2022 07:00:00 AM,320,136,184
07/12/2022 08:00:00 AM,411,176,235
07/12/2022 09:00:00 AM,263,125,138
07/12/2022 10:00:00 AM,136,70,66
07/12/2022 11:00:00 AM,132,54,78
07/12/2022 12:00:00 PM,122,55,67
07/12/2022 01:00:00 PM,138,70,68
07/12/2022 02:00:00 PM,157,55,102
07/12/2022 03:00:00 PM,224,86,138
07/12/2022 04:00:00 PM,371,126,245
07/12/2022 05:00:00 PM,596,162,434
07/12/2022 06:00:00 PM,427,154,273
07/12/2022 07:00:00 PM,258,100,158
07/12/2022 08:00:00 PM,205,90,115
07/12/2022 09:00:00 PM,173,84,89
07/12/2022 10:00:00 PM,52,12,40
07/12/2022 11:00:00 PM,20,7,13
07/13/2022 12:00:00 AM,3,0,3
07/13/2022 01:00:00 AM,4,2,2
07/13/2022 02:00:00 AM,5,1,4
07/13/2022 03:00:00 AM,1,0,1
07/13/2022 04:00:00 AM,13,3,10
07/13/2022 05:00:00 AM,24,9,15
07/13/2022 06:00:00 AM,116,48,68
07/13/2022 07:00:00 AM,290,125,165
07/13/2022 08:00:00 AM,368,141,227
07/13/2022 09:00:00 AM,230,93,137
07/13/2022 10:00:00 AM,153,64,89
07/13/2022 11:00:00 AM,129,59,70
07/13/2022 12:00:00 PM,149,66,83
07/13/2022 01:00:00 PM,137,48,89
07/13/2022 02:00:00 PM,164,68,96
07/13/2022 03:00:00 PM,177,64,113
07/13/2022 04:00:00 PM,412,128,284
07/13/2022 05:00:00 PM,564,170,394
07/13/2022 06:00:00 PM,424,160,264
07/13/2022 07:00:00 PM,264,118,146
07/13/2022 08:00:00 PM,168,75,93
07/13/2022 09:00:00 PM,117,53,64
07/13/2022 10:00:00 PM,64,32,32
07/13/2022 11:00:00 PM,35,18,17
07/14/2022 12:00:00 AM,14,5,9
07/14/2022 01:00:00 AM,2,2,0
07/14/2022 02:00:00 AM,0,0,0
07/14/2022 03:00:00 AM,3,2,1
07/14/2022 04:00:00 AM,15,5,10
07/14/2022 05:00:00 AM,36,15,21
07/14/2022 06:00:00 AM,111,40,71
07/14/2022 07:00:00 AM,251,103,148
07/14/2022 08:00:00 AM,386,158,228
07/14/2022 09:00:00 AM,212,88,124
07/14/2022 10:00:00 AM,125,59,66
07/14/2022 11:00:00 AM,146,60,86
07/14/2022 12:00:00 PM,156,66,90
07/14/2022 01:00:00 PM,142,54,88
07/14/2022 02:00:00 PM,159,65,94
07/14/2022 03:00:00 PM,210,86,124
07/14/2022 04:00:00 PM,369,137,232
07/14/2022 05:00:00 PM,518,165,353
07/14/2022 06:00:00 PM,368,143,225
07/14/2022 07:00:00 PM,260,106,154
07/14/2022 08:00:00 PM,185,66,119
07/14/2022 09:00:00 PM,129,49,80
07/14/2022 10:00:00 PM,65,32,33
07/14/2022 11:00:00 PM,26,11,15
07/15/2022 12:00:00 AM,6,3,3
07/15/2022 01:00:00 AM,8,6,2
07/15/2022 02:00:00 AM,2,0,2
07/15/2022 03:00:00 AM,2,1,1
07/15/2022 04:00:00 AM,9,3,6
07/15/2022 05:00:00 AM,20,9,11
07/15/2022 06:00:00 AM,74,32,42
07/15/2022 07:00:00 AM,169,77,92
07/15/2022 08:00:00 AM,257,111,146
07/15/2022 09:00:00 AM,182,76,106
07/15/2022 10:00:00 AM,150,65,85
07/15/2022 11:00:00 AM,139,69,70
07/15/2022 12:00:00 PM,158,70,88
07/15/2022 01:00:00 PM,158,63,95
07/15/2022 02:00:00 PM,190,77,113
07/15/2022 03:00:00 PM,213,85,128
07/15/2022 04:00:00 PM,329,129,200
07/15/2022 05:00:00 PM,355,121,234
07/15/2022 06:00:00 PM,275,111,164
07/15/2022 07:00:00 PM,165,59,106
07/15/2022 08:00:00 PM,128,55,73
07/15/2022 09:00:00 PM,118,67,51
07/15/2022 10:00:00 PM,59,21,38
07/15/2022 11:00:00 PM,36,15,21
07/16/2022 12:00:00 AM,27,16,11
07/16/2022 01:00:00 AM,13,4,9
07/16/2022 02:00:00 AM,12,5,7
07/16/2022 03:00:00 AM,12,5,7
07/16/2022 04:00:00 AM,32,7,25
07/16/2022 05:00:00 AM,40,16,24
07/16/2022 06:00:00 AM,58,20,38
07/16/2022 07:00:00 AM,44,23,21
07/16/2022 08:00:00 AM,94,38,56
07/16/2022 09:00:00 AM,119,51,68
07/16/2022 10:00:00 AM,137,70,67
07/16/2022 11:00:00 AM,197,90,107
07/16/2022 12:00:00 PM,184,87,97
07/16/2022 01:00:00 PM,239,113,126
07/16/2022 02:00:00 PM,253,125,128
07/16/2022 03:00:00 PM,221,117,104
07/16/2022 04:00:00 PM,212,102,110
07/16/2022 05:00:00 PM,155,80,75
07/16/2022 06:00:00 PM,168,68,100
07/16/2022 07:00:00 PM,160,41,119
07/16/2022 08:00:00 PM,108,52,56
07/16/2022 09:00:00 PM,101,20,81
07/16/2022 10:00:00 PM,55,27,28
07/16/2022 11:00:00 PM,20,7,13
07/17/2022 12:00:00 AM,16,11,5
07/17/2022 01:00:00 AM,12,3,9
07/17/2022 02:00:00 AM,5,1,4
07/17/2022 03:00:00 AM,4,3,1
07/17/2022 04:00:00 AM,5,2,3
07/17/2022 05:00:00 AM,9,4,5
07/17/2022 06:00:00 AM,19,10,9
07/17/2022 07:00:00 AM,33,14,19
07/17/2022 08:00:00 AM,74,34,40
07/17/2022 09:00:00 AM,107,47,60
07/17/2022 10:00:00 AM,128,56,72
07/17/2022 11:00:00 AM,219,102,117
07/17/2022 12:00:00 PM,221,120,101
07/17/2022 01:00:00 PM,245,130,115
07/17/2022 02:00:00 PM,208,106,102
07/17/2022 03:00:00 PM,258,121,137
07/17/2022 04:00:00 PM,241,105,136
07/17/2022 05:00:00 PM,230,107,123
07/17/2022 06:00:00 PM,175,75,100
07/17/2022 07:00:00 PM,98,47,51
07/17/2022 08:00:00 PM,81,42,39
07/17/2022 09:00:00 PM,61,32,29
07/17/2022 10:00:00 PM,19,6,13
07/17/2022 11:00:00 PM,12,6,6
07/18/2022 12:00:00 AM,4,0,4
07/18/2022 01:00:00 AM,10,2,8
07/18/2022 02:00:00 AM,3,2,1
07/18/2022 03:00:00 AM,4,1,3
07/18/2022 04:00:00 AM,7,2,5
07/18/2022 05:00:00 AM,20,5,15
07/18/2022 06:00:00 AM,85,30,55
07/18/2022 07:00:00 AM,163,59,104
07/18/2022 08:00:00 AM,272,115,157
07/18/2022 09:00:00 AM,175,62,113
07/18/2022 10:00:00 AM,107,39,68
07/18/2022 11:00:00 AM,99,46,53
07/18/2022 12:00:00 PM,106,42,64
07/18/2022 01:00:00 PM,111,50,61
07/18/2022 02:00:00 PM,109,41,68
07/18/2022 03:00:00 PM,173,75,98
07/18/2022 04:00:00 PM,279,102,177
07/18/2022 05:00:00 PM,473,135,338
07/18/2022 06:00:00 PM,316,111,205
07/18/2022 07:00:00 PM,219,73,146
07/18/2022 08:00:00 PM,164,79,85
07/18/2022 09:00:00 PM,78,34,44
07/18/2022 10:00:00 PM,35,13,22
07/18/2022 11:00:00 PM,19,9,10
07/19/2022 12:00:00 AM,13,8,5
07/19/2022 01:00:00 AM,3,1,2
07/19/2022 02:00:00 AM,3,2,1
07/19/2022 03:00:00 AM,0,0,0
07/19/2022 04:00:00 AM,8,2,6
07/19/2022 05:00:00 AM,36,9,27
07/19/2022 06:00:00 AM,113,48,65
07/19/2022 07:00:00 AM,279,112,167
07/19/2022 08:00:00 AM,396,170,226
07/19/2022 09:00:00 AM,268,109,159
07/19/2022 10:00:00 AM,137,57,80
07/19/2022 11:00:00 AM,125,53,72
07/19/2022 12:00:00 PM,162,74,88
07/19/2022 01:00:00 PM,150,63,87
07/19/2022 02:00:00 PM,186,73,113
07/19/2022 03:00:00 PM,235,103,132
07/19/2022 04:00:00 PM,415,119,296
07/19/2022 05:00:00 PM,599,169,430
07/19/2022 06:00:00 PM,445,172,273
07/19/2022 07:00:00 PM,261,90,171
07/19/2022 08:00:00 PM,192,71,121
07/19/2022 09:00:00 PM,118,49,69
07/19/2022 10:00:00 PM,55,28,27
07/19/2022 11:00:00 PM,26,13,13
07/20/2022 12:00:00 AM,5,1,4
07/20/2022 01:00:00 AM,0,0,0
07/20/2022 02:00:00 AM,3,2,1
07/20/2022 03:00:00 AM,1,1,0
07/20/2022 04:00:00 AM,12,5,7
07/20/2022 05:00:00 AM,29,9,20
07/20/2022 06:00:00 AM,108,55,53
07/20/2022 07:00:00 AM,314,138,176
07/20/2022 08:00:00 AM,391,177,214
07/20/2022 09:00:00 AM,269,114,155
07/20/2022 10:00:00 AM,156,55,101
07/20/2022 11:00:00 AM,168,73,95
07/20/2022 12:00:00 PM,140,73,67
07/20/2022 01:00:00 PM,125,56,69
07/20/2022 02:00:00 PM,122,56,66
07/20/2022 03:00:00 PM,205,96,109
07/20/2022 04:00:00 PM,350,114,236
07/20/2022 05:00:00 PM,575,149,426
07/20/2022 06:00:00 PM,447,155,292
07/20/2022 07:00:00 PM,256,99,157
07/20/2022 08:00:00 PM,203,79,124
07/20/2022 09:00:00 PM,135,65,70
07/20/2022 10:00:00 PM,45,17,28
07/20/2022 11:00:00 PM,35,11,24
07/21/2022 12:00:00 AM,6,3,3
07/21/2022 01:00:00 AM,5,0,5
07/21/2022 02:00:00 AM,4,1,3
07/21/2022 03:00:00 AM,4,3,1
07/21/2022 04:00:00 AM,10,1,9
07/21/2022 05:00:00 AM,31,10,21
07/21/2022 06:00:00 AM,119,53,66
07/21/2022 07:00:00 AM,246,87,159
07/21/2022 08:00:00 AM,344,167,177
07/21/2022 09:00:00 AM,271,112,159
07/21/2022 10:00:00 AM,186,69,117
07/21/2022 11:00:00 AM,156,65,91
07/21/2022 12:00:00 PM,150,61,89
07/21/2022 01:00:00 PM,137,60,77
07/21/2022 02:00:00 PM,162,74,88
07/21/2022 03:00:00 PM,206,89,117
07/21/2022 04:00:00 PM,372,131,241
07/21/2022 05:00:00 PM,549,154,395
07/21/2022 06:00:00 PM,404,129,275
07/21/2022 07:00:00 PM,246,111,135
07/21/2022 08:00:00 PM,229,98,131
07/21/2022 09:00:00 PM,126,63,63
07/21/2022 10:00:00 PM,62,26,36
07/21/2022 11:00:00 PM,30,12,18
07/22/2022 12:00:00 AM,16,7,9
07/22/2022 01:00:00 AM,2,1,1
07/22/2022 02:00:00 AM,1,0,1
07/22/2022 03:00:00 AM,9,8,1
07/22/2022 04:00:00 AM,10,1,9
07/22/2022 05:00:00 AM,19,7,12
07/22/2022 06:00:00 AM,72,33,39
07/22/2022 07:00:00 AM,159,63,96
07/22/2022 08:00:00 AM,244,98,146
07/22/2022 09:00:00 AM,169,74,95
07/22/2022 10:00:00 AM,124,55,69
07/22/2022 11:00:00 AM,118,51,67
07/22/2022 12:00:00 PM,126,57,69
07/22/2022 01:00:00 PM,119,56,63
07/22/2022 02:00:00 PM,175,76,99
07/22/2022 03:00:00 PM,224,80,144
07/22/2022 04:00:00 PM,302,119,183
07/22/2022 05:00:00 PM,374,148,226
07/22/2022 06:00:00 PM,238,109,129
07/22/2022 07:00:00 PM,213,86,127
07/22/2022 08:00:00 PM,165,79,86
07/22/2022 09:00:00 PM,109,46,63
07/22/2022 10:00:00 PM,47,20,27
07/22/2022 11:00:00 PM,53,25,28
07/23/2022 12:00:00 AM,18,11,7
07/23/2022 01:00:00 AM,12,2,10
07/23/2022 02:00:00 AM,10,4,6
07/23/2022 03:00:00 AM,6,3,3
07/23/2022 04:00:00 AM,6,2,4
07/23/2022 05:00:00 AM,9,4,5
07/23/2022 06:00:00 AM,34,17,17
07/23/2022 07:00:00 AM,55,17,38
07/23/2022 08:00:00 AM,105,45,60
07/23/2022 09:00:00 AM,139,60,79
07/23/2022 10:00:00 AM,172,59,113
07/23/2022 11:00:00 AM,201,94,107
07/23/2022 12:00:00 PM,197,95,102
07/23/2022 01:00:00 PM,214,90,124
07/23/2022 02:00:00 PM,239,109,130
07/23/2022 03:00:00 PM,259,137,122
07/23/2022 04:00:00 PM,248,120,128
07/23/2022 05:00:00 PM,247,103,144
07/23/2022 06:00:00 PM,227,115,112
07/23/2022 07:00:00 PM,246,81,165
07/23/2022 08:00:00 PM,127,43,84
07/23/2022 09:00:00 PM,173,46,127
07/23/2022 10:00:00 PM,81,39,42
07/23/2022 11:00:00 PM,32,4,28
07/24/2022 12:00:00 AM,29,11,18
07/24/2022 01:00:00 AM,12,6,6
07/24/2022 02:00:00 AM,15,10,5
07/24/2022 03:00:00 AM,4,3,1
07/24/2022 04:00:00 AM,4,2,2
07/24/2022 05:00:00 AM,15,4,11
07/24/2022 06:00:00 AM,23,11,12
07/24/2022 07:00:00 AM,33,12,21
07/24/2022 08:00:00 AM,102,51,51
07/24/2022 09:00:00 AM,124,55,69
07/24/2022 10:00:00 AM,200,88,112
07/24/2022 11:00:00 AM,255,116,139
07/24/2022 12:00:00 PM,267,146,121
07/24/2022 01:00:00 PM,257,124,133
07/24/2022 02:00:00 PM,239,120,119
07/24/2022 03:00:00 PM,278,126,152
07/24/2022 04:00:00 PM,212,108,104
07/24/2022 05:00:00 PM,181,86,95
07/24/2022 06:00:00 PM,179,76,103
07/24/2022 07:00:00 PM,141,64,77
07/24/2022 08:00:00 PM,94,42,52
07/24/2022 09:00:00 PM,62,20,42
07/24/2022 10:00:00 PM,41,17,24
07/24/2022 11:00:00 PM,18,4,14
07/25/2022 12:00:00 AM,5,2,3
07/25/2022 01:00:00 AM,7,7,0
07/25/2022 02:00:00 AM,3,1,2
07/25/2022 03:00:00 AM,1,1,0
07/25/2022 04:00:00 AM,7,1,6
07/25/2022 05:00:00 AM,25,9,16
07/25/2022 06:00:00 AM,101,39,62
07/25/2022 07:00:00 AM,216,88,128
07/25/2022 08:00:00 AM,288,125,163
07/25/2022 09:00:00 AM,201,84,117
07/25/2022 10:00:00 AM,131,47,84
07/25/2022 11:00:00 AM,116,52,64
07/25/2022 12:00:00 PM,116,55,61
07/25/2022 01:00:00 PM,113,47,66
07/25/2022 02:00:00 PM,124,43,81
07/25/2022 03:00:00 PM,178,57,121
07/25/2022 04:00:00 PM,270,89,181
07/25/2022 05:00:00 PM,446,120,326
07/25/2022 06:00:00 PM,317,108,209
07/25/2022 07:00:00 PM,198,86,112
07/25/2022 08:00:00 PM,125,44,81
07/25/2022 09:00:00 PM,85,40,45
07/25/2022 10:00:00 PM,45,19,26
07/25/2022 11:00:00 PM,23,6,17
07/26/2022 12:00:00 AM,5,2,3
07/26/2022 01:00:00 AM,4,2,2
07/26/2022 02:00:00 AM,4,3,1
07/26/2022 03:00:00 AM,1,1,0
07/26/2022 04:00:00 AM,7,1,6
07/26/2022 05:00:00 AM,35,11,24
07/26/2022 06:00:00 AM,137,59,78
07/26/2022 07:00:00 AM,281,124,157
07/26/2022 08:00:00 AM,402,173,229
07/26/2022 09:00:00 AM,225,101,124
07/26/2022 10:00:00 AM,140,70,70
07/26/2022 11:00:00 AM,112,49,63
07/26/2022 12:00:00 PM,127,71,56
07/26/2022 01:00:00 PM,108,55,53
07/26/2022 02:00:00 PM,118,46,72
07/26/2022 03:00:00 PM,157,53,104
07/26/2022 04:00:00 PM,295,94,201
07/26/2022 05:00:00 PM,452,118,334
07/26/2022 06:00:00 PM,341,137,204
07/26/2022 07:00:00 PM,176,75,101
07/26/2022 08:00:00 PM,163,66,97
07/26/2022 09:00:00 PM,98,42,56
07/26/2022 10:00:00 PM,53,24,29
07/26/2022 11:00:00 PM,26,7,19
07/27/2022 12:00:00 AM,11,5,6
07/27/2022 01:00:00 AM,1,1,0
07/27/2022 02:00:00 AM,5,1,4
07/27/2022 03:00:00 AM,2,1,1
07/27/2022 04:00:00 AM,7,2,5
07/27/2022 05:00:00 AM,39,16,23
07/27/2022 06:00:00 AM,129,49,80
07/27/2022 07:00:00 AM,297,112,185
07/27/2022 08:00:00 AM,360,168,192
07/27/2022 09:00:00 AM,270,125,145
07/27/2022 10:00:00 AM,153,63,90
07/27/2022 11:00:00 AM,120,60,60
07/27/2022 12:00:00 PM,119,51,68
07/27/2022 01:00:00 PM,86,55,31
07/27/2022 02:00:00 PM,154,55,99
07/27/2022 03:00:00 PM,183,73,110
07/27/2022 04:00:00 PM,289,101,188
07/27/2022 05:00:00 PM,448,112,336
07/27/2022 06:00:00 PM,339,104,235
07/27/2022 07:00:00 PM,198,82,116
07/27/2022 08:00:00 PM,155,59,96
07/27/2022 09:00:00 PM,130,65,65
07/27/2022 10:00:00 PM,59,25,34
07/27/2022 11:00:00 PM,36,22,14
07/28/2022 12:00:00 AM,8,2,6
07/28/2022 01:00:00 AM,3,2,1
07/28/2022 02:00:00 AM,3,1,2
07/28/2022 03:00:00 AM,4,3,1
07/28/2022 04:00:00 AM,11,1,10
07/28/2022 05:00:00 AM,35,11,24
07/28/2022 06:00:00 AM,120,52,68
07/28/2022 07:00:00 AM,256,107,149
07/28/2022 08:00:00 AM,356,185,171
07/28/2022 09:00:00 AM,226,94,132
07/28/2022 10:00:00 AM,127,51,76
07/28/2022 11:00:00 AM,140,55,85
07/28/2022 12:00:00 PM,98,29,69
07/28/2022 01:00:00 PM,123,53,70
07/28/2022 02:00:00 PM,127,56,71
07/28/2022 03:00:00 PM,178,72,106
07/28/2022 04:00:00 PM,309,111,198
07/28/2022 05:00:00 PM,476,122,354
07/28/2022 06:00:00 PM,355,119,236
07/28/2022 07:00:00 PM,202,77,125
07/28/2022 08:00:00 PM,211,74,137
07/28/2022 09:00:00 PM,135,72,63
07/28/2022 10:00:00 PM,65,33,32
07/28/2022 11:00:00 PM,34,13,21
07/29/2022 12:00:00 AM,8,2,6
07/29/2022 01:00:00 AM,2,0,2
07/29/2022 02:00:00 AM,4,4,0
07/29/2022 03:00:00 AM,5,4,1
07/29/2022 04:00:00 AM,7,2,5
07/29/2022 05:00:00 AM,24,9,15
07/29/2022 06:00:00 AM,90,30,60
07/29/2022 07:00:00 AM,183,84,99
07/29/2022 08:00:00 AM,255,118,137
07/29/2022 09:00:00 AM,220,95,125
07/29/2022 10:00:00 AM,128,48,80
07/29/2022 11:00:00 AM,154,73,81
07/29/2022 12:00:00 PM,146,64,82
07/29/2022 01:00:00 PM,139,51,88
07/29/2022 02:00:00 PM,143,60,83
07/29/2022 03:00:00 PM,169,67,102
07/29/2022 04:00:00 PM,270,83,187
07/29/2022 05:00:00 PM,299,97,202
07/29/2022 06:00:00 PM,255,114,141
07/29/2022 07:00:00 PM,205,70,135
07/29/2022 08:00:00 PM,116,54,62
07/29/2022 09:00:00 PM,101,49,52
07/29/2022 10:00:00 PM,53,24,29
07/29/2022 11:00:00 PM,70,20,50
07/30/2022 12:00:00 AM,47,24,23
07/30/2022 01:00:00 AM,24,6,18
07/30/2022 02:00:00 AM,10,4,6
07/30/2022 03:00:00 AM,7,2,5
07/30/2022 04:00:00 AM,3,1,2
07/30/2022 05:00:00 AM,12,4,8
07/30/2022 06:00:00 AM,43,16,27
07/30/2022 07:00:00 AM,78,31,47
07/30/2022 08:00:00 AM,124,66,58
07/30/2022 09:00:00 AM,198,99,99
07/30/2022 10:00:00 AM,249,112,137
07/30/2022 11:00:00 AM,217,100,117
07/30/2022 12:00:00 PM,191,70,121
07/30/2022 01:00:00 PM,175,79,96
07/30/2022 02:00:00 PM,175,62,113
07/30/2022 03:00:00 PM,151,74,77
07/30/2022 04:00:00 PM,142,56,86
07/30/2022 05:00:00 PM,127,62,65
07/30/2022 06:00:00 PM,122,59,63
07/30/2022 07:00:00 PM,163,47,116
07/30/2022 08:00:00 PM,99,38,61
07/30/2022 09:00:00 PM,142,55,87
07/30/2022 10:00:00 PM,62,21,41
07/30/2022 11:00:00 PM,49,15,34
07/31/2022 12:00:00 AM,36,11,25
07/31/2022 01:00:00 AM,19,4,15
07/31/2022 02:00:00 AM,8,5,3
07/31/2022 03:00:00 AM,4,3,1
07/31/2022 04:00:00 AM,4,1,3
07/31/2022 05:00:00 AM,15,5,10
07/31/2022 06:00:00 AM,19,8,11
07/31/2022 07:00:00 AM,70,27,43
07/31/2022 08:00:00 AM,115,45,70
07/31/2022 09:00:00 AM,166,72,94
07/31/2022 10:00:00 AM,226,102,124
07/31/2022 11:00:00 AM,236,114,122
07/31/2022 12:00:00 PM,235,132,103
07/31/2022 01:00:00 PM,222,112,110
07/31/2022 02:00:00 PM,165,59,106
07/31/2022 03:00:00 PM,167,82,85
07/31/2022 04:00:00 PM,172,80,92
07/31/2022 05:00:00 PM,163,69,94
07/31/2022 06:00:00 PM,129,62,67
07/31/2022 07:00:00 PM,134,70,64
07/31/2022 08:00:00 PM,108,44,64
07/31/2022 09:00:00 PM,75,46,29
07/31/2022 10:00:00 PM,35,18,17
07/31/2022 11:00:00 PM,28,7,21
08/01/2022 12:00:00 AM,23,7,16
08/01/2022 01:00:00 AM,12,5,7
08/01/2022 02:00:00 AM,3,0,3
08/01/2022 03:00:00 AM,5,2,3
08/01/2022 04:00:00 AM,10,2,8
08/01/2022 05:00:00 AM,27,5,22
08/01/2022 06:00:00 AM,100,43,57
08/01/2022 07:00:00 AM,219,90,129
08/01/2022 08:00:00 AM,335,143,192
08/01/2022 09:00:00 AM,212,85,127
08/01/2022 10:00:00 AM,134,54,80
08/01/2022 11:00:00 AM,98,45,53
08/01/2022 12:00:00 PM,154,66,88
08/01/2022 01:00:00 PM,120,54,66
08/01/2022 02:00:00 PM,155,46,109
08/01/2022 03:00:00 PM,174,82,92
08/01/2022 04:00:00 PM,302,123,179
08/01/2022 05:00:00 PM,474,150,324
08/01/2022 06:00:00 PM,340,127,213
08/01/2022 07:00:00 PM,223,84,139
08/01/2022 08:00:00 PM,168,64,104
08/01/2022 09:00:00 PM,93,36,57
08/01/2022 10:00:00 PM,58,24,34
08/01/2022 11:00:00 PM,28,11,17
08/02/2022 12:00:00 AM,5,3,2
08/02/2022 01:00:00 AM,7,1,6
08/02/2022 02:00:00 AM,3,1,2
08/02/2022 03:00:00 AM,1,0,1
08/02/2022 04:00:00 AM,11,2,9
08/02/2022 05:00:00 AM,32,8,24
08/02/2022 06:00:00 AM,108,49,59
08/02/2022 07:00:00 AM,258,97,161
08/02/2022 08:00:00 AM,373,151,222
08/02/2022 09:00:00 AM,231,104,127
08/02/2022 10:00:00 AM,143,70,73
08/02/2022 11:00:00 AM,108,55,53
08/02/2022 12:00:00 PM,113,52,61
08/02/2022 01:00:00 PM,140,58,82
08/02/2022 02:00:00 PM,141,53,88
08/02/2022 03:00:00 PM,227,87,140
08/02/2022 04:00:00 PM,388,120,268
08/02/2022 05:00:00 PM,576,175,401
08/02/2022 06:00:00 PM,364,131,233
08/02/2022 07:00:00 PM,241,101,140
08/02/2022 08:00:00 PM,166,65,101
08/02/2022 09:00:00 PM,99,34,65
08/02/2022 10:00:00 PM,48,19,29
08/02/2022 11:00:00 PM,24,9,15
08/03/2022 12:00:00 AM,14,9,5
08/03/2022 01:00:00 AM,5,1,4
08/03/2022 02:00:00 AM,2,0,2
08/03/2022 03:00:00 AM,3,0,3
08/03/2022 04:00:00 AM,9,1,8
08/03/2022 05:00:00 AM,26,11,15
08/03/2022 06:00:00 AM,125,61,64
08/03/2022 07:00:00 AM,278,110,168
08/03/2022 08:00:00 AM,400,163,237
08/03/2022 09:00:00 AM,250,102,148
08/03/2022 10:00:00 AM,166,67,99
08/03/2022 11:00:00 AM,128,54,74
08/03/2022 12:00:00 PM,136,62,74
08/03/2022 01:00:00 PM,137,52,85
08/03/2022 02:00:00 PM,177,63,114
08/03/2022 03:00:00 PM,217,92,125
08/03/2022 04:00:00 PM,359,137,222
08/03/2022 05:00:00 PM,522,161,361
08/03/2022 06:00:00 PM,376,139,237
08/03/2022 07:00:00 PM,280,104,176
08/03/2022 08:00:00 PM,176,81,95
08/03/2022 09:00:00 PM,105,42,63
08/03/2022 10:00:00 PM,51,18,33
08/03/2022 11:00:00 PM,34,6,28
08/04/2022 12:00:00 AM,15,9,6
08/04/2022 01:00:00 AM,6,5,1
08/04/2022 02:00:00 AM,4,3,1
08/04/2022 03:00:00 AM,5,2,3
08/04/2022 04:00:00 AM,12,7,5
08/04/2022 05:00:00 AM,18,7,11
08/04/2022 06:00:00 AM,85,39,46
08/04/2022 07:00:00 AM,213,68,145
08/04/2022 08:00:00 AM,309,131,178
08/04/2022 09:00:00 AM,219,87,132
08/04/2022 10:00:00 AM,121,40,81
08/04/2022 11:00:00 AM,92,44,48
08/04/2022 12:00:00 PM,106,58,48
08/04/2022 01:00:00 PM,81,33,48
08/04/2022 02:00:00 PM,80,29,51
08/04/2022 03:00:00 PM,142,49,93
08/04/2022 04:00:00 PM,264,102,162
08/04/2022 05:00:00 PM,419,120,299
08/04/2022 06:00:00 PM,296,106,190
08/04/2022 07:00:00 PM,197,74,123
08/04/2022 08:00:00 PM,145,47,98
08/04/2022 09:00:00 PM,72,26,46
08/04/2022 10:00:00 PM,52,23,29
08/04/2022 11:00:00 PM,33,14,19
08/05/2022 12:00:00 AM,5,1,4
08/05/2022 01:00:00 AM,3,0,3
08/05/2022 02:00:00 AM,4,1,3
08/05/2022 03:00:00 AM,4,1,3
08/05/2022 04:00:00 AM,7,3,4
08/05/2022 05:00:00 AM,25,7,18
08/05/2022 06:00:00 AM,78,28,50
08/05/2022 07:00:00 AM,165,68,97
08/05/2022 08:00:00 AM,239,100,139
08/05/2022 09:00:00 AM,211,79,132
08/05/2022 10:00:00 AM,155,69,86
08/05/2022 11:00:00 AM,162,83,79
08/05/2022 12:00:00 PM,157,66,91
08/05/2022 01:00:00 PM,173,79,94
08/05/2022 02:00:00 PM,177,81,96
08/05/2022 03:00:00 PM,199,86,113
08/05/2022 04:00:00 PM,302,110,192
08/05/2022 05:00:00 PM,375,152,223
08/05/2022 06:00:00 PM,283,100,183
08/05/2022 07:00:00 PM,192,80,112
08/05/2022 08:00:00 PM,119,46,73
08/05/2022 09:00:00 PM,69,24,45
08/05/2022 10:00:00 PM,62,24,38
08/05/2022 11:00:00 PM,54,23,31
08/06/2022 12:00:00 AM,38,18,20
08/06/2022 01:00:00 AM,16,4,12
08/06/2022 02:00:00 AM,8,7,1
08/06/2022 03:00:00 AM,15,12,3
08/06/2022 04:00:00 AM,4,1,3
08/06/2022 05:00:00 AM,6,0,6
08/06/2022 06:00:00 AM,28,10,18
08/06/2022 07:00:00 AM,54,30,24
08/06/2022 08:00:00 AM,115,41,74
08/06/2022 09:00:00 AM,164,88,76
08/06/2022 10:00:00 AM,191,100,91
08/06/2022 11:00:00 AM,250,122,128
08/06/2022 12:00:00 PM,260,130,130
08/06/2022 01:00:00 PM,232,107,125
08/06/2022 02:00:00 PM,351,159,192
08/06/2022 03:00:00 PM,250,116,134
08/06/2022 04:00:00 PM,258,109,149
08/06/2022 05:00:00 PM,233,107,126
08/06/2022 06:00:00 PM,204,80,124
08/06/2022 07:00:00 PM,231,70,161
08/06/2022 08:00:00 PM,120,40,80
08/06/2022 09:00:00 PM,147,51,96
08/06/2022 10:00:00 PM,54,13,41
08/06/2022 11:00:00 PM,40,5,35
08/07/2022 12:00:00 AM,40,15,25
08/07/2022 01:00:00 AM,17,7,10
08/07/2022 02:00:00 AM,9,6,3
08/07/2022 03:00:00 AM,4,1,3
08/07/2022 04:00:00 AM,10,4,6
08/07/2022 05:00:00 AM,6,1,5
08/07/2022 06:00:00 AM,15,6,9
08/07/2022 07:00:00 AM,49,23,26
08/07/2022 08:00:00 AM,100,39,61
08/07/2022 09:00:00 AM,165,83,82
08/07/2022 10:00:00 AM,177,74,103
08/07/2022 11:00:00 AM,246,125,121
08/07/2022 12:00:00 PM,208,90,118
08/07/2022 01:00:00 PM,238,120,118
08/07/2022 02:00:00 PM,195,89,106
08/07/2022 03:00:00 PM,205,98,107
08/07/2022 04:00:00 PM,186,84,102
08/07/2022 05:00:00 PM,176,76,100
08/07/2022 06:00:00 PM,162,78,84
08/07/2022 07:00:00 PM,118,44,74
08/07/2022 08:00:00 PM,122,54,68
08/07/2022 09:00:00 PM,52,27,25
08/07/2022 10:00:00 PM,22,7,15
08/07/2022 11:00:00 PM,18,7,11
08/08/2022 12:00:00 AM,9,4,5
08/08/2022 01:00:00 AM,0,0,0
08/08/2022 02:00:00 AM,5,0,5
08/08/2022 03:00:00 AM,1,1,0
08/08/2022 04:00:00 AM,8,2,6
08/08/2022 05:00:00 AM,33,8,25
08/08/2022 06:00:00 AM,99,38,61
08/08/2022 07:00:00 AM,222,87,135
08/08/2022 08:00:00 AM,323,141,182
08/08/2022 09:00:00 AM,199,90,109
08/08/2022 10:00:00 AM,127,50,77
08/08/2022 11:00:00 AM,134,64,70
08/08/2022 12:00:00 PM,105,57,48
08/08/2022 01:00:00 PM,107,36,71
08/08/2022 02:00:00 PM,97,39,58
08/08/2022 03:00:00 PM,199,68,131
08/08/2022 04:00:00 PM,297,92,205
08/08/2022 05:00:00 PM,419,118,301
08/08/2022 06:00:00 PM,310,109,201
08/08/2022 07:00:00 PM,169,70,99
08/08/2022 08:00:00 PM,130,55,75
08/08/2022 09:00:00 PM,78,31,47
08/08/2022 10:00:00 PM,62,21,41
08/08/2022 11:00:00 PM,21,10,11
08/09/2022 12:00:00 AM,24,8,16
08/09/2022 01:00:00 AM,5,1,4
08/09/2022 02:00:00 AM,2,0,2
08/09/2022 03:00:00 AM,5,2,3
08/09/2022 04:00:00 AM,5,1,4
08/09/2022 05:00:00 AM,24,7,17
08/09/2022 06:00:00 AM,122,46,76
08/09/2022 07:00:00 AM,261,109,152
08/09/2022 08:00:00 AM,289,126,163
08/09/2022 09:00:00 AM,197,78,119
08/09/2022 10:00:00 AM,126,59,67
08/09/2022 11:00:00 AM,96,51,45
08/09/2022 12:00:00 PM,101,44,57
08/09/2022 01:00:00 PM,111,57,54
08/09/2022 02:00:00 PM,125,54,71
08/09/2022 03:00:00 PM,175,68,107
08/09/2022 04:00:00 PM,345,106,239
08/09/2022 05:00:00 PM,537,170,367
08/09/2022 06:00:00 PM,364,137,227
08/09/2022 07:00:00 PM,244,84,160
08/09/2022 08:00:00 PM,141,56,85
08/09/2022 09:00:00 PM,83,40,43
08/09/2022 10:00:00 PM,43,12,31
08/09/2022 11:00:00 PM,31,12,19
08/10/2022 12:00:00 AM,15,4,11
08/10/2022 01:00:00 AM,8,2,6
08/10/2022 02:00:00 AM,4,1,3
08/10/2022 03:00:00 AM,3,0,3
08/10/2022 04:00:00 AM,7,2,5
08/10/2022 05:00:00 AM,27,8,19
08/10/2022 06:00:00 AM,116,50,66
08/10/2022 07:00:00 AM,273,117,156
08/10/2022 08:00:00 AM,372,154,218
08/10/2022 09:00:00 AM,244,94,150
08/10/2022 10:00:00 AM,83,31,52
08/10/2022 11:00:00 AM,89,39,50
08/10/2022 12:00:00 PM,110,52,58
08/10/2022 01:00:00 PM,96,48,48
08/10/2022 02:00:00 PM,134,57,77
08/10/2022 03:00:00 PM,192,73,119
08/10/2022 04:00:00 PM,311,89,222
08/10/2022 05:00:00 PM,457,152,305
08/10/2022 06:00:00 PM,370,123,247
08/10/2022 07:00:00 PM,195,80,115
08/10/2022 08:00:00 PM,128,63,65
08/10/2022 09:00:00 PM,64,29,35
08/10/2022 10:00:00 PM,54,23,31
08/10/2022 11:00:00 PM,31,18,13
08/11/2022 12:00:00 AM,12,4,8
08/11/2022 01:00:00 AM,3,0,3
08/11/2022 02:00:00 AM,2,0,2
08/11/2022 03:00:00 AM,3,2,1
08/11/2022 04:00:00 AM,15,3,12
08/11/2022 05:00:00 AM,35,13,22
08/11/2022 06:00:00 AM,97,38,59
08/11/2022 07:00:00 AM,235,91,144
08/11/2022 08:00:00 AM,329,139,190
08/11/2022 09:00:00 AM,226,93,133
08/11/2022 10:00:00 AM,141,51,90
08/11/2022 11:00:00 AM,147,71,76
08/11/2022 12:00:00 PM,144,66,78
08/11/2022 01:00:00 PM,164,63,101
08/11/2022 02:00:00 PM,136,53,83
08/11/2022 03:00:00 PM,238,92,146
08/11/2022 04:00:00 PM,364,134,230
08/11/2022 05:00:00 PM,548,162,386
08/11/2022 06:00:00 PM,376,140,236
08/11/2022 07:00:00 PM,236,88,148
08/11/2022 08:00:00 PM,164,62,102
08/11/2022 09:00:00 PM,144,78,66
08/11/2022 10:00:00 PM,53,22,31
08/11/2022 11:00:00 PM,38,18,20
08/12/2022 12:00:00 AM,32,19,13
08/12/2022 01:00:00 AM,3,1,2
08/12/2022 02:00:00 AM,3,3,0
08/12/2022 03:00:00 AM,4,2,2
08/12/2022 04:00:00 AM,5,1,4
08/12/2022 05:00:00 AM,26,10,16
08/12/2022 06:00:00 AM,74,28,46
08/12/2022 07:00:00 AM,196,83,113
08/12/2022 08:00:00 AM,268,105,163
08/12/2022 09:00:00 AM,217,94,123
08/12/2022 10:00:00 AM,143,71,72
08/12/2022 11:00:00 AM,158,74,84
08/12/2022 12:00:00 PM,160,69,91
08/12/2022 01:00:00 PM,161,71,90
08/12/2022 02:00:00 PM,159,65,94
08/12/2022 03:00:00 PM,252,107,145
08/12/2022 04:00:00 PM,380,115,265
08/12/2022 05:00:00 PM,415,151,264
08/12/2022 06:00:00 PM,308,119,189
08/12/2022 07:00:00 PM,239,129,110
08/12/2022 08:00:00 PM,152,87,65
08/12/2022 09:00:00 PM,82,35,47
08/12/2022 10:00:00 PM,63,22,41
08/12/2022 11:00:00 PM,67,17,50
08/13/2022 12:00:00 AM,30,11,19
08/13/2022 01:00:00 AM,15,2,13
08/13/2022 02:00:00 AM,8,7,1
08/13/2022 03:00:00 AM,4,2,2
08/13/2022 04:00:00 AM,3,1,2
08/13/2022 05:00:00 AM,16,3,13
08/13/2022 06:00:00 AM,65,15,50
08/13/2022 07:00:00 AM,69,24,45
08/13/2022 08:00:00 AM,92,47,45
08/13/2022 09:00:00 AM,120,45,75
08/13/2022 10:00:00 AM,517,68,449
08/13/2022 11:00:00 AM,717,82,635
08/13/2022 12:00:00 PM,484,122,362
08/13/2022 01:00:00 PM,341,121,220
08/13/2022 02:00:00 PM,337,144,193
08/13/2022 03:00:00 PM,283,106,177
08/13/2022 04:00:00 PM,238,107,131
08/13/2022 05:00:00 PM,173,64,109
08/13/2022 06:00:00 PM,183,76,107
08/13/2022 07:00:00 PM,220,54,166
08/13/2022 08:00:00 PM,115,46,69
08/13/2022 09:00:00 PM,107,30,77
08/13/2022 10:00:00 PM,52,11,41
08/13/2022 11:00:00 PM,44,14,30
08/14/2022 12:00:00 AM,18,5,13
08/14/2022 01:00:00 AM,18,5,13
08/14/2022 02:00:00 AM,9,3,6
08/14/2022 03:00:00 AM,3,3,0
08/14/2022 04:00:00 AM,5,2,3
08/14/2022 05:00:00 AM,10,4,6
08/14/2022 06:00:00 AM,23,8,15
08/14/2022 07:00:00 AM,39,9,30
08/14/2022 08:00:00 AM,64,29,35
08/14/2022 09:00:00 AM,163,74,89
08/14/2022 10:00:00 AM,193,80,113
08/14/2022 11:00:00 AM,244,115,129
08/14/2022 12:00:00 PM,243,108,135
08/14/2022 01:00:00 PM,216,114,102
08/14/2022 02:00:00 PM,291,146,145
08/14/2022 03:00:00 PM,270,118,152
08/14/2022 04:00:00 PM,225,86,139
08/14/2022 05:00:00 PM,210,89,121
08/14/2022 06:00:00 PM,201,105,96
08/14/2022 07:00:00 PM,144,55,89
08/14/2022 08:00:00 PM,93,39,54
08/14/2022 09:00:00 PM,91,21,70
08/14/2022 10:00:00 PM,28,13,15
08/14/2022 11:00:00 PM,38,6,32
08/15/2022 12:00:00 AM,14,3,11
08/15/2022 01:00:00 AM,5,2,3
08/15/2022 02:00:00 AM,4,1,3
08/15/2022 03:00:00 AM,2,2,0
08/15/2022 04:00:00 AM,8,2,6
08/15/2022 05:00:00 AM,23,7,16
08/15/2022 06:00:00 AM,109,42,67
08/15/2022 07:00:00 AM,229,101,128
08/15/2022 08:00:00 AM,324,130,194
08/15/2022 09:00:00 AM,195,70,125
08/15/2022 10:00:00 AM,152,63,89
08/15/2022 11:00:00 AM,131,60,71
08/15/2022 12:00:00 PM,167,74,93
08/15/2022 01:00:00 PM,120,58,62
08/15/2022 02:00:00 PM,113,43,70
08/15/2022 03:00:00 PM,186,71,115
08/15/2022 04:00:00 PM,284,108,176
08/15/2022 05:00:00 PM,493,154,339
08/15/2022 06:00:00 PM,368,133,235
08/15/2022 07:00:00 PM,203,70,133
08/15/2022 08:00:00 PM,134,54,80
08/15/2022 09:00:00 PM,79,42,37
08/15/2022 10:00:00 PM,40,14,26
08/15/2022 11:00:00 PM,23,14,9
08/16/2022 12:00:00 AM,15,1,14
08/16/2022 01:00:00 AM,4,1,3
08/16/2022 02:00:00 AM,4,1,3
08/16/2022 03:00:00 AM,4,2,2
08/16/2022 04:00:00 AM,11,3,8
08/16/2022 05:00:00 AM,25,8,17
08/16/2022 06:00:00 AM,161,65,96
08/16/2022 07:00:00 AM,324,144,180
08/16/2022 08:00:00 AM,388,174,214
08/16/2022 09:00:00 AM,265,115,150
08/16/2022 10:00:00 AM,157,55,102
08/16/2022 11:00:00 AM,154,66,88
08/16/2022 12:00:00 PM,136,56,80
08/16/2022 01:00:00 PM,129,63,66
08/16/2022 02:00:00 PM,144,56,88
08/16/2022 03:00:00 PM,212,70,142
08/16/2022 04:00:00 PM,392,133,259
08/16/2022 05:00:00 PM,593,193,400
08/16/2022 06:00:00 PM,364,139,225
08/16/2022 07:00:00 PM,297,120,177
08/16/2022 08:00:00 PM,166,61,105
08/16/2022 09:00:00 PM,95,46,49
08/16/2022 10:00:00 PM,56,20,36
08/16/2022 11:00:00 PM,38,18,20
08/17/2022 12:00:00 AM,17,8,9
08/17/2022 01:00:00 AM,5,1,4
08/17/2022 02:00:00 AM,4,4,0
08/17/2022 03:00:00 AM,4,3,1
08/17/2022 04:00:00 AM,13,6,7
08/17/2022 05:00:00 AM,22,7,15
08/17/2022 06:00:00 AM,132,54,78
08/17/2022 07:00:00 AM,298,131,167
08/17/2022 08:00:00 AM,382,169,213
08/17/2022 09:00:00 AM,232,89,143
08/17/2022 10:00:00 AM,141,66,75
08/17/2022 11:00:00 AM,144,62,82
08/17/2022 12:00:00 PM,139,61,78
08/17/2022 01:00:00 PM,127,51,76
08/17/2022 02:00:00 PM,135,52,83
08/17/2022 03:00:00 PM,198,74,124
08/17/2022 04:00:00 PM,342,118,224
08/17/2022 05:00:00 PM,542,149,393
08/17/2022 06:00:00 PM,382,115,267
08/17/2022 07:00:00 PM,250,120,130
08/17/2022 08:00:00 PM,169,76,93
08/17/2022 09:00:00 PM,101,39,62
08/17/2022 10:00:00 PM,42,21,21
08/17/2022 11:00:00 PM,33,9,24
08/18/2022 12:00:00 AM,15,6,9
08/18/2022 01:00:00 AM,7,4,3
08/18/2022 02:00:00 AM,1,1,0
08/18/2022 03:00:00 AM,2,2,0
08/18/2022 04:00:00 AM,14,4,10
08/18/2022 05:00:00 AM,26,13,13
08/18/2022 06:00:00 AM,106,43,63
08/18/2022 07:00:00 AM,276,108,168
08/18/2022 08:00:00 AM,354,150,204
08/18/2022 09:00:00 AM,230,100,130
08/18/2022 10:00:00 AM,123,54,69
08/18/2022 11:00:00 AM,128,60,68
08/18/2022 12:00:00 PM,114,53,61
08/18/2022 01:00:00 PM,121,41,80
08/18/2022 02:00:00 PM,149,57,92
08/18/2022 03:00:00 PM,176,67,109
08/18/2022 04:00:00 PM,325,97,228
08/18/2022 05:00:00 PM,513,201,312
08/18/2022 06:00:00 PM,335,137,198
08/18/2022 07:00:00 PM,215,78,137
08/18/2022 08:00:00 PM,157,74,83
08/18/2022 09:00:00 PM,114,50,64
08/18/2022 10:00:00 PM,50,18,32
08/18/2022 11:00:00 PM,31,14,17
08/19/2022 12:00:00 AM,16,10,6
08/19/2022 01:00:00 AM,9,4,5
08/19/2022 02:00:00 AM,4,2,2
08/19/2022 03:00:00 AM,3,2,1
08/19/2022 04:00:00 AM,10,3,7
08/19/2022 05:00:00 AM,21,11,10
08/19/2022 06:00:00 AM,72,31,41
08/19/2022 07:00:00 AM,156,68,88
08/19/2022 08:00:00 AM,146,66,80
08/19/2022 09:00:00 AM,108,47,61
08/19/2022 10:00:00 AM,89,44,45
08/19/2022 11:00:00 AM,102,35,67
08/19/2022 12:00:00 PM,114,52,62
08/19/2022 01:00:00 PM,122,54,68
08/19/2022 02:00:00 PM,150,68,82
08/19/2022 03:00:00 PM,204,83,121
08/19/2022 04:00:00 PM,272,90,182
08/19/2022 05:00:00 PM,309,111,198
08/19/2022 06:00:00 PM,231,102,129
08/19/2022 07:00:00 PM,154,77,77
08/19/2022 08:00:00 PM,104,51,53
08/19/2022 09:00:00 PM,84,38,46
08/19/2022 10:00:00 PM,47,24,23
08/19/2022 11:00:00 PM,45,15,30
08/20/2022 12:00:00 AM,29,12,17
08/20/2022 01:00:00 AM,20,11,9
08/20/2022 02:00:00 AM,7,2,5
08/20/2022 03:00:00 AM,3,1,2
08/20/2022 04:00:00 AM,5,1,4
08/20/2022 05:00:00 AM,5,3,2
08/20/2022 06:00:00 AM,27,9,18
08/20/2022 07:00:00 AM,60,15,45
08/20/2022 08:00:00 AM,98,48,50
08/20/2022 09:00:00 AM,154,72,82
08/20/2022 10:00:00 AM,174,83,91
08/20/2022 11:00:00 AM,193,81,112
08/20/2022 12:00:00 PM,205,92,113
08/20/2022 01:00:00 PM,222,108,114
08/20/2022 02:00:00 PM,244,131,113
08/20/2022 03:00:00 PM,260,151,109
08/20/2022 04:00:00 PM,255,121,134
08/20/2022 05:00:00 PM,204,86,118
08/20/2022 06:00:00 PM,219,89,130
08/20/2022 07:00:00 PM,201,72,129
08/20/2022 08:00:00 PM,153,50,103
08/20/2022 09:00:00 PM,64,20,44
08/20/2022 10:00:00 PM,29,13,16
08/20/2022 11:00:00 PM,51,18,33
08/21/2022 12:00:00 AM,14,7,7
08/21/2022 01:00:00 AM,12,4,8
08/21/2022 02:00:00 AM,9,2,7
08/21/2022 03:00:00 AM,8,5,3
08/21/2022 04:00:00 AM,4,1,3
08/21/2022 05:00:00 AM,6,3,3
08/21/2022 06:00:00 AM,19,8,11
08/21/2022 07:00:00 AM,34,14,20
08/21/2022 08:00:00 AM,70,33,37
08/21/2022 09:00:00 AM,117,50,67
08/21/2022 10:00:00 AM,161,51,110
08/21/2022 11:00:00 AM,198,102,96
08/21/2022 12:00:00 PM,271,116,155
08/21/2022 01:00:00 PM,281,138,143
08/21/2022 02:00:00 PM,297,127,170
08/21/2022 03:00:00 PM,299,114,185
08/21/2022 04:00:00 PM,245,112,133
08/21/2022 05:00:00 PM,204,69,135
08/21/2022 06:00:00 PM,161,75,86
08/21/2022 07:00:00 PM,153,72,81
08/21/2022 08:00:00 PM,86,52,34
08/21/2022 09:00:00 PM,59,21,38
08/21/2022 10:00:00 PM,20,7,13
08/21/2022 11:00:00 PM,15,8,7
08/22/2022 12:00:00 AM,8,5,3
08/22/2022 01:00:00 AM,8,2,6
08/22/2022 02:00:00 AM,3,2,1
08/22/2022 03:00:00 AM,1,1,0
08/22/2022 04:00:00 AM,11,3,8
08/22/2022 05:00:00 AM,23,6,17
08/22/2022 06:00:00 AM,103,33,70
08/22/2022 07:00:00 AM,236,99,137
08/22/2022 08:00:00 AM,310,142,168
08/22/2022 09:00:00 AM,198,70,128
08/22/2022 10:00:00 AM,118,48,70
08/22/2022 11:00:00 AM,120,60,60
08/22/2022 12:00:00 PM,140,63,77
08/22/2022 01:00:00 PM,145,63,82
08/22/2022 02:00:00 PM,116,54,62
08/22/2022 03:00:00 PM,187,67,120
08/22/2022 04:00:00 PM,306,104,202
08/22/2022 05:00:00 PM,424,125,299
08/22/2022 06:00:00 PM,340,106,234
08/22/2022 07:00:00 PM,195,65,130
08/22/2022 08:00:00 PM,140,64,76
08/22/2022 09:00:00 PM,64,28,36
08/22/2022 10:00:00 PM,31,16,15
08/22/2022 11:00:00 PM,32,10,22
08/23/2022 12:00:00 AM,8,4,4
08/23/2022 01:00:00 AM,5,1,4
08/23/2022 02:00:00 AM,3,0,3
08/23/2022 03:00:00 AM,4,1,3
08/23/2022 04:00:00 AM,11,2,9
08/23/2022 05:00:00 AM,20,6,14
08/23/2022 06:00:00 AM,145,70,75
08/23/2022 07:00:00 AM,292,126,166
08/23/2022 08:00:00 AM,422,208,214
08/23/2022 09:00:00 AM,237,98,139
08/23/2022 10:00:00 AM,149,56,93
08/23/2022 11:00:00 AM,111,50,61
08/23/2022 12:00:00 PM,150,63,87
08/23/2022 01:00:00 PM,133,55,78
08/23/2022 02:00:00 PM,166,72,94
08/23/2022 03:00:00 PM,198,74,124
08/23/2022 04:00:00 PM,338,112,226
08/23/2022 05:00:00 PM,585,166,419
08/23/2022 06:00:00 PM,403,141,262
08/23/2022 07:00:00 PM,232,95,137
08/23/2022 08:00:00 PM,153,78,75
08/23/2022 09:00:00 PM,90,42,48
08/23/2022 10:00:00 PM,52,16,36
08/23/2022 11:00:00 PM,33,9,24
08/24/2022 12:00:00 AM,14,8,6
08/24/2022 01:00:00 AM,4,1,3
08/24/2022 02:00:00 AM,7,4,3
08/24/2022 03:00:00 AM,3,2,1
08/24/2022 04:00:00 AM,9,1,8
08/24/2022 05:00:00 AM,23,9,14
08/24/2022 06:00:00 AM,98,33,65
08/24/2022 07:00:00 AM,275,117,158
08/24/2022 08:00:00 AM,386,166,220
08/24/2022 09:00:00 AM,249,95,154
08/24/2022 10:00:00 AM,167,67,100
08/24/2022 11:00:00 AM,135,65,70
08/24/2022 12:00:00 PM,157,78,79
08/24/2022 01:00:00 PM,155,69,86
08/24/2022 02:00:00 PM,116,46,70
08/24/2022 03:00:00 PM,199,86,113
08/24/2022 04:00:00 PM,346,100,246
08/24/2022 05:00:00 PM,558,166,392
08/24/2022 06:00:00 PM,372,115,257
08/24/2022 07:00:00 PM,236,93,143
08/24/2022 08:00:00 PM,188,84,104
08/24/2022 09:00:00 PM,76,34,42
08/24/2022 10:00:00 PM,40,13,27
08/24/2022 11:00:00 PM,35,16,19
08/25/2022 12:00:00 AM,13,4,9
08/25/2022 01:00:00 AM,2,0,2
08/25/2022 02:00:00 AM,3,1,2
08/25/2022 03:00:00 AM,7,2,5
08/25/2022 04:00:00 AM,14,2,12
08/25/2022 05:00:00 AM,29,15,14
08/25/2022 06:00:00 AM,116,48,68
08/25/2022 07:00:00 AM,244,116,128
08/25/2022 08:00:00 AM,393,171,222
08/25/2022 09:00:00 AM,230,91,139
08/25/2022 10:00:00 AM,176,62,114
08/25/2022 11:00:00 AM,125,59,66
08/25/2022 12:00:00 PM,151,63,88
08/25/2022 01:00:00 PM,124,53,71
08/25/2022 02:00:00 PM,128,45,83
08/25/2022 03:00:00 PM,178,63,115
08/25/2022 04:00:00 PM,305,87,218
08/25/2022 05:00:00 PM,432,122,310
08/25/2022 06:00:00 PM,357,144,213
08/25/2022 07:00:00 PM,219,96,123
08/25/2022 08:00:00 PM,161,72,89
08/25/2022 09:00:00 PM,102,46,56
08/25/2022 10:00:00 PM,56,23,33
08/25/2022 11:00:00 PM,38,15,23
08/26/2022 12:00:00 AM,21,11,10
08/26/2022 01:00:00 AM,7,6,1
08/26/2022 02:00:00 AM,7,6,1
08/26/2022 03:00:00 AM,3,2,1
08/26/2022 04:00:00 AM,9,2,7
08/26/2022 05:00:00 AM,20,9,11
08/26/2022 06:00:00 AM,74,31,43
08/26/2022 07:00:00 AM,164,59,105
08/26/2022 08:00:00 AM,211,97,114
08/26/2022 09:00:00 AM,175,81,94
08/26/2022 10:00:00 AM,124,55,69
08/26/2022 11:00:00 AM,100,47,53
08/26/2022 12:00:00 PM,135,60,75
08/26/2022 01:00:00 PM,154,54,100
08/26/2022 02:00:00 PM,143,68,75
08/26/2022 03:00:00 PM,236,104,132
08/26/2022 04:00:00 PM,269,102,167
08/26/2022 05:00:00 PM,311,105,206
08/26/2022 06:00:00 PM,197,81,116
08/26/2022 07:00:00 PM,144,73,71
08/26/2022 08:00:00 PM,98,41,57
08/26/2022 09:00:00 PM,66,32,34
08/26/2022 10:00:00 PM,43,11,32
08/26/2022 11:00:00 PM,40,14,26
08/27/2022 12:00:00 AM,29,15,14
08/27/2022 01:00:00 AM,14,9,5
08/27/2022 02:00:00 AM,7,3,4
08/27/2022 03:00:00 AM,6,3,3
08/27/2022 04:00:00 AM,4,1,3
08/27/2022 05:00:00 AM,8,6,2
08/27/2022 06:00:00 AM,13,3,10
08/27/2022 07:00:00 AM,32,12,20
08/27/2022 08:00:00 AM,64,28,36
08/27/2022 09:00:00 AM,101,41,60
08/27/2022 10:00:00 AM,136,68,68
08/27/2022 11:00:00 AM,158,76,82
08/27/2022 12:00:00 PM,177,77,100
08/27/2022 01:00:00 PM,145,62,83
08/27/2022 02:00:00 PM,191,84,107
08/27/2022 03:00:00 PM,181,78,103
08/27/2022 04:00:00 PM,217,102,115
08/27/2022 05:00:00 PM,184,103,81
08/27/2022 06:00:00 PM,155,62,93
08/27/2022 07:00:00 PM,138,43,95
08/27/2022 08:00:00 PM,85,41,44
08/27/2022 09:00:00 PM,107,33,74
08/27/2022 10:00:00 PM,54,10,44
08/27/2022 11:00:00 PM,57,16,41
08/28/2022 12:00:00 AM,29,9,20
08/28/2022 01:00:00 AM,11,4,7
08/28/2022 02:00:00 AM,14,6,8
08/28/2022 03:00:00 AM,3,0,3
08/28/2022 04:00:00 AM,4,2,2
08/28/2022 05:00:00 AM,5,2,3
08/28/2022 06:00:00 AM,24,9,15
08/28/2022 07:00:00 AM,38,20,18
08/28/2022 08:00:00 AM,90,44,46
08/28/2022 09:00:00 AM,113,55,58
08/28/2022 10:00:00 AM,170,78,92
08/28/2022 11:00:00 AM,179,81,98
08/28/2022 12:00:00 PM,274,109,165
08/28/2022 01:00:00 PM,321,161,160
08/28/2022 02:00:00 PM,236,110,126
08/28/2022 03:00:00 PM,287,149,138
08/28/2022 04:00:00 PM,312,156,156
08/28/2022 05:00:00 PM,223,114,109
08/28/2022 06:00:00 PM,193,96,97
08/28/2022 07:00:00 PM,137,61,76
08/28/2022 08:00:00 PM,79,31,48
08/28/2022 09:00:00 PM,48,28,20
08/28/2022 10:00:00 PM,23,13,10
08/28/2022 11:00:00 PM,8,3,5
08/29/2022 12:00:00 AM,4,2,2
08/29/2022 01:00:00 AM,11,1,10
08/29/2022 02:00:00 AM,5,3,2
08/29/2022 03:00:00 AM,4,2,2
08/29/2022 04:00:00 AM,13,6,7
08/29/2022 05:00:00 AM,23,6,17
08/29/2022 06:00:00 AM,89,35,54
08/29/2022 07:00:00 AM,247,116,131
08/29/2022 08:00:00 AM,302,129,173
08/29/2022 09:00:00 AM,213,89,124
08/29/2022 10:00:00 AM,110,35,75
08/29/2022 11:00:00 AM,104,45,59
08/29/2022 12:00:00 PM,109,57,52
08/29/2022 01:00:00 PM,117,65,52
08/29/2022 02:00:00 PM,147,52,95
08/29/2022 03:00:00 PM,184,73,111
08/29/2022 04:00:00 PM,290,86,204
08/29/2022 05:00:00 PM,477,153,324
08/29/2022 06:00:00 PM,352,120,232
08/29/2022 07:00:00 PM,211,82,129
08/29/2022 08:00:00 PM,117,57,60
08/29/2022 09:00:00 PM,69,25,44
08/29/2022 10:00:00 PM,37,14,23
08/29/2022 11:00:00 PM,21,9,12
08/30/2022 12:00:00 AM,5,1,4
08/30/2022 01:00:00 AM,5,1,4
08/30/2022 02:00:00 AM,3,2,1
08/30/2022 03:00:00 AM,2,1,1
08/30/2022 04:00:00 AM,12,2,10
08/30/2022 05:00:00 AM,29,12,17
08/30/2022 06:00:00 AM,118,53,65
08/30/2022 07:00:00 AM,314,127,187
08/30/2022 08:00:00 AM,392,171,221
08/30/2022 09:00:00 AM,235,99,136
08/30/2022 10:00:00 AM,146,61,85
08/30/2022 11:00:00 AM,141,62,79
08/30/2022 12:00:00 PM,160,91,69
08/30/2022 01:00:00 PM,107,46,61
08/30/2022 02:00:00 PM,133,59,74
08/30/2022 03:00:00 PM,221,84,137
08/30/2022 04:00:00 PM,367,113,254
08/30/2022 05:00:00 PM,563,162,401
08/30/2022 06:00:00 PM,360,138,222
08/30/2022 07:00:00 PM,245,102,143
08/30/2022 08:00:00 PM,162,70,92
08/30/2022 09:00:00 PM,99,36,63
08/30/2022 10:00:00 PM,43,18,25
08/30/2022 11:00:00 PM,14,5,9
08/31/2022 12:00:00 AM,9,2,7
08/31/2022 01:00:00 AM,3,2,1
08/31/2022 02:00:00 AM,3,2,1
08/31/2022 03:00:00 AM,3,1,2
08/31/2022 04:00:00 AM,9,4,5
08/31/2022 05:00:00 AM,20,7,13
08/31/2022 06:00:00 AM,97,40,57
08/31/2022 07:00:00 AM,307,133,174
08/31/2022 08:00:00 AM,351,150,201
08/31/2022 09:00:00 AM,240,95,145
08/31/2022 10:00:00 AM,129,70,59
08/31/2022 11:00:00 AM,101,43,58
08/31/2022 12:00:00 PM,136,59,77
08/31/2022 01:00:00 PM,130,68,62
08/31/2022 02:00:00 PM,196,70,126
08/31/2022 03:00:00 PM,204,71,133
08/31/2022 04:00:00 PM,294,87,207
08/31/2022 05:00:00 PM,500,147,353
08/31/2022 06:00:00 PM,348,142,206
08/31/2022 07:00:00 PM,227,100,127
08/31/2022 08:00:00 PM,149,62,87
08/31/2022 09:00:00 PM,79,41,38
08/31/2022 10:00:00 PM,35,6,29
08/31/2022 11:00:00 PM,30,6,24
09/01/2022 12:00:00 AM,11,5,6
09/01/2022 01:00:00 AM,5,2,3
09/01/2022 02:00:00 AM,3,1,2
09/01/2022 03:00:00 AM,5,2,3
09/01/2022 04:00:00 AM,8,4,4
09/01/2022 05:00:00 AM,25,12,13
09/01/2022 06:00:00 AM,95,38,57
09/01/2022 07:00:00 AM,264,100,164
09/01/2022 08:00:00 AM,324,137,187
09/01/2022 09:00:00 AM,172,65,107
09/01/2022 10:00:00 AM,129,51,78
09/01/2022 11:00:00 AM,113,59,54
09/01/2022 12:00:00 PM,116,52,64
09/01/2022 01:00:00 PM,146,60,86
09/01/2022 02:00:00 PM,166,82,84
09/01/2022 03:00:00 PM,211,96,115
09/01/2022 04:00:00 PM,349,129,220
09/01/2022 05:00:00 PM,489,140,349
09/01/2022 06:00:00 PM,417,140,277
09/01/2022 07:00:00 PM,249,106,143
09/01/2022 08:00:00 PM,138,55,83
09/01/2022 09:00:00 PM,78,27,51
09/01/2022 10:00:00 PM,52,24,28
09/01/2022 11:00:00 PM,24,10,14
09/02/2022 12:00:00 AM,17,6,11
09/02/2022 01:00:00 AM,3,1,2
09/02/2022 02:00:00 AM,4,2,2
09/02/2022 03:00:00 AM,3,2,1
09/02/2022 04:00:00 AM,13,2,11
09/02/2022 05:00:00 AM,23,9,14
09/02/2022 06:00:00 AM,70,26,44
09/02/2022 07:00:00 AM,150,60,90
09/02/2022 08:00:00 AM,224,94,130
09/02/2022 09:00:00 AM,205,83,122
09/02/2022 10:00:00 AM,139,56,83
09/02/2022 11:00:00 AM,152,65,87
09/02/2022 12:00:00 PM,168,81,87
09/02/2022 01:00:00 PM,185,75,110
09/02/2022 02:00:00 PM,173,69,104
09/02/2022 03:00:00 PM,223,83,140
09/02/2022 04:00:00 PM,308,127,181
09/02/2022 05:00:00 PM,323,130,193
09/02/2022 06:00:00 PM,244,102,142
09/02/2022 07:00:00 PM,179,93,86
09/02/2022 08:00:00 PM,111,54,57
09/02/2022 09:00:00 PM,63,36,27
09/02/2022 10:00:00 PM,55,28,27
09/02/2022 11:00:00 PM,27,14,13
09/03/2022 12:00:00 AM,27,15,12
09/03/2022 01:00:00 AM,15,5,10
09/03/2022 02:00:00 AM,5,1,4
09/03/2022 03:00:00 AM,2,1,1
09/03/2022 04:00:00 AM,4,0,4
09/03/2022 05:00:00 AM,8,1,7
09/03/2022 06:00:00 AM,27,17,10
09/03/2022 07:00:00 AM,39,17,22
09/03/2022 08:00:00 AM,33,10,23
09/03/2022 09:00:00 AM,72,23,49
09/03/2022 10:00:00 AM,78,23,55
09/03/2022 11:00:00 AM,97,45,52
09/03/2022 12:00:00 PM,119,54,65
09/03/2022 01:00:00 PM,127,58,69
09/03/2022 02:00:00 PM,181,71,110
09/03/2022 03:00:00 PM,167,94,73
09/03/2022 04:00:00 PM,178,92,86
09/03/2022 05:00:00 PM,161,69,92
09/03/2022 06:00:00 PM,142,65,77
09/03/2022 07:00:00 PM,180,65,115
09/03/2022 08:00:00 PM,74,33,41
09/03/2022 09:00:00 PM,81,20,61
09/03/2022 10:00:00 PM,46,21,25
09/03/2022 11:00:00 PM,28,17,11
09/04/2022 12:00:00 AM,22,14,8
09/04/2022 01:00:00 AM,9,7,2
09/04/2022 02:00:00 AM,4,3,1
09/04/2022 03:00:00 AM,8,4,4
09/04/2022 04:00:00 AM,6,3,3
09/04/2022 05:00:00 AM,5,0,5
09/04/2022 06:00:00 AM,23,9,14
09/04/2022 07:00:00 AM,47,26,21
09/04/2022 08:00:00 AM,70,36,34
09/04/2022 09:00:00 AM,125,51,74
09/04/2022 10:00:00 AM,165,81,84
09/04/2022 11:00:00 AM,174,95,79
09/04/2022 12:00:00 PM,198,82,116
09/04/2022 01:00:00 PM,244,103,141
09/04/2022 02:00:00 PM,257,113,144
09/04/2022 03:00:00 PM,238,85,153
09/04/2022 04:00:00 PM,191,80,111
09/04/2022 05:00:00 PM,172,71,101
09/04/2022 06:00:00 PM,142,59,83
09/04/2022 07:00:00 PM,66,22,44
09/04/2022 08:00:00 PM,45,21,24
09/04/2022 09:00:00 PM,31,13,18
09/04/2022 10:00:00 PM,27,13,14
09/04/2022 11:00:00 PM,13,7,6
09/05/2022 12:00:00 AM,7,1,6
09/05/2022 01:00:00 AM,3,0,3
09/05/2022 02:00:00 AM,3,0,3
09/05/2022 03:00:00 AM,5,3,2
09/05/2022 04:00:00 AM,5,1,4
09/05/2022 05:00:00 AM,6,3,3
09/05/2022 06:00:00 AM,19,5,14
09/05/2022 07:00:00 AM,39,14,25
09/05/2022 08:00:00 AM,66,27,39
09/05/2022 09:00:00 AM,89,40,49
09/05/2022 10:00:00 AM,130,71,59
09/05/2022 11:00:00 AM,192,96,96
09/05/2022 12:00:00 PM,202,108,94
09/05/2022 01:00:00 PM,255,124,131
09/05/2022 02:00:00 PM,288,157,131
09/05/2022 03:00:00 PM,290,138,152
09/05/2022 04:00:00 PM,231,108,123
09/05/2022 05:00:00 PM,198,95,103
09/05/2022 06:00:00 PM,185,82,103
09/05/2022 07:00:00 PM,107,52,55
09/05/2022 08:00:00 PM,60,33,27
09/05/2022 09:00:00 PM,32,13,19
09/05/2022 10:00:00 PM,28,17,11
09/05/2022 11:00:00 PM,19,12,7
09/06/2022 12:00:00 AM,5,3,2
09/06/2022 01:00:00 AM,8,1,7
09/06/2022 02:00:00 AM,1,1,0
09/06/2022 03:00:00 AM,3,1,2
09/06/2022 04:00:00 AM,12,6,6
09/06/2022 05:00:00 AM,30,12,18
09/06/2022 06:00:00 AM,111,43,68
09/06/2022 07:00:00 AM,275,117,158
09/06/2022 08:00:00 AM,397,168,229
09/06/2022 09:00:00 AM,199,75,124
09/06/2022 10:00:00 AM,133,60,73
09/06/2022 11:00:00 AM,107,40,67
09/06/2022 12:00:00 PM,110,55,55
09/06/2022 01:00:00 PM,141,55,86
09/06/2022 02:00:00 PM,156,68,88
09/06/2022 03:00:00 PM,219,101,118
09/06/2022 04:00:00 PM,333,115,218
09/06/2022 05:00:00 PM,537,161,376
09/06/2022 06:00:00 PM,371,130,241
09/06/2022 07:00:00 PM,193,85,108
09/06/2022 08:00:00 PM,112,52,60
09/06/2022 09:00:00 PM,68,32,36
09/06/2022 10:00:00 PM,60,15,45
09/06/2022 11:00:00 PM,25,11,14
09/07/2022 12:00:00 AM,9,5,4
09/07/2022 01:00:00 AM,6,1,5
09/07/2022 02:00:00 AM,0,0,0
09/07/2022 03:00:00 AM,5,0,5
09/07/2022 04:00:00 AM,10,3,7
09/07/2022 05:00:00 AM,28,12,16
09/07/2022 06:00:00 AM,123,51,72
09/07/2022 07:00:00 AM,322,134,188
09/07/2022 08:00:00 AM,398,153,245
09/07/2022 09:00:00 AM,231,103,128
09/07/2022 10:00:00 AM,145,54,91
09/07/2022 11:00:00 AM,130,56,74
09/07/2022 12:00:00 PM,149,66,83
09/07/2022 01:00:00 PM,106,36,70
09/07/2022 02:00:00 PM,150,61,89
09/07/2022 03:00:00 PM,221,90,131
09/07/2022 04:00:00 PM,321,109,212
09/07/2022 05:00:00 PM,601,174,427
09/07/2022 06:00:00 PM,383,156,227
09/07/2022 07:00:00 PM,224,91,133
09/07/2022 08:00:00 PM,125,61,64
09/07/2022 09:00:00 PM,55,18,37
09/07/2022 10:00:00 PM,45,17,28
09/07/2022 11:00:00 PM,24,9,15
09/08/2022 12:00:00 AM,7,1,6
09/08/2022 01:00:00 AM,9,4,5
09/08/2022 02:00:00 AM,2,0,2
09/08/2022 03:00:00 AM,2,2,0
09/08/2022 04:00:00 AM,10,6,4
09/08/2022 05:00:00 AM,30,16,14
09/08/2022 06:00:00 AM,110,47,63
09/08/2022 07:00:00 AM,282,121,161
09/08/2022 08:00:00 AM,395,172,223
09/08/2022 09:00:00 AM,220,93,127
09/08/2022 10:00:00 AM,241,66,175
09/08/2022 11:00:00 AM,126,56,70
09/08/2022 12:00:00 PM,165,79,86
09/08/2022 01:00:00 PM,148,65,83
09/08/2022 02:00:00 PM,145,56,89
09/08/2022 03:00:00 PM,227,92,135
09/08/2022 04:00:00 PM,367,123,244
09/08/2022 05:00:00 PM,512,145,367
09/08/2022 06:00:00 PM,394,132,262
09/08/2022 07:00:00 PM,189,77,112
09/08/2022 08:00:00 PM,109,39,70
09/08/2022 09:00:00 PM,68,36,32
09/08/2022 10:00:00 PM,41,20,21
09/08/2022 11:00:00 PM,34,16,18
09/09/2022 12:00:00 AM,9,5,4
09/09/2022 01:00:00 AM,10,7,3
09/09/2022 02:00:00 AM,3,3,0
09/09/2022 03:00:00 AM,4,1,3
09/09/2022 04:00:00 AM,11,7,4
09/09/2022 05:00:00 AM,17,9,8
09/09/2022 06:00:00 AM,61,23,38
09/09/2022 07:00:00 AM,172,77,95
09/09/2022 08:00:00 AM,279,107,172
09/09/2022 09:00:00 AM,158,60,98
09/09/2022 10:00:00 AM,128,43,85
09/09/2022 11:00:00 AM,117,68,49
09/09/2022 12:00:00 PM,98,47,51
09/09/2022 01:00:00 PM,173,75,98
09/09/2022 02:00:00 PM,161,69,92
09/09/2022 03:00:00 PM,215,96,119
09/09/2022 04:00:00 PM,248,92,156
09/09/2022 05:00:00 PM,362,104,258
09/09/2022 06:00:00 PM,232,85,147
09/09/2022 07:00:00 PM,136,59,77
09/09/2022 08:00:00 PM,68,36,32
09/09/2022 09:00:00 PM,71,29,42
09/09/2022 10:00:00 PM,42,11,31
09/09/2022 11:00:00 PM,69,23,46
09/10/2022 12:00:00 AM,17,5,12
09/10/2022 01:00:00 AM,4,1,3
09/10/2022 02:00:00 AM,8,4,4
09/10/2022 03:00:00 AM,3,1,2
09/10/2022 04:00:00 AM,8,1,7
09/10/2022 05:00:00 AM,6,1,5
09/10/2022 06:00:00 AM,26,13,13
09/10/2022 07:00:00 AM,48,23,25
09/10/2022 08:00:00 AM,81,42,39
09/10/2022 09:00:00 AM,116,49,67
09/10/2022 10:00:00 AM,131,50,81
09/10/2022 11:00:00 AM,184,75,109
09/10/2022 12:00:00 PM,152,76,76
09/10/2022 01:00:00 PM,181,83,98
09/10/2022 02:00:00 PM,119,52,67
09/10/2022 03:00:00 PM,146,73,73
09/10/2022 04:00:00 PM,154,93,61
09/10/2022 05:00:00 PM,162,80,82
09/10/2022 06:00:00 PM,94,31,63
09/10/2022 07:00:00 PM,146,47,99
09/10/2022 08:00:00 PM,60,26,34
09/10/2022 09:00:00 PM,88,13,75
09/10/2022 10:00:00 PM,49,20,29
09/10/2022 11:00:00 PM,24,7,17
09/11/2022 12:00:00 AM,16,7,9
09/11/2022 01:00:00 AM,14,4,10
09/11/2022 02:00:00 AM,10,6,4
09/11/2022 03:00:00 AM,1,0,1
09/11/2022 04:00:00 AM,4,1,3
09/11/2022 05:00:00 AM,3,2,1
09/11/2022 06:00:00 AM,12,6,6
09/11/2022 07:00:00 AM,23,7,16
09/11/2022 08:00:00 AM,46,22,24
09/11/2022 09:00:00 AM,75,31,44
09/11/2022 10:00:00 AM,88,37,51
09/11/2022 11:00:00 AM,128,56,72
09/11/2022 12:00:00 PM,169,101,68
09/11/2022 01:00:00 PM,184,81,103
09/11/2022 02:00:00 PM,160,71,89
09/11/2022 03:00:00 PM,175,85,90
09/11/2022 04:00:00 PM,148,78,70
09/11/2022 05:00:00 PM,128,67,61
09/11/2022 06:00:00 PM,123,54,69
09/11/2022 07:00:00 PM,73,30,43
09/11/2022 08:00:00 PM,42,23,19
09/11/2022 09:00:00 PM,27,9,18
09/11/2022 10:00:00 PM,17,7,10
09/11/2022 11:00:00 PM,11,2,9
09/12/2022 12:00:00 AM,5,1,4
09/12/2022 01:00:00 AM,9,5,4
09/12/2022 02:00:00 AM,2,1,1
09/12/2022 03:00:00 AM,1,0,1
09/12/2022 04:00:00 AM,6,2,4
09/12/2022 05:00:00 AM,20,10,10
09/12/2022 06:00:00 AM,92,35,57
09/12/2022 07:00:00 AM,236,113,123
09/12/2022 08:00:00 AM,314,145,169
09/12/2022 09:00:00 AM,200,81,119
09/12/2022 10:00:00 AM,100,40,60
09/12/2022 11:00:00 AM,96,40,56
09/12/2022 12:00:00 PM,103,54,49
09/12/2022 01:00:00 PM,117,63,54
09/12/2022 02:00:00 PM,112,54,58
09/12/2022 03:00:00 PM,188,73,115
09/12/2022 04:00:00 PM,281,103,178
09/12/2022 05:00:00 PM,447,142,305
09/12/2022 06:00:00 PM,336,124,212
09/12/2022 07:00:00 PM,178,77,101
09/12/2022 08:00:00 PM,96,41,55
09/12/2022 09:00:00 PM,67,19,48
09/12/2022 10:00:00 PM,34,21,13
09/12/2022 11:00:00 PM,25,5,20
09/13/2022 12:00:00 AM,7,2,5
09/13/2022 01:00:00 AM,3,1,2
09/13/2022 02:00:00 AM,5,3,2
09/13/2022 03:00:00 AM,1,0,1
09/13/2022 04:00:00 AM,8,3,5
09/13/2022 05:00:00 AM,34,16,18
09/13/2022 06:00:00 AM,108,41,67
09/13/2022 07:00:00 AM,320,147,173
09/13/2022 08:00:00 AM,419,189,230
09/13/2022 09:00:00 AM,213,84,129
09/13/2022 10:00:00 AM,133,53,80
09/13/2022 11:00:00 AM,120,62,58
09/13/2022 12:00:00 PM,116,53,63
09/13/2022 01:00:00 PM,114,46,68
09/13/2022 02:00:00 PM,146,61,85
09/13/2022 03:00:00 PM,207,91,116
09/13/2022 04:00:00 PM,356,124,232
09/13/2022 05:00:00 PM,596,189,407
09/13/2022 06:00:00 PM,358,142,216
09/13/2022 07:00:00 PM,218,69,149
09/13/2022 08:00:00 PM,103,43,60
09/13/2022 09:00:00 PM,53,26,27
09/13/2022 10:00:00 PM,56,19,37
09/13/2022 11:00:00 PM,21,7,14
09/14/2022 12:00:00 AM,7,0,7
09/14/2022 01:00:00 AM,3,1,2
09/14/2022 02:00:00 AM,1,0,1
09/14/2022 03:00:00 AM,1,1,0
09/14/2022 04:00:00 AM,11,4,7
09/14/2022 05:00:00 AM,26,12,14
09/14/2022 06:00:00 AM,106,44,62
09/14/2022 07:00:00 AM,308,138,170
09/14/2022 08:00:00 AM,397,172,225
09/14/2022 09:00:00 AM,224,70,154
09/14/2022 10:00:00 AM,128,62,66
09/14/2022 11:00:00 AM,104,50,54
09/14/2022 12:00:00 PM,142,71,71
09/14/2022 01:00:00 PM,118,45,73
09/14/2022 02:00:00 PM,129,55,74
09/14/2022 03:00:00 PM,203,83,120
09/14/2022 04:00:00 PM,365,116,249
09/14/2022 05:00:00 PM,543,161,382
09/14/2022 06:00:00 PM,395,124,271
09/14/2022 07:00:00 PM,198,76,122
09/14/2022 08:00:00 PM,101,35,66
09/14/2022 09:00:00 PM,63,35,28
09/14/2022 10:00:00 PM,41,17,24
09/14/2022 11:00:00 PM,27,10,17
09/15/2022 12:00:00 AM,13,2,11
09/15/2022 01:00:00 AM,6,1,5
09/15/2022 02:00:00 AM,5,2,3
09/15/2022 03:00:00 AM,4,2,2
09/15/2022 04:00:00 AM,12,6,6
09/15/2022 05:00:00 AM,28,11,17
09/15/2022 06:00:00 AM,108,44,64
09/15/2022 07:00:00 AM,280,115,165
09/15/2022 08:00:00 AM,415,165,250
09/15/2022 09:00:00 AM,231,94,137
09/15/2022 10:00:00 AM,113,54,59
09/15/2022 11:00:00 AM,118,53,65
09/15/2022 12:00:00 PM,116,47,69
09/15/2022 01:00:00 PM,126,65,61
09/15/2022 02:00:00 PM,119,41,78
09/15/2022 03:00:00 PM,207,77,130
09/15/2022 04:00:00 PM,344,117,227
09/15/2022 05:00:00 PM,514,161,353
09/15/2022 06:00:00 PM,343,127,216
09/15/2022 07:00:00 PM,205,66,139
09/15/2022 08:00:00 PM,99,35,64
09/15/2022 09:00:00 PM,59,20,39
09/15/2022 10:00:00 PM,55,20,35
09/15/2022 11:00:00 PM,12,0,12
09/16/2022 12:00:00 AM,10,6,4
09/16/2022 01:00:00 AM,9,3,6
09/16/2022 02:00:00 AM,2,1,1
09/16/2022 03:00:00 AM,6,1,5
09/16/2022 04:00:00 AM,3,1,2
09/16/2022 05:00:00 AM,18,9,9
09/16/2022 06:00:00 AM,71,28,43
09/16/2022 07:00:00 AM,182,76,106
09/16/2022 08:00:00 AM,268,116,152
09/16/2022 09:00:00 AM,184,65,119
09/16/2022 10:00:00 AM,122,52,70
09/16/2022 11:00:00 AM,116,50,66
09/16/2022 12:00:00 PM,107,46,61
09/16/2022 01:00:00 PM,126,54,72
09/16/2022 02:00:00 PM,161,73,88
09/16/2022 03:00:00 PM,236,103,133
09/16/2022 04:00:00 PM,272,99,173
09/16/2022 05:00:00 PM,343,111,232
09/16/2022 06:00:00 PM,291,101,190
09/16/2022 07:00:00 PM,159,77,82
09/16/2022 08:00:00 PM,67,31,36
09/16/2022 09:00:00 PM,61,32,29
09/16/2022 10:00:00 PM,71,34,37
09/16/2022 11:00:00 PM,52,24,28
09/17/2022 12:00:00 AM,28,19,9
09/17/2022 01:00:00 AM,22,7,15
09/17/2022 02:00:00 AM,5,3,2
09/17/2022 03:00:00 AM,10,7,3
09/17/2022 04:00:00 AM,1,0,1
09/17/2022 05:00:00 AM,5,1,4
09/17/2022 06:00:00 AM,27,11,16
09/17/2022 07:00:00 AM,37,15,22
09/17/2022 08:00:00 AM,84,45,39
09/17/2022 09:00:00 AM,129,58,71
09/17/2022 10:00:00 AM,170,81,89
09/17/2022 11:00:00 AM,199,87,112
09/17/2022 12:00:00 PM,217,95,122
09/17/2022 01:00:00 PM,235,116,119
09/17/2022 02:00:00 PM,219,85,134
09/17/2022 03:00:00 PM,228,102,126
09/17/2022 04:00:00 PM,224,93,131
09/17/2022 05:00:00 PM,187,87,100
09/17/2022 06:00:00 PM,157,88,69
09/17/2022 07:00:00 PM,165,90,75
09/17/2022 08:00:00 PM,84,50,34
09/17/2022 09:00:00 PM,96,34,62
09/17/2022 10:00:00 PM,46,26,20
09/17/2022 11:00:00 PM,32,13,19
09/18/2022 12:00:00 AM,22,12,10
09/18/2022 01:00:00 AM,16,10,6
09/18/2022 02:00:00 AM,10,4,6
09/18/2022 03:00:00 AM,3,0,3
09/18/2022 04:00:00 AM,3,1,2
09/18/2022 05:00:00 AM,6,3,3
09/18/2022 06:00:00 AM,25,10,15
09/18/2022 07:00:00 AM,34,13,21
09/18/2022 08:00:00 AM,77,49,28
09/18/2022 09:00:00 AM,123,50,73
09/18/2022 10:00:00 AM,162,87,75
09/18/2022 11:00:00 AM,205,92,113
09/18/2022 12:00:00 PM,236,101,135
09/18/2022 01:00:00 PM,260,122,138
09/18/2022 02:00:00 PM,229,113,116
09/18/2022 03:00:00 PM,233,114,119
09/18/2022 04:00:00 PM,233,124,109
09/18/2022 05:00:00 PM,213,95,118
09/18/2022 06:00:00 PM,157,76,81
09/18/2022 07:00:00 PM,115,62,53
09/18/2022 08:00:00 PM,48,19,29
09/18/2022 09:00:00 PM,24,11,13
09/18/2022 10:00:00 PM,21,10,11
09/18/2022 11:00:00 PM,8,3,5
09/19/2022 12:00:00 AM,3,3,0
09/19/2022 01:00:00 AM,2,1,1
09/19/2022 02:00:00 AM,2,2,0
09/19/2022 03:00:00 AM,1,0,1
09/19/2022 04:00:00 AM,8,5,3
09/19/2022 05:00:00 AM,23,9,14
09/19/2022 06:00:00 AM,82,30,52
09/19/2022 07:00:00 AM,216,89,127
09/19/2022 08:00:00 AM,356,138,218
09/19/2022 09:00:00 AM,212,74,138
09/19/2022 10:00:00 AM,119,46,73
09/19/2022 11:00:00 AM,103,40,63
09/19/2022 12:00:00 PM,95,53,42
09/19/2022 01:00:00 PM,110,50,60
09/19/2022 02:00:00 PM,116,48,68
09/19/2022 03:00:00 PM,172,81,91
09/19/2022 04:00:00 PM,329,116,213
09/19/2022 05:00:00 PM,511,161,350
09/19/2022 06:00:00 PM,313,120,193
09/19/2022 07:00:00 PM,203,73,130
09/19/2022 08:00:00 PM,70,36,34
09/19/2022 09:00:00 PM,46,14,32
09/19/2022 10:00:00 PM,26,15,11
09/19/2022 11:00:00 PM,20,6,14
09/20/2022 12:00:00 AM,8,3,5
09/20/2022 01:00:00 AM,1,0,1
09/20/2022 02:00:00 AM,1,0,1
09/20/2022 03:00:00 AM,4,3,1
09/20/2022 04:00:00 AM,15,4,11
09/20/2022 05:00:00 AM,22,7,15
09/20/2022 06:00:00 AM,99,46,53
09/20/2022 07:00:00 AM,302,121,181
09/20/2022 08:00:00 AM,456,189,267
09/20/2022 09:00:00 AM,219,76,143
09/20/2022 10:00:00 AM,134,52,82
09/20/2022 11:00:00 AM,120,51,69
09/20/2022 12:00:00 PM,132,62,70
09/20/2022 01:00:00 PM,127,60,67
09/20/2022 02:00:00 PM,148,56,92
09/20/2022 03:00:00 PM,224,76,148
09/20/2022 04:00:00 PM,374,98,276
09/20/2022 05:00:00 PM,602,188,414
09/20/2022 06:00:00 PM,447,160,287
09/20/2022 07:00:00 PM,229,76,153
09/20/2022 08:00:00 PM,92,36,56
09/20/2022 09:00:00 PM,48,25,23
09/20/2022 10:00:00 PM,42,17,25
09/20/2022 11:00:00 PM,25,12,13
09/21/2022 12:00:00 AM,11,5,6
09/21/2022 01:00:00 AM,2,2,0
09/21/2022 02:00:00 AM,0,0,0
09/21/2022 03:00:00 AM,3,2,1
09/21/2022 04:00:00 AM,6,2,4
09/21/2022 05:00:00 AM,23,11,12
09/21/2022 06:00:00 AM,105,47,58
09/21/2022 07:00:00 AM,256,114,142
09/21/2022 08:00:00 AM,345,161,184
09/21/2022 09:00:00 AM,201,68,133
09/21/2022 10:00:00 AM,106,45,61
09/21/2022 11:00:00 AM,108,39,69
09/21/2022 12:00:00 PM,104,46,58
09/21/2022 01:00:00 PM,95,51,44
09/21/2022 02:00:00 PM,122,59,63
09/21/2022 03:00:00 PM,177,66,111
09/21/2022 04:00:00 PM,277,113,164
09/21/2022 05:00:00 PM,441,124,317
09/21/2022 06:00:00 PM,319,94,225
09/21/2022 07:00:00 PM,159,59,100
09/21/2022 08:00:00 PM,75,33,42
09/21/2022 09:00:00 PM,49,21,28
09/21/2022 10:00:00 PM,39,14,25
09/21/2022 11:00:00 PM,21,7,14
09/22/2022 12:00:00 AM,10,3,7
09/22/2022 01:00:00 AM,2,1,1
09/22/2022 02:00:00 AM,2,1,1
09/22/2022 03:00:00 AM,2,1,1
09/22/2022 04:00:00 AM,8,4,4
09/22/2022 05:00:00 AM,25,13,12
09/22/2022 06:00:00 AM,95,38,57
09/22/2022 07:00:00 AM,221,86,135
09/22/2022 08:00:00 AM,384,163,221
09/22/2022 09:00:00 AM,218,82,136
09/22/2022 10:00:00 AM,107,47,60
09/22/2022 11:00:00 AM,109,47,62
09/22/2022 12:00:00 PM,146,58,88
09/22/2022 01:00:00 PM,124,58,66
09/22/2022 02:00:00 PM,122,43,79
09/22/2022 03:00:00 PM,165,75,90
09/22/2022 04:00:00 PM,330,125,205
09/22/2022 05:00:00 PM,461,120,341
09/22/2022 06:00:00 PM,365,113,252
09/22/2022 07:00:00 PM,175,79,96
09/22/2022 08:00:00 PM,107,39,68
09/22/2022 09:00:00 PM,65,24,41
09/22/2022 10:00:00 PM,43,17,26
09/22/2022 11:00:00 PM,26,10,16
09/23/2022 12:00:00 AM,11,5,6
09/23/2022 01:00:00 AM,9,5,4
09/23/2022 02:00:00 AM,4,4,0
09/23/2022 03:00:00 AM,1,0,1
09/23/2022 04:00:00 AM,9,6,3
09/23/2022 05:00:00 AM,21,7,14
09/23/2022 06:00:00 AM,76,30,46
09/23/2022 07:00:00 AM,163,75,88
09/23/2022 08:00:00 AM,237,105,132
09/23/2022 09:00:00 AM,164,67,97
09/23/2022 10:00:00 AM,105,42,63
09/23/2022 11:00:00 AM,114,38,76
09/23/2022 12:00:00 PM,116,49,67
09/23/2022 01:00:00 PM,150,72,78
09/23/2022 02:00:00 PM,147,56,91
09/23/2022 03:00:00 PM,196,77,119
09/23/2022 04:00:00 PM,270,98,172
09/23/2022 05:00:00 PM,366,138,228
09/23/2022 06:00:00 PM,265,110,155
09/23/2022 07:00:00 PM,139,50,89
09/23/2022 08:00:00 PM,69,37,32
09/23/2022 09:00:00 PM,58,28,30
09/23/2022 10:00:00 PM,36,10,26
09/23/2022 11:00:00 PM,46,18,28
09/24/2022 12:00:00 AM,30,14,16
09/24/2022 01:00:00 AM,10,5,5
09/24/2022 02:00:00 AM,3,1,2
09/24/2022 03:00:00 AM,2,2,0
09/24/2022 04:00:00 AM,1,0,1
09/24/2022 05:00:00 AM,2,1,1
09/24/2022 06:00:00 AM,20,5,15
09/24/2022 07:00:00 AM,45,22,23
09/24/2022 08:00:00 AM,96,43,53
09/24/2022 09:00:00 AM,146,73,73
09/24/2022 10:00:00 AM,182,88,94
09/24/2022 11:00:00 AM,251,123,128
09/24/2022 12:00:00 PM,245,139,106
09/24/2022 01:00:00 PM,222,104,118
09/24/2022 02:00:00 PM,267,136,131
09/24/2022 03:00:00 PM,230,95,135
09/24/2022 04:00:00 PM,225,122,103
09/24/2022 05:00:00 PM,195,83,112
09/24/2022 06:00:00 PM,171,64,107
09/24/2022 07:00:00 PM,169,58,111
09/24/2022 08:00:00 PM,74,41,33
09/24/2022 09:00:00 PM,83,19,64
09/24/2022 10:00:00 PM,79,56,23
09/24/2022 11:00:00 PM,56,27,29
09/25/2022 12:00:00 AM,19,10,9
09/25/2022 01:00:00 AM,11,5,6
09/25/2022 02:00:00 AM,9,6,3
09/25/2022 03:00:00 AM,5,4,1
09/25/2022 04:00:00 AM,1,1,0
09/25/2022 05:00:00 AM,3,1,2
09/25/2022 06:00:00 AM,19,8,11
09/25/2022 07:00:00 AM,39,17,22
09/25/2022 08:00:00 AM,86,30,56
09/25/2022 09:00:00 AM,135,64,71
09/25/2022 10:00:00 AM,192,90,102
09/25/2022 11:00:00 AM,210,98,112
09/25/2022 12:00:00 PM,232,113,119
09/25/2022 01:00:00 PM,259,139,120
09/25/2022 02:00:00 PM,269,142,127
09/25/2022 03:00:00 PM,209,115,94
09/25/2022 04:00:00 PM,265,137,128
09/25/2022 05:00:00 PM,239,110,129
09/25/2022 06:00:00 PM,175,88,87
09/25/2022 07:00:00 PM,121,59,62
09/25/2022 08:00:00 PM,46,20,26
09/25/2022 09:00:00 PM,31,17,14
09/25/2022 10:00:00 PM,29,8,21
09/25/2022 11:00:00 PM,15,11,4
09/26/2022 12:00:00 AM,5,3,2
09/26/2022 01:00:00 AM,7,3,4
09/26/2022 02:00:00 AM,5,2,3
09/26/2022 03:00:00 AM,2,1,1
09/26/2022 04:00:00 AM,8,4,4
09/26/2022 05:00:00 AM,29,11,18
09/26/2022 06:00:00 AM,125,50,75
09/26/2022 07:00:00 AM,229,103,126
09/26/2022 08:00:00 AM,362,142,220
09/26/2022 09:00:00 AM,209,80,129
09/26/2022 10:00:00 AM,128,46,82
09/26/2022 11:00:00 AM,90,30,60
09/26/2022 12:00:00 PM,97,42,55
09/26/2022 01:00:00 PM,108,54,54
09/26/2022 02:00:00 PM,128,60,68
09/26/2022 03:00:00 PM,211,71,140
09/26/2022 04:00:00 PM,290,96,194
09/26/2022 05:00:00 PM,478,162,316
09/26/2022 06:00:00 PM,348,136,212
09/26/2022 07:00:00 PM,151,55,96
09/26/2022 08:00:00 PM,73,33,40
09/26/2022 09:00:00 PM,55,20,35
09/26/2022 10:00:00 PM,31,9,22
09/26/2022 11:00:00 PM,18,5,13
09/27/2022 12:00:00 AM,9,3,6
09/27/2022 01:00:00 AM,2,0,2
09/27/2022 02:00:00 AM,1,0,1
09/27/2022 03:00:00 AM,3,1,2
09/27/2022 04:00:00 AM,11,6,5
09/27/2022 05:00:00 AM,29,7,22
09/27/2022 06:00:00 AM,110,52,58
09/27/2022 07:00:00 AM,320,123,197
09/27/2022 08:00:00 AM,419,192,227
09/27/2022 09:00:00 AM,245,93,152
09/27/2022 10:00:00 AM,134,55,79
09/27/2022 11:00:00 AM,118,48,70
09/27/2022 12:00:00 PM,122,58,64
09/27/2022 01:00:00 PM,140,70,70
09/27/2022 02:00:00 PM,132,53,79
09/27/2022 03:00:00 PM,218,85,133
09/27/2022 04:00:00 PM,352,93,259
09/27/2022 05:00:00 PM,587,178,409
09/27/2022 06:00:00 PM,345,147,198
09/27/2022 07:00:00 PM,161,61,100
09/27/2022 08:00:00 PM,77,25,52
09/27/2022 09:00:00 PM,71,15,56
09/27/2022 10:00:00 PM,49,15,34
09/27/2022 11:00:00 PM,17,3,14
09/28/2022 12:00:00 AM,6,2,4
09/28/2022 01:00:00 AM,2,0,2
09/28/2022 02:00:00 AM,1,1,0
09/28/2022 03:00:00 AM,2,1,1
09/28/2022 04:00:00 AM,9,7,2
09/28/2022 05:00:00 AM,23,9,14
09/28/2022 06:00:00 AM,107,48,59
09/28/2022 07:00:00 AM,250,108,142
09/28/2022 08:00:00 AM,381,136,245
09/28/2022 09:00:00 AM,199,92,107
09/28/2022 10:00:00 AM,98,45,53
09/28/2022 11:00:00 AM,77,28,49
09/28/2022 12:00:00 PM,57,21,36
09/28/2022 01:00:00 PM,73,31,42
09/28/2022 02:00:00 PM,80,34,46
09/28/2022 03:00:00 PM,162,63,99
09/28/2022 04:00:00 PM,302,97,205
09/28/2022 05:00:00 PM,469,135,334
09/28/2022 06:00:00 PM,277,100,177
09/28/2022 07:00:00 PM,175,59,116
09/28/2022 08:00:00 PM,60,16,44
09/28/2022 09:00:00 PM,45,13,32
09/28/2022 10:00:00 PM,33,4,29
09/28/2022 11:00:00 PM,18,11,7
09/29/2022 12:00:00 AM,16,9,7
09/29/2022 01:00:00 AM,1,0,1
09/29/2022 02:00:00 AM,3,2,1
09/29/2022 03:00:00 AM,3,3,0
09/29/2022 04:00:00 AM,11,5,6
09/29/2022 05:00:00 AM,21,6,15
09/29/2022 06:00:00 AM,104,36,68
09/29/2022 07:00:00 AM,255,106,149
09/29/2022 08:00:00 AM,399,160,239
09/29/2022 09:00:00 AM,221,87,134
09/29/2022 10:00:00 AM,159,56,103
09/29/2022 11:00:00 AM,114,57,57
09/29/2022 12:00:00 PM,121,49,72
09/29/2022 01:00:00 PM,139,65,74
09/29/2022 02:00:00 PM,136,61,75
09/29/2022 03:00:00 PM,223,104,119
09/29/2022 04:00:00 PM,337,112,225
09/29/2022 05:00:00 PM,556,165,391
09/29/2022 06:00:00 PM,381,137,244
09/29/2022 07:00:00 PM,159,72,87
09/29/2022 08:00:00 PM,81,38,43
09/29/2022 09:00:00 PM,62,28,34
09/29/2022 10:00:00 PM,41,18,23
09/29/2022 11:00:00 PM,33,10,23
09/30/2022 12:00:00 AM,12,4,8
09/30/2022 01:00:00 AM,5,1,4
09/30/2022 02:00:00 AM,5,3,2
09/30/2022 03:00:00 AM,0,0,0
09/30/2022 04:00:00 AM,5,3,2
09/30/2022 05:00:00 AM,26,12,14
09/30/2022 06:00:00 AM,67,29,38
09/30/2022 07:00:00 AM,183,73,110
09/30/2022 08:00:00 AM,246,91,155
09/30/2022 09:00:00 AM,165,74,91
09/30/2022 10:00:00 AM,102,43,59
09/30/2022 11:00:00 AM,112,40,72
09/30/2022 12:00:00 PM,149,57,92
09/30/2022 01:00:00 PM,134,61,73
09/30/2022 02:00:00 PM,182,71,111
09/30/2022 03:00:00 PM,258,116,142
09/30/2022 04:00:00 PM,295,111,184
09/30/2022 05:00:00 PM,410,172,238
09/30/2022 06:00:00 PM,266,94,172
09/30/2022 07:00:00 PM,168,57,111
09/30/2022 08:00:00 PM,73,33,40
09/30/2022 09:00:00 PM,69,30,39
09/30/2022 10:00:00 PM,51,10,41
09/30/2022 11:00:00 PM,59,22,37
